1464104820.2926523685 0 0 0 -0 -0 -0 1
1464104820.4259593487 0.0128179 -0.0412411 0.010137 0.0395759 -0.0056417 0.00115301 0.9992
1464104820.5593020916 0.0291864 -0.0809797 0.0185443 0.0731009 -0.0175153 0.00462571 0.99716
1464104820.6927270889 0.0529329 -0.115079 0.0220992 0.104774 -0.00762606 0.0195681 0.994274
1464104820.8277056217 0.085367 -0.143715 0.0191495 0.147883 -0.00276344 0.0383758 0.988256
1464104821.0257496834 0.145092 -0.167401 0.0133266 0.171397 -0.000376064 0.0639055 0.983127
1464104821.2257390022 0.210354 -0.153338 0.0160214 0.165607 0.0109015 0.0764229 0.983166
1464104821.3924472332 0.259214 -0.128895 0.0173913 0.139011 0.0169607 0.068725 0.987758
1464104821.5592186451 0.299507 -0.0988533 0.015226 0.118512 0.0304247 0.052138 0.991116
1464104821.7591598034 0.338561 -0.0620326 0.0114855 0.0942353 0.0489479 0.0637121 0.992303
1464104821.9256775379 0.356706 -0.0268424 0.0142786 0.0659801 0.0662591 0.0515131 0.994285
1464104822.1258652210 0.3621 0.00956843 0.0162292 0.0320473 0.0790336 0.0260704 0.996016
1464104822.5923762321 0.348838 0.0491775 0.00283719 0.0200209 0.0753616 -0.0207546 0.996739
1464104822.9943275452 0.301128 0.0767884 -0.00022288 -0.00455574 0.101957 -0.0278372 0.994389
1464104823.2256941795 0.244098 0.101235 -0.001585 -0.00957646 0.100439 -0.0227688 0.994637
1464104823.4256541729 0.187183 0.118418 -0.00591455 -0.0193176 0.0959009 -0.0248305 0.994894
1464104823.6255617142 0.132903 0.122824 -0.0121205 -0.0180671 0.0755606 -0.0240378 0.996688
1464104823.7923259735 0.0897382 0.111859 -0.0197895 -0.0105279 0.0521094 -0.0294528 0.998151
1464104823.9588851929 0.0548317 0.0899542 -0.0291983 0.00220249 0.0185288 -0.0298609 0.99938
1464104824.1255760193 0.0353321 0.0531131 -0.0393491 0.0272459 -0.0102282 -0.0190139 0.999396
1464104824.2588808537 0.0266984 0.0129279 -0.0474526 0.0599648 -0.0330864 -0.0149618 0.99754
1464104824.3922812939 0.0298636 -0.0283353 -0.0565221 0.0985199 -0.0476962 -0.00729401 0.993965
1464104824.5587809086 0.0445482 -0.0746001 -0.0692377 0.12489 -0.0433209 0.00480654 0.991213
1464104824.7922673225 0.0856343 -0.111462 -0.0773126 0.137945 -0.0287066 0.0389053 0.989259
1464104824.9946498871 0.135815 -0.121235 -0.0698337 0.128294 -0.00292093 0.0624113 0.989766
1464104825.1921615601 0.188092 -0.117988 -0.0524853 0.118736 0.0230645 0.069696 0.990208
1464104825.3920376301 0.241287 -0.10338 -0.0325641 0.110497 0.0496753 0.0792935 0.989462
1464104825.5920431614 0.284504 -0.0787551 -0.0129331 0.107336 0.0734809 0.0819734 0.988109
1464104825.7928841114 0.319142 -0.0426041 0.00380537 0.0956451 0.0977241 0.0830316 0.987121
1464104825.9949221611 0.33806 -0.00300978 0.0181177 0.0771069 0.11132 0.0714856 0.988207
1464104826.1609935760 0.340455 0.0322125 0.0272855 0.0457104 0.107897 0.0534152 0.991673
1464104826.3590748310 0.331282 0.0696295 0.0351203 0.0135583 0.094241 0.0331679 0.994904
1464104826.5259447098 0.316906 0.0983929 0.0380907 -0.0175919 0.0722769 0.0125516 0.99715
1464104826.7251710892 0.286841 0.120471 0.0370125 -0.0345668 0.0393259 -0.0140754 0.998529
1464104826.9586131573 0.234707 0.122712 0.0273806 -0.0314268 0.0243814 -0.0271738 0.998839
1464104827.1252901554 0.187865 0.116611 0.0233733 -0.014581 0.0173761 -0.0373558 0.999045
1464104827.3252074718 0.131835 0.0977042 0.0211397 0.0011375 0.0234591 -0.0260762 0.999384
1464104827.5251197815 0.0811304 0.0756713 0.0114146 0.0190138 0.0393839 0.00722993 0.999017
1464104827.8587391376 0.021662 0.0717109 -0.0402998 0.0430527 0.0466024 0.0159924 0.997857
1464104828.2917776108 -0.0225872 0.103999 -0.13936 0.0376403 0.0590987 0.0149714 0.99743
1464104829.1583986282 -0.00924426 0.0769336 -0.0651509 0.0234275 0.100768 0.0211214 0.99441
1464104829.4249553680 0.025068 0.0526219 0.00685899 0.0168474 0.118686 0.0343721 0.992194
1464104829.6613426208 0.0635571 0.0302225 0.0789664 0.0211168 0.11982 0.0267495 0.99221
1464104829.8915596008 0.10217 0.00488395 0.149871 0.0124794 0.107787 0.0206181 0.993882
1464104830.1248719692 0.131592 -0.0202426 0.211652 0.00738478 0.0943614 0.0249332 0.995198
1464104830.3582673073 0.152782 -0.041873 0.264519 0.00667585 0.0861113 0.0202068 0.996058
1464104830.5914964676 0.17377 -0.0619748 0.309522 0.0133888 0.0756119 0.000724775 0.997047
1464104831.0247461796 0.21152 -0.0649483 0.340615 0.00264794 0.0434253 -0.000215093 0.999053
1464104831.2914586067 0.253612 -0.0531698 0.32364 0.0150802 0.0139448 -0.0182484 0.999622
1464104831.4920096397 0.292302 -0.0376942 0.28722 0.0205641 -0.00615009 -0.0282541 0.99937
1464104831.7247192860 0.328397 -0.0223091 0.231185 0.0282009 -0.0267392 -0.0256432 0.998915
1464104831.9581024647 0.352696 -0.000591175 0.178235 0.0309342 -0.0062626 -0.00875695 0.999463
1464104832.2245206833 0.356351 0.0227608 0.111752 0.0423262 0.0290596 0.0135064 0.99859
1464104832.4245119095 0.346185 0.0514673 0.0549989 0.0255893 0.051046 0.0209672 0.998148
1464104832.6245589256 0.326596 0.0799349 -0.00184458 0.00675112 0.0482223 0.0197126 0.998619
1464104832.8579940796 0.306891 0.105508 -0.0586191 -0.000105515 0.0273503 0.00118381 0.999625
1464104833.1912229061 0.290067 0.13209 -0.128639 -0.00200103 -0.0101054 -0.0252445 0.999628
1464104833.6608257294 0.245945 0.10871 -0.13544 0.0333107 -0.0133469 -0.0218287 0.999117
1464104833.9577984810 0.185124 0.089394 -0.106592 0.0469341 -0.00121741 -0.0145481 0.998791
1464104834.1612784863 0.134438 0.0836581 -0.0861243 0.0414779 -0.0285728 -0.0302457 0.998273
1464104834.3281793594 0.0856479 0.0741297 -0.059323 0.0485418 -0.0551924 -0.0511248 0.995984
1464104834.4933531284 0.0360979 0.0599516 -0.0237509 0.049946 -0.0774696 -0.0531179 0.994325
1464104834.6243717670 -0.0102668 0.0409218 0.00980103 0.0505011 -0.0962125 -0.0542819 0.992596
1464104834.7576715946 -0.0568334 0.0239397 0.0397974 0.0498026 -0.121631 -0.0623522 0.989362
1464104834.8917949200 -0.102252 0.00938744 0.0641666 0.0438173 -0.14403 -0.07695 0.985603
1464104835.0243577957 -0.150668 -0.00172479 0.0902294 0.0456804 -0.168059 -0.094241 0.980198
1464104835.1605048180 -0.20229 -0.0112723 0.120504 0.0473016 -0.179989 -0.100911 0.977335
1464104835.2909681797 -0.260412 -0.0257688 0.151057 0.0564918 -0.188277 -0.100015 0.975376
1464104835.4242839813 -0.314515 -0.0451238 0.17648 0.0602021 -0.200289 -0.101086 0.972647
1464104835.5586926937 -0.367136 -0.0662783 0.195979 0.060761 -0.218325 -0.10124 0.968707
1464104835.6908745766 -0.417234 -0.0831058 0.218601 0.0675781 -0.232275 -0.108832 0.964177
1464104835.8269248009 -0.470555 -0.0941658 0.245794 0.0706795 -0.247269 -0.115457 0.959444
1464104835.9579689503 -0.527545 -0.104523 0.276061 0.0624615 -0.262041 -0.120493 0.955465
1464104836.0907933712 -0.586179 -0.118141 0.299056 0.0554179 -0.283837 -0.133647 0.947894
1464104836.2240140438 -0.643186 -0.132611 0.312884 0.0512187 -0.31226 -0.147702 0.937046
1464104836.3574640751 -0.700057 -0.142832 0.32299 0.0529732 -0.337692 -0.160545 0.92595
1464104836.4931714535 -0.758878 -0.146763 0.333119 0.060603 -0.352893 -0.169904 0.91811
1464104836.6288843155 -0.824027 -0.151741 0.341245 0.0704543 -0.364339 -0.170779 0.912759
1464104836.7607660294 -0.886814 -0.159862 0.347222 0.0750396 -0.36943 -0.173483 0.909832
1464104836.8909592628 -0.943507 -0.169671 0.346128 0.0752024 -0.38282 -0.166521 0.905574
1464104837.0240690708 -0.997363 -0.177403 0.342443 0.076123 -0.402338 -0.170074 0.896328
1464104837.1594254971 -1.05046 -0.178104 0.340156 0.0796441 -0.420556 -0.179498 0.88576
1464104837.2907752991 -1.10623 -0.175974 0.339804 0.0781357 -0.435182 -0.184746 0.877713
1464104837.4239058495 -1.16522 -0.177559 0.33745 0.0759406 -0.4508 -0.191569 0.868512
1464104837.5578796864 -1.21931 -0.182869 0.331561 0.0724633 -0.463642 -0.200033 0.8601
1464104837.6907527447 -1.26988 -0.184392 0.324167 0.0657893 -0.477231 -0.211449 0.850419
1464104837.8309440613 -1.32211 -0.181507 0.31595 0.0684178 -0.48967 -0.223348 0.840034
1464104837.9581642151 -1.37993 -0.175445 0.307059 0.0703907 -0.499467 -0.230954 0.832009
1464104838.0906703472 -1.44113 -0.174314 0.29642 0.0764673 -0.503028 -0.225492 0.830824
1464104838.2239048481 -1.49918 -0.173323 0.287604 0.0660975 -0.500135 -0.232752 0.831458
1464104838.3905730247 -1.56752 -0.174146 0.274918 0.0528903 -0.509079 -0.237148 0.825713
1464104838.5238971710 -1.62233 -0.170701 0.270402 0.0425812 -0.512952 -0.243081 0.822179
1464104838.6602170467 -1.68188 -0.165954 0.268891 0.0378359 -0.519478 -0.244467 0.817892
1464104838.7910959721 -1.74549 -0.165507 0.270092 0.0301712 -0.526263 -0.240966 0.814906
1464104838.9571297169 -1.82082 -0.169181 0.27208 0.0173129 -0.530007 -0.249795 0.810182
1464104839.1905879974 -1.9205 -0.173435 0.272203 0.00833973 -0.539959 -0.273952 0.795818
1464104839.4571719170 -2.04755 -0.168687 0.276961 0.0138374 -0.537242 -0.276439 0.796719
1464104839.7237339020 -2.16751 -0.169524 0.274474 -0.00315337 -0.531652 -0.295325 0.793801
1464104839.9237496853 -2.2494 -0.168156 0.26422 -0.0104618 -0.538398 -0.31539 0.781375
1464104840.1237230301 -2.33634 -0.164226 0.251894 -0.0200053 -0.538955 -0.325766 0.776533
1464104840.2903842926 -2.40647 -0.169922 0.233195 -0.0272351 -0.541737 -0.318344 0.777455
1464104840.4250330925 -2.45538 -0.182001 0.210323 -0.0278305 -0.547226 -0.299858 0.780931
1464104840.5901966095 -2.51257 -0.194411 0.181729 -0.0392438 -0.536463 -0.270343 0.798487
1464104840.7243404388 -2.5581 -0.198781 0.159595 -0.0441665 -0.509881 -0.239127 0.82516
1464104840.8568716049 -2.60601 -0.200468 0.133015 -0.0387813 -0.492414 -0.210276 0.843687
1464104840.9920766354 -2.65317 -0.202033 0.107203 -0.0373358 -0.472215 -0.192961 0.859293
1464104841.1236562729 -2.69873 -0.204588 0.0852915 -0.0431223 -0.451937 -0.173458 0.87396
1464104841.2569248676 -2.74409 -0.207479 0.0661426 -0.0376044 -0.437061 -0.16599 0.883182
1464104841.3901963234 -2.79164 -0.210529 0.0513403 -0.0169903 -0.419501 -0.148854 0.895306
1464104841.5236175060 -2.84326 -0.214893 0.0392648 0.0153622 -0.398785 -0.124764 0.908388
1464104841.6596529484 -2.89957 -0.219144 0.0264564 0.0368953 -0.382811 -0.110895 0.916404
1464104841.7903349400 -2.95502 -0.223515 0.0121833 0.0517608 -0.370648 -0.107289 0.921103
1464104841.9236035347 -3.00698 -0.22815 -0.00435932 0.0584781 -0.359122 -0.1054 0.925474
1464104842.0568826199 -3.06209 -0.229041 -0.0198805 0.0689949 -0.342517 -0.0982318 0.931811
1464104842.1900792122 -3.12205 -0.226955 -0.035654 0.0796342 -0.325172 -0.0879036 0.938187
1464104842.3262948990 -3.18293 -0.226578 -0.0525535 0.0841456 -0.299158 -0.0869934 0.946497
1464104842.4587192535 -3.24253 -0.231244 -0.065681 0.0909432 -0.276059 -0.0771304 0.953715
1464104842.5900197029 -3.29862 -0.238365 -0.07467 0.115011 -0.2605 -0.0795332 0.955294
1464104842.7567951679 -3.37217 -0.240741 -0.0750893 0.130078 -0.23832 -0.0781928 0.959255
1464104842.8900012970 -3.44076 -0.248262 -0.0686785 0.143238 -0.223612 -0.0632186 0.962021
1464104843.0240082741 -3.50908 -0.263129 -0.0628555 0.152269 -0.207782 -0.0496534 0.964974
1464104843.1900334358 -3.58965 -0.285594 -0.0629326 0.167469 -0.197829 -0.0429074 0.964871
1464104843.3566489220 -3.66553 -0.299525 -0.0622658 0.179756 -0.177344 -0.0380464 0.966845
1464104843.5233390331 -3.74399 -0.307431 -0.0593206 0.186285 -0.147505 -0.0306963 0.970875
1464104843.6899831295 -3.8224 -0.322249 -0.0583794 0.193324 -0.114155 -0.00809064 0.974438
1464104843.8565163612 -3.89957 -0.339309 -0.0606633 0.192483 -0.0985943 0.000891047 0.976334
1464104844.0232841969 -3.97658 -0.345831 -0.0564268 0.204637 -0.0883107 -0.00434751 0.974836
1464104844.2253446579 -4.06904 -0.349334 -0.0414079 0.208959 -0.0706729 0.00306909 0.975363
1464104844.4232523441 -4.16417 -0.359565 -0.027645 0.198709 -0.0646751 -0.00427984 0.977913
1464104844.6231873035 -4.25322 -0.367531 -0.0261154 0.198354 -0.0631093 -0.0180319 0.97793
1464104844.8271050453 -4.34785 -0.367555 -0.0278141 0.201123 -0.0547874 -0.0125169 0.977953
1464104844.9927833080 -4.42888 -0.373032 -0.0332241 0.199638 -0.0483949 -0.00420913 0.978665
1464104845.1898109913 -4.51962 -0.382663 -0.0455375 0.191367 -0.0487996 -0.00664932 0.980282
1464104845.3565149307 -4.59403 -0.382444 -0.051498 0.189569 -0.0601389 -0.00930559 0.97998
1464104845.5243904591 -4.6709 -0.378972 -0.0482436 0.180939 -0.0600842 -0.0100063 0.981606
1464104845.6898043156 -4.75007 -0.386201 -0.042079 0.168697 -0.0507085 -0.00127785 0.984362
1464104845.8563950062 -4.8251 -0.400797 -0.0444276 0.176894 -0.047828 -0.00642344 0.983046
1464104846.0230042934 -4.89884 -0.406911 -0.0453702 0.182502 -0.0550635 -0.0206354 0.981446
1464104846.1902110577 -4.97118 -0.407605 -0.0429587 0.185265 -0.0452852 -0.0134234 0.981553
1464104846.3585679531 -5.04604 -0.414196 -0.0445941 0.183974 -0.0410616 -0.0104745 0.982017
1464104846.5229051113 -5.1181 -0.427052 -0.0524247 0.18762 -0.04562 -0.00718247 0.981155
1464104846.6593670845 -5.17479 -0.430304 -0.0600457 0.193336 -0.0649791 -0.020306 0.978768
1464104846.7896814346 -5.23063 -0.428226 -0.0627362 0.199896 -0.079049 -0.0277572 0.976229
1464104846.9228029251 -5.28955 -0.424321 -0.0610649 0.191331 -0.0935686 -0.0290624 0.976623
1464104847.0562293530 -5.35248 -0.42747 -0.0603641 0.18818 -0.104781 -0.0386918 0.975762
1464104847.1895952225 -5.41093 -0.433109 -0.0641701 0.180202 -0.125128 -0.0424506 0.974714
1464104847.3251633644 -5.46424 -0.435356 -0.0708409 0.179585 -0.146151 -0.0573969 0.971131
1464104847.4921200275 -5.52815 -0.429139 -0.075209 0.178888 -0.158871 -0.0804179 0.967622
1464104847.6565499306 -5.59412 -0.425082 -0.0801362 0.177914 -0.162888 -0.0831197 0.966905
1464104847.8246343136 -5.66067 -0.424032 -0.0890043 0.175999 -0.169332 -0.0877739 0.965736
1464104847.9921267033 -5.71973 -0.421434 -0.0995877 0.160604 -0.176453 -0.0954485 0.966416
1464104848.1581075191 -5.77318 -0.417785 -0.108083 0.16131 -0.182692 -0.113332 0.963202
1464104848.3249380589 -5.82785 -0.411476 -0.114098 0.16396 -0.1909 -0.121854 0.960118
1464104848.4921419621 -5.88959 -0.405986 -0.121253 0.158224 -0.203938 -0.126497 0.957796
1464104848.6585466862 -5.94963 -0.404167 -0.133555 0.147703 -0.223303 -0.139468 0.953346
1464104848.8251647949 -5.99784 -0.401482 -0.149071 0.147013 -0.243715 -0.153485 0.946273
1464104849.0227808952 -6.04662 -0.395819 -0.165359 0.147149 -0.255478 -0.166381 0.940955
1464104849.2234370708 -6.0953 -0.390144 -0.180309 0.145655 -0.252923 -0.163101 0.94245
1464104849.4227538109 -6.14912 -0.386851 -0.193942 0.141849 -0.247499 -0.153971 0.946
1464104849.6588099003 -6.20074 -0.386919 -0.203398 0.120787 -0.228433 -0.144963 0.955099
1464104849.8898739815 -6.24614 -0.389181 -0.210579 0.11675 -0.214663 -0.13705 0.959951
1464104850.1226918697 -6.29689 -0.389281 -0.210337 0.110645 -0.201195 -0.127895 0.964842
1464104850.2892377377 -6.33984 -0.392798 -0.206994 0.0927164 -0.190019 -0.115264 0.970572
1464104850.4557909966 -6.3784 -0.397296 -0.202133 0.071138 -0.173501 -0.107601 0.97635
1464104850.6557197571 -6.41663 -0.400782 -0.200692 0.0634676 -0.159367 -0.110059 0.97901
1464104850.8556697369 -6.45285 -0.401373 -0.200044 0.0539515 -0.131409 -0.102391 0.984549
1464104851.0224885941 -6.48786 -0.401817 -0.19862 0.0522394 -0.10391 -0.0931552 0.988836
1464104851.1891648769 -6.5233 -0.403614 -0.200577 0.0489852 -0.0661204 -0.0754281 0.99375
1464104851.3587281704 -6.55425 -0.40691 -0.201926 0.0365542 -0.0254016 -0.0555641 0.997462
1464104851.5557110310 -6.58859 -0.409872 -0.198061 0.0311412 0.0102544 -0.0471679 0.998349
1464104851.7557075024 -6.62187 -0.41337 -0.18512 0.0271975 0.0443467 -0.0397483 0.997855
1464104851.9228024483 -6.65061 -0.419943 -0.16724 0.0227951 0.079787 -0.0211818 0.996326
1464104852.0557215214 -6.67688 -0.429968 -0.149907 0.0188789 0.10999 0.00249524 0.99375
1464104852.2232224941 -6.70751 -0.444174 -0.128674 0.00820997 0.151863 0.0207065 0.988151
1464104852.4222981930 -6.73795 -0.459568 -0.103648 -0.000883467 0.194343 0.0360877 0.980269
1464104852.6223735809 -6.76255 -0.470127 -0.0745776 -0.0104193 0.237198 0.0433179 0.970439
1464104852.7890191078 -6.78234 -0.480437 -0.0467351 -0.0158958 0.280143 0.0568072 0.958144
1464104852.9557111263 -6.80176 -0.492654 -0.0176344 -0.0246991 0.329895 0.0788864 0.940391
1464104853.1223187447 -6.81735 -0.509832 0.0126109 -0.0324881 0.376867 0.104311 0.919802
1464104853.2889273167 -6.82389 -0.52676 0.0410521 -0.0326821 0.423523 0.124892 0.89664
1464104853.4555878639 -6.82336 -0.539633 0.0739114 -0.030929 0.461911 0.132751 0.87639
1464104853.6221272945 -6.82068 -0.547768 0.114211 -0.0359593 0.489751 0.140039 0.859791
1464104853.7889199257 -6.81051 -0.55968 0.159625 -0.0519601 0.521081 0.162985 0.836188
1464104853.9553544521 -6.79686 -0.578127 0.199372 -0.061466 0.547835 0.18519 0.813513
1464104854.1221778393 -6.78217 -0.596082 0.233411 -0.0613761 0.575023 0.196926 0.791708
1464104854.2887940407 -6.76865 -0.606107 0.268443 -0.0686361 0.608134 0.205418 0.763718
1464104854.4220619202 -6.75604 -0.613031 0.299834 -0.0737548 0.636474 0.218496 0.736017
1464104854.5553674698 -6.74053 -0.623197 0.327036 -0.071456 0.677693 0.23263 0.693909
1464104854.6887285709 -6.72774 -0.632806 0.351528 -0.0791633 0.711162 0.248886 0.652715
1464104854.8553788662 -6.70935 -0.645085 0.378816 -0.079618 0.741538 0.265675 0.610901
1464104855.0223078728 -6.68691 -0.65138 0.40254 -0.082762 0.766272 0.273392 0.57553
1464104855.1887125969 -6.65801 -0.652931 0.424638 -0.0846762 0.79156 0.280647 0.53619
1464104855.3261137009 -6.62737 -0.655288 0.443029 -0.0815458 0.80809 0.28903 0.506757
1464104855.4553816319 -6.59109 -0.660766 0.45877 -0.0799579 0.824583 0.294474 0.476398
1464104855.5886404514 -6.557 -0.666361 0.46995 -0.0834811 0.841285 0.304492 0.43881
1464104855.7553906441 -6.52282 -0.670251 0.480576 -0.0864175 0.859918 0.316042 0.391396
1464104855.9219799042 -6.4885 -0.669149 0.490359 -0.0954191 0.876385 0.316355 0.350376
1464104856.0884244442 -6.453 -0.66799 0.499459 -0.097488 0.892227 0.321397 0.30188
1464104856.2551236153 -6.41991 -0.670266 0.503732 -0.0950087 0.90783 0.327772 0.243686
1464104856.4221355915 -6.38633 -0.67459 0.499393 -0.0858563 0.921603 0.323936 0.195812
1464104856.6225612164 -6.34844 -0.668003 0.485538 -0.0960218 0.931164 0.318123 0.150037
1464104856.7884514332 -6.31761 -0.652206 0.465808 -0.100157 0.934724 0.322662 0.110222
1464104856.9217929840 -6.29127 -0.639104 0.442329 -0.0978037 0.938009 0.324289 0.073553
1464104857.0550053120 -6.26305 -0.628915 0.416183 -0.0966888 0.939451 0.325212 0.0481691
1464104857.1885104179 -6.23803 -0.622599 0.390351 -0.0984652 0.942542 0.317976 0.0284648
1464104857.3550710678 -6.21548 -0.612058 0.362483 0.103254 -0.942333 -0.318252 0.0079204
1464104857.5227463245 -6.19637 -0.597609 0.335442 0.108389 -0.940533 -0.319133 0.042481
1464104857.6573944092 -6.17997 -0.584661 0.312744 0.113562 -0.938318 -0.318776 0.0710196
1464104857.7883803844 -6.16038 -0.572516 0.288375 0.114317 -0.937205 -0.315554 0.0948892
1464104857.9549260139 -6.1382 -0.559966 0.256143 0.117124 -0.934349 -0.311742 0.126847
1464104858.1575272083 -6.12296 -0.550627 0.219602 0.11688 -0.933059 -0.300352 0.159775
1464104858.4216883183 -6.11444 -0.533682 0.173707 0.120266 -0.928859 -0.296325 0.186948
1464104858.6214835644 -6.10759 -0.514981 0.128997 0.115013 -0.926616 -0.297533 0.199072
1464104858.7883074284 -6.10042 -0.497723 0.0844107 0.11507 -0.92684 -0.290027 0.208833
1464104859.0217204094 -6.10037 -0.479427 0.0280513 0.123149 -0.920694 -0.29023 0.230051
1464104859.2881925106 -6.11007 -0.459373 -0.0294672 0.132345 -0.911568 -0.286826 0.263172
1464104859.5214869976 -6.12558 -0.434255 -0.0851205 0.136295 -0.894004 -0.286226 0.316631
1464104859.6881804466 -6.13948 -0.42056 -0.130595 0.136679 -0.879681 -0.275863 0.362464
1464104859.8886606693 -6.15609 -0.40757 -0.177184 0.141298 -0.862223 -0.272808 0.402718
1464104860.1579520702 -6.18441 -0.393264 -0.218167 0.151525 -0.837155 -0.272916 0.449142
1464104860.3887786865 -6.22349 -0.388556 -0.249185 0.15794 -0.81435 -0.248109 0.50033
1464104860.5882940292 -6.27082 -0.384046 -0.278584 0.160994 -0.787872 -0.228451 0.54877
1464104860.7879436016 -6.32426 -0.380584 -0.31056 0.161877 -0.764056 -0.217622 0.585368
1464104861.1213414669 -6.39247 -0.381765 -0.361675 0.177 -0.747553 -0.199964 0.608153
1464104861.5213232040 -6.47799 -0.365599 -0.418806 0.188788 -0.734728 -0.187933 0.623871
1464104861.7879717350 -6.54174 -0.355408 -0.476287 0.201444 -0.735151 -0.175716 0.622974
1464104862.0877974033 -6.59698 -0.34095 -0.533458 0.191767 -0.740955 -0.178916 0.618223
1464104862.3553514481 -6.64193 -0.319194 -0.587449 0.185054 -0.747032 -0.176369 0.613671
1464104862.5548155308 -6.67311 -0.303602 -0.641054 0.18534 -0.758632 -0.165245 0.602346
1464104862.7211754322 -6.69274 -0.291273 -0.685971 0.191551 -0.769008 -0.171838 0.585156
1464104862.8877651691 -6.70115 -0.275602 -0.731788 0.19792 -0.779702 -0.176888 0.567101
1464104863.0543639660 -6.70361 -0.255866 -0.7805 0.202543 -0.786737 -0.170138 0.55774
1464104863.1877787113 -6.69697 -0.240124 -0.824856 0.203005 -0.7926 -0.161843 0.551707
1464104863.3235745430 -6.68591 -0.223349 -0.871452 0.194271 -0.798005 -0.155464 0.548888
1464104863.4543988705 -6.66789 -0.207533 -0.914197 0.182562 -0.801919 -0.162599 0.545123
1464104863.5876929760 -6.64657 -0.193229 -0.955468 0.181706 -0.813875 -0.159702 0.528286
1464104863.7209758759 -6.62434 -0.177203 -0.994279 0.181555 -0.82644 -0.161445 0.507907
1464104863.8544487953 -6.60301 -0.159073 -1.03229 0.175056 -0.836583 -0.167802 0.491251
1464104863.9929215908 -6.57922 -0.141838 -1.07536 0.173334 -0.847551 -0.163163 0.474332
1464104864.1209871769 -6.55304 -0.127351 -1.11992 0.169325 -0.856478 -0.160393 0.460488
1464104864.2543370724 -6.5249 -0.112766 -1.16197 0.163996 -0.86473 -0.165978 0.444746
1464104864.4223747253 -6.49011 -0.0983646 -1.20213 0.160098 -0.874701 -0.174027 0.423061
1464104864.6209914684 -6.44855 -0.0784121 -1.2436 0.166772 -0.882575 -0.177222 0.402294
1464104864.8542449474 -6.39207 -0.0556238 -1.28214 0.170481 -0.888233 -0.176971 0.38815
1464104865.0874342918 -6.33064 -0.0360271 -1.31489 0.157149 -0.893217 -0.184374 0.37878
1464104865.3237543106 -6.27947 -0.0209732 -1.34063 0.168958 -0.901965 -0.183566 0.352442
1464104865.5207259655 -6.2367 -0.00125695 -1.35945 0.175087 -0.912725 -0.189396 0.316871
1464104865.6874995232 -6.19848 0.0100667 -1.37591 0.172817 -0.923392 -0.189707 0.285469
1464104865.8540678024 -6.16219 0.0204293 -1.38871 0.16526 -0.932338 -0.198125 0.253339
1464104866.0873413086 -6.11365 0.0268972 -1.39195 0.162271 -0.939734 -0.208023 0.217475
1464104866.3231949806 -6.05606 0.0301864 -1.38444 0.167513 -0.943912 -0.201213 0.201207
1464104866.5540344715 -5.98228 0.0335409 -1.36576 0.158874 -0.945042 -0.209603 0.194217
1464104866.7540509701 -5.91673 0.0345989 -1.34593 0.164812 -0.945421 -0.221472 0.173105
1464104866.9895215034 -5.85244 0.0348736 -1.33004 0.164699 -0.951964 -0.218888 0.136848
1464104867.2232301235 -5.79844 0.0400566 -1.31983 0.157819 -0.958287 -0.215977 0.100666
1464104867.4538683891 -5.74464 0.0488701 -1.31979 0.161389 -0.962339 -0.208245 0.0670124
1464104867.6871964931 -5.67842 0.0627421 -1.33355 0.160728 -0.961537 -0.214962 0.0583475
1464104867.8871145248 -5.61332 0.0658877 -1.35135 0.160105 -0.962556 -0.212802 0.050673
1464104868.0871963501 -5.54638 0.0629741 -1.36027 0.149929 -0.964625 -0.215316 0.0256628
1464104868.2871325016 -5.47568 0.0686337 -1.36294 0.152457 -0.965963 -0.208861 0.00707894
1464104868.5204458237 -5.38984 0.0779828 -1.35851 0.153476 -0.964398 -0.215363 0.000300368
1464104868.7537729740 -5.30373 0.0824871 -1.35181 -0.147886 0.96247 0.227464 0.00638584
1464104868.9203557968 -5.24257 0.0844733 -1.34416 -0.150593 0.962321 0.223506 0.0361285
1464104869.0870661736 -5.18262 0.0902157 -1.33777 -0.149304 0.963103 0.214879 0.0629944
1464104869.2870399952 -5.11177 0.0992143 -1.33863 -0.137326 0.964471 0.214199 0.0711007
1464104869.4536256790 -5.04959 0.0982479 -1.34237 -0.133801 0.96592 0.208836 0.074056
1464104869.5869946480 -5.00098 0.0978495 -1.33762 -0.134334 0.962705 0.21217 0.100688
1464104869.7537171841 -4.94231 0.0975056 -1.32728 -0.135876 0.962355 0.205543 0.114728
1464104869.9232692719 -4.87989 0.0948109 -1.31865 -0.133926 0.96706 0.176162 0.125799
1464104870.1200981140 -4.80193 0.0915208 -1.30351 -0.126628 0.966375 0.178513 0.134973
1464104870.3228716850 -4.72683 0.0850318 -1.28929 -0.110417 0.965175 0.188756 0.143581
1464104870.4883573055 -4.66264 0.0828303 -1.28021 -0.100955 0.962691 0.188929 0.165351
1464104870.6210033894 -4.60863 0.0889347 -1.27485 -0.100745 0.957311 0.195805 0.18726
1464104870.7868318558 -4.53826 0.0968824 -1.27719 -0.0971171 0.953119 0.201038 0.204248
1464104870.9535214901 -4.46693 0.0999001 -1.28436 -0.095265 0.949144 0.208828 0.215502
1464104871.1231250763 -4.40375 0.0992835 -1.28766 -0.0966333 0.944541 0.216307 0.22741
1464104871.2868347168 -4.33909 0.105487 -1.28704 -0.0983341 0.941674 0.213524 0.240807
1464104871.4539668560 -4.27035 0.114746 -1.28545 -0.102279 0.940957 0.213669 0.241836
1464104871.6218168736 -4.2009 0.123378 -1.28286 -0.114175 0.937409 0.228435 0.23674
1464104871.7867643833 -4.13604 0.12377 -1.28387 -0.0984476 0.939017 0.242827 0.222686
1464104871.9533822536 -4.07278 0.127434 -1.28502 -0.0997199 0.938187 0.241336 0.227195
1464104872.1201183796 -4.00539 0.140158 -1.2856 -0.106792 0.935814 0.237164 0.23791
1464104872.2866325378 -3.93307 0.155609 -1.29093 -0.108336 0.933251 0.243065 0.241299
1464104872.4533982277 -3.85888 0.159865 -1.29666 -0.106729 0.929056 0.247557 0.253334
1464104872.6200602055 -3.79136 0.16258 -1.29747 -0.114252 0.924593 0.24949 0.264253
1464104872.7878170013 -3.72182 0.171309 -1.29698 -0.128613 0.923326 0.240372 0.27046
1464104872.9533081055 -3.65194 0.178263 -1.29827 -0.12413 0.929624 0.234802 0.255457
1464104873.1199653149 -3.58088 0.185087 -1.29853 -0.120897 0.930004 0.244542 0.246324
1464104873.2866086960 -3.51759 0.193299 -1.29827 -0.123646 0.925052 0.261856 0.245808
1464104873.4532301426 -3.46347 0.203849 -1.30011 -0.131534 0.922618 0.268116 0.244109
1464104873.6548590660 -3.40295 0.228218 -1.30125 -0.145361 0.916625 0.285821 0.238696
1464104873.8224537373 -3.34181 0.245998 -1.31013 -0.142533 0.916395 0.300625 0.222552
1464104873.9531230927 -3.29425 0.257845 -1.3196 -0.133746 0.917343 0.311073 0.209347
1464104874.1558046341 -3.23495 0.277008 -1.32614 -0.145584 0.91321 0.327159 0.194472
1464104874.3530447483 -3.17572 0.296636 -1.33414 -0.165264 0.913286 0.323958 0.183433
1464104874.5538101196 -3.11298 0.317562 -1.34447 -0.171416 0.913809 0.32377 0.175332
1464104874.7874460220 -3.04553 0.336186 -1.35582 -0.176168 0.908606 0.337227 0.172272
1464104874.9909408092 -2.99119 0.356913 -1.37353 -0.192478 0.90235 0.33172 0.196669
1464104875.1549515724 -2.94422 0.381607 -1.39487 -0.209851 0.893328 0.329836 0.221665
1464104875.3218832016 -2.89418 0.407887 -1.42428 -0.212755 0.883791 0.324908 0.260927
1464104875.4888682365 -2.84985 0.427921 -1.45163 -0.220269 0.870153 0.32593 0.296791
1464104875.6863873005 -2.80399 0.448781 -1.47473 -0.233583 0.851714 0.325244 0.337993
1464104875.8863441944 -2.76013 0.47856 -1.49054 -0.244897 0.830934 0.33032 0.374784
1464104876.0881073475 -2.71458 0.503119 -1.50662 -0.249415 0.819386 0.32283 0.402716
1464104876.2863872051 -2.68173 0.519167 -1.5063 -0.257888 0.793108 0.327868 0.44382
1464104876.5195798874 -2.65305 0.526797 -1.50044 -0.263798 0.765914 0.320029 0.491292
1464104876.7528879642 -2.62657 0.535089 -1.49375 -0.266325 0.742246 0.31377 0.528858
1464104876.9528291225 -2.60211 0.538616 -1.48358 -0.262012 0.731787 0.291768 0.557413
1464104877.1861999035 -2.58634 0.533013 -1.45812 -0.260532 0.717077 0.28006 0.582657
1464104877.3861260414 -2.57985 0.52343 -1.4217 -0.259436 0.705319 0.270014 0.601922
1464104877.5527951717 -2.57487 0.509353 -1.38215 -0.259062 0.70008 0.26282 0.61131
1464104877.6873142719 -2.57182 0.495157 -1.34886 -0.254538 0.701146 0.256493 0.614668
1464104877.8213627338 -2.57331 0.484128 -1.31273 -0.255335 0.691281 0.260729 0.623663
1464104877.9879751205 -2.57654 0.469228 -1.27228 -0.25476 0.685099 0.253284 0.633706
1464104878.1194093227 -2.5776 0.459306 -1.24052 -0.259143 0.673825 0.239474 0.649198
1464104878.2526006699 -2.57533 0.451139 -1.2115 -0.258627 0.664014 0.226222 0.664094
1464104878.3862922192 -2.56816 0.441305 -1.1837 -0.252048 0.653796 0.21377 0.680679
1464104878.5192177296 -2.55713 0.430393 -1.15636 -0.245709 0.642231 0.206772 0.695997
1464104878.6546566486 -2.54613 0.419239 -1.12954 -0.244522 0.635175 0.207913 0.70252
1464104878.8212659359 -2.53809 0.40399 -1.09863 -0.245072 0.623748 0.211297 0.711499
1464104878.9529316425 -2.53449 0.393726 -1.0726 -0.248854 0.611889 0.199263 0.723849
1464104879.1193120480 -2.53271 0.381675 -1.0358 -0.250345 0.602516 0.191023 0.733356
1464104879.2525205612 -2.53394 0.3716 -1.00128 -0.254812 0.599067 0.189413 0.735059
1464104879.3858549595 -2.53708 0.358139 -0.963357 -0.256499 0.597832 0.192731 0.734616
1464104879.5191094875 -2.5408 0.342447 -0.92396 -0.248913 0.591203 0.216155 0.73607
1464104879.6549677849 -2.5441 0.327978 -0.887716 -0.244549 0.583263 0.229379 0.739855
1464104879.8190760612 -2.54575 0.316411 -0.84942 -0.241904 0.571765 0.233601 0.74833
1464104880.0191287994 -2.54 0.307772 -0.809244 -0.243245 0.561215 0.230767 0.756714
1464104880.1857330799 -2.52813 0.298884 -0.772653 -0.23945 0.554566 0.240183 0.759889
1464104880.3192174435 -2.51592 0.288444 -0.742323 -0.236726 0.553513 0.249878 0.758383
1464104880.4856963158 -2.50519 0.272265 -0.706988 -0.232669 0.545781 0.256091 0.763155
1464104880.6524107456 -2.50506 0.260727 -0.674171 -0.242552 0.54006 0.285022 0.753834
1464104880.8189775944 -2.50593 0.251645 -0.639642 -0.251826 0.541478 0.306299 0.741327
1464104880.9524915218 -2.50192 0.243285 -0.609245 -0.246604 0.556875 0.31761 0.726774
1464104881.0857279301 -2.49562 0.232676 -0.577965 -0.240332 0.577542 0.33209 0.705976
1464104881.2188715935 -2.48903 0.220747 -0.54597 -0.238979 0.594815 0.352361 0.681855
1464104881.3522925377 -2.47913 0.207595 -0.517622 -0.235103 0.610805 0.366366 0.661377
1464104881.4892494678 -2.46681 0.196721 -0.492428 -0.227343 0.621428 0.382546 0.644827
1464104881.6544368267 -2.44752 0.189044 -0.466743 -0.215939 0.640312 0.3974 0.620841
1464104881.7855992317 -2.42842 0.184639 -0.447333 -0.203846 0.656065 0.406425 0.602365
1464104881.9189338684 -2.40625 0.178718 -0.42787 -0.193119 0.67007 0.419259 0.58132
1464104882.0535128117 -2.38002 0.169384 -0.408168 -0.18452 0.685029 0.424157 0.562831
1464104882.1854882240 -2.35449 0.158794 -0.389034 -0.179909 0.690812 0.431304 0.551715
1464104882.3230180740 -2.32884 0.149712 -0.373313 -0.174205 0.701371 0.431095 0.540266
1464104882.4527585506 -2.3027 0.144056 -0.356374 -0.170437 0.709827 0.43327 0.528558
1464104882.5855360031 -2.27407 0.140636 -0.337901 -0.16617 0.726193 0.433896 0.50672
1464104882.7191574574 -2.24399 0.136132 -0.315242 -0.16334 0.741771 0.437079 0.481725
1464104882.8854637146 -2.2075 0.127104 -0.289816 -0.160198 0.761347 0.441059 0.447386
1464104883.0520920753 -2.16914 0.118079 -0.269822 -0.14737 0.778821 0.452359 0.408769
1464104883.2186663151 -2.1309 0.114833 -0.25502 -0.142905 0.792181 0.451783 0.384603
1464104883.3853292465 -2.08833 0.116541 -0.246429 -0.133318 0.811897 0.445165 0.353381
1464104883.5186626911 -2.04543 0.118219 -0.237506 -0.116191 0.8188 0.450118 0.336839
1464104883.6543338299 -2.00025 0.11614 -0.230918 -0.108281 0.824734 0.4574 0.314443
1464104883.8212752342 -1.94757 0.109618 -0.225042 -0.103741 0.831425 0.462827 0.289416
1464104883.9880397320 -1.89862 0.106414 -0.220324 -0.101574 0.836655 0.464625 0.271689
1464104884.1519720554 -1.84898 0.113226 -0.216676 -0.100912 0.844482 0.47034 0.235473
1464104884.3208856583 -1.79387 0.121334 -0.218371 -0.0994972 0.857444 0.467905 0.189618
1464104884.4519531727 -1.75328 0.124773 -0.222948 -0.0933138 0.862729 0.477783 0.136806
1464104884.5853679180 -1.71676 0.127215 -0.23109 -0.0772791 0.86464 0.489169 0.0844929
1464104884.7520344257 -1.67522 0.134639 -0.245925 -0.0695957 0.867256 0.491364 0.0398034
1464104884.9185686111 -1.63875 0.151327 -0.267338 0.0616228 -0.871555 -0.486352 0.00757942
1464104885.0519492626 -1.60803 0.166443 -0.289093 0.0491732 -0.871201 -0.486425 0.0445111
1464104885.1853048801 -1.57585 0.177118 -0.312396 0.0433676 -0.870217 -0.485605 0.0709178
1464104885.3195765018 -1.5482 0.184825 -0.337569 0.0339543 -0.867469 -0.486259 0.0994818
1464104885.4875438213 -1.52027 0.1898 -0.371511 0.0223554 -0.868436 -0.478285 0.128694
1464104885.6545648575 -1.4964 0.197878 -0.404377 0.0158958 -0.865773 -0.474547 0.158081
1464104885.8223803043 -1.47053 0.208352 -0.439849 0.00687391 -0.864644 -0.465706 0.188312
1464104885.9538104534 -1.44744 0.216693 -0.472927 0.00166049 -0.866057 -0.450292 0.217208
1464104886.1184387207 -1.41953 0.221221 -0.507619 0.00251606 -0.865266 -0.440383 0.239524
1464104886.2850475311 -1.38995 0.221794 -0.538005 -0.00401185 -0.870725 -0.425529 0.246471
1464104886.4202575684 -1.36238 0.220383 -0.562426 0.0163296 -0.884528 -0.405926 0.229275
1464104886.5516920090 -1.33198 0.218615 -0.585401 0.025586 -0.894907 -0.389937 0.215491
1464104886.6848859787 -1.29754 0.215951 -0.60955 0.0296839 -0.906932 -0.369168 0.200767
1464104886.8521254063 -1.25454 0.209849 -0.635624 0.0244218 -0.915776 -0.351243 0.193354
1464104887.0515849590 -1.20527 0.195428 -0.654869 0.0112161 -0.923018 -0.336789 0.185702
1464104887.2186307907 -1.16204 0.180943 -0.663919 0.0217594 -0.935077 -0.315645 0.15977
1464104887.4183266163 -1.10607 0.168543 -0.664015 0.0424807 -0.942619 -0.300521 0.13911
1464104887.6181635857 -1.03896 0.150303 -0.653512 0.0567648 -0.949052 -0.285112 0.121607
1464104887.8515133858 -0.968291 0.131489 -0.632394 0.0698061 -0.952344 -0.278583 0.102757
1464104888.0848913193 -0.908972 0.128788 -0.603216 0.0851585 -0.95357 -0.280093 0.0707093
1464104888.3213739395 -0.855669 0.125169 -0.565185 0.0892003 -0.955073 -0.279175 0.0440586
1464104888.5514831543 -0.804856 0.124329 -0.516557 0.0810755 -0.950565 -0.298874 0.0229737
1464104888.7181541920 -0.773443 0.13267 -0.480549 0.0738061 -0.940222 -0.332374 0.00791344
1464104888.9513573647 -0.735147 0.154496 -0.442942 -0.0891796 0.930691 0.354745 0.00425455
1464104889.1536264420 -0.698378 0.179967 -0.425938 -0.114008 0.918417 0.378104 0.0234475
1464104889.3513634205 -0.660936 0.205106 -0.429399 -0.132371 0.908681 0.395234 0.0238171
1464104889.5847160816 -0.630136 0.231472 -0.449566 -0.138849 0.899018 0.415055 0.0147516
1464104889.7846877575 -0.606829 0.257317 -0.487394 -0.146884 0.901403 0.406952 0.0169391
1464104889.9180462360 -0.592122 0.277391 -0.522286 -0.150659 0.902057 0.40406 0.0181837
1464104890.0512502193 -0.573532 0.292739 -0.566515 -0.143338 0.909246 0.390423 0.0172318
1464104890.1846451759 -0.551827 0.302929 -0.610122 -0.127369 0.915065 0.382039 0.0218906
1464104890.3227968216 -0.52962 0.30756 -0.647705 -0.128294 0.917935 0.37292 0.0432028
1464104890.4869246483 -0.503065 0.319105 -0.688439 -0.132306 0.918466 0.366772 0.0662912
1464104890.6529018879 -0.474964 0.338299 -0.729686 -0.134301 0.91989 0.357574 0.0889228
1464104890.7845363617 -0.448418 0.351582 -0.767335 -0.132478 0.925117 0.34157 0.0996905
1464104890.9178988934 -0.417515 0.361079 -0.806792 -0.127807 0.92877 0.326466 0.120301
1464104891.0512368679 -0.389215 0.362428 -0.845511 -0.117198 0.933233 0.312675 0.132571
1464104891.1845383644 -0.36182 0.362186 -0.879972 -0.11051 0.93681 0.294362 0.153378
1464104891.3200125694 -0.333921 0.362785 -0.912026 -0.101654 0.939067 0.2764 0.177267
1464104891.4864623547 -0.298998 0.367176 -0.95228 -0.091063 0.938878 0.258688 0.208079
1464104891.6853303909 -0.255331 0.370326 -0.998948 -0.0654227 0.938134 0.234837 0.245918
1464104891.8843555450 -0.208546 0.368335 -1.03461 -0.0537898 0.929195 0.223643 0.289289
1464104892.1177115440 -0.145145 0.376542 -1.06374 -0.0351867 0.919143 0.219279 0.325353
1464104892.3510360718 -0.0663948 0.390379 -1.08743 -0.0242396 0.913833 0.208496 0.347636
1464104892.6528620720 0.0269761 0.396954 -1.12464 -0.00741041 0.904777 0.205917 0.372721
1464104892.9510076046 0.105095 0.423307 -1.16966 0.000592355 0.889787 0.202474 0.409002
1464104893.2175991535 0.166901 0.448141 -1.23243 0.0158825 0.873382 0.186387 0.449678
1464104893.4857308865 0.221419 0.467574 -1.28054 0.0154606 0.844782 0.177432 0.504601
1464104893.7841987610 0.279062 0.506624 -1.33874 0.0181456 0.821167 0.165681 0.545808
1464104894.0509014130 0.330054 0.540657 -1.4045 0.0155395 0.799352 0.154493 0.580454
1464104894.3508453369 0.363402 0.563778 -1.47809 0.0367914 0.773789 0.154665 0.613169
1464104894.5841951370 0.368865 0.590778 -1.53991 0.0445402 0.739282 0.137582 0.657684
1464104894.8507447243 0.369963 0.608658 -1.60808 0.0538739 0.700974 0.129395 0.699278
1464104895.1175596714 0.386099 0.633146 -1.67105 0.0742801 0.668903 0.115487 0.730557
1464104895.3839046955 0.414748 0.661696 -1.72155 0.0870251 0.625671 0.0937493 0.769528
1464104895.7172441483 0.447729 0.677902 -1.76657 0.0950372 0.575544 0.108366 0.804968
1464104896.0175323486 0.484455 0.695504 -1.7957 0.101421 0.524091 0.101106 0.839535
1464104896.2839016914 0.518808 0.707059 -1.81965 0.101638 0.468928 0.0830876 0.873426
1464104896.6176710129 0.570672 0.71313 -1.81133 0.100319 0.412296 0.0728188 0.902577
1464104896.9170699120 0.624901 0.711019 -1.77257 0.101788 0.365568 0.0613989 0.923163
1464104897.2504880428 0.681295 0.696487 -1.72966 0.101156 0.327383 0.0565388 0.937759
1464104897.5838530064 0.742211 0.691241 -1.68071 0.103188 0.284468 0.0551238 0.951521
1464104897.8838391304 0.791468 0.688898 -1.63823 0.084722 0.240722 0.0438384 0.965895
1464104898.3838808537 0.810124 0.708824 -1.615 0.0651006 0.193114 0.032511 0.978474
1464104898.7171204090 0.772003 0.719806 -1.62529 0.0607442 0.14665 0.0329525 0.986772
1464104899.0502700806 0.726419 0.727654 -1.63223 0.0569738 0.111402 0.0142433 0.992039
1464104899.4503371716 0.652981 0.72253 -1.63961 0.0630408 0.10535 0.0166468 0.992295
1464104899.7834670544 0.566288 0.713689 -1.6427 0.0714302 0.107008 0.0222569 0.991439
1464104900.1523308754 0.476776 0.697902 -1.63679 0.0769714 0.103008 0.0290088 0.991274
1464104900.5168378353 0.422913 0.678321 -1.58797 0.0742825 0.0923542 0.029151 0.992524
1464104900.8544979095 0.377842 0.634473 -1.51834 0.08078 0.0964832 0.0301947 0.991592
1464104901.1519064903 0.31268 0.602136 -1.44716 0.0883382 0.10744 0.0210242 0.990056
1464104901.4499411583 0.236385 0.560109 -1.36552 0.0822361 0.129477 0.0327641 0.987623
1464104901.7167305946 0.174019 0.530585 -1.27976 0.0784922 0.121703 0.0322274 0.988933
1464104901.9855611324 0.120681 0.488663 -1.17074 0.0887543 0.110554 0.0312085 0.989407
1464104902.2499051094 0.0750264 0.438656 -1.06043 0.0733184 0.0914748 0.0281149 0.992707
1464104902.5506336689 0.0209603 0.386423 -0.91016 0.0844376 0.0910129 0.0244169 0.991963
1464104902.8498406410 -0.0190512 0.316023 -0.7638 0.0711073 0.0976521 0.0350524 0.992058
1464104903.1502628326 -0.0395496 0.261675 -0.601752 0.0800836 0.101378 0.0383613 0.990877
1464104903.3831412792 -0.0505969 0.202269 -0.478869 0.0883127 0.0939268 0.0294241 0.991218
1464104903.6496591568 -0.0617247 0.139789 -0.344247 0.0899867 0.0918157 0.0365904 0.991026
1464104903.8497016430 -0.0723726 0.0919992 -0.235673 0.103179 0.100419 0.023223 0.989308
1464104904.0834493637 -0.0721117 0.0354652 -0.124317 0.0849069 0.114572 0.0504753 0.988492
1464104904.3199903965 -0.0638862 -0.00997543 -0.0124978 0.0806841 0.106245 0.0380656 0.99033
1464104904.5495901108 -0.0450403 -0.051885 0.0911424 0.0800716 0.0852969 0.0369348 0.992446
1464104904.7162849903 -0.0269515 -0.0895456 0.147829 0.0942933 0.0789283 0.0346869 0.991804
1464104904.9496047497 0.00709668 -0.131507 0.21729 0.0688797 0.0681981 0.0326648 0.994755
1464104905.1496317387 0.0522975 -0.150089 0.270963 0.0776333 0.0676291 0.03538 0.994056
1464104905.3162298203 0.0985792 -0.158332 0.30636 0.0727187 0.0726143 0.0331217 0.994154
1464104905.4861550331 0.147514 -0.162804 0.327723 0.0696921 0.0811535 0.0411292 0.993411
1464104905.6161532402 0.191697 -0.161881 0.336717 0.0693168 0.0885225 0.0503011 0.992385
1464104905.7843759060 0.241471 -0.158364 0.334196 0.0831835 0.0852022 0.0512416 0.991562
1464104905.9495279789 0.286219 -0.141361 0.322904 0.067787 0.0752206 0.040053 0.994054
1464104906.1521651745 0.327458 -0.121962 0.30138 0.0573629 0.0712809 0.0474643 0.994674
1464104906.3494882584 0.357599 -0.0975379 0.274082 0.0471631 0.0884016 0.0554483 0.993422
1464104906.5494236946 0.373186 -0.0681189 0.237192 0.0409209 0.113054 0.058242 0.991036
1464104906.7500901222 0.371802 -0.0352276 0.189364 0.0208837 0.124922 0.058423 0.990225
1464104907.0160777569 0.358845 -0.000776841 0.134472 0.00919572 0.131183 0.0600491 0.989495
1464104907.3829488754 0.324996 0.0391743 0.0695211 0.0160495 0.134045 0.052347 0.989462
1464104907.6159057617 0.288944 0.0636008 0.0277947 -0.00107684 0.127755 0.0560866 0.990218
1464104907.9492087364 0.224118 0.0746767 0.00305191 -0.00388057 0.123677 0.0455749 0.991268
1464104908.1825628281 0.163902 0.0714963 0.0178565 -0.00620548 0.125365 0.0474588 0.990955
1464104908.4491298199 0.105215 0.0533717 0.0453409 -0.0030209 0.1314 0.058574 0.989593
1464104908.7158546448 0.0681653 0.0328825 0.0860047 0.00449295 0.121731 0.042222 0.991655
1464104909.0157089233 0.0664057 0.00188278 0.158921 0.0125708 0.117618 0.0470754 0.991863
1464104909.3158073425 0.0913941 -0.0253479 0.234598 0.0046187 0.122313 0.0432683 0.991537
1464104909.5824477673 0.12583 -0.0443316 0.298446 -0.00336224 0.139892 0.053965 0.988689
1464104909.7823424339 0.157205 -0.0547077 0.350807 0.00124388 0.155217 0.0555459 0.986317
1464104909.9826769829 0.18751 -0.0662428 0.406774 -0.00178325 0.158645 0.0481756 0.986158
1464104910.1823651791 0.214921 -0.0760766 0.458003 -0.00901337 0.159233 0.03894 0.986432
1464104910.4155654907 0.239734 -0.0809421 0.496955 -0.0224559 0.161913 0.0323073 0.98602
1464104910.9848232269 0.230956 -0.0678132 0.445276 -0.0207043 0.176658 0.0644192 0.981944
1464104911.1822755337 0.211264 -0.0528553 0.391021 -0.018885 0.166344 0.0580078 0.984179
1464104911.3489320278 0.191264 -0.0373985 0.336805 -0.0258186 0.153063 0.050496 0.986588
1464104911.5488469601 0.163332 -0.0210754 0.271611 -0.0253985 0.138714 0.0563723 0.988401
1464104911.7821705341 0.124167 -0.0065449 0.201064 -0.016176 0.123641 0.0603693 0.990357
1464104912.0487906933 0.0754067 0.00231712 0.114885 -0.00499715 0.130921 0.0687511 0.988993
1464104912.3177874088 0.0165189 -0.00473559 0.0215607 0.00248506 0.124422 0.0800467 0.988992
1464104912.6182465553 -0.0296684 -0.0305785 -0.0508567 0.029546 0.0988881 0.0634715 0.992633
1464104912.8823485374 -0.0424869 -0.0617053 -0.0922779 0.0809035 0.0811308 0.042841 0.99249
1464104913.2825365067 -0.00993966 -0.0901482 -0.137613 0.0923976 0.106682 0.0886119 0.986017
1464104913.5492053032 0.0375506 -0.0822499 -0.141011 0.0924135 0.144559 0.130257 0.976522
1464104913.7819640636 0.0812416 -0.0673448 -0.126143 0.08672 0.186033 0.136673 0.969119
1464104914.1513278484 0.124705 -0.0321719 -0.0664395 0.0691842 0.213422 0.123292 0.966677
1464104914.5151910782 0.151405 0.00661206 0.00491293 0.0495096 0.236754 0.0965385 0.965493
1464104914.8188045025 0.161318 0.0381089 0.0680595 0.0102403 0.237403 0.0689264 0.968909
1464104915.2152800560 0.164324 0.0397721 0.176693 -0.000446386 0.226986 0.054402 0.972377
1464104915.4843156338 0.151363 0.0247019 0.234053 -0.014012 0.204589 0.0460565 0.977664
1464104915.7150809765 0.129456 0.004166 0.279232 -0.0211902 0.185091 0.0514816 0.981143
1464104915.9150137901 0.112184 -0.0217655 0.32627 -0.0191824 0.182753 0.0599907 0.981139
1464104916.0815179348 0.103652 -0.0495476 0.369782 -0.0103167 0.185971 0.0684193 0.980116
1464104916.2148382664 0.102582 -0.0735844 0.402041 -0.000315118 0.184554 0.0701388 0.980316
1464104916.3816514015 0.114533 -0.09447 0.43631 0.0110292 0.18963 0.0702075 0.97928
1464104916.5816090107 0.141629 -0.0970511 0.476599 -0.00973889 0.198863 0.0593681 0.978179
1464104916.7482893467 0.168955 -0.0922397 0.510032 -0.0350201 0.199447 0.061256 0.977365
1464104916.9153187275 0.199842 -0.0983908 0.537017 -0.0361703 0.202679 0.0616142 0.976635
1464104917.0814414024 0.230748 -0.115072 0.556617 -0.0375644 0.204224 0.0748964 0.975332
1464104917.2165029049 0.256487 -0.131914 0.566675 -0.0294374 0.210124 0.0874907 0.973307
1464104917.3494277000 0.279688 -0.153165 0.569964 -0.0180698 0.218214 0.0897187 0.9716
1464104917.5151648521 0.305209 -0.177569 0.56205 -0.0112719 0.235185 0.0958659 0.967146
1464104917.7814714909 0.317062 -0.212496 0.529908 -0.00465173 0.242382 0.0860119 0.966349
1464104918.0480697155 0.291865 -0.229604 0.482067 0.0277651 0.217364 0.0778155 0.972588
1464104918.2814359665 0.257406 -0.219885 0.431819 0.0299682 0.191095 0.0790427 0.977925
1464104918.4813184738 0.223977 -0.197177 0.395323 0.0226535 0.16485 0.08741 0.982177
1464104918.6813468933 0.193076 -0.174137 0.35318 0.026625 0.138144 0.0825448 0.986607
1464104918.8483052254 0.16988 -0.149574 0.314422 0.0256349 0.110763 0.0707409 0.990994
1464104919.0145728588 0.156958 -0.111244 0.273081 0.0125738 0.094767 0.0444485 0.994427
1464104919.1503419876 0.15164 -0.0746426 0.238731 -0.0129546 0.087105 0.0347933 0.995507
