1463226057.02432  5.75799238539054e-09 -5.24588726130831e-10 -7.91119680440176e-10 3.65994487213888e-11 8.58788813827078e-10 8.78340099029636e-11 1
1463226057.40328   0.0425352313308586 -0.00166589207156409   0.0576361821318567 -0.005906489934598 0.00289614784866178 0.0175954579657229 0.999823547213841
1463226057.63784  0.0757228037694169 -0.0129664114057032   0.108079126051691 -0.00569242294681933 0.00731389445247138 0.0118008095304786 0.999887415744072
1463226057.82783   0.101604872205896 -0.0326346216372036   0.148700603867048 0.00890238853273525 0.00120103472082997 0.000310117122221008 0.999959603594756
1463226057.96977  0.113889968654573 -0.048350776536458  0.172748339549541 0.0376705474749226 -0.00815825534475596 0.00117141493760015 0.99925622365323
1463226058.25437   0.140566076481431 -0.0573139035464969   0.206676086799359 0.0463192828696227 -0.018437065643036 -0.00341551078463182 0.998750686072855
1463226058.44405   0.158660340472534 -0.0473861029472841   0.231096807225277 0.0160436291470478 -0.0336288151086413 -0.0102052082123226 0.999253500611093
1463226058.68105   0.192570583613353 -0.0501718544628056   0.264189999904143 0.0210438093065628 -0.0531284693545177 -0.0034287695389459 0.99836003895056
1463226058.8712  0.226863854532206 -0.054225398309699   0.29360688747159 0.0292326484118448 -0.0662512072629388 -0.0145505697540731 0.997268524883276
1463226059.10789   0.263055686370391 -0.0563616424968276   0.321160878056219 0.041094238191594 -0.0799964409353369 -0.00432720921323677 0.995938305461516
1463226059.39226    0.28192432691117 -0.0568064865112125   0.353409571196659 0.020391666951936 -0.0860886469316487 0.0292370872252252 0.995649595750927
1463226059.63143   0.281722031142168 -0.0594501833052996   0.392800488179368 -0.00336421782645999 -0.0862076017643342 0.0320733908716243 0.995755104950235
1463226059.77182    0.27979799430691 -0.0714846406837401   0.424980777828719 -0.0140310141526087 -0.0772904944835382 0.0133907181706506 0.996819943004359
1463226059.9141    0.27682128896498 -0.0881095750472166   0.459209925407697 -0.0163642909836661 -0.0836168238190134 -0.000545740491736331 0.996363457239545
1463226060.05832 0.271786970759297 -0.10658359143065 0.493112889476859 -0.0171318148135076 -0.092450046489831 -0.00867636339555406 0.995532124315159
1463226060.2473   0.26465518747749 -0.129966211278349  0.530613443686689 -0.0170402114889119 -0.0900100171583953 -0.0033816086029519 0.995789331498794
1463226060.43565  0.254853960461886 -0.146280329101389  0.559242442748961 -0.0350045714227396 -0.0864419331509963 -0.0158057697868973 0.995516273003145
1463226060.62821  0.242300136639955 -0.163504707162122  0.588921762201861 -0.0361099719876529 -0.106894376821698 -0.0190484966037364 0.993431838076518
1463226060.76752  0.234563068542778 -0.180735925035681  0.616684230283067 -0.0282822359722909 -0.114243655647883 -0.0171372204054015 0.992902219732332
1463226060.91287  0.22640218087252 -0.20030338413305 0.647391581485047 -0.0161131525526363 -0.124304374538247 -0.0188968144508135 0.991933313882079
1463226061.05199  0.216016821890142 -0.221288160613839  0.672135964430012 -0.00195623879089098 -0.132973541933175 -0.018999019344271 0.9909355415664
1463226061.24277  0.198005988119895 -0.245205042003667  0.696327363177397 -0.0041521577716891 -0.121645535282014 0.00590563943422257 0.992547352399201
1463226061.43139  0.166333175502244 -0.266448009758678  0.715649483622254 -0.0132611030981483 -0.111878461843974 0.0339785843691827 0.993052268878287
1463226061.57364  0.135398578515771 -0.279316514223136  0.726276159946582 -0.0312698424766664 -0.0967314088486899 0.0510989550273956 0.993505977983394
1463226061.71789  0.100916585337084 -0.293358040399491  0.733242720816376 -0.0526546105673607 -0.0735783784742671 0.0811063718207486 0.992590283378379
1463226061.81319 0.0764610325570847 -0.302955538317488  0.736098847045059 -0.0642669458058027 -0.0587422068947999 0.0974270871788021 0.991426787760839
1463226061.95509 0.0405287371069088 -0.314145132768376  0.737783205928556 -0.0839329963055193 -0.0438383959901203 0.129586538546959 0.987036360118313
1463226062.09542 0.00913266205541662  -0.322075891763639   0.732591041140849 -0.0904062133323304 -0.017631610984914 0.151961306733901 0.984085161020484
1463226062.2378 -0.0210430387958581  -0.321414611150776    0.72114003985938 -0.103378782065567 -0.0083029861318315 0.152295332160114 0.98287843584147
1463226062.3797 -0.0480382387906896  -0.314532129173364   0.701745365459037 -0.116145841678505 -0.00023922164200203 0.15565625909426 0.980959334141114
1463226062.52223 -0.0697440248579395  -0.306247734867412   0.674493307329611 -0.116664024439572 -0.0097965058190302 0.149950980256411 0.981737356626222
1463226062.66427 -0.0847511674621011  -0.292968032721432   0.640537118228369 -0.11665085139723 -0.0241649346390822 0.141299092100913 0.982773219707196
1463226062.75923 -0.0931504250437937  -0.282004890881456   0.615966418771822 -0.11392021272227 -0.0483984849687798 0.126140488344595 0.984260305501663
1463226062.9016 -0.0981022744676417  -0.260687773161302   0.576984532817414 -0.114139911564069 -0.0749095908733691 0.10735840716007 0.984801912160706
1463226063.04359 -0.101779985925533 -0.238571852173598  0.539986641212375 -0.114851071235294 -0.106421897851151 0.0856694732729621 0.983943266882292
1463226063.18585 -0.100218743095037 -0.216955054297335  0.507956570167106 -0.110996155908186 -0.12447978853235 0.0653545726609179 0.983825907085627
1463226063.32945 -0.0981027044955128  -0.195632992906848   0.479482444468544 -0.108022386326512 -0.146384251595818 0.0391256295466533 0.9825334600153
1463226063.47065 -0.0933418913375442  -0.171583650166736   0.457514689041234 -0.105785721454647 -0.165724074495233 0.0148162422830992 0.980370027710776
1463226063.66027 -0.0769592773145523  -0.139288461956189   0.437313177505293 -0.104682480288223 -0.166438725975502 0.000925232310953943 0.980478899702349
1463226063.80231 -0.0619896642468756  -0.114602368675189   0.426875926728824 -0.112867581136046 -0.153078877548377 0.0160684632078992 0.981615795954386
1463226063.99222 -0.0391298233485938 -0.0882720299659141   0.414599472076229 -0.112253809793858 -0.147184057070008 0.0311623349363362 0.982224436884204
1463226064.18169 -0.00782746028216256  -0.0639406248521346    0.407638730949985 -0.11447859212351 -0.13635037212407 0.0394441199721974 0.983233130730787
1463226064.32726  0.0201823587798821 -0.0495513862228716   0.411079774712355 -0.127991001497348 -0.119775951713691 0.0439302524833805 0.983535539695202
1463226064.46628  0.0522813596530683 -0.0432011730194899   0.424851925010879 -0.136278259746307 -0.100082102995689 0.0615837201258538 0.983676396990362
1463226064.60864  0.0832351516590312 -0.0486106382958025   0.447709006539022 -0.132383218744605 -0.0783856231190129 0.0966041584691936 0.983360571738323
1463226064.7508   0.109460114660083 -0.0632855411338304   0.477536090253462 -0.129834011191892 -0.0680727910568676 0.121303905913398 0.981730404472483
1463226064.84637   0.127584843142552 -0.0780782928560563   0.499610585785078 -0.111773245873106 -0.0596465938936828 0.130156941915799 0.983365748750179
1463226064.9878  0.148239888363324 -0.100165512167534  0.528611636141522 -0.099136953227187 -0.0647243543595806 0.132763718575624 0.984051023823226
1463226065.13017  0.162943551160454 -0.125221850471626   0.54950273080216 -0.0833554195369418 -0.0776940292778524 0.12642261106 0.985409983337476
1463226065.27612  0.173185795388079 -0.149250558737227  0.565300571825027 -0.073417501709557 -0.087777737001004 0.125260316409498 0.985502304646063
1463226065.46201  0.181064077665076 -0.179662749903643   0.58788150148669 -0.063935335846495 -0.0885386454332318 0.125258522355413 0.986095068273026
1463226065.60424  0.181460633025406 -0.206093150413388  0.608783031878265 -0.0582314746224994 -0.0783398545475221 0.129181845392077 0.986804952041618
1463226065.74879  0.176239334953068 -0.234412725117408  0.633159836125814 -0.0546081780354736 -0.0698113427316362 0.125118850250596 0.98817488160225
1463226065.88903  0.166728780671022 -0.265892641073011  0.659961540823239 -0.0450454944894999 -0.0620122286419251 0.119256726541844 0.989900611222956
1463226066.03144  0.154520710775354 -0.298970680191209  0.688442883507504 -0.0464204647348512 -0.0455692195392828 0.125807218255276 0.989919759636735
1463226066.12604  0.143706514762642 -0.324226351902522  0.706696418579443 -0.0505757010502857 -0.0422332032630301 0.129692566576461 0.989362569122274
1463226066.22084  0.132573216065171 -0.351880980072492  0.723243023788497 -0.0528701268335265 -0.0386508450670874 0.139651853524911 0.988032500311232
1463226066.31685   0.12251788695426 -0.381021049986978  0.736557691234484 -0.0529774243998023 -0.0310364645313546 0.144823701282875 0.987550619421651
1463226066.41039  0.114774758237333 -0.409597078205865  0.744999647224797 -0.0461005716489306 -0.0184156252803902 0.154453681476514 0.986752077432587
1463226066.55439   0.10164386332227 -0.445078888687976  0.750981469677145 -0.0464863937201994 -0.00829189736891801 0.169392769524198 0.984416755886365
1463226066.74234 0.0763924710081118 -0.475260011467879   0.74896482838271 -0.058215585924235 -0.00222541130406342 0.183461494513869 0.981299074253494
1463226066.8848 0.0485068419016305 -0.485001153321212  0.739169785690405 -0.0826790407310135 -0.0110510478524582 0.168648806770789 0.98214033138852
1463226067.02694 0.0156105059467924 -0.487036413309372  0.724103085320707 -0.0934523848939182 -0.0359429576455579 0.152207228342557 0.983263807527566
1463226067.16916 -0.0117789724115595  -0.480051723038812    0.70228661960604 -0.0977520155280615 -0.0440736496071342 0.136544759926244 0.984813477470325
1463226067.31144 -0.0342475918098304  -0.462894160155784   0.677479976715251 -0.105687027868824 -0.0616760935557045 0.120109502971111 0.985190346542228
1463226067.45377 -0.0495613758142878  -0.439874757229153    0.65399134641591 -0.105134404892718 -0.0749806883078326 0.102648239896501 0.986300153165804
1463226067.59698  -0.05425929779859 -0.413949666392165  0.634302308458747 -0.0968104105603572 -0.0818365941325251 0.0954222711805552 0.987332318133397
1463226067.73837 -0.0473116612014143  -0.385164561481613   0.618733633521057 -0.0899239800327725 -0.0808307692654095 0.0898296561734552 0.988590257602606
1463226067.88042 -0.0343739109616652   -0.35322024834717   0.605990708858911 -0.0867213466400552 -0.0835754777065241 0.0806294462675748 0.989440973458066
1463226068.02268 -0.0150585519066929  -0.318100040100125   0.595667662633227 -0.0948695969858743 -0.0794209832870718 0.0633671626949139 0.990291204481515
1463226068.16493 0.0132952865676689 -0.288542333247324  0.580669480499047 -0.0873383580146614 -0.0689466575886011 0.0590134823743308 0.992036178032191
1463226068.3073 0.0466309698580714 -0.262971806255587  0.560744695871339 -0.0565256674986644 -0.0689675511878797 0.0607918311452858 0.994159282541274
1463226068.44951 0.0778775239729609 -0.240401606532696  0.535928496017865 -0.0214478859480677 -0.0682374687475018 0.050487250374431 0.996159963859681
1463226068.59168  0.103389674519555 -0.219886208083335  0.514055354277243 -0.0078052006725458 -0.0624233181415992 0.0546127310866821 0.996523887218921
1463226068.7815  0.131761765545344 -0.197924306889914  0.497073047370754 0.0105869644955345 -0.0459628174136197 0.0666365700973987 0.996661880039478
1463226069.06784 0.141329636955843 -0.18856964865587 0.471713229409187 0.0673786518180032 -0.0418200365686893 0.0875046598482597 0.993002586263209
1463226069.25655 0.123110194444831   -0.198625938747 0.425707800279699 0.100486286776075 -0.0160351687667842 0.0956768383984607 0.990197617714086
1463226069.3978 0.0933393468740896  -0.20390083808917  0.382494077714804 0.121088159779781 -0.0243151742467289 0.110253929704005 0.986200030849382
1463226069.54191 0.0555621594396494  -0.20793773461518  0.338661900539229 0.100507081114313 -0.0336834310814576 0.102459234088487 0.989073232104915
1463226069.68625 0.0119008043518168 -0.223165040365672  0.291739787856516 0.0950575313917741 -0.0556790976816224 0.0805373415606619 0.990645062785559
1463226069.8246 -0.0296892249325231  -0.243517704338064    0.24832645185179 0.101463571844679 -0.0755131235017091 0.0657743209550656 0.989786164012427
1463226069.96721 -0.0728680390514789   -0.26254793717695   0.209053758426092 0.100493610714435 -0.103646134447271 0.0496491869819934 0.988278033375093
1463226070.10908 -0.115443091916322 -0.290696328768631  0.167608174319494 0.11149949691994 -0.131731368961765 0.0577919701242332 0.983297918642778
1463226070.20419 -0.146497255675273 -0.312332295501615  0.137953282447414 0.120491312973507 -0.156030196228655 0.0701652292853562 0.977861576074089
1463226070.29882 -0.179242708432455 -0.335026410096925  0.106856317342058 0.129937246730038 -0.184890635625285 0.0876372190051806 0.970181159688918
1463226070.39415 -0.209451501353347 -0.358761029764465 0.0754682540126039 0.151656750068824 -0.204784048623997 0.100714451640548 0.961727779997266
1463226070.49139 -0.238881989930226 -0.380044300552643 0.0456944354007888 0.1645561109528 -0.22779286630988 0.104187234308953 0.95403182159374
1463226070.58335 -0.269034675657669 -0.400968498163347 0.0157523698192093 0.184916524755442 -0.247406895459065 0.103264004466869 0.945479905832559
1463226070.67818 -0.300412616402945 -0.417983492975786 -0.013196148779369 0.211474221254576 -0.2723909725794 0.10971409356889 0.932225632277067
1463226070.82051  -0.347525270783438  -0.425476664435732 -0.0482190027838375 0.227395742866854 -0.290720681027939 0.121425818707751 0.921427388511887
1463226071.01002  -0.426746305145447  -0.416935255410438 -0.0869594275110305 0.21822815124233 -0.302813441192812 0.122876823978195 0.919555207677796
1463226071.10567 -0.475586532636629 -0.413486921238861 -0.106498061876246 0.23067878084681 -0.309281708115961 0.117607518739882 0.915041308700187
1463226071.20286 -0.527552857563656 -0.406487122537324 -0.123986962721755 0.21717396968125 -0.336385215902053 0.104793386506941 0.910328951291687
1463226071.29513 -0.576748458643922 -0.397440135589888 -0.138333188022506 0.203380080789318 -0.356478620051272 0.0863559544320353 0.907800740977118
1463226071.43689 -0.648580771207453 -0.378689831479424 -0.153646942931722 0.198791513736449 -0.370552369362039 0.0557974933331437 0.905571375080003
1463226071.53174  -0.69868697183137 -0.362122702335228 -0.160601492373319 0.195652616440546 -0.38568650859831 0.0440948954830108 0.900567382796844
1463226071.62659 -0.752123948506678 -0.343420240934077 -0.165663814987329 0.185853643767328 -0.402985174071636 0.0303926803058213 0.895621380696491
1463226071.72156 -0.804802627479117  -0.32937662806353 -0.168726088850867 0.166125428475292 -0.411224324792607 0.0161665120640188 0.896122503121336
1463226071.81631 -0.858637547363893 -0.321610570885804 -0.173153638874097 0.168022712144822 -0.420013083467684 -0.00350375610672065 0.891821227383948
1463226071.95885 -0.930855002508558  -0.31298739216617 -0.180181612911111 0.176522231713783 -0.432565163179639 -0.0274486844420226 0.883727249232794
1463226072.05343 -0.976744983856192 -0.307257942625785 -0.186707407599843 0.183772554406036 -0.453432352635897 -0.0500547855694342 0.870701595422768
1463226072.19616  -1.04514958953248 -0.295689737587582 -0.190112277580412 0.198023752891511 -0.460143709387946 -0.0862421864109301 0.861171670042928
1463226072.34077  -1.12150951400398 -0.284342883481911 -0.190112921320813 0.196170709030312 -0.461570703626706 -0.0987885207456066 0.859482615671188
1463226072.43282  -1.17802037461643 -0.284189975620151 -0.194865222282148 0.201273440222247 -0.462228277840038 -0.107800428372054 0.856862351296249
1463226072.57656  -1.25788338098252 -0.302277536010923 -0.209611823427909 0.198496853413594 -0.46532344744252 -0.107760327393053 0.855839237406916
1463226072.66976  -1.30550017708172 -0.328278284501389 -0.224624668379557 0.187286307007989 -0.471592750717663 -0.102290830755369 0.855605459672409
1463226072.76488  -1.35297211131482  -0.36212984132933 -0.242299416115102 0.199700002109871 -0.477625386356986 -0.0991062595142284 0.849806947953332
1463226072.85941  -1.40200882580628 -0.396525024945907 -0.255833490487426 0.207504066305953 -0.477630346915365 -0.073149419519471 0.850564798587367
1463226072.95433  -1.45640302764825  -0.42652253459608 -0.265193041173221 0.205020514269687 -0.476931326205262 -0.0500766771205438 0.853226479442151
1463226073.05226  -1.51504883848575 -0.455657498050997  -0.27266043915912 0.196239945215167 -0.476921547635814 -0.0458894732120398 0.855529004505943
1463226073.14473  -1.57291691701829 -0.492350240129298 -0.282632370947227 0.205393895620592 -0.473216230510503 -0.0383121283061528 0.855810684467003
1463226073.2389   -1.6265933666349 -0.533699463038282 -0.294895035980094 0.206954379980579 -0.478514721578204 -0.0182369113085442 0.853147678251376
1463226073.33671  -1.67758728559777 -0.575932915208128 -0.309425775987637 0.211878903154685 -0.483525274211081 -0.00672501636599973 0.849273462291118
1463226073.42873  -1.73007505819919 -0.614853938321272 -0.325935281751544 0.212253271504476 -0.49213362128348 -0.0102362014461832 0.844184972454502
1463226073.52601 -1.78315119914956 -0.65269505717263 -0.34088672642804 0.232956124972786 -0.489322332209366 -0.0105984012725375 0.840346817051934
1463226073.61939  -1.83428137525984 -0.686482351593373  -0.35200215671796 0.249185438834032 -0.482847192996326 0.0017898970275112 0.839501043213938
1463226073.76151  -1.90910666453314 -0.738720934363207 -0.370291103985716 0.263391020558514 -0.466191556245187 0.00585351267911624 0.844545048866045
1463226073.90269   -1.9817364697366 -0.796516209555164  -0.39343357296249 0.256392013961985 -0.467319412694062 0.0223916923927853 0.845798033698105
1463226074.047  -2.05213433682395 -0.849076485181685 -0.413592841876849 0.247052212911539 -0.471978913651589 0.0354685438808751 0.84554307492803
1463226074.18721  -2.13172129425132 -0.880573536703065 -0.427058744351318 0.250569564347453 -0.480384594293034 0.0474936574231578 0.839160227544905
1463226074.33069  -2.23144837751117 -0.887700488682987 -0.428324210897171 0.231630560846673 -0.491705829666411 0.0428401810864722 0.838294327332829
1463226074.4749  -2.33414593970431 -0.894319998627008 -0.427481309270476 0.219210036304633 -0.493839469059078 0.0523557545801083 0.839838325956322
1463226074.61415  -2.43397672231317 -0.903256779300966 -0.433229839132595 0.226284107455365 -0.514248074391336 0.0452142508220776 0.826014583539861
1463226074.75629  -2.53088921970898 -0.898008673296319 -0.430847912457568 0.231476714828652 -0.5082137941013 0.0148611261783336 0.829407268418844
1463226074.85121   -2.6034847453422 -0.885069024855973 -0.426744925543645 0.22073738852647 -0.51170848110114 -0.00596495372744939 0.830297449714684
1463226074.94586  -2.67813565970222 -0.872483997603934 -0.427546463059532 0.208386783118795 -0.522434509686142 -0.0254130887243874 0.826432880899524
1463226075.04073  -2.75133113302939 -0.865667240240829 -0.434555856449705 0.215537613383055 -0.530906228135234 -0.0461842611480392 0.818259817030364
1463226075.13681  -2.81975121340936 -0.860270165677493 -0.442495818775731 0.196604255794115 -0.546805490631111 -0.0528269938044542 0.812132889830782
1463226075.23274  -2.88059829894773 -0.857872221513926 -0.449638104091135 0.207323071536239 -0.5506214012996 -0.0630259656849504 0.806139531402054
1463226075.32705  -2.93860465408279 -0.855402951367914 -0.453727114115741 0.248741886706635 -0.538013855240066 -0.080157381840218 0.801400873161408
1463226075.41998  -3.00056878867913 -0.848709832013411 -0.454595771770572 0.254887699444295 -0.543504443765996 -0.0959070874116979 0.79400063656323
1463226075.51539  -3.06443698086025 -0.841606062279007 -0.454892048335012 0.233028092962352 -0.557886803932559 -0.118992790532045 0.787591859842165
1463226075.61314  -3.12172550700988 -0.846407847399782 -0.462424010282392 0.227784732229051 -0.571077858845402 -0.140744895329415 0.775999400346806
1463226075.70449  -3.17574514414716 -0.867981183544972 -0.477633537524405 0.222248475601717 -0.582016560095915 -0.144493068938384 0.768754897152271
1463226075.79937  -3.22988501810771 -0.898144456659177 -0.498165944101675 0.232887344127514 -0.589795714237063 -0.141522290701468 0.760181518880481
1463226075.89427  -3.28911570865521 -0.927156340448474 -0.518679636459359 0.24242504105836 -0.596403304691394 -0.129861810259624 0.754101523574333
1463226075.98907  -3.35352362147229 -0.954909524698126 -0.538584178576455 0.246254768346551 -0.600663819699181 -0.107162793997731 0.753045616382949
1463226076.08403  -3.41959727111475  -0.98294912439306 -0.558819320309102 0.251089661737568 -0.598909403209024 -0.0802993639319467 0.756183523140018
1463226076.18214  -3.47971635356409  -1.01257490901147 -0.580154647965992 0.255203059171913 -0.597917965558829 -0.0666218791975855 0.756919434460148
1463226076.27366  -3.53347504581981  -1.04613499056302 -0.603404215954773 0.246783766345409 -0.599526452105444 -0.0482652805089377 0.759826472684143
1463226076.36878  -3.58622969305678  -1.08120433334497 -0.629761100166962 0.250479523752024 -0.602936468146797 -0.0365508622196024 0.756565699744992
1463226076.46329  -3.64261265529811  -1.11241722911934 -0.656117301119049 0.258853336428401 -0.60932039423898 -0.0195712805344001 0.749226649527753
1463226076.55808  -3.70276393912986  -1.13790304402599 -0.679988665421452 0.260276945555304 -0.619875059071031 -0.0047415185462951 0.740262345899049
1463226076.65502 -3.76261799333841 -1.16481105191134 -0.70494992948296 0.272639631877257 -0.632849775759027 0.00853176431905229 0.724635081574987
1463226076.74784  -3.81837752952373  -1.19391269791198 -0.731148487997853 0.282336690580299 -0.642919357081225 0.0120154778684297 0.711896285798726
1463226076.89228  -3.89266074357739  -1.24298626598785 -0.778636276323068 0.302220833567753 -0.65915203663354 0.0202679965940716 0.688309791208531
1463226077.03236  -3.96535171830315  -1.28451124349196 -0.828678145365819 0.321455764843094 -0.675725151278327 0.0209280673675878 0.663041271095006
1463226077.22206  -4.07291679934312  -1.31074104059274 -0.881291037525427 0.336070659355357 -0.680922193185323 0.0368441246686633 0.649649127780177
1463226077.41174  -4.19548422320926  -1.31576141182361 -0.930011157646119 0.321588129632469 -0.682327589970015 0.0399816408083511 0.655295050525695
1463226077.55388 -4.28865027078194 -1.30789723944689 -0.96238496603768 0.314950733817656 -0.693973473129205 0.0063625115035048 0.647430592656909
1463226077.69624  -4.38497785585025  -1.28146695340825 -0.986397212461756 0.303623752612101 -0.704387173886887 -0.0285725929748615 0.640964065329784
1463226077.84392 -4.48750395632825 -1.24669382703571 -1.01039720983247 0.285311496987929 -0.718090536626334 -0.0766605750693134 0.630132118784826
1463226077.98082 -4.57464830322911 -1.22959473892658 -1.04492876926993 0.300776790678082 -0.725362239839012 -0.0944238692520777 0.611937150466117
1463226078.12301 -4.65034898976405 -1.21738654064108 -1.08338908329549 0.326104369908382 -0.733855229056352 -0.127881993730173 0.582029757308767
1463226078.31507 -4.75666934417564 -1.19103473655203 -1.12819865153396 0.328773867604755 -0.739638746041095 -0.155558222507904 0.566254279228996
1463226078.50223 -4.87177497514514 -1.16970134788624 -1.18846779539123 0.321942323648056 -0.747830038518903 -0.166025635815561 0.556362168002952
1463226078.64478 -4.94201302308304 -1.17881678208206  -1.2463721206475 0.316283032375097 -0.757100597541958 -0.147789767690865 0.552197349866063
1463226078.78895 -5.00631186718225 -1.19153589293367  -1.3089537726941 0.321365581994767 -0.775057547355017 -0.131576159023655 0.527918246865718
1463226078.93046 -5.08181236316341 -1.19426283927668 -1.36894471116011 0.313007829805449 -0.787337000550564 -0.114661711057499 0.518632083525393
1463226079.07135 -5.16228755530996 -1.20172125700771 -1.43762941013585 0.307886999042359 -0.805952891521792 -0.098629855420465 0.495900881314091
1463226079.21369 -5.23316323317946 -1.22267424101188  -1.5099529884741 0.311396993505379 -0.819822950488486 -0.100229683608425 0.469974736354966
1463226079.35598 -5.29944441256401 -1.24815172728196 -1.57929960428942 0.305381087535169 -0.826242552135859 -0.0971275845335617 0.463283788555714
1463226079.50302 -5.36914269203167 -1.26798849777077 -1.65203310067872 0.323028338177027 -0.824603386076755 -0.0778850829021168 0.457838249021059
1463226079.64104  -5.4401748496255 -1.28504196480876 -1.72678884341416 0.319508448088995 -0.827252836300373 -0.0512169700705001 0.459286314197959
1463226079.83002 -5.51855020847261 -1.32059013226502 -1.83685623914577 0.301309448450466 -0.843217903698674 -0.0218742696459306 0.444654584462981
1463226080.01968 -5.58305992371844 -1.35802344935728 -1.94437492888838 0.306877429388777 -0.850274893239234 0.021602400320043 0.427073981365242
1463226080.25691 -5.68622142384548 -1.35515506738279 -2.06146094569294 0.295426765046087 -0.863072614246097 0.0534356762299788 0.406169075064383
1463226080.39943 -5.75467020543999 -1.32963954189243 -2.13797946416338 0.275527650310659 -0.877800398120796 0.00889265176153117 0.391754892398177
1463226080.5414  -5.8193853147425 -1.28697700038758 -2.21343735522416 0.273931458671808 -0.886552498533977 -0.0543706704901294 0.368822523015545
1463226080.68591 -5.88933785934499  -1.2287331917534 -2.28018808481094 0.263571747887787 -0.889808515848448 -0.097315976746835 0.359583564013663
1463226080.87349 -5.97607360987806 -1.16234114368326  -2.3776625362805 0.273874924732362 -0.884594237398012 -0.147142064515855 0.347612965257459
1463226081.06292 -6.04821096446652 -1.11735482663035 -2.47171699098352 0.261872932590911 -0.888224845791399 -0.167213329461158 0.338406402045819
1463226081.20669 -6.10775524574774 -1.07179596352679 -2.53033163226726 0.261363777597997 -0.884933737713836 -0.2052167328046 0.326293346840738
1463226081.30009 -6.15452499901213 -1.03631856949233 -2.56746967888641 0.247745905333488 -0.881196500644775 -0.240494375828586 0.322919725066017
1463226081.44255  -6.21943282720908 -0.998426787277831  -2.63529583472433 0.242852545571149 -0.885061613035809 -0.254765471677349 0.304603244698875
1463226081.53721  -6.25421722774924 -0.988863436607449  -2.68435882079404 0.250269625547648 -0.889396232120988 -0.250811354969832 0.288847920254633
1463226081.63539  -6.28389450807563 -0.984769787173312  -2.73384034051713 0.269469592111551 -0.891975130674754 -0.247314668572485 0.265710293165078
1463226081.77424  -6.33332189614012 -0.979434828839213   -2.8086778057176 0.272107374137259 -0.895244080593283 -0.24007337540747 0.258573756447318
1463226081.91797  -6.39524568764137 -0.967545918477696   -2.8996910165481 0.271744932682126 -0.90059703461626 -0.217333386424112 0.260472401508133
1463226082.05888  -6.45184303660839 -0.965727689810786  -2.99728950707946 0.274885823449694 -0.903253267081248 -0.204331066814005 0.258495908493899
1463226082.20113  -6.49875829848555 -0.976702345533994  -3.09661521893013 0.248101872432724 -0.910429988916967 -0.204934465634261 0.259931839087148
1463226082.34583   -6.5436065834446 -0.990875497847061  -3.19458450767988 0.237186851494322 -0.915842552714242 -0.189880181303067 0.262526823133151
1463226082.4856 -6.59110882422707 -1.00105775850244 -3.29524557532898 0.23497814914889 -0.928750196393758 -0.143224511141927 0.24838494626139
1463226082.6278 -6.63460854545333 -1.01323924493973 -3.39056551335293 0.232340620065011 -0.936809811620078 -0.119640015721377 0.232575750581072
1463226082.7701 -6.66268623739243 -1.02534161167154 -3.48399627724045 0.231886797238593 -0.945917662785013 -0.102158565188538 0.202563363065452
1463226082.9598 -6.70520105553387 -1.02384963779279 -3.60328537541004 0.238149471359318 -0.949996048761054 -0.0730232145660933 0.188308116564574
1463226083.24451  -6.80898286477906 -0.940694937929813  -3.77513961081675 0.223097049493394 -0.951224749959336 -0.097024482823386 0.189698263842861
1463226083.43401  -6.87452864417563 -0.886016201537983  -3.88417817708406 0.217216598586371 -0.950783748232744 -0.125149084772597 0.18211238281798
1463226083.67106  -6.96745694211586 -0.791925258177641  -4.00503075048158 0.225755848269648 -0.942539283309706 -0.153668056101444 0.192458112128536
1463226083.86165  -7.02637335487667 -0.739485059740195  -4.10885048321615 0.238539976117834 -0.935789162739262 -0.184567076003566 0.182571402878293
1463226084.05097  -7.07410857194633 -0.702199419268868  -4.22566904055935 0.256634886807359 -0.931443049348775 -0.197226359830911 0.166295350750034
1463226084.24212  -7.12763839625397 -0.641891827237775  -4.34217712908153 0.262764395175506 -0.931805203546631 -0.190888383507981 0.162035676050622
1463226084.42976  -7.16948329069571 -0.603210796889704  -4.45654815307124 0.254320042240613 -0.929558901210223 -0.208199826630328 0.167016159357944
1463226084.57333  -7.20034258860553 -0.564643158055332  -4.53942649832765 0.255998171553261 -0.927331129386573 -0.224040600673434 0.155973465313487
1463226084.71854  -7.24013218767382 -0.530659721312621  -4.63396671349442 0.244322676388088 -0.935835285694897 -0.206494907927211 0.147914167174905
1463226084.81156  -7.26403220862549 -0.523227627725125  -4.70638233849777 0.249087744828662 -0.940095138927739 -0.191227916612539 0.132696303824314
1463226084.90401  -7.28343095275436 -0.525510835945625  -4.78019775280789 0.253289818437614 -0.944636555922124 -0.171986395024268 0.118011546121487
1463226085.04634  -7.31101288854746 -0.524750945871076  -4.88508459096336 0.249352677926348 -0.947017006549001 -0.171474097444722 0.107604206346438
1463226085.19191  -7.34106905677854 -0.512584899591884  -4.98871522032626 0.246323194906403 -0.95113042273999 -0.154364390516567 0.104151032304049
1463226085.33391  -7.37107198455342 -0.496599017728085  -5.09864430286312 0.24988743045873 -0.953278214664678 -0.128771366194265 0.110611268833336
1463226085.47303  -7.39635014696564 -0.492540569242215  -5.21103339314251 0.234882648783567 -0.958291891603616 -0.113038356575967 0.117171334932154
1463226085.6644 -7.42041561101542 -0.49117016107425 -5.35678777288761 0.221023682604945 -0.962394612964181 -0.107205057230945 0.115983690100732
1463226085.85229  -7.44696463997055 -0.475434621706592  -5.49791863229636 0.221469928509947 -0.966155593694284 -0.0915951903335126 0.0954188694484059
1463226086.04206  -7.46746474758862 -0.455146841748025  -5.63143601707533 0.204519207497196 -0.973112373082639 -0.0781353996180093 0.071547623613427
1463226086.23164  -7.47996934856973 -0.433765745983457   -5.7583172599483 0.202203073539214 -0.975085612964751 -0.0816146273065781 0.0407555769197236
1463226086.42145  -7.51567852838237 -0.349570075419986  -5.87314132386829 0.199798612960844 -0.972642589693221 -0.116441189083675 0.0220987886221746
1463226086.61472   -7.5556650947728 -0.258191350553335  -5.99509069392449 0.206704414846028 -0.967044641891913 -0.146748869711226 0.0237216084990336
1463226086.85128  -7.59517774728003 -0.159482205033654  -6.12620140786866 0.217616966416681 -0.960553970044138 -0.173036990381658 -0.00609315351070481
1463226087.03773   -7.63762535732284 -0.0709590406535021   -6.23089893120668 0.22074015546083 -0.954716728707556 -0.197555426623517 -0.0275971937825642
1463226087.18001   -7.65773001431269 -0.0238751315076879   -6.31394901593449 0.233515240166207 -0.9458639736766 -0.216439723582684 -0.0629747724591579
1463226087.32447  -7.67245022441069 0.0147033378141339  -6.38992557222359 0.240317968136103 -0.934268323078187 -0.250358047937866 -0.0819196100842087
1463226087.46494  -7.68734769977234 0.0687036130499332  -6.46288218000917 0.251566968282356 -0.923096709096879 -0.269822519390727 -0.108638548192515
1463226087.60709 -7.70127040733418 0.128502762423289 -6.54197874758566 0.263874675773089 -0.919357763914982 -0.264680507663797 -0.122864503733692
1463226087.75209  -7.7015808059662 0.176359277909362 -6.63337060743935 0.264339781534293 -0.91886587355751 -0.257422166172314 -0.139799194106942
1463226087.89161 -7.69598007721719 0.207003639261238 -6.71783802998502 0.257349888027626 -0.91554804412161 -0.267604608060513 -0.154695144662145
1463226088.03565 -7.69657460303937 0.243829928376619 -6.80487552244582 0.236697218614196 -0.920840678111145 -0.26568613428093 -0.159492163716484
1463226088.17607 -7.70209528148468 0.283787126018558 -6.90270919878572 0.226249337460415 -0.928572797340427 -0.24663393520347 -0.160422876623466
1463226088.27353 -7.70038109166595  0.29942965467849 -6.97245360736746 0.217004461727055 -0.932853907805031 -0.231956687927002 -0.169966894451154
1463226088.36564 -7.69349841103085 0.307069347078399 -7.04327173044562 0.21769472702879 -0.933069249816641 -0.21830004299922 -0.185299412025541
1463226088.51184 -7.68538681318364 0.314298688042103 -7.14353918874702 0.213256073761859 -0.937240307591226 -0.205468642215249 -0.184079031658153
1463226088.69752 -7.67453302919719 0.346903131903773 -7.27854644642695 0.202403220621921 -0.941387175421133 -0.197980905734388 -0.183375797746283
1463226088.88718 -7.65937425909484 0.378543162758213 -7.42337387529257 0.203308328338847 -0.941274471311044 -0.212500578500332 -0.165866203378515
1463226089.0312 -7.64205713233672 0.387672687762074 -7.53214945689118 0.176789957904157 -0.945687669036118 -0.218581792311363 -0.163224212319231
1463226089.1724 -7.62782667880074 0.400987297374152 -7.63921618864581 0.156646398346263 -0.953364643326432 -0.204944506422018 -0.156701984759751
1463226089.31383 -7.62735559034252 0.419016945879003 -7.74039885506874 0.150351928288082 -0.961914325837634 -0.175873305360029 -0.145546239628933
1463226089.55104 -7.61439092969042 0.445895890122401 -7.90249275367499 0.138363829636506 -0.957586867321556 -0.184647323196684 -0.172592607657187
1463226089.74165 -7.59312964354004 0.463959482468315 -8.02631719553283 0.125210312160377 -0.962512779085241 -0.147151910773538 -0.190362399076089
1463226090.02573 -7.56906825588214 0.560468900277773 -8.19738833390115 0.138129593271531 -0.962627176254582 -0.11877770556812 -0.200402074986124
1463226090.30978 -7.55792621539189 0.691646709802113 -8.36168776671516 0.159905797202127 -0.953650528803946 -0.135478347596876 -0.215931522167392
1463226090.45224 -7.56334025357183 0.782430545729018 -8.43625595900113 0.159412110314997 -0.943398215015015 -0.179326372455468 -0.228975193270727
1463226090.64789 -7.56260280630501 0.882541141066303 -8.54248012359167 0.155105915489701 -0.930997281969331 -0.220934785318847 -0.245711287046269
1463226090.83123 -7.54882747756259 0.959637387724331 -8.63706790874757 0.17116000952 -0.911968769287277 -0.254540071332738 -0.272445530467446
1463226091.06843 -7.53852762501514  1.07405756005073  -8.7613137952537 0.183809785676352 -0.896719595016987 -0.274987329255364 -0.294091651277602
1463226091.25813 -7.52571909428832  1.15455313437297 -8.87210385151998 0.196933448335494 -0.888227225520857 -0.290309056675111 -0.296631529650203
1463226091.44781 -7.50850528600828  1.21548426102526 -8.98516281390319 0.191715609703451 -0.881592939474212 -0.31255173711258 -0.297237995036235
1463226091.59016 -7.49335599624472  1.26670854866895 -9.08067000084405 0.189039054981491 -0.885258581293463 -0.291381110871042 -0.309319459726588
1463226091.73228  -7.4733731391574  1.30352200497017 -9.18007638316524 0.178463046451734 -0.889150590113724 -0.264119425197215 -0.328333821567434
1463226091.83285 -7.45155695513191  1.31658780240277 -9.24479499766473 0.169294232135973 -0.887012422139751 -0.241953665739603 -0.35497443509418
1463226091.96958 -7.41609194007206  1.34106427009229 -9.32864269411495 0.168006621338409 -0.870444751975204 -0.225389589292272 -0.404103009125073
1463226092.16038 -7.37350437812167  1.39630398418224 -9.44289731588189 0.151440489952529 -0.867207641150011 -0.21600340812412 -0.42232595564651
1463226092.35105 -7.32273688502392  1.44148588747967  -9.5711842976005 0.128802004650623 -0.871522096333699 -0.204186228575287 -0.426810570698872
1463226092.54054 -7.26013426219991  1.46438154598776 -9.69883620739272 0.104171783859748 -0.871190867715918 -0.174846786038652 -0.446769865666674
1463226092.72818 -7.20230103103587  1.50695924481613 -9.82030791780086 0.0848005460670067 -0.8669755670506 -0.147487858957097 -0.468411747273997
1463226092.96891 -7.13739052100724  1.55796496959563 -9.96302372860794 0.0551200735560606 -0.856380295135941 -0.121680227008206 -0.498766969585281
1463226093.20236 -7.07927028063802  1.65356001820937 -10.0653984194565 0.0624231183695196 -0.83168087424504 -0.157686907727778 -0.528720263314432
1463226093.44061 -7.01490443882934  1.78242282249198 -10.1614153996257 0.0889275424625565 -0.811916011308598 -0.181748473265073 -0.547587230711347
1463226093.67648 -6.94290960087612  1.87946936249859  -10.253831427077 0.084937417601244 -0.792244915422131 -0.212405018842148 -0.565701102217132
1463226093.86625 -6.88600288092167  1.97230003783192 -10.3207363833062 0.0896730039262447 -0.763336305942032 -0.221701025331414 -0.600104234083227
1463226094.05657 -6.82567497397321  2.04329115176861 -10.3991675744291 0.091516018516947 -0.73706574699667 -0.220501898278028 -0.632248223259531
1463226094.24552 -6.76515716488768  2.10183537797958 -10.4695903542259 0.0892590089418959 -0.710884053831705 -0.220462793934419 -0.661870718359063
1463226094.38799 -6.72423348309965   2.1683804533474 -10.5145135500459 0.103208755173939 -0.67680950565158 -0.251765896529526 -0.68402542296306
1463226094.52996 -6.66517947414449  2.22303254388714 -10.5722330530176 0.096042665130629 -0.682752164004534 -0.229464437512023 -0.687001718294083
1463226094.67423 -6.59249350672609  2.25864891386435 -10.6425140411212 0.0751913919771244 -0.696978843945138 -0.218482656845882 -0.678846134498096
1463226094.815 -6.52503928526084  2.29048130112999 -10.7073126064186 0.0713728322476531 -0.680858445432248 -0.218971838123721 -0.695261842911899
1463226095.0042 -6.44812555418902  2.36279863001152 -10.7959763602838 0.0651701266851141 -0.682620202740424 -0.207736594797698 -0.697587285277137
1463226095.14836 -6.39300721173179  2.41146436889962 -10.8667203380494 0.0444723144499255 -0.675384544730696 -0.208067930235986 -0.706105988073809
1463226095.24261  -6.3492954028136  2.43365357353097 -10.9108079055563 0.0392833412776817 -0.644929544463215 -0.193760059663219 -0.738227431795809
1463226095.38549 -6.29247773431097  2.46847709266149 -10.9765240165439 0.0418857214979647 -0.620471569983632 -0.192704958173108 -0.759029259167355
1463226095.47836 -6.25621062242702  2.49922314366459 -11.0138256890658 0.0404045730023803 -0.606759978380397 -0.191282388050645 -0.770467940369979
1463226095.62261 -6.20020729578817  2.55884556289186 -11.0769800051707 0.0513642322630078 -0.599961245612541 -0.185313672848129 -0.776573925690669
1463226095.76294 -6.13200188121859   2.6067150518246 -11.1385892665757 0.0551003429310633 -0.590413822179479 -0.177727550449092 -0.78535876425979
1463226095.90523 -6.06327934120666  2.63560288779494  -11.199267148945 0.0364914293631233 -0.583643500807131 -0.1783171902184 -0.791347976064416
1463226096.04738 -5.99975173587587  2.67351467832426 -11.2543024196453 0.00744420635513459 -0.5736350140472 -0.17101709620156 -0.801024723249911
1463226096.18972 -5.94263344318803  2.72592755295228 -11.3083537627766 -0.0104208064700949 -0.555009954874756 -0.159067973934421 -0.816426810222957
1463226096.33506 -5.88381615500994  2.77038004465791 -11.3643854301431 -0.0196137509142848 -0.521204766926399 -0.161742359857973 -0.837735221138424
1463226096.42675 -5.84123473880045  2.79039504907582 -11.3998572593546 -0.0405468365608517 -0.504244836485862 -0.151415955996824 -0.849215112437256
1463226096.57138 -5.78190397592702  2.82995048515106 -11.4443404202565 -0.0362379969820266 -0.466144003835976 -0.151208194516959 -0.870937803274963
1463226096.71133 -5.72041250213832  2.88694449879592 -11.4871500385342 -0.0408156473419005 -0.435283428442566 -0.142970372557093 -0.887931243073603
1463226096.85469 -5.64861595079842  2.93990799308898 -11.5313667240566 -0.051187291216536 -0.42268970053922 -0.128489390047716 -0.895658280216927
1463226096.99585   -5.575080529114  2.97151437112251 -11.5794106563464 -0.076413363058535 -0.401726785962189 -0.125760588791935 -0.903858872663913
1463226097.13857 -5.50843476591438  3.01191807547459  -11.627073701031 -0.0709350627692555 -0.371267500381136 -0.130381907356753 -0.916585630623064
1463226097.28346 -5.44268975893372  3.06869285443289 -11.6812399440977 -0.0738386479851816 -0.372046401252687 -0.120617812544187 -0.917377061341573
1463226097.42263 -5.37653073865539  3.12107940964428 -11.7322330067922 -0.089508505077821 -0.344571414838166 -0.116416949029086 -0.927203247176107
1463226097.51951 -5.33079169576082  3.14380478286912 -11.7654424784081 -0.103206092879179 -0.313927831075121 -0.107452402264431 -0.937684275498255
1463226097.65971 -5.26356864997569  3.17699251645459 -11.8135329490869 -0.108346365499622 -0.280921413519385 -0.100657280047996 -0.948268072056965
1463226097.80369 -5.20039147020206   3.2291921519044  -11.853585052612 -0.11052820943666 -0.255491339563349 -0.0992263972415739 -0.955333351462885
1463226097.94428 -5.12788430283086  3.29453767122959 -11.8924767186918 -0.0936774395867934 -0.238860957887383 -0.0824531634874801 -0.963001275149982
1463226098.039 -5.07937762102713  3.33017800814158  -11.919845626777 -0.0675724310795716 -0.220403448773309 -0.0881898782383432 -0.969060798765038
1463226098.13392 -5.02432520959527  3.35130596729425  -11.950835011307 -0.0888770794398726 -0.22466612662496 -0.0892878747361701 -0.966257559723428
1463226098.2761 -4.94461659994973  3.38615762362572 -11.9970418409034 -0.108320797325725 -0.229557462253728 -0.0880069698645343 -0.963236601072452
1463226098.4185 -4.87457068059751  3.44144605319065 -12.0388167208619 -0.107761581084956 -0.221192251479693 -0.0766814657103749 -0.966220152110234
1463226098.56116 -4.80118173527233  3.49935871162965 -12.0842082912722 -0.0949523795652894 -0.204109229971058 -0.0847269405474001 -0.970641444304223
1463226098.70636 -4.72511963938008  3.53447836003017 -12.1306945529226 -0.0970270972336253 -0.191272974533394 -0.0831621108481295 -0.973182642125746
1463226098.84831 -4.64849024776018  3.57213141983953 -12.1709786931627 -0.0981782494752073 -0.195150843124347 -0.0917473642426214 -0.971524369695569
1463226098.98746 -4.57412771520748  3.62952419915357 -12.1982029762085 -0.0963440899325578 -0.19300146091505 -0.0886106645888173 -0.972428096334558
1463226099.08226  -4.5209121218407   3.6694495881516 -12.2094512961441 -0.0777934905574199 -0.175247166991888 -0.0723305693739084 -0.978777243310375
1463226099.22459 -4.43467331208217  3.70798202775954 -12.2336526242007 -0.0919452567586598 -0.167732442988197 -0.0735658360368597 -0.978774726429424
1463226099.36683 -4.34820259822744  3.73370924113345 -12.2635286301095 -0.104881323307377 -0.156579545625134 -0.0814273508105285 -0.978699310540832
1463226099.50897  -4.2633171671764  3.77269465090862 -12.2969751407569 -0.117805736734278 -0.170107649630256 -0.0762013407596015 -0.975386360165142
1463226099.6532 -4.18060342043066  3.82949663500687 -12.3260372144348 -0.115496064212952 -0.163327449960394 -0.0597896494812041 -0.977962167497121
1463226099.79352 -4.09590742417223  3.87192057408839 -12.3590124978518 -0.113948450535183 -0.140850580588236 -0.0585818721750406 -0.981705163896501
1463226099.93579 -4.01549447500638  3.90054240454665 -12.3910439505006 -0.130281725648031 -0.11247571149096 -0.0518835497563633 -0.983709298294701
1463226100.07809 -3.93325440025612  3.94300163137448 -12.4170126976691 -0.144400799656371 -0.106605779403653 -0.0499237511310187 -0.982492359221866
1463226100.22369   -3.855577480334  3.99905932050517 -12.4286574313365 -0.136392364402589 -0.0900178171867122 -0.0336717075316071 -0.985981811005415
1463226100.36581 -3.76598630782734  4.04565193958718 -12.4401131556102 -0.109004129235904 -0.0639840669762051 -0.0270761583374234 -0.991610316925149
1463226100.50748  -3.6724725393729  4.06848983730926 -12.4639986656158 -0.124502745571163 -0.0708955624469203 -0.0317488603700655 -0.989173844900773
1463226100.64718 -3.58130537879501  4.09657543011062 -12.4845431496701 -0.153481405365013 -0.0794643861442187 -0.0197521833281441 -0.984753126827061
1463226100.78928 -3.49331934132487  4.14183147912635  -12.498090511543 -0.171369308859759 -0.0739932660721277 -0.00629740431806173 -0.98240414252779
1463226100.93162 -3.40732265077171  4.18078026380808 -12.5104921262444 -0.164717699444515 -0.0339912615829684 -0.0102981914580705 -0.985701080895419
1463226101.02637 -3.35125433841422  4.18922362950023 -12.5168289118268 -0.205855940245861 -0.0198855128134957 -0.00855145918793756 -0.978342869750372
1463226101.16876 -3.26870213101201  4.21957698105739 -12.5235761900325 -0.185761739569648 0.00669653654936595 -0.0102291324753914 -0.98251875165775
1463226101.31352 -3.18531158844462  4.26939892555172 -12.5194111536921 -0.18524120252786 0.0262587964253869 -0.00440288037109602 -0.982332320114105
1463226101.45322 -3.09610501629875  4.31751219126947 -12.5089332397914 -0.175722229787334 0.0523670404474506 0.00295018537991466 -0.983041549192895
1463226101.59578 -2.99907316522626   4.3419832855645 -12.5076829306243 -0.177626155928257 0.0665310015521032 0.00427424000915427 -0.981837209233266
1463226101.73792 -2.90105468395395  4.36482718805622 -12.5102417347553 -0.188750564766553 0.0630024285138013 -0.000695029584260975 -0.980001752669631
1463226101.88095 -2.80654549763982  4.40927546254468 -12.5065176235801 -0.195285263156975 0.0654623083359086 0.00604579947178945 -0.978540648358459
1463226102.02224 -2.71566790689073  4.45316979903383 -12.5002170421053 -0.191806420356709 0.0946583423326677 0.00281512164261648 -0.976853197991855
1463226102.16581 -2.62648729033633  4.47091282799583  -12.501397234509 -0.213643700883671 0.115866531450237 0.00304666923169778 -0.970011357546401
1463226102.30681 -2.53918407147106  4.49259673386024 -12.5009509738463 -0.202236596568498 0.131723679244702 0.00431864259452535 -0.970428039918865
1463226102.44903 -2.44521636384733  4.53137234542656 -12.4847248859686 -0.20958227004032 0.125102741494728 0.0149004969206042 -0.96964042373798
1463226102.59129 -2.34522846696538  4.56900007222566 -12.4663201323957 -0.205360313316165 0.12418723659905 0.0235726665835776 -0.970489052679482
1463226102.7355 -2.24435234050388  4.58416628986565 -12.4569420721649 -0.205392712203029 0.126605165640398 0.0189747497380747 -0.970270542003326
1463226102.82863 -2.17712225850982  4.59243582888119 -12.4533867900762 -0.213599812689465 0.118132261643357 0.0071731684178981 -0.969725958419645
1463226102.9706 -2.08373184264526  4.62428992656972 -12.4451223995551 -0.219132984540997 0.11372724105145 0.00985292463572158 -0.968994205145265
1463226103.11446  -1.9887372940383  4.66442437935872 -12.4398174327216 -0.213213270150471 0.123440947033282 0.0231804129230143 -0.968898912417589
1463226103.20778 -1.93144818676706  4.68043128221165 -12.4402337100911 -0.222972257426144 0.154376920484156 0.0354040749238046 -0.9618719718959
1463226103.30269  -1.8726729076094  4.68866098194274 -12.4417070992264 -0.253700383788361 0.167546526847976 0.0376283187487987 -0.951918266572797
1463226103.44707 -1.78551070731059  4.71162978810644 -12.4395988530272 -0.24360229415216 0.182383334798809 0.0342092910045795 -0.951957964345293
1463226103.58747 -1.69882231616235  4.74882689798952 -12.4242917357062 -0.248291981603438 0.18315417358379 0.0325270780510887 -0.950656420461007
1463226103.72938 -1.60694717233865  4.78584566914133 -12.3995190311626 -0.243291980333159 0.19141847437062 0.0404374745204174 -0.950017258069349
1463226103.87155 -1.50588316180106  4.80377420750344 -12.3798904498629 -0.236385842041033 0.187362098684904 0.0398943131805594 -0.952588904740545
1463226104.01522  -1.4082125321413  4.81670150718929 -12.3649860002819 -0.241747775594274 0.187041392077713 0.028833036155052 -0.951704884231942
1463226104.15738 -1.31391219419615  4.84965375710711 -12.3433217754343 -0.239600426301151 0.173611033170879 0.0246575290454603 -0.954904629342124
1463226104.2985 -1.21573094690665   4.8849289186377 -12.3214591153735 -0.240250161182797 0.172538905927336 0.0222918909606601 -0.954993852121801
1463226104.44071 -1.12036622591516  4.89895139560888 -12.3051915540617 -0.258269087376845 0.173555069083359 0.00698757830918566 -0.950329884961204
1463226104.5355 -1.06071033542952  4.90735045662541 -12.2932233121819 -0.238985265109698 0.188568559111886 0.0146162487065887 -0.952425486244809
1463226104.67768 -0.967659589246796   4.93238905816628  -12.2694569179525 -0.231944163922478 0.187439380716628 0.0131281828856003 -0.954408735392228
1463226104.77273 -0.903216653933026   4.96003533805352  -12.2453883675597 -0.223283141106323 0.168758866825106 0.0129328831858899 -0.959946782013514
1463226104.87018 -0.838691375161576   4.98446391613892  -12.2161401033236 -0.211449417969015 0.160262529557835 0.0241197571803794 -0.963858549048484
1463226104.96235 -0.771824434353036   4.99926058834196  -12.1905801220322 -0.189479903833521 0.154774684340427 0.0331394806814703 -0.969042794695221
1463226105.05717 -0.702269966348801   5.00342502141926  -12.1739453764314 -0.204145696680676 0.145198993392657 0.0239729186172964 -0.967815626045317
1463226105.15253 -0.641097294542606   5.00760839377328  -12.1481129888193 -0.18736924391131 0.141415297678328 0.00737252498061442 -0.972028870915913
1463226105.24671 -0.580164883786438   5.02001536642424  -12.1237625757506 -0.178332676569345 0.125663145347965 -0.00153763975927977 -0.97591181263106
1463226105.34356 -0.519256565573704   5.03627961322098  -12.0961668227943 -0.169075669714689 0.11218035589082 0.00330662624734987 -0.979192550975343
1463226105.48623 -0.431367614382525   5.05454956031618  -12.0564469221074 -0.167585176252707 0.11480893464703 0.00388041470568368 -0.979142001758313
1463226105.58077 -0.376425721354281   5.05793788745117  -12.0334622736466 -0.15947113150947 0.132940677159802 0.000594536260932419 -0.978210294925389
1463226105.72095 -0.294897794568009   5.05507793276417  -11.9966210029667 -0.161340962134031 0.126972041081484 -0.0171967642344786 -0.978545587093995
1463226105.86325 -0.218327113256364   5.06303899474455  -11.9485332222083 -0.159201938508335 0.106811087565238 -0.0268564407332383 -0.981083516291789
1463226105.95889 -0.168235673611215   5.07275399192705  -11.9086645665425 -0.153990363564226 0.0923080813520757 -0.0259193417404074 -0.983409565628787
1463226106.05526 -0.113913271507869   5.07839875941077   -11.863030012402 -0.146239335789016 0.069501772218175 -0.0270277988478891 -0.986434518057817
1463226106.14812 -0.0670442899287259    5.07375556070475   -11.8223775605067 -0.127575204110117 0.0628651650860112 -0.0307692096427164 -0.989356252344388
1463226106.24271 -0.0182580455842089    5.06066293643921   -11.7834839946538 -0.139573261498937 0.0492092078126934 -0.0541098965236272 -0.987506900046374
1463226106.38497 0.0457869044878202   5.04611788927903  -11.7206235105824 -0.124684952855727 0.0441135342160756 -0.063256683913011 -0.989194748555946
1463226106.52921 0.105898379818927  5.04223331496298 -11.6472950895626 -0.111085622650634 0.0232044125891366 -0.0625127351406214 -0.991571327551353
1463226106.66936 0.168131558459583  5.03166250017057 -11.5704743341988 -0.132012454507383 0.00564100865250348 -0.0718295516365607 -0.988626019477542
1463226106.85977 0.244650302943119  5.00216812690154 -11.4845756850762 -0.124823805334629 0.0127342698484794 -0.0601496569470305 -0.990272121571825
1463226107.05081 0.308865420447836  4.98323994875141 -11.3877462698592 -0.114788871326017 0.0190345796852329 -0.0576746530190118 -0.991531559858304
1463226107.2403 0.360140581706817  4.96851979127016 -11.2732799895974 -0.120331334913374 0.0250084139706091 -0.0335653870603532 -0.991850953450229
1463226107.42808 0.400101388736839  4.92106560435612 -11.1729598135881 -0.122395694522003 0.0459020243240735 -0.0291048931150865 -0.990992029898419
1463226107.62071 0.430747107824926  4.87722251348091 -11.0786538205667 -0.128351916054806 0.0777993772115881 -0.0221745298662975 -0.988423660570587
1463226107.80748 0.459277803095396  4.84032950400725 -10.9669772613326 -0.156616187102599 0.0967943904005256 -0.00952590786624604 -0.982858826588925
1463226107.99834 0.486514809360041  4.78686979717232 -10.8661950803652 -0.17418734727552 0.131186673512893 -0.00476267823408105 -0.975923225278391
1463226108.18857 0.504832496376865  4.74329267759002 -10.7630669503496 -0.159251757407284 0.157780866861991 -0.00135616178055176 -0.974547195696645
1463226108.37649 0.512980520304381  4.70834283389848 -10.6372688003287 -0.169466666928076 0.145029597092976 -0.00362436472510797 -0.974799635180316
1463226108.56604 0.517189608918449  4.65070660605985 -10.5138593968353 -0.183972923029609 0.129941346782364 -0.0128489388529509 -0.974219746647891
1463226108.75586 0.518043116492798  4.58794424389704 -10.4064407279262 -0.183113521258704 0.138449794039929 -0.0125648008646032 -0.973212833167428
1463226108.94664 0.505869479443184  4.54192742254601 -10.2890703064773 -0.207136182835368 0.149912171104081 -0.0087054351026918 -0.966718758540935
1463226109.13724 0.491276341161378  4.49088342524662 -10.1685171556824 -0.205946177766059 0.162201455736656 0.00200609074334222 -0.965024784770003
1463226109.27752 0.475833015585631  4.44427021725744 -10.0957605634889 -0.213003589017275 0.184722821298012 -0.00323500791385652 -0.959425080494178
1463226109.41984 0.453305474101936  4.40334055531787 -10.0195381629295 -0.230553634333303 0.199279432638426 0.00394322989385514 -0.952426994767062
1463226109.56206 0.430231795602905  4.37135715995856 -9.93163752674868 -0.23650941019543 0.191066800419411 0.0162478391944343 -0.952519177963368
1463226109.65676 0.419894301768064  4.34315277374141 -9.87058830828034 -0.256567152454878 0.16532099207493 0.01143995248075 -0.952213943054708
1463226109.79907 0.410497735114739  4.29575889474457 -9.78253434519191 -0.265278954487764 0.13439301555427 0.00435588948689811 -0.954749506364306
1463226109.98869 0.388871246973393  4.24473673578059 -9.67634610395742 -0.230685982599143 0.14326615501356 0.0112170609614733 -0.962358022673103
1463226110.1788 0.366054970150875   4.2166627809548 -9.55591598680984 -0.211716206312631 0.1393683060407 0.0122741582582857 -0.967265252293797
1463226110.36806 0.356857964930123  4.16500985704632 -9.44255904867989 -0.198274622577595 0.130145081045513 0.0097701915417181 -0.971418537644103
1463226110.51022 0.354974119102473  4.11613115915374 -9.37133414063849 -0.187924846299069 0.123424862027537 -0.00491980586028504 -0.974385114360463
1463226110.65553 0.363742866853384  4.07161179208432 -9.30174425029587 -0.197824428925262 0.0686717096817376 0.0390795818623182 -0.977047838077158
1463226110.79731 0.375207129044692  4.03904619490471  -9.2217572692991 -0.194027979458061 0.020231147502961 0.0738957106261109 -0.977999625669252
1463226110.88976 0.379871637091994  4.01146631807853 -9.17021008939803 -0.20825576891715 0.00435815523200653 0.0937397430392644 -0.973562222855136
1463226111.07929 0.378301176804617   3.9548849385798 -9.07135434665808 -0.208694080948277 0.024585256946487 0.12331393589283 -0.969863917739313
1463226111.27105 0.377552982652778  3.91160568963383 -8.97066490112003 -0.208744405540264 0.0197987647015432 0.157566348245958 -0.964990480767747
1463226111.41121 0.374105691491736   3.8984640918074 -8.88768825716051 -0.19777538769757 0.021771313677905 0.223929185062928 -0.954078941177756
1463226111.55372 0.383695066023789    3.873975467477 -8.80116154356303 -0.18767365892645 0.031911833880576 0.257361520496374 -0.947378108450544
1463226111.69587 0.393303043071594  3.83595496034969  -8.7306813798073 -0.187791070431324 0.0473269174197914 0.260693161371574 -0.945797944789421
1463226111.79064 0.392588788859905  3.81093337519834  -8.6816781215995 -0.193229290665814 0.0717753155668876 0.251271284442323 -0.9457132160009
1463226111.93286 0.391195070214139  3.78838553758789 -8.60613023166486 -0.193670874593904 0.0925095521063977 0.246543182135907 -0.945066153475727
1463226112.02864 0.392484638747223  3.76945801086216 -8.54686762003318 -0.201577918369291 0.0847623507421525 0.25281952614047 -0.942477572106984
1463226112.12269 0.396232522455724  3.74355684819268 -8.48963651203784 -0.198158786964893 0.0817947225535637 0.254846333644788 -0.942918906767065
1463226112.21947 0.403593841507295  3.71080961125275 -8.44305407340565 -0.202138209406618 0.0831771694261244 0.232305787389118 -0.947763537982796
1463226112.31222 0.415999914291268  3.67726752394679   -8.397541868396 -0.210328551364629 0.0788378942739821 0.221002782685847 -0.949054401471493
1463226112.40786  0.42806356625835  3.65260301247652 -8.35117746749469 -0.215895654927646 0.0847029731313875 0.202094393972146 -0.951510550887954
1463226112.54936 0.444577657057602  3.63814480478199  -8.2698951258276 -0.213176373522011 0.0943524837183106 0.202527988080078 -0.951123470760987
1463226112.69757 0.471576074178908  3.62419610221439 -8.17691911180093 -0.210963708861055 0.0931156202729787 0.205251195567293 -0.951154951373836
1463226112.78777 0.494810547349848  3.60561270833463 -8.12060634185012 -0.20801133344524 0.0977506713114496 0.201996374668863 -0.952036530831213
1463226112.93077 0.525928901056165  3.57165261759962 -8.05091608549379 -0.202775453890678 0.10284524611253 0.210147286834814 -0.950864390166889
1463226113.07102 0.543832644717312   3.5401035400887 -7.98531084657163 -0.209788986695371 0.125418196559396 0.200528756817769 -0.948708108283174
1463226113.21318 0.554152139723716  3.52600874711708 -7.90086176517884 -0.205678443282211 0.133193771344328 0.199941543813341 -0.948672322934331
1463226113.308 0.560439167890206  3.51464976098366 -7.83833904967062 -0.201394825538413 0.130820566288513 0.224164675279369 -0.944497910023733
1463226113.40284 0.571381027118351  3.49120987444987 -7.77569922287976 -0.201649394322054 0.119780408160066 0.233772210390024 -0.943578682060971
1463226113.49763 0.587785749901076  3.45694673068973 -7.72118855722318 -0.221813529971575 0.100318101680758 0.226599106427418 -0.943073635175438
1463226113.59283 0.605547362796384  3.42942400314918 -7.67095556244669 -0.214323450126625 0.0909033795118732 0.224090155960682 -0.946353864218167
1463226113.68931 0.622079994788724  3.40756846709553 -7.62101981467929 -0.208029723525931 0.0810239730878797 0.209074393705957 -0.952074917121161
1463226113.78226 0.635501803050855  3.39698778808309 -7.56278285746098 -0.193863106845043 0.0657458063724631 0.209637500468832 -0.95611019403937
1463226113.88378 0.645740183324247  3.38997500831639 -7.49911425696935 -0.185754113153776 0.0509272929634804 0.218707196508252 -0.956592380522324
1463226113.97218 0.656953814821567  3.37106702813786 -7.43480010635422 -0.202377505609191 0.0335401129951297 0.223271274283085 -0.952926200775109
1463226114.06673  0.66678474685693  3.34438626966795 -7.37241608909384 -0.191665210586637 0.0304722938686593 0.248264684265695 -0.949052439490894
1463226114.16153 0.671083229641371  3.31570561231358 -7.32024846040643 -0.182150523379243 0.0391454292658605 0.279632923393751 -0.941856809899745
1463226114.25663 0.668936512684615  3.28525529603121 -7.27341745448424 -0.196027107821939 0.0632623984630001 0.289105715011095 -0.934873856457436
1463226114.39865 0.665281324672145  3.26148485410752 -7.19752000424744 -0.188376634554287 0.0806585910332809 0.309590120033536 -0.928527001666698
1463226114.49352 0.666012086618813  3.25443418322132 -7.13741013496504 -0.163333564513539 0.0729232344160192 0.332555053357195 -0.92596516407055
1463226114.5887 0.665748473880248    3.240271988917 -7.07466487616395 -0.159148355254853 0.0710358939263554 0.338530456075933 -0.924674447090856
1463226114.68308 0.674423195366042  3.21593204044976 -7.00798025604283 -0.137375084963012 0.0503878903956725 0.340554449888399 -0.92876897729957
1463226114.77798 0.682547683247462  3.18618192245424 -6.95370382546424 -0.140149023762338 0.0407462163816312 0.326280858947931 -0.933937255961687
1463226114.8729 0.687037548406957  3.16447329592253 -6.90392020288124 -0.121231984734881 0.0559181918909726 0.325259104934259 -0.936153019730349
1463226114.96817 0.689212380082746  3.14731143607557 -6.85334661284021 -0.102677579392268 0.0658269215338422 0.316291388474584 -0.940788971378992
1463226115.06317 0.687706182644125  3.13299810090389 -6.79783267474707 -0.106106083845292 0.0701061674330039 0.308317214519042 -0.942744461394545
1463226115.15737  0.68512221915072  3.11933692695773 -6.73714220753738 -0.106815831431673 0.0730346933302832 0.313364587496768 -0.94077571558193
1463226115.25238 0.684284590541694  3.09713943361632 -6.67539020157957 -0.116320890919076 0.0755443318806679 0.315255044799031 -0.938816681245736
1463226115.35028 0.682523704422653  3.06344960454482 -6.61790395072585 -0.141478330293242 0.0899739406958562 0.313572111972665 -0.934644907248789
1463226115.44194 0.678079910926572  3.02760739685591 -6.56977920584152 -0.162414935626486 0.0967097292327006 0.302421119092078 -0.934243053859261
1463226115.53862 0.668435681519173  2.99564610047209 -6.52671205716553 -0.168725742930336 0.117113897002106 0.288835676722192 -0.935088183357067
1463226115.63155 0.655266959732041  2.97247974416821  -6.4807607920265 -0.173024390097733 0.140632603776399 0.286116791481175 -0.931891738786699
1463226115.72636 0.642507649430948  2.95402164760586  -6.4302906762219 -0.187823298545245 0.159978269191454 0.28292771830068 -0.926866370156595
1463226115.82139 0.631168150063491   2.9333513820467 -6.37213578955203 -0.204255731270223 0.168888401540611 0.283856123098385 -0.921510719117189
1463226115.91615 0.624107745632159  2.90641647146217 -6.31528502015527 -0.210570112055345 0.177143623515019 0.285448418798567 -0.918041156355403
1463226116.01201 0.620357430635667  2.87067656867191 -6.26357837180212 -0.223178507054606 0.18409597290841 0.270909849264018 -0.918100147216811
1463226116.10576 0.618467580472698  2.83696338256736 -6.21599325373885 -0.224391175620523 0.193753713537381 0.269675135810755 -0.916178705231444
1463226116.20062 0.616098031074581  2.80723653015142 -6.16686447918639 -0.23019201960187 0.203145949882028 0.245457544776272 -0.919507450144122
1463226116.29542  0.60942008175968  2.78674590508833 -6.11214565457339 -0.242055935738934 0.214774461085303 0.246340703881459 -0.91356286726763
1463226116.3903 0.604790457756533  2.77055381142855 -6.05486963106673 -0.256047715373815 0.220758131740164 0.242224376961597 -0.909413418599049
1463226116.48891 0.600379986947972  2.75135900028293 -5.99946437131136 -0.262621425519893 0.23987884331008 0.253270559533355 -0.899634454133332
1463226116.57997 0.599822013338738  2.72245318139169 -5.95140213483346 -0.269694925323287 0.264254896863059 0.230083504635109 -0.896936774602082
1463226116.67684 0.599951583612688  2.69424750230197 -5.90809612323672 -0.273392983405811 0.281191970312067 0.252528927938968 -0.884543098447149
1463226116.7698 0.598379365588448  2.66862125694155 -5.86610227368149 -0.274461556307941 0.301478316454435 0.254873111478609 -0.876824598116428
1463226116.86467   0.5933219323217  2.65176581896705 -5.82098083506682 -0.281014614251154 0.318942157582703 0.261891335874638 -0.866440774021839
1463226116.95934 0.584806620614827  2.63924157090164 -5.77075228013725 -0.298735000163883 0.336213482107802 0.2711165892136 -0.851007455419291
1463226117.05412 0.578727272145248  2.62348053675374 -5.71620854208176 -0.312462494772514 0.345154510488727 0.275520666744253 -0.841025514147238
1463226117.14956 0.574837536881608  2.60226760050307 -5.65992713665913 -0.319908505077989 0.354715575663419 0.283490012707248 -0.83154604289587
1463226117.24677 0.576724115469451  2.57307702115905  -5.6092269106415 -0.325457828560832 0.376247907809201 0.254593849037411 -0.829274795064931
1463226117.33941 0.583289300894749  2.55152061232984 -5.56135620081678 -0.309350113106576 0.387232048689283 0.265995522781298 -0.826801203342831
1463226117.43357 0.589976119784468  2.53359249877866 -5.50951929798878 -0.307490604826582 0.397063735936511 0.263086805134831 -0.823756790874267
1463226117.52836 0.597222967262681  2.52094652246962 -5.45414002074991 -0.315395707212729 0.403717198531064 0.273074265420923 -0.814228725265103
1463226117.6233 0.608335506098847  2.50598177317818 -5.39636701971837 -0.333252657875582 0.404180532589349 0.265268289454732 -0.809452591387791
1463226117.71805 0.624193221721619  2.48740064788021 -5.34063449181699 -0.344191368259543 0.409797444222838 0.265518153190842 -0.801934203691412
1463226117.8129 0.644179116710231  2.46396642377089 -5.28766735768294 -0.341324397498538 0.41528825116821 0.266550863153178 -0.799989975853576
1463226117.9077 0.663313102570783  2.43936903880467 -5.23838832425093 -0.340752856312257 0.417993343998453 0.276705164810799 -0.795363631966573
1463226118.00487 0.680245024482149  2.41751321876416 -5.19006143723321 -0.339818184994722 0.425625935769527 0.265824358366619 -0.795426661890449
1463226118.09745 0.693865056564831   2.4037865530585 -5.13781774909434 -0.338244261373343 0.435320416255017 0.25210220468704 -0.795318447687148
1463226118.19235 0.706472260644754  2.39516014186089 -5.07725203135041 -0.334392498674252 0.432156319911659 0.254908886873656 -0.797774423871583
1463226118.2872 0.720764937073362  2.38409829012631 -5.01074161677601 -0.337825259391726 0.418622032123016 0.261485076586813 -0.801408287366994
1463226118.3848 0.739076610993323   2.3670718840918 -4.94189954199325 -0.334041888987737 0.401315004506631 0.280243157449869 -0.805497396806393
1463226118.47664 0.764513835746435  2.34222532036071 -4.88052664285811 -0.330802097594221 0.389516174793487 0.260570472836387 -0.819115468348227
1463226118.5715 0.792819837475822  2.31949542809915 -4.82103473106193 -0.315259533931136 0.375860151627413 0.25549199123995 -0.833105284520742
1463226118.66642 0.820179387557053  2.30207413966947 -4.76086132629785 -0.304935847267535 0.365614741846268 0.243778712932911 -0.84493309126622
1463226118.76193 0.847988461613528  2.29145853261848 -4.69801313842088 -0.304733271258055 0.357861513506352 0.237542972327151 -0.8500859408538
1463226118.85833 0.877854357996589  2.28636312891946 -4.63051455256841 -0.307836746270229 0.340938457137319 0.244443734414345 -0.853958293358729
1463226118.95379 0.913531502900599  2.27737992669619 -4.56538216817692 -0.319337848896697 0.329728328787049 0.242449076823232 -0.854705219713143
1463226119.04576 0.951915746050498  2.26285358848854 -4.50356593635555 -0.322829181771958 0.321936967203963 0.230868904259962 -0.859556547057707
1463226119.14066 0.992604585038504  2.25086297157992 -4.44412622283512 -0.295820326282378 0.307899746644617 0.241918702655742 -0.871299846137787
1463226119.23543  1.03081809777999  2.23938561995237 -4.38796019553868 -0.282693036744805 0.306519906988265 0.235064046239522 -0.877994924678617
1463226119.33225 1.06753092721218  2.2355659219184 -4.3276356988808 -0.270526340383868 0.296762758592247 0.230375102808545 -0.88638291741052
1463226119.42511  1.10277005978235   2.2366417338058 -4.26315287082706 -0.267765146098334 0.283440324069114 0.233163683211408 -0.890841235045742
1463226119.51988  1.14184284691384  2.23423045018492 -4.19696728026455 -0.273119633807163 0.264454085934812 0.237690273682882 -0.893852916232856
1463226119.61477  1.18520213210976  2.22501503126233 -4.13694090391713 -0.259599286772474 0.248121298625002 0.251133918426504 -0.898874733481599
1463226119.70963  1.2320296538069 2.20827945627896 -4.0843454504293 -0.256468155951822 0.238025741229266 0.233729076578123 -0.90715960572375
1463226119.80747  1.27824151774089   2.1934874935703 -4.03252693706692 -0.243601312302746 0.226638936566504 0.225406663499452 -0.915688281636513
1463226119.89942  1.32150857864567  2.18598986299011 -3.97586367425404 -0.239420129651079 0.214528774613764 0.220595358910785 -0.920865404935813
1463226120.04509  1.38452720863194  2.18222246458316 -3.88720856550266 -0.252149097783811 0.204711635695319 0.215077072663911 -0.921008051817181
1463226120.14124  1.42937597401406  2.17876252796154 -3.83157273583226 -0.237876058863221 0.203084493865582 0.230992694328069 -0.92131104635629
1463226120.28223  1.49484896452278  2.15950369228168 -3.75415683086836 -0.226317987245653 0.194831289449177 0.239194765278988 -0.923908437868048
1463226120.421  1.55148415118853  2.14046873062356 -3.67787680991729 -0.215163881638134 0.198772619734295 0.229427845931843 -0.928200847442756
1463226120.56318  1.59625216713367  2.13474820677077 -3.59162338135204 -0.199509887218046 0.192399500528406 0.235222304590175 -0.931583976097673
1463226120.7055  1.63431193783077   2.1208067460872 -3.50185676033846 -0.208529800523417 0.179941739999167 0.255257287752086 -0.926811744395368
1463226120.8477 1.66940289458409 2.08964946212011 -3.4192635959999 -0.215594508446608 0.184781883534565 0.245279073638983 -0.926937343880311
1463226120.99001  1.70051213093893  2.06128210005535 -3.34092649209196 -0.197395005105331 0.189689743509721 0.23880799596579 -0.931677924086154
1463226121.13409  1.72316087962931  2.04088658251565 -3.25435828565092 -0.204658719745195 0.197255573466337 0.237598639826189 -0.928844407595518
1463226121.27458  1.74486630267637   2.0159058408882 -3.16310356897567 -0.220775884723214 0.193286395947577 0.242507727739653 -0.924709889561493
1463226121.41677   1.7613932414917  1.97442810805965 -3.08374194441213 -0.232699451978438 0.21251504232365 0.242749488380569 -0.917475344478577
1463226121.55886  1.76697317426818  1.93422246587063 -3.01143429677024 -0.240510920134575 0.246270820885591 0.228954749377651 -0.910540994581669
1463226121.70359  1.76150586732802  1.90986856463502 -2.92661211436841 -0.245433129488191 0.261503052185134 0.229457169684825 -0.904835974045971
1463226121.79605  1.75404333893402  1.89522504181258 -2.86324823639189 -0.243018243536949 0.257537830400101 0.260185424024719 -0.898287228199367
1463226121.94017  1.74366081677429  1.85345985081868 -2.77340602802213 -0.242011168366696 0.252085934474589 0.26974795761793 -0.897284411648177
1463226122.03332   1.7390525131571  1.81661986780153 -2.72110408310712 -0.252473583324628 0.25272724860685 0.253429946280332 -0.898976801626817
1463226122.17745 1.73280287422406 1.76931119586661 -2.6477916476787 -0.250128041948516 0.256889496080318 0.23498440947309 -0.903452310163179
1463226122.3177  1.71875633029206  1.73784792416757 -2.56840989471278 -0.257079534734114 0.257220896504477 0.239575864054291 -0.900194939213148
1463226122.45996  1.70050836842306  1.70794603790594 -2.47923897502456 -0.267464374257375 0.260600818052889 0.257478127571551 -0.891209872002955
1463226122.60229 1.68566883110954 1.66410666779446 -2.3982428862809 -0.269283006741979 0.271057830640599 0.254520679825088 -0.888388168690797
1463226122.74462  1.66915949888968   1.6205172434397 -2.33387924251674 -0.255879049256428 0.289366892143703 0.263481610365983 -0.883951443735271
1463226122.88949   1.6423743264835  1.58756526796998 -2.26760738859209 -0.252549004291981 0.311021591370675 0.260079200663164 -0.878546173809203
1463226123.03138  1.60794945282595  1.55902448567398 -2.19198332826944 -0.262042145835758 0.311171949616139 0.265975570168782 -0.873935310907663
1463226123.12376  1.58355487924113  1.53107601209962 -2.13930441935971 -0.277838202813234 0.297244443602561 0.276573751376268 -0.870608197672509
1463226123.21857  1.56137381268198  1.49416680736447 -2.08863532370319 -0.280342153997911 0.290259969207899 0.271601602141734 -0.873721921827125
1463226123.3166  1.53962976953202  1.45891378768212 -2.04401919448811 -0.279782112349192 0.286876078292291 0.276797023835648 -0.873388512008709
1463226123.45926  1.50143255530212   1.4160213572954 -1.98080434680337 -0.273890129866826 0.296809077832544 0.281893848085173 -0.870301342346122
1463226123.6002  1.45422875137776  1.38097442817959 -1.90997807938978 -0.287621471163471 0.296324755266826 0.285431668204635 -0.864866632220099
1463226123.69291  1.42156390309201   1.3511157542952 -1.86210539024508 -0.29806656676832 0.293928950515967 0.276234247860469 -0.865133939995704
1463226123.7879  1.38850096018211   1.3124549792253 -1.81729481521159 -0.309868061663647 0.300849828215872 0.268556010784814 -0.861016163782447
1463226123.88328  1.35604482715188  1.27131851813974 -1.77626878463349 -0.32019147714289 0.303570422416452 0.259857846973385 -0.858950706365219
1463226123.97869  1.32084371984352   1.2361267065083 -1.73947659281934 -0.323222252208288 0.323980781571496 0.258091353533636 -0.850854089771507
1463226124.11988  1.26426644115983   1.1956032869253 -1.67645028070776 -0.3219179641067 0.329562715830855 0.261196245826382 -0.848253359489836
1463226124.21447  1.21943883008124  1.17215190949702 -1.63076014249841 -0.331549608557858 0.323531176565215 0.27227027506049 -0.843369036765012
1463226124.31235    1.173858453422  1.14262182053556 -1.58408104100554 -0.342973808164002 0.308797370731936 0.28161243905272 -0.841253579435656
1463226124.40425  1.13231148649968  1.10443318038928 -1.53788918002238 -0.340512249344685 0.293543812799706 0.274244727268146 -0.850101915995285
1463226124.49911  1.09240291372224  1.06748025358778 -1.49974710645608 -0.337766548694256 0.303920338103172 0.270178369763301 -0.848852069080632
1463226124.64206 1.03481716311432 1.02002523316189 -1.4409777263763 -0.320701203392139 0.314413382921129 0.262563883673692 -0.85402293281452
1463226124.7847 0.970665644868934 0.980112718401053 -1.37181548051937 -0.331140470875604 0.313828310796704 0.25067791746838 -0.853825720849687
1463226124.92581 0.909310379030737 0.930651653437142 -1.30224135381739 -0.329260875971738 0.31635215178254 0.248544153550591 -0.854244927027782
1463226125.02259 0.870844145663455 0.889330292984602 -1.26123907776981 -0.333253115136886 0.321179330140283 0.237130444047237 -0.854140124129619
1463226125.11543  0.83219028692342 0.852288497323973 -1.22348511023484 -0.318750279275401 0.327841650339439 0.237190626110079 -0.857122347538597
1463226125.25759  0.76927553860717 0.807107454886681 -1.16272221749138 -0.304417464694207 0.335127471013184 0.229638500970925 -0.86156006420521
1463226125.39988 0.701066452184104 0.766652311010523 -1.09765751514139 -0.300231046317384 0.326852422458139 0.236178556787881 -0.864435366047693
1463226125.49481 0.656871822435476 0.733564060845295 -1.05464012696639 -0.305185386872995 0.309649072659653 0.24271051693673 -0.867220235239298
1463226125.58973  0.61577344413283 0.694824751123602 -1.01339655776081 -0.304418901203341 0.29589563657349 0.235147388548471 -0.874345818601401
1463226125.68475  0.575896415618407  0.658724279511076 -0.976750451468907 -0.296258464493662 0.297033052147332 0.234755117345541 -0.876865054057908
1463226125.77935  0.537907106866029  0.626547946814988 -0.938466927953893 -0.284967070652455 0.298383627835027 0.235876475665547 -0.87984275158199
1463226125.9216  0.477158980397544  0.588127437718672 -0.873746033163425 -0.281819882760849 0.296614568501369 0.223117903494829 -0.884768756553643
1463226126.01723  0.435905070477999  0.561173411277415 -0.826792943813526 -0.28467364617379 0.28869082117743 0.22101253466134 -0.887001682334702
1463226126.11152  0.397305674360649   0.52919182423731 -0.783979173820192 -0.278594325030681 0.292294397148549 0.219141560247396 -0.88821515638307
1463226126.20604  0.362753603260985  0.493096634379655 -0.746511232616638 -0.27202385784253 0.297725178811616 0.206429034770332 -0.891487404437016
1463226126.30118  0.328715036060415  0.460542775183484 -0.710582235686405 -0.258590318251901 0.3019122747941 0.207871528541787 -0.89373902972665
1463226126.39595  0.293752683091501  0.431998324117634 -0.672646667513468 -0.242169069369518 0.305490616997954 0.199892830006 -0.898928518447993
1463226126.49056 0.257749273420096 0.405794052260735 -0.63370185740175 -0.240498172756116 0.295491812130216 0.195322339649665 -0.903711459205178
1463226126.58545  0.221096706551334  0.377545289448808 -0.594023230451758 -0.246323378536478 0.280329954559486 0.194569256644004 -0.907128829953084
1463226126.68038  0.186907708233039  0.346176029675289 -0.555409596373125 -0.245736250874526 0.263206752066393 0.194748874474772 -0.912364388039999
1463226126.77823  0.156477888262073  0.313145128403834 -0.521588952296863 -0.239578923236639 0.252684990939192 0.185288439748417 -0.918923516398634
1463226126.87002  0.129854533576192  0.283473650141645 -0.489931717880462 -0.230855522940117 0.243936838024673 0.181986631163195 -0.924165251814004
1463226127.01219 0.0937093269174089  0.248330124152017 -0.438999983844773 -0.212795984729718 0.236049318079141 0.174900927125321 -0.931884249254158
1463226127.15615  0.057032511885696  0.221168499322106 -0.381382500796877 -0.206826733102768 0.222439883799052 0.166803167248482 -0.938040459663322
1463226127.25021 0.0344539245477584   0.19967111693596 -0.341788847675724 -0.206685639698872 0.211730897922896 0.157438192825734 -0.942159375396116
1463226127.39406 0.00692020984341834   0.156089969644778  -0.284637210441828 -0.207797053624314 0.19887050471202 0.143988716894242 -0.946856988286927
1463226127.48636 -0.0078806080893295    0.12835919935997  -0.252059835049084 -0.207792063827705 0.18070229191648 0.143412860052602 -0.950579765973318
1463226127.63088 -0.0330978614507988    0.09473542333445  -0.209374015138929 -0.199755656480161 0.179021580958274 0.121221518193206 -0.955695712443199
1463226127.77089 -0.0624174008232106  0.0710317954397029  -0.167045795194412 -0.172944774580603 0.171950195143399 0.114515555194733 -0.963020987805486
1463226127.91395 -0.0945004688276626  0.0467213691137881  -0.122291772909233 -0.144234775737665 0.160737727618272 0.110374879633967 -0.97014282367794
1463226128.00797  -0.114721629083519   0.027259292021966 -0.0912941515573799 -0.137284159543061 0.135105025259458 0.119334731204812 -0.973991228716395
1463226128.1037  -0.135420532981102 0.00798407655225225 -0.0619567818068878 -0.110307382200208 0.11866054740004 0.124430512170766 -0.97891215313928
1463226128.4349 -0.197106956460642 -0.032599068572265 0.0103598830421295 -0.0736576733676616 0.117018527780394 0.056122953477554 -0.988803026594847
1463226128.62445  -0.223428200080492 -0.0291432856020373  0.0399648871485497 -0.0498982204124872 0.132323399896398 0.063602221685118 -0.98790457172555
1463226128.86163  -0.246808007145938 -0.0230250226880674  0.0670933347598909 -0.0269579259849266 0.167090571689339 0.0788770103508115 -0.982411537145834
1463226129.19598  -0.257323118826727 -0.0195891490019173  0.0970390608854059 -0.0160838655381036 0.200532692389145 0.0789749478695824 -0.976366174220261
1463226129.62023  -0.231780139745047 -0.0152486378318612    0.11724922826541 -0.0242617381203332 0.21456511778334 0.0650223607434156 -0.974240869034632
1463226129.8099   -0.206230089235657 -0.00491897647425465    0.111758387602625 -0.0368040423716886 0.21830860693936 0.0672561461074324 -0.972863518388923
1463226129.95216  -0.179621382464902 0.00902142354901794    0.10004729016234 -0.0440043460711477 0.223538236257022 0.0738519714459672 -0.970896575733736
1463226130.0946 -0.147174321833519 0.0226701585501409 0.0872245786871713 -0.046286161967832 0.221717770900984 0.0808178516913225 -0.970653025609556
1463226130.23806 -0.111799537375337 0.0305073038415926 0.0742911012613588 -0.0491866641715238 0.216358320098746 0.0979550275760572 -0.970141516462573
1463226130.42644 -0.0637469272322355  0.0339882136590756  0.0604604705379065 -0.0532068348198714 0.202210918044078 0.117952578352458 -0.970755873848945
1463226130.5687 -0.0292425019024221  0.0338669923917719  0.0547050750415536 -0.0625855599181433 0.173860355603865 0.134080514690418 -0.973590283445445
1463226130.71357 0.00238677989965904   0.031351518287076    0.05378638808071 -0.0819000186806246 0.158729603897078 0.118847135344477 -0.976715239057527
1463226130.90053   0.04456380202677 0.0309108085241946 0.0537236044534915 -0.0959210868819153 0.13578422122858 0.129748668726261 -0.977510651256805
1463226131.13949 0.0843506910389992  0.034019820592234 0.0542540921408888 -0.106158789480318 0.128167305528035 0.124974287242988 -0.97810269437205
1463226131.42415  0.100981317313902  0.023022082055787 0.0552066820007403 -0.136549298866471 0.131702579609695 0.0874332593253737 -0.977938722347658
1463226131.70804 0.0883282411563811 0.0136509869174396 0.0806118532378917 -0.130741156632878 0.10939488175413 0.0271524211605845 -0.984988454670112
1463226131.84907  0.0725568609989476 0.00431758455832598   0.099915109319251 -0.107951753456567 0.0816295748949485 -0.0295170610963388 -0.990359416844389
1463226131.99207  0.0503072665321708 -0.0101225215669679   0.122252567004535 -0.0766938923455037 0.0620724074377768 -0.064927763273637 -0.993000225915411
1463226132.08603  0.0396330110456195 -0.0235479989610288   0.135310638723622 -0.0490465093515376 0.0379653989458889 -0.0859304930302171 -0.994368653352917
1463226132.22823  0.0266956718137852 -0.0422453355596807   0.155591139768782 0.00191879854310412 0.0220148910714638 -0.0994186259806998 -0.994800281258189
1463226132.37269  0.0187598708092108 -0.0618511306557619   0.177824531096005 0.0487546993700754 0.00996772653794317 -0.0900450213620527 -0.99469368040865
1463226132.51365  0.0159219904652764 -0.0851894611465633   0.203216877680309 0.0709213719716753 -0.000857639724738916 -0.109012495873914 -0.991506782223449
1463226132.65634 0.0167978765152342 -0.110530739943546  0.232338998536569 0.0955234536951804 -0.0161510292024792 -0.12172714193741 -0.98782433507461
1463226132.79742 0.0200280117805134 -0.140576464737711  0.263721320798949 0.113024748039384 -0.0215035150712122 -0.124894813965738 -0.985476681923362
1463226132.89215 0.0244946235418048 -0.161042613046659  0.284029939460129 0.117229587662767 -0.0225867181868756 -0.141832276385278 -0.98266508501795
1463226132.98698  0.029604784364654 -0.181284932197904   0.30264858806739 0.122981907438316 -0.0298466871508479 -0.150124284274809 -0.980534203880685
1463226133.12976 0.0333373748334937 -0.206924308269357  0.324926225888554 0.142431149715491 -0.0340563263516575 -0.15011245853452 -0.977762641963209
1463226133.27158 0.0294067656486837 -0.229228380744062  0.341069219534074 0.163217148851186 -0.039194953281704 -0.155747258263669 -0.973430382462703
1463226133.4138 0.0139140251902527 -0.249984745077881  0.350812821246666 0.16094649929718 -0.0207784998680027 -0.15442825680723 -0.974585240913641
1463226133.5561 -0.012378043374638 -0.263872703577959  0.350364605672466 0.166417785805817 -0.00512580841733499 -0.146051990047571 -0.975165454094177
1463226133.8406 -0.082908443496739  -0.27776918317533  0.331411813419436 0.142220885230042 0.017711307050257 -0.133114674851489 -0.980683441660018
1463226133.93614 -0.107528211269448   -0.2739666240783   0.32016250717687 0.125533562789732 0.027694711530697 -0.138827652660995 -0.981937477858538
1463226134.03253 -0.131805202455839 -0.266025799849783  0.305909735337081 0.116263612365406 0.0404698509554553 -0.138365318877098 -0.982700362336063
1463226134.12519 -0.154013642947058 -0.254250267655988  0.289067820271098 0.093464178924772 0.0482044667625564 -0.13734606787959 -0.984924786103016
1463226134.21991 -0.175219824605786 -0.237856819972017   0.27035039971176 0.0786362322371568 0.0569401094933167 -0.143729349390282 -0.984843155550304
1463226134.31476 -0.195205161808272 -0.217817134262847  0.250816348076348 0.0709211333694262 0.0704885588850834 -0.143646485860748 -0.984564494082413
1463226134.4096 -0.211083495544896 -0.196339957525145  0.230732028773243 0.050335823038573 0.0826862798727528 -0.135756126365494 -0.986001804356397
1463226134.50468 -0.222377112076611 -0.170443229490829  0.209637864001202 0.0478131890297741 0.0993326631188103 -0.124300461141468 -0.986101575068485
1463226134.59931 -0.228128546037023 -0.143803184648869  0.187661048975851 0.0465371387770719 0.112824614541613 -0.108278194432951 -0.98660059480943
1463226134.69412 -0.228337747479461 -0.121265905618029  0.164886660650852 0.0204176902640917 0.12976869204094 -0.104419230594258 -0.985819369241834
1463226134.78918  -0.221472415552905 -0.0986281846918958    0.14103115542495 -0.00265767731888744 0.140469974565189 -0.103581222632985 -0.98464818758518
1463226134.88391  -0.209125408423114 -0.0730580735786507   0.116271258454077 -0.00563047267693617 0.145222719493146 -0.100770616938316 -0.984237746828641
1463226134.98526  -0.192865185200858 -0.0485687192680675  0.0901826673337853 -0.0102487603306099 0.147622657979508 -0.100843622765261 -0.983835899685679
1463226135.12088  -0.168639095011917 -0.0162977471266986  0.0536414028997141 -0.0209807695448538 0.152424253483431 -0.093493447888306 -0.983659305583636
1463226135.26314 -0.146985169626709 0.0113060035192936 0.0208721987060323 -0.0273816355504914 0.155426200018358 -0.0803159831212827 -0.984196263576374
1463226135.40533   -0.127595900571559   0.0382653406635073 -0.00734676256570821 -0.0298449540254058 0.161494686672006 -0.0727809885923832 -0.983733537394882
1463226135.59525 -0.101212350831307 0.0668511657534857 -0.038993484136397 -0.046552585644764 0.164314198279589 -0.0582425709330745 -0.983586042979784
1463226135.78531 -0.0685312716060806  0.0948617977161971 -0.0732359971790856 -0.0660908252273564 0.151066881408673 -0.0552386435396765 -0.984763673386728
1463226135.97446 -0.0389370305102242   0.129000053331615  -0.108809037506096 -0.0515662851314068 0.159405452323549 -0.0534834246225009 -0.984413705358637
1463226136.16925 -0.00880235475901645    0.158976234257103   -0.128759025157293 -0.0330116472660945 0.151794032306523 -0.0551717222588743 -0.986318855119324
1463226136.35387  0.023100589304027  0.175952590365322 -0.125086439865916 -0.00910975241008279 0.131627782162636 -0.0695111678721707 -0.988817140281771
1463226136.54353 0.0548301538067285  0.176616277235491 -0.100903429509475 0.00606696987605088 0.12052203842256 -0.0833004654398213 -0.989190913114604
1463226136.68566  0.0764339048327717   0.165447906477316 -0.0763906162817302 -0.00928122209152367 0.119904883812921 -0.092052784894548 -0.988464952614637
1463226136.87549  0.0944775845385682   0.145877900752249 -0.0477681125280777 -0.00407467744894834 0.128636161247893 -0.0905622187093703 -0.987539679995457
1463226137.06508  0.0997227024682026   0.117601423599825 -0.0183922581414062 0.00753957533056408 0.119702125506941 -0.0970049036966265 -0.98803066987405
1463226137.20814  0.0951219508185839  0.0876193777776844 0.00628701087516888 0.00491464577331647 0.114901126904097 -0.110984309315645 -0.987145409946691
1463226137.35046 0.0819671590921701 0.0551469823405607 0.0353074784056564 0.00551981619887572 0.113442949699124 -0.112909995773883 -0.987092478771384
1463226137.49201 0.0628125329751975 0.0251229737213556 0.0700835604245589 0.0026484178582993 0.126948757559662 -0.106726883816686 -0.986147236018885
1463226137.7291  0.0353768889635479 -0.0261904404551903   0.127377815083697 -0.0137082490917511 0.125083343649965 -0.088940143808991 -0.988056623816378
1463226137.87132  0.0207949959843145 -0.0475140269041551    0.15807330895163 0.010932480491952 0.131865545297688 -0.078504373725714 -0.988093630249467
1463226138.01349 0.00889419309188492 -0.0674630266815303   0.189314826886675 0.029005639411712 0.140265686605516 -0.0814156303347081 -0.986334479363164
1463226138.15682 0.000993487888325478  -0.0884599597430986     0.22277836256541 0.0355703637811679 0.141445394181403 -0.0829325844981696 -0.985824597032249
1463226138.29799 -0.00357820976506525   -0.114413129497385     0.25400525192655 0.0524342891109582 0.143288685156752 -0.0603777703754347 -0.986444890947269
1463226138.44029 -0.00557046877686414   -0.143953579446555    0.278802282309232 0.0431177389582755 0.140678945455736 -0.063517907353151 -0.987074348941388
1463226138.62993 -0.0176855980214319  -0.167386383398827   0.295000381601229 0.0298439570458691 0.157354894169821 -0.0646080891220379 -0.984974400849407
1463226138.81961 -0.0379911029156118  -0.174921214837447   0.285487110539718 0.00741216904367941 0.179925353179102 -0.0625665896441165 -0.981660505925418
1463226138.96189 -0.0525365942929434   -0.16759242465633   0.261566358136785 -0.00878916613467911 0.187972278578552 -0.0645102327344098 -0.980014083019829
1463226139.10429 -0.0645890189152168  -0.148337508050419   0.225664310666361 -0.0152998319254806 0.198025360752248 -0.0687662280305804 -0.977662046683024
1463226139.24632 -0.0741007319884549  -0.122013117534343   0.180658642383677 -0.0186507557073735 0.207647091352036 -0.0649480257896359 -0.975867095823305
1463226139.38899 -0.0777446020515634 -0.0908784576651719   0.132826821724651 -0.0167713461027393 0.21012240191828 -0.0591127856406574 -0.975742269626461
1463226139.53113 -0.0772921365017236 -0.0578039188002654  0.0877298690631503 -0.0093233699482596 0.209979020664273 -0.067106973714827 -0.975355596555696
1463226139.67319 -0.0773810838175035 -0.0278004989967269  0.0457549706937411 -0.00970598954736412 0.215959901874471 -0.0681866368979911 -0.973970069918895
1463226139.81542  -0.0759581570501083 8.16042036928233e-05   0.0073110819757748 -0.0264431062977201 0.224039029166566 -0.0536465134366438 -0.972743196910429
1463226139.95974 -0.0709515332268708  0.0297936486386011  -0.026890184108363 -0.0320488261516898 0.233459398213096 -0.0327114104249426 -0.971287571091224
1463226140.09982 -0.0600160923602168  0.0578856572068296 -0.0608713051509657 -0.0329171318862725 0.234476040378984 -0.0137347933884373 -0.97146734601177
1463226140.28963 -0.0374932785726636  0.0919560791343968  -0.107323794121255 -0.0345649723735711 0.231483221686095 -0.0200767758791112 -0.972017337208005
1463226140.6712 0.0104351347118628  0.156051071361885 -0.205373987420921 -0.0193758665329729 0.220999731069055 -0.0334625843672396 -0.974507029277351
1463226140.90877 0.0263931681980705  0.186347564221677 -0.251362493790652 -0.0171570381842087 0.214337472512883 -0.0356395870181969 -0.975958453908109
1463226141.14489 0.0374488034494109  0.218683047299209 -0.281616181639882 -0.0143362560917114 0.194367839452758 -0.0398303423723544 -0.980014876710676
1463226141.33289 0.0482556850385733  0.243936882103381 -0.304445508728605 -0.00726829683113099 0.170774196945207 -0.0530064234251346 -0.983856526427797
1463226141.61727 0.0704946296626527  0.264139507184676 -0.324997710228065 -0.0274696533725159 0.15067005032407 -0.0660412880270965 -0.985993155328504
