1464104820.29265  -0.0019356876806716 0.000171144407726065  0.00165117398850937 0.000503975134069958 3.2716453796601e-06 -0.000301091711680487 0.999999827671056
1464104820.5593  0.0293607654613346 -0.0924337747830265  0.0224905910077592 0.0734008140755358 -0.0169787397104143 0.00441021187557875 0.997148230165459
1464104820.69273 0.0570729262584398 -0.131406308951758 0.0259984846757128 0.105227080839748 -0.00747812462593897 0.0196283565100577 0.994226365940241
1464104820.79269 0.0831427223039552 -0.158521331256672 0.0241073699985953 0.139103704145619 -0.00129249338337098 0.0352867746960128 0.989648085172388
1464104820.9593  0.137826477019104 -0.186334304777732  0.018887399476095 0.157139914385804 -0.00354405028703338 0.0561670040335493 0.985971477616001
1464104821.12585  0.200449956473553 -0.189751994453914  0.018160501314172 0.171203432572992 0.00830429975361668 0.0690137332469302 0.982780508508461
1464104821.29261  0.259128840436585 -0.166874101603017 0.0233616755832961 0.151569862376865 0.0155846470825089 0.073891079392455 0.985557610685743
1464104821.49527  0.320479425056604 -0.127624852305918 0.0241595333248754 0.131297264104619 0.0205971524222542 0.0574058505132634 0.989465185884569
1464104821.66131   0.364486710487865 -0.0918471125847025   0.020110735017648 0.103909695167503 0.0392086116774798 0.0628948983370824 0.991821401152289
1464104821.85905  0.398188013241355  -0.04719112490833 0.0212118240483888 0.0846403124237156 0.0585258332406903 0.0566394205948724 0.993077398993138
1464104822.02566    0.408581918291298 -0.00751517686933312   0.0259066202387041 0.0475466384766627 0.0705913898420981 0.0428374115249531 0.995450214236539
1464104822.32753  0.407933459030623 0.0375369717946529 0.0203791451266223 0.0207349324404353 0.0722272764423365 0.00645377305613901 0.997151759727552
1464104822.79238    0.37334621751491  0.0695693994385562 0.00974673398644149 0.0111249428913352 0.0814938435672026 -0.0263535860050856 0.996263257182047
1464104823.05898   0.324606933620208  0.0953634484580174 0.00834380558736643 -0.00321616444191569 0.0998732984463889 -0.0299943683218758 0.994542768518626
1464104823.25892   0.267804898592733   0.121602689435107 0.00456576249655417 -0.0133497202858101 0.0987877109737133 -0.0192933018113582 0.994831916272332
1464104823.45884     0.203659209543694     0.140939188433764 -0.000405279036985619 -0.0219115055683484 0.0896617064746879 -0.0230655288861732 0.995464035358875
1464104823.66079     0.14213505521651     0.14093787987171 -0.00857851842917448 -0.0162955421926625 0.0712507934452789 -0.0215422759378584 0.997092628638625
1464104823.82556  0.0947707392623053   0.124948890405094 -0.0185908692978419 -0.00510320117851682 0.0405284985761368 -0.029810396338236 0.998720550710284
1464104823.99408  0.0558758645661219  0.0955649093697641 -0.0302544422738916 0.00803607812583029 0.011983794968789 -0.0285011054665366 0.999489618302105
1464104824.16273 0.0355719017109468 0.0500024720436031 -0.043685760846926 0.0379958995247405 -0.0142857665605953 -0.0200898495647677 0.998973786661866
1464104824.2922  0.0284881304534895 0.00236916706955807 -0.0540186543546803 0.0722114083892356 -0.0386262102049413 -0.0144620604380251 0.996536189604539
1464104824.42556  0.0323311293046175 -0.0460177926374292 -0.0657403608013877 0.106846450757696 -0.0442942750048433 -0.00400724500955711 0.993280320528758
1464104824.59225  0.0490478850144907 -0.0955195008524319 -0.0790784029679346 0.127629713870495 -0.045331977920885 0.00748674613613128 0.99075709260515
1464104824.79227  0.0923513471941722  -0.130274795096868 -0.0855770229193483 0.137171449698566 -0.0280110754407991 0.0385954266366324 0.989398689145574
1464104824.99465   0.149749671464762  -0.140264955673046 -0.0765106760051316 0.127907976915928 -0.00246715222781148 0.0624567744016822 0.989814434089793
1464104825.22551   0.221455136408232  -0.134219983429092 -0.0522330643817276 0.118289290448036 0.0278257756811425 0.0717395813733031 0.989993334541918
1464104825.45911  0.288829763290319 -0.111185339233338 -0.024756325563617 0.107553721168252 0.0541518147467127 0.0817988646065715 0.98934762534287
1464104825.66075    0.337014312835496  -0.0776735512097526 -0.00312273483189283 0.10161710174851 0.0845218597606445 0.0853342870995911 0.987546494753558
1464104825.89202   0.376174260462621 -0.0281672492939818  0.0190783898527425 0.0940887720087989 0.102418719689588 0.0815316426576621 0.986919601631544
1464104826.09205  0.387519543495463 0.0202751544996263 0.0338093058010335 0.0603067890505238 0.105818630535394 0.0619520362883653 0.990619732200886
1464104826.29198  0.382535866207276 0.0650817513494554 0.0439919584800056 0.0276734561535508 0.0971249468133795 0.0395348438577538 0.994101564555734
1464104826.45862   0.36842036595339 0.0998884388724493 0.0489153146604727 -0.00490195520366132 0.0790769532262591 0.0222520151412253 0.996608074483539
1464104826.62562  0.344718646952234   0.12736381533479 0.0500522975955494 -0.0262871918064413 0.0528658506614605 0.000354214175459753 0.998255508330953
1464104826.82749   0.30496425498887  0.142191176371899 0.0439398989703286 -0.0370088337045455 0.0260183074229891 -0.0233472815489586 0.998703308471012
1464104827.02518  0.247405540619643  0.138313967019529 0.0350943965899986 -0.0214726557302887 0.0185349009399145 -0.0310363450520571 0.999115672877193
1464104827.19171  0.193803416173574  0.127181636816504 0.0311661705542417 -0.00713146978610513 0.0164727302703195 -0.0411604685152804 0.998991294820798
1464104827.35936  0.140617696891472  0.108274873521411 0.0286405514904029 0.00616071547456476 0.0259689901391796 -0.0224371678219504 0.999391930443769
1464104827.55987 0.0840420457631708 0.0841569027245899 0.0136884747833912 0.0224282312913409 0.0407941736570014 0.0122674963511698 0.998840486949772
1464104827.85874  0.0254268653261213  0.0814141742399534 -0.0421588808400565 0.0439196958300252 0.0454978992119488 0.016190015229862 0.997867167959922
1464104828.16132 -0.0131333940471437   0.106173444122047  -0.116004662629853 0.0501320359049506 0.0477697431444559 0.0102922959120104 0.997546439651206
1464104828.4586  -0.03961422844992  0.126884362624087 -0.187680532884168 0.0287540836047082 0.0621088589288863 0.0252145289660054 0.997336412574828
1464104829.05841 -0.0185603290669581   0.101643228260841 -0.0999666973211125 0.0217321010962055 0.0914344382682207 0.0174223442417202 0.995421479174346
1464104829.3282 0.0150341222073626 0.0712085529566833 -0.019151280125462 0.0207159694648308 0.109598583164691 0.0336758859748006 0.993189273945927
1464104829.5595 0.0548488312900812 0.0474340274767546 0.0564717617531334 0.0223978541003133 0.121921482219219 0.0347769272628073 0.99167739393178
1464104829.75844  0.091781029082288 0.0234332111774674    0.1285308966147 0.0219020029058768 0.114443122391908 0.0230436787191772 0.992920975142025
1464104829.92486   0.120802344578457 0.00384100286195767   0.184032044883963 0.0131045342933776 0.106400546889406 0.0222848880390186 0.99398721247694
1464104830.09175   0.143709785303051 -0.0173619150148164   0.233305395854564 0.00869546138751192 0.0969406864482623 0.0248333313263611 0.994942308838775
1464104830.25829  0.161530663400278 -0.036482834120553  0.277627019694767 0.00624219557656834 0.0893612390368696 0.0255691264395069 0.995651456949318
1464104830.42537   0.177735292245368 -0.0542798994903136   0.317392881056484 0.00747270403240455 0.0843266659012219 0.014242160888306 0.99630835235165
1464104830.62484   0.197385514325349 -0.0723763065084237   0.358649428862743 0.0137911077505803 0.0730907399976829 -0.000232541117899682 0.997229910802033
1464104830.8915   0.222578681245011 -0.0756407456867042   0.385816471993293 0.000550838658584788 0.0558326824323197 0.00264618524064346 0.998436480630018
1464104831.12473    0.25248056009897 -0.0711122215511549    0.38491568249046 0.00690728205375842 0.0320470874713085 -0.00602298332441318 0.999444344278915
1464104831.29146  0.285302576463598 -0.060414956973558  0.368817613993277 0.0153463276933106 0.0136006182916824 -0.018425572567405 0.999619933616761
1464104831.42982  0.315354651509332 -0.048403951662211   0.34449671764279 0.0206967401310753 -0.00095018034327802 -0.0266100883313816 0.999431160863147
1464104831.55808    0.34307429735719 -0.0371369123827855   0.311051714807584 0.0234567019856772 -0.0170994932553579 -0.0320352444532445 0.999065129796444
1464104831.72472   0.371320366624711 -0.0244292814540949   0.265533743942365 0.0292219502351678 -0.0281014305650298 -0.025784613101933 0.998845103583051
1464104831.92464    0.396105044311555 -0.00553565164078172    0.215061113740025 0.0335924946205544 -0.0126524374118208 -0.0108177648644997 0.999296970923081
1464104832.1246  0.405618717133676 0.0143219939947114  0.161777901903201 0.0398625619227784 0.0160299294350879 0.00557297208240857 0.999061038926765
1464104832.29221  0.402957058845875 0.0372439838567738  0.110991840188831 0.038385178161556 0.0320551341452701 0.0184636396873472 0.998578059283264
1464104832.46093  0.390659940042507 0.0643168283772607 0.0564056448333666 0.0230189701061143 0.0499199289857129 0.0227686035451272 0.998228289720302
1464104832.65963     0.36857817184194   0.0967145970983864 -0.00527054648980459 0.00466738447274036 0.0433565542239806 0.0193091819636071 0.998862142750391
1464104832.89125   0.349397163635053   0.126171740073057 -0.0679663341330417 0.00297748894459587 0.0190902319805973 -0.00262482943053261 0.999809885864794
1464104833.19122 0.332791201053402 0.152677057923966  -0.1386203700317 0.000145670627448105 -0.0127814982311047 -0.0254893663696251 0.999593369468361
1464104833.66083  0.282343175416866   0.12598629891248 -0.147465502902244 0.0351721243119407 -0.0156247597045293 -0.0223770875048194 0.999008535754506
1464104833.89118  0.231294303360363  0.109104919224586 -0.120180913636145 0.0464545938076304 -0.00704906683536145 -0.016345802035495 0.998761781470805
1464104834.09163  0.176551120063623 0.0987577768062172 -0.101867397439028 0.0428380666848737 -0.0219293867265649 -0.0230769498519969 0.998574712490772
1464104834.25797   0.122171444945314  0.0902861326859023 -0.0769702146031145 0.0465607869075009 -0.0445833764922591 -0.0428638776820558 0.996999048973048
1464104834.39104  0.0749949726068437  0.0779007468135601 -0.0497544747598844 0.050226310568776 -0.0638705696672286 -0.0529322357561469 0.99528691666016
1464104834.52435  0.0263959977567539  0.0619758697274892 -0.0154508537569485 0.0494597967264009 -0.0826271710529171 -0.0540327929747855 0.993884770179581
1464104834.62437 -0.0146731649573804  0.0462229143822507  0.0120653949712432 0.0509004844038839 -0.0957743241999788 -0.054006732494076 0.992632707680339
1464104834.75767 -0.0695856708409548  0.0261757261643438  0.0457589910294764 0.0500854024381625 -0.120532658711218 -0.0627540884970046 0.989457050620957
1464104834.89179  -0.122333219258459 0.00866415238813469  0.0734856056592786 0.0434590715986563 -0.142558849091997 -0.0771582931970401 0.985816859985803
1464104834.99291   -0.164201610259283 -0.00206516602842637    0.093955996343388 0.0451881155753613 -0.161246573493336 -0.0909800548671752 0.981672148104331
1464104835.09101  -0.206351597524839 -0.0082222390568598   0.119025998195943 0.046789033315916 -0.171530762597997 -0.0995619304514176 0.979017571777289
1464104835.19093  -0.252968939000454 -0.0167368304407968   0.146369259314744 0.0482328142915281 -0.182541254966795 -0.10265300610378 0.976634346210763
1464104835.29097  -0.300741450969849 -0.0302471992985231   0.173249580139239 0.0567251074332525 -0.187190549809908 -0.100319091425645 0.975539871119619
1464104835.39184  -0.349742539005962 -0.0464225608205618   0.195034520386252 0.0588781502108863 -0.1952665335096 -0.101966961807424 0.973656552906954
1464104835.49316  -0.394298531351577 -0.0650744043227616   0.213147878635966 0.0604355041228194 -0.207571512391393 -0.100253078209875 0.971190474312024
1464104835.59095   -0.43869402811939 -0.0826452950956956   0.230000408785331 0.062741588684688 -0.220484433236746 -0.103078224425777 0.967897198776203
1464104835.69087  -0.481916385926341 -0.0962212668591055   0.249372177883141 0.0674467343946196 -0.230090491334184 -0.109588551131385 0.96462409946985
1464104835.79084 -0.527977043378492 -0.105517996775875  0.272520249053143 0.0705699730497165 -0.241677795485222 -0.114002235423722 0.961049016643563
1464104835.89097 -0.574997127129511 -0.113077080055366  0.297963694338971 0.0658383782241137 -0.255041199851316 -0.118837225525219 0.957338502391233
1464104835.99317 -0.624453901705108  -0.12293049671266  0.323671561184692 0.0603186788564112 -0.266190439966792 -0.123855853089796 0.954025174880989
1464104836.09079 -0.675511620893968 -0.134645364441434  0.342334245498599 0.0562417964609864 -0.28114862177115 -0.13461395855387 0.948510092181143
1464104836.19083  -0.72410623108372 -0.147425533139889  0.354918396016163 0.0546507768253274 -0.30302490008875 -0.145490287516804 0.940224323636051
1464104836.29082 -0.772297877546532 -0.157244338199791  0.364666735170323 0.0500556029859641 -0.32206111621948 -0.155601967351747 0.932501529106221
1464104836.39081 -0.822860894673172 -0.164144062188494  0.373082796994309 0.0565897728382815 -0.339078231524844 -0.164569507186813 0.924521729231058
1464104836.49317 -0.873537738379368  -0.16679462842422  0.382499392255771 0.0609728068343456 -0.350175096692446 -0.170649083026446 0.918987817626225
1464104836.59081 -0.929053437521846 -0.169564178569445  0.390365173884998 0.0625134394223991 -0.361665681762046 -0.1743679176826 0.913720873029729
1464104836.72412  -1.00282111933065 -0.179153688066544   0.39830218318133 0.0727625827854456 -0.365768423609425 -0.176501054313376 0.910915168752247
1464104836.8586  -1.06804698362585 -0.190907824665599  0.399644071902473 0.0735764579787032 -0.374765077324162 -0.169337048830317 0.908549726510862
1464104836.95785  -1.11554005480774 -0.198673154297653  0.396576312036589 0.074102267317885 -0.389814132669891 -0.168941405900101 0.902226466759686
1464104837.05735  -1.16164200032877 -0.203615853302447  0.393484882315858 0.0775039877813029 -0.40406933251015 -0.172940563117777 0.894881370926507
1464104837.15943  -1.20707472956041 -0.203558237443699  0.392152400329109 0.0796425254199277 -0.417947504123493 -0.180324094874167 0.886825897653813
1464104837.25797  -1.2544607746743 -0.20120049112803 0.391746585323302 0.0784800905153784 -0.429291369993014 -0.185148505829826 0.880494080520251
1464104837.35727  -1.30539880771306 -0.201493031841252  0.391084942172266 0.0776274649122112 -0.43973398111523 -0.187194042899335 0.874966509557283
1464104837.45721   -1.3546102261959 -0.204171988479984  0.388093512922887 0.0739618582904832 -0.450470221927768 -0.196968948393008 0.867645927808988
1464104837.55788  -1.40164451944188 -0.208810740303707  0.383278441360777 0.0725694301272991 -0.46081866400835 -0.200978614089938 0.861386924320916
1464104837.69075  -1.45867280673772 -0.210578678783783  0.374900671608232 0.0658591284534321 -0.474376369004902 -0.212461676948907 0.851756814799352
1464104837.83094  -1.51782278310198 -0.207757593586707  0.365224139977255 0.068325382941867 -0.486646988249514 -0.2243593026941 0.841527928335205
1464104837.95816  -1.58405808138895 -0.200552058750167  0.355229671519836 0.0703496421205481 -0.496452654180355 -0.232050333103365 0.833509647765045
1464104838.05727  -1.63599501697197 -0.199628449472801  0.346826095054277 0.0762878340276208 -0.497897813535314 -0.226475076231066 0.833658787215885
1464104838.19241  -1.70401639251111 -0.198106308947789  0.336382842915081 0.0682679920090019 -0.497848150006218 -0.232174204535222 0.832815609574461
1464104838.32614  -1.76684492208745 -0.199140978079269  0.325364482101355 0.0575246107648249 -0.500362730095252 -0.234417371731685 0.831490561172158
1464104838.45813  -1.82816255043084 -0.197054838506475  0.317445216722531 0.0463229723853368 -0.507216147083952 -0.240895806792327 0.826168973416802
1464104838.59062   -1.8930777187786 -0.191690510430193  0.314448434632384 0.0383393886741593 -0.512779484299568 -0.246004517268657 0.821625869383977
1464104838.72394  -1.96393879006217 -0.187915692027787  0.314877103542453 0.0331044181243363 -0.521165479108415 -0.246604682880326 0.816380285937773
1464104838.85714 -2.03515865062961 -0.18969029877469 0.317473733932177 0.0227628251532482 -0.523569759503197 -0.244701984231877 0.815768042790222
1464104839.02386  -2.11970355268036 -0.194917302469941  0.318915882459644 0.0139108849706634 -0.532637131213924 -0.258443651638597 0.805798394549928
1464104839.19059  -2.20047867675672 -0.198146806657847  0.319544403948929 0.00770318891398094 -0.536861376042542 -0.27478335782223 0.797630635105125
1464104839.35775  -2.28901818877599 -0.193635152179936  0.323112449570833 0.0064868789364057 -0.538981197998232 -0.280870452173458 0.794083734691709
1464104839.52383   -2.3824169223132 -0.191934233388799  0.328032094232552 0.0112044325194182 -0.534796737040362 -0.281786635025172 0.796531984959857
1464104839.69054  -2.46701261790805 -0.193296240550332  0.326373679956326 -0.00170862075935068 -0.528587428692427 -0.294871479780195 0.796017098595041
1464104839.82519  -2.52911724253656 -0.193524153559211  0.319711716893274 -0.00943841699606936 -0.529506473198999 -0.307560237156298 0.790531790407779
1464104839.9571  -2.59180986117074 -0.190557230787041  0.311184570646002 -0.0162789460382083 -0.535634546269724 -0.324328593422422 0.779513689582771
1464104840.0903  -2.65857016342943 -0.187603139576497  0.302398141795466 -0.0175899552710268 -0.537419369993658 -0.328937333883546 0.776319035324246
1464104840.22369  -2.72550282199532 -0.189953229924865  0.288055037680589 -0.0221749088770909 -0.540839720737453 -0.322466182862328 0.776541197103622
1464104840.35709  -2.78469127552734 -0.200430973982995  0.266384259076243 -0.0271081336806127 -0.542418900273783 -0.309940799202851 0.780374004374589
1464104840.45902   -2.8250057599791 -0.210557696654311  0.246786943537682 -0.0316481507327241 -0.54185392087548 -0.297221035229971 0.785526816349316
1464104840.55708  -2.86479001218479 -0.219121505199412  0.227416316218619 -0.0382697889164126 -0.535909503648726 -0.279068595655159 0.79590021112846
1464104840.66054  -2.90387856653096 -0.224712448642675  0.208727839226129 -0.0441000392218701 -0.520809453204516 -0.253933803200383 0.813836791737528
1464104840.75698  -2.94403154376496 -0.226996578083972  0.188972706213937 -0.043880576386642 -0.500161479915953 -0.233427721776038 0.832721134432596
1464104840.85687   -2.9849087399652 -0.228060838676447  0.165926539461201 -0.0391582587915571 -0.48934078612811 -0.210950985226393 0.845288061924425
1464104840.95699  -3.02660521095296 -0.229404275464183  0.144351148676138 -0.0353088428881601 -0.475196314201276 -0.196330201761446 0.856969194580372
1464104841.05693  -3.06638809002182 -0.230281711021823  0.125296798365304 -0.0450023873825696 -0.457315838914687 -0.185063647277774 0.868670510069193
1464104841.16001  -3.10541332658356 -0.233103893225259  0.107011583662369 -0.0450501558241424 -0.44545847892178 -0.171485403118857 0.877570500606121
1464104841.25692  -3.14475455765333 -0.235782360793913 0.0914287626434735 -0.0378871165284679 -0.434196013176657 -0.16653401921288 0.88447996528325
1464104841.35695  -3.18477789155768 -0.238412429225828  0.078264229120285 -0.0240932836582894 -0.42161719020501 -0.155304959334055 0.893050294335342
1464104841.42371  -3.21382779079413 -0.240605577707991 0.0713828109046018 -0.00995039086080483 -0.411082869569338 -0.141411228972392 0.900508039047333
1464104841.49199  -3.24355784308486 -0.243096733072767 0.0647085752230286 0.00812173678314581 -0.401675194096923 -0.129050430241495 0.9066074466346
1464104841.55697  -3.27428721582252 -0.245063111654974  0.058182847175134 0.0200234975480383 -0.391131574797627 -0.120015316379316 0.912256254884912
1464104841.65965  -3.32454373318927 -0.248823564444383 0.0475971995909827 0.0371728398114634 -0.379754373259385 -0.111968146848536 0.917533612497127
1464104841.75694  -3.37206346752963 -0.252156470817869 0.0367079583697544 0.0484477932265977 -0.368594470088444 -0.107990820546189 0.922024354683461
1464104841.85676  -3.41820223855506 -0.255687926340988 0.0232825073664433 0.0536741116788664 -0.36367304083819 -0.107976205195571 0.923689421945793
1464104841.95691   -3.46268614332856   -0.25892604264582 0.00952556410856855 0.059924784344609 -0.351414436897062 -0.103804498448714 0.928515772544217
1464104842.05688  -3.51106978663011 -0.259502537147056 -0.003477471592556 0.0693346913710771 -0.339559810453206 -0.0993466470589055 0.932749741042909
1464104842.1591   -3.56194929493597  -0.257789493798769 -0.0162581101344716 0.0786384305169673 -0.326048977755235 -0.0914601549583855 0.937626312240427
1464104842.25818   -3.61476867699912  -0.256583932746009 -0.0299114421865034 0.0841778427332843 -0.308333530288589 -0.0880254404959713 0.943449016491107
1464104842.35679   -3.66694383531988  -0.256715533430235 -0.0423709932537151 0.0834748160308254 -0.286009589527348 -0.0862173168316177 0.950682409674952
1464104842.45872   -3.71832641339111  -0.261590443907872 -0.0538039339277613 0.0913694462889313 -0.273040449699553 -0.0784007650999125 0.954439027462974
1464104842.55891    -3.7668614296352  -0.268195120770876 -0.0622878879548787 0.110840398433476 -0.262035055715951 -0.0822750123096156 0.955134994647615
1464104842.69017   -3.83083122530799  -0.273088329770863 -0.0643554955749187 0.130015840053682 -0.240046486512987 -0.0829461466839131 0.958432836665249
1464104842.82539    -3.9061571125418  -0.274830494829272 -0.0597738454679837 0.136886423682766 -0.229239404957183 -0.0778773020014904 0.9605449120469
1464104842.92405  -3.96527371015747 -0.285145210696784 -0.053006287536983 0.147443671623258 -0.21431416456998 -0.0576027733424346 0.963852542179656
1464104843.02401   -4.0240104355638  -0.29820127393652 -0.047724778618128 0.152687832673381 -0.205106326280572 -0.0513462823163685 0.965391827169404
1464104843.12349   -4.08116538824553  -0.313815321881763 -0.0465257498242402 0.159830404550101 -0.200727372574488 -0.0462386212344041 0.965414291165733
1464104843.22334   -4.1324553564256 -0.327269841431244 -0.046491464813677 0.169774440330681 -0.193594421731369 -0.0436262162697244 0.965295080552516
1464104843.35665  -4.20250815350382 -0.339219335818391 -0.045216271580603 0.180344772568654 -0.174732216447228 -0.0399370319537616 0.967134659197634
1464104843.45669   -4.25511484495105  -0.344249114811847 -0.0422778525564721 0.183854719849319 -0.152612824668912 -0.0341658329261213 0.970432616721104
1464104843.55671   -4.31035021057509  -0.350671284200884 -0.0401478907864647 0.190275055734591 -0.136549748939903 -0.0255711975383445 0.971851677513654
1464104843.65972     -4.364610252321  -0.361297500384878 -0.0394334100259935 0.199053324236195 -0.118330443894883 -0.0159565269914948 0.972687549732456
1464104843.78998   -4.43373961362775   -0.37714124804559 -0.0408007622978606 0.189484904609003 -0.0978156670660916 0.00404550763398936 0.976990890474274
1464104843.9238   -4.50514845002319  -0.389496228644463 -0.0405001793268256 0.197172325410352 -0.0941085988401817 -0.00272552927724859 0.975837700238503
1464104844.05667   -4.57447040494062  -0.393908888055852 -0.0343060594636706 0.205305163332656 -0.0827880542293434 -0.00408899926523201 0.97518162824721
1464104844.19018   -4.64645647849781  -0.395470688917475 -0.0223444534750205 0.209966806640344 -0.0698652861589409 -0.00206454310800011 0.975206911153187
1464104844.32721   -4.71914466688013  -0.404021046893058 -0.0108343285166616 0.214227130618526 -0.0625718797592905 -0.00396274114984205 0.974769610242811
1464104844.45658  -4.78906803777741 -0.411959145086429 -0.003101431754652 0.20266704777016 -0.0624167424035311 -0.0122878395274093 0.977179219496407
1464104844.62319    -4.87389206838456   -0.417717045188515 5.23435779361922e-05 0.198623244995984 -0.0604717219339608 -0.0199411883595982 0.978005279331566
1464104844.75658       -4.943551291603    -0.417653070061796 -0.000106628710640473 0.200133215381059 -0.0548289548353017 -0.0182103588307056 0.978063834646882
1464104844.88974     -5.0184219208021   -0.419009826269079 -0.00274443731350578 0.200881074447431 -0.0473111597750434 -0.00786425108025564 0.978440903501347
1464104845.05656   -5.10983656234051    -0.4280472335879 -0.0111585702130965 0.196490169730273 -0.0424017980832502 -0.00353545892008981 0.979582156456976
1464104845.22315    -5.1949745458608    -0.4372050314994 -0.0226961521994222 0.192619131078525 -0.0478343401756052 -0.0126088237533376 0.980025899558821
1464104845.38977   -5.27955512765958  -0.433859960280512 -0.0270646447323539 0.188915756696816 -0.0582611553406144 -0.0124162084446081 0.980184835843682
1464104845.52439   -5.35074474558824  -0.430309963031965 -0.0225722370555063 0.181125288044891 -0.0580500748732086 -0.0126828877855383 0.981663365515536
1464104845.65883  -5.42519991706473 -0.437029283301034 -0.016570349321851 0.174679926281593 -0.0531322204033391 -0.0098692412863954 0.983141133604784
1464104845.78977   -5.49490439437097  -0.450828118807958 -0.0170574398548852 0.175675779821839 -0.0475875577235437 -0.0103429853114764 0.983242832360726
1464104845.92294   -5.56307578506509  -0.460341735259831 -0.0194073184878718 0.175991675376844 -0.0491060079086625 -0.0128553124127257 0.983082026652963
1464104846.05668    -5.6263728493438  -0.462916825356099 -0.0179179203329363 0.181794235775371 -0.0511268833416792 -0.023268593306594 0.981730854259021
1464104846.19021  -5.69413734703432 -0.463756952245948 -0.015791782252722 0.184897977488724 -0.0432938782179238 -0.0162877726847479 0.98166852169681
1464104846.32305   -5.76400368282621  -0.469389060846983 -0.0160381199577953 0.188301472550261 -0.0393396748651813 -0.0161932376227626 0.981189443722362
1464104846.45668   -5.8314367654709 -0.481692409220886 -0.021938639981349 0.190070994410375 -0.040298057304264 -0.0110130793597312 0.980881132321532
1464104846.58969   -5.89736242770424  -0.489576396325248 -0.0301674498083862 0.191332749940684 -0.0515385130973021 -0.0168597951582154 0.980026177086652
1464104846.72287   -5.96173844635626  -0.488564798317474 -0.0353243490097087 0.195538339967477 -0.0687345973537259 -0.026087951509407 0.977936465991236
1464104846.8563   -6.02811939924996  -0.483329671791978 -0.0351659552770918 0.195485271963667 -0.0872494327397523 -0.0334612190296825 0.976244534813348
1464104846.99226   -6.09644618317275  -0.482969112104302 -0.0339371840396554 0.190119116821064 -0.0988774506750223 -0.0359733125816078 0.976106496212935
1464104847.12307   -6.16736660626302  -0.487669891307871 -0.0340689237423598 0.176749636214456 -0.11258694139326 -0.0404226317466063 0.976959445201512
1464104847.25629   -6.23073397244583  -0.493521978869075 -0.0409834204594865 0.176122759213298 -0.132930502686813 -0.0491332167173979 0.974113023297362
1464104847.38962   -6.29085024816202  -0.491278104413551 -0.0467331508312356 0.174273507066478 -0.15226062909323 -0.068309610026451 0.970453112077507
1464104847.55628   -6.36289084487876  -0.482767810598193 -0.0515668406586126 0.176889125891138 -0.159745075225784 -0.0865140142249291 0.967319530158089
1464104847.72297   -6.43990601189402   -0.48104659005184 -0.0583468320283891 0.18169453545632 -0.162842056241913 -0.0859297967496254 0.965963576194665
1464104847.88939   -6.51244421271237  -0.478020842132883 -0.0700297917502566 0.170137236911353 -0.17050408623831 -0.0940561175213737 0.965989194530153
1464104848.05615   -6.57813777321546  -0.474703728300534 -0.0809205332625292 0.159305988742548 -0.179408803344295 -0.10813613292857 0.964749013986841
1464104848.25618   -6.65141909885076  -0.466724857698287 -0.0904035898852762 0.159498258510743 -0.185631647169096 -0.12198187084433 0.961884411084121
1464104848.42279  -6.71943705807799 -0.460265456063522  -0.09681103497325 0.159927116087257 -0.197074317626362 -0.127718095237262 0.958787316885806
1464104848.55603  -6.77767915184931 -0.456977177847874  -0.10602667044726 0.157630125104946 -0.212910746185118 -0.140937591428962 0.95391737228153
1464104848.72272  -6.84164001462022 -0.454779515928031 -0.121250609873774 0.144362376307007 -0.232275977018267 -0.146357868170461 0.95067699521541
1464104848.88935  -6.89360972782393 -0.450030963296031 -0.139041832779491 0.144851276068611 -0.251763044366932 -0.164667397594971 0.942612394084487
1464104849.05608  -6.93878524462774 -0.443934246213816 -0.153201128962616 0.145327877033926 -0.255158415986205 -0.171075086371584 0.940482485605754
1464104849.22344  -6.98655461122013 -0.438551958168558 -0.166970192677252 0.14394404281044 -0.251946074417215 -0.166571365900206 0.942367904900884
1464104849.38931  -7.03841634581892 -0.435710401011702 -0.180252294203805 0.141205703508786 -0.246985303932974 -0.158263955839322 0.945521934816858
1464104849.55592  -7.08314551450276 -0.434968131202513 -0.189232745903892 0.127349578849728 -0.234540254292167 -0.15041882549203 0.951917607159864
1464104849.72266  -7.12261941199931 -0.435822362397477 -0.196365082077264 0.119597906122176 -0.220538289856074 -0.147985189116816 0.956639737498192
1464104849.92255  -7.16796644988813 -0.436821806307211 -0.202124992350168 0.116675680366867 -0.211573761305325 -0.14004178282937 0.960214365753823
1464104850.08923  -7.20932742532524 -0.435773321016549 -0.201840379518992 0.110746938537387 -0.200821974756667 -0.133354435246998 0.964169199186213
1464104850.22244  -7.24877951400761 -0.437940195880948 -0.198773193757031 0.10139193552845 -0.192118731508055 -0.123228871344956 0.968310236277908
1464104850.35592  -7.28787069667647 -0.441712152616187 -0.194312476552771 0.0837664509497726 -0.182398772826518 -0.117055248744669 0.972631450297585
1464104850.48927  -7.32176269227817 -0.445291168278434 -0.190193281132206 0.0707703066189902 -0.170192333426479 -0.11281413466303 0.976370372535001
1464104850.65572  -7.35783870644596 -0.448260807040217 -0.188602926551264 0.0624082364013324 -0.157337128922437 -0.113440272381425 0.979020706876902
1464104850.78913  -7.38295365275356 -0.449196933344441 -0.187736035968894 0.0559429871123624 -0.135001215418174 -0.10760859048654 0.983394857258295
1464104850.92248  -7.41478868364624 -0.448727080058374  -0.18651643677396 0.054055769481338 -0.119132670815015 -0.103853915064619 0.98595118786683
1464104851.0557  -7.44719934572757 -0.449215137833323 -0.184915893934783 0.0506268480070575 -0.0945337918367916 -0.0923763420486216 0.989932773420268
1464104851.18916  -7.47968019135659 -0.450760723894656 -0.187227685639898 0.0483737305718876 -0.0648524303412092 -0.07883383640838 0.993599200234448
1464104851.32508  -7.50873196497361 -0.453274268438773 -0.188587987930499 0.0378909064356616 -0.0327380944430577 -0.0632022251159583 0.996743685769874
1464104851.45573  -7.53583619212588   -0.4553178851074 -0.187020359307021 0.0329881404288432 -0.00821250313415472 -0.0534146449384481 0.997993593711612
1464104851.58911  -7.56104338012078 -0.457467045777227 -0.182382573205319 0.0308172090739177 0.0178710496868998 -0.049477177992943 0.998139736743226
1464104851.72238  -7.58646769316363 -0.459920325844335 -0.172666423267336 0.0285516850609554 0.0393323342369537 -0.0443600672285072 0.997832627848546
1464104851.85558  -7.61200332603772 -0.464346896561486 -0.157369495679032 0.0265827797722883 0.066686247623598 -0.0351145361095723 0.996801519637321
1464104851.95571  -7.63250947344222 -0.470101316521068 -0.143382694953939 0.0222798428521462 0.0883107474228443 -0.0192250918874427 0.995658182477311
1464104852.05572  -7.65576795604718 -0.479227643584499 -0.128307323175849 0.0193017266187251 0.111112605723625 -0.00102882645031386 0.993619833595816
1464104852.15873  -7.67705360972833 -0.489259154640815 -0.113765378902134 0.0144415451225916 0.136136039193908 0.00775596790764088 0.99055452427864
1464104852.25561    -7.6974465270943  -0.499451447816181 -0.0989585040067525 0.00827969751599116 0.156576084972816 0.0195878160624936 0.987436931497668
1464104852.35563   -7.71507090747044  -0.508516446598804 -0.0848091774202641 0.00412829129661585 0.17901190034911 0.0284520973424073 0.983426751162072
1464104852.45655   -7.72973455114822  -0.515274598168874 -0.0691925410359388 -0.00250176131409334 0.203398726676579 0.0350093556622105 0.978466680164833
1464104852.58901   -7.74796792664442  -0.523134800838049 -0.0468376326995519 -0.00831312294045304 0.229583516495981 0.0386399653745186 0.97248612021775
1464104852.68896   -7.76190626049838   -0.52919736546543 -0.0282906726801222 -0.0119683929991774 0.253446589594151 0.0444757049938539 0.966252293895032
1464104852.78902    -7.77553120595828   -0.536449012082524 -0.00964945178105819 -0.014927934325337 0.280462229160433 0.0529438190179449 0.958287559565987
1464104852.88948  -7.78847828384583 -0.544399749359434 0.0102010583224054 -0.0187948208600125 0.310318274530466 0.0653993251029706 0.948194205570436
1464104852.99179  -7.80053326930863 -0.552845213398355 0.0304031737821721 -0.0264348954052542 0.342779196919057 0.081590173316167 0.93549273758949
1464104853.08892  -7.81167607181806 -0.564972355194992  0.052080618895711 -0.0299114207767477 0.369560619471013 0.0955833735083409 0.923793307050924
1464104853.18899  -7.81769583757383 -0.576814109651836 0.0696988493910808 -0.0313314963802868 0.402360158075438 0.114712427297259 0.907725564006904
1464104853.28893  -7.82204437961402 -0.588325819181697 0.0903819164547815 -0.030800546778848 0.423281167571085 0.120979353565081 0.897356325830915
1464104853.38893  -7.82230242854439 -0.598668568301138  0.112485142600705 -0.0282410626880484 0.446350526393315 0.122151323956508 0.886031999434746
1464104853.52233  -7.82033689167774 -0.607235987980152  0.146061390852401 -0.0297883215907932 0.475477149573721 0.13611865498646 0.868622960722735
1464104853.65804  -7.81689603488197 -0.614477777338972   0.18412356032041 -0.0367500420723269 0.49609750786278 0.139695620372531 0.856166940934275
1464104853.75547   -7.8100815801735 -0.622628404976559  0.216082920205249 -0.0463248292058623 0.514821150543074 0.154209400627818 0.842040767368518
1464104853.85541  -7.80103931872515 -0.633656302236804  0.246964879155692 -0.0554522895338352 0.530049032449145 0.168889792663726 0.82912562662071
1464104853.95535  -7.79163940293699 -0.647347857698492  0.271972669895033 -0.0589336129104987 0.547806005325906 0.181864059155643 0.814469688684374
1464104854.05547   -7.7817084117329 -0.661665792693273  0.295890495759066 -0.0551843633636634 0.564510129939329 0.188001242971421 0.801834479102283
1464104854.15767  -7.77210019191603 -0.671451867997595  0.318447249973118 -0.0600673057970412 0.582980494484754 0.194213085815634 0.786642828177163
1464104854.25546  -7.76307138738342 -0.677966898717305   0.34178193797231 -0.0644260119713686 0.600383047839902 0.199599984349904 0.771718427339566
1464104854.35544  -7.75315264533147 -0.683021520038127  0.368363990582196 -0.0688081481905758 0.621534205233852 0.211388660486125 0.751182737211652
1464104854.4554  -7.74124473588139 -0.690969314892856   0.39390438520419 -0.07056560412407 0.6474202261514 0.217314600129583 0.727077651186718
1464104854.52209  -7.73193453540555 -0.696828247581308  0.409163839139282 -0.0680535693374804 0.669015467834073 0.226232986672344 0.704702526773174
1464104854.62211  -7.72078968639568 -0.705591156089042  0.431820965083889 -0.0717675372818101 0.694012419825385 0.236829149375068 0.676097726461862
1464104854.72195  -7.70967716447887 -0.714283101473072   0.45120324324549 -0.0755746381409844 0.717017363106869 0.249552184490091 0.646450525786278
1464104854.82201  -7.69693478556589 -0.722847691125588  0.469935180080017 -0.0743666474080236 0.736190146335961 0.26275756308395 0.619235119508988
1464104854.92222  -7.68311113256297 -0.729351363350294  0.487531104937318 -0.0781079343209902 0.75057055066914 0.265331601675591 0.600118438490767
1464104855.05537  -7.66064939918062 -0.733336995387094  0.508012805429688 -0.0796237617868871 0.770282546110412 0.272684258197935 0.570936205759985
1464104855.15794 -7.64088070891622 -0.73398913851852 0.522920210733109 -0.081199012818735 0.785433639079859 0.277513240863709 0.547254164044782
1464104855.25522  -7.61825658546806 -0.735606842309323  0.537574160810803 -0.0802267866469382 0.798892247168831 0.280876369760339 0.525778760533454
1464104855.35532  -7.58922943132361 -0.738903340601827  0.552723804934446 -0.075698046445482 0.811831078856162 0.288740638040494 0.501825616236902
1464104855.42226  -7.56817418037975 -0.742449027168084  0.561027612896184 -0.073793174970675 0.821003680442546 0.289934997456022 0.486256332892145
1464104855.52196  -7.53896433249647 -0.746603946752947  0.572444926187599 -0.0786842301446371 0.83200122408635 0.302221945880734 0.458524427346487
1464104855.62191  -7.51153884324207 -0.751073316465351  0.580946174732746 -0.0791476014880052 0.844366610953666 0.308629321554071 0.430730339496058
1464104855.72174  -7.48828431105028 -0.754697780727686  0.588589673119327 -0.0811314093890924 0.854980445207562 0.313347346316525 0.405264818704523
1464104855.82386  -7.46527449989639 -0.756263888348537    0.5955948416673 -0.0851985923517322 0.86581442727062 0.313890718177599 0.380235709045433
1464104855.92198  -7.44184111831577 -0.754679855266177  0.602136589709302 -0.0911629614992585 0.875689913038173 0.31526795624217 0.354207010688337
1464104856.02199  -7.41818964405128 -0.753572135583791  0.609014681584937 -0.0942111048069563 0.885074015562495 0.318003165434521 0.326561236953741
1464104856.12538  -7.39345700965537 -0.754056389279631  0.614713194367741 -0.0917696428618742 0.895207027732261 0.321272746360992 0.294900886050621
1464104856.22174  -7.37039155052082 -0.755866622795956  0.617835652008101 -0.0910494827979947 0.903549466914568 0.326250386718534 0.262429109830875
1464104856.32424  -7.34843964953432 -0.759052888009766  0.617359590106805 -0.086935164059263 0.912626129522984 0.329537691931319 0.22574484392443
1464104856.42214  -7.32601865362707 -0.762288372930092  0.613253060329921 -0.0815933534817292 0.921308815551011 0.323425593806819 0.19982111081241
1464104856.55515  -7.29604446657256 -0.759760692318067  0.604071495169422 -0.0890685311942582 0.927778299754003 0.317666605910553 0.174304763978897
1464104856.65778   -7.2746245518754 -0.752121747155341  0.593803614521195 -0.0918777371550296 0.931923708719247 0.319501268217237 0.144898661656388
1464104856.75918  -7.25408963503141 -0.741494654320716   0.58036257206691 -0.0941488818339767 0.934408995344826 0.321046214193916 0.122250340775959
1464104856.85511  -7.23135331905342 -0.728886511377406  0.562330123742058 -0.0963404321627725 0.935663499795931 0.325423616626953 0.0967047362943249
1464104856.95516  -7.20623006892285 -0.719269111158214  0.540261391077849 -0.0915812538344448 0.939237596006411 0.322959313055496 0.0717139756597774
1464104857.05501  -7.1816074580202   -0.710667202916 0.517310868378727 -0.0920846341997084 0.939579460482223 0.325566474035765 0.0521280017664299
1464104857.12197  -7.16619457607614 -0.706998929653707  0.501286439277103 -0.0951146572525394 0.941645596804213 0.320060304574198 0.0426400449207278
1464104857.2217  -7.14694419702561 -0.701716885739014  0.481110710706509 -0.0948307179650146 0.943019535667428 0.317696967587681 0.0281056411672241
1464104857.32346  -7.13071552098347 -0.694174160113946  0.462449775841853 -0.096796763021393 0.942102552754183 0.321013178839464 0.00486885756773357
1464104857.4216  -7.11727232281103 -0.685455863336018  0.442653453394729 -0.0990429555352022 0.942204900446773 0.319482637770379 -0.0192681783316347
1464104857.52275  -7.10407843815514 -0.675091152715741  0.424039866508668 -0.103433958475917 0.940954563288149 0.32004116413237 -0.0384653002329207
1464104857.58843  -7.09452048187288 -0.667787120559223  0.411127419266486 -0.106899164300245 0.940390184054738 0.318742693399992 -0.0514000565128571
1464104857.6884  -7.07927737071623 -0.656611437386197  0.391221248334039 -0.108968175517643 0.938602377755614 0.318988596903584 -0.0734696416307175
1464104857.78838  -7.06255781423319 -0.646179167253955  0.370060809756066 -0.109499036746424 0.937808961833241 0.31664805847843 -0.0908752943252777
1464104857.88836  -7.04670009197639 -0.637201051989478  0.348290497935026 -0.111722440292259 0.936188575505381 0.313896002868369 -0.111974759707754
1464104857.99024  -7.03263204201841 -0.630321552277454  0.325158720858945 -0.112006181151495 0.935702021074423 0.309661032789428 -0.126595370819328
1464104858.08829  -7.02373172705004 -0.625863892671117  0.304148137796551 -0.11071419999785 0.935070720959115 0.303280654917975 -0.146307747834355
1464104858.25501  -7.01366611916653 -0.614770423570812  0.271657103350766 -0.115794513754567 0.933108240139545 0.298454920780842 -0.163784318631935
1464104858.42169  -7.00849699658194 -0.602498132805769  0.238242177618826 -0.115379025173185 0.929702107896308 0.298050924883882 -0.183050040423675
1464104858.55536  -7.00435332748036 -0.589279452906747  0.205660222056057 -0.112388284340465 0.927351952113305 0.298683303837369 -0.195385553364222
1464104858.68906  -6.99779919770549 -0.571879363527602  0.167620210868352 -0.109669362244387 0.927111425445766 0.298433876251991 -0.198429476887987
1464104858.85482 -6.99026733424967 -0.55304684841146  0.11646067761754 -0.114601130696388 0.926260687332861 0.292520959710233 -0.208180710141381
1464104858.99015  -6.99108816754905 -0.541872741725134 0.0790931265703393 -0.118602595081651 0.922671684478925 0.291287032948111 -0.223074542556984
1464104859.15719  -6.99477224852105 -0.529633429837029 0.0363988678195437 -0.124405154177921 0.918929389871589 0.288035578592781 -0.23901388978241
1464104859.28819  -7.00179129895705 -0.516320099620371 0.0037689207878228 -0.127689057310548 0.912618821304402 0.288991519093022 -0.25943456503792
1464104859.45568   -7.01330526926715  -0.495136492696006 -0.0414197420402577 -0.131286501633501 0.902305797977107 0.290284841795459 -0.290418339726539
1464104859.58816   -7.02861026193013  -0.479639138942904 -0.0808260654495811 -0.129407918142799 0.888454448741282 0.28659390286931 -0.334314549596495
1464104859.72141  -7.03914912072309 -0.468071504628415 -0.123912533744713 -0.133361567392616 0.878982496615854 0.276964499318837 -0.364547841994176
1464104859.88866   -7.0549188309536  -0.45458052745779 -0.167077178697345 -0.137072120488917 0.86371215183821 0.275618936064268 -0.399057332515619
1464104860.08803  -7.07762201903867 -0.439826113163604 -0.203636580428606 -0.142451899525205 0.844966326036943 0.280558399512633 -0.432465430581684
1464104860.28813   -7.1113827619805 -0.434007665968877   -0.2356219237316 -0.152979868686763 0.827129127706227 0.261540387614748 -0.473340460475169
1464104860.45482  -7.15032817764807 -0.426868699033673 -0.262514244538742 0.155992870465702 -0.807964845684549 -0.245911810799186 0.512236677534203
1464104860.58829  -7.18832172979345 -0.420198713956872 -0.286449858285294 0.157847537756896 -0.789626029944581 -0.231438379967154 0.545903987836895
1464104860.72129  -7.23023754655454 -0.414669395029825 -0.310263530100291 0.157575809824012 -0.775055754913318 -0.224940471147734 0.569087186091805
1464104860.85461  -7.27011687229547 -0.411061815759151  -0.33533478625275 0.160913452379857 -0.761141292285938 -0.216323601195258 0.589893968087827
1464104861.05456  -7.31729572771906 -0.412652418946794 -0.372021394949194 0.171186767375504 -0.753398714353832 -0.205602555642761 0.600677165371453
1464104861.28797  -7.37126851316899 -0.409393145785038 -0.408310179059929 0.178396392413167 -0.742568963934669 -0.195682896290907 0.61520262115352
1464104861.52132  -7.43135216591017 -0.395072652434062 -0.451066725228783 0.185492678691373 -0.737016098363866 -0.190239154981527 0.621456998364584
1464104861.68802  -7.47848242733977 -0.385625681229934 -0.490752771784198 0.192929307492959 -0.739118769610417 -0.179988479933429 0.619746620653251
1464104861.88797  -7.52790572393331 -0.377711898861903   -0.5411566276806 0.197801144603165 -0.740442349094955 -0.176514905606709 0.617626361936629
1464104862.15695  -7.57958047109113 -0.358916901745976 -0.597868129063495 0.18443293797271 -0.743512207030879 -0.182209355257103 0.616420181567425
1464104862.38783  -7.62453027381903 -0.335951574108746 -0.654792871680564 0.181006248784719 -0.750827127666832 -0.177486261550453 0.609913099729218
1464104862.55482  -7.65459189402506 -0.321287834852746 -0.706869064222869 0.182410135990772 -0.7613648009227 -0.167054065566687 0.599285509070098
1464104862.72118  -7.67709746677544 -0.305996106751508 -0.759685597798787 0.188679505486128 -0.771379769792261 -0.17364012834526 0.582428021984683
1464104862.88777  -7.68590240148733 -0.288179657030182  -0.81290132034884 0.194753537702825 -0.781834234535004 -0.178598119975434 0.564720285453373
1464104863.05436  -7.68862267730271 -0.265495354114645 -0.869334872745022 0.199206653889308 -0.788950046718456 -0.171706042996561 0.555330142912875
1464104863.18778   -7.6804280887165  -0.24806364456553 -0.921289836297943 0.1994212928891 -0.794395272601324 -0.163965703205209 0.549802279900264
1464104863.32357  -7.66675188030491 -0.230157187351698 -0.975837184288524 0.190048727150208 -0.799522007907244 -0.157950433416425 0.547446527766976
1464104863.4544  -7.64552486334952 -0.211011724985251   -1.0258004144316 0.178785294404775 -0.80320479562517 -0.164882662218534 0.543793694786042
1464104863.58769   -7.6225215894078 -0.194842825453483  -1.07290461215117 0.177968118833539 -0.815324082884966 -0.161639809163153 0.526731962804935
1464104863.72098  -7.59527265610548 -0.178649193143327  -1.12012572411761 0.176672970385422 -0.827357529376463 -0.164073186400745 0.507292982036587
1464104863.85445  -7.56970912565492 -0.158068938429775  -1.16460730989307 -0.170110119146882 0.837342180352041 0.170506512885736 -0.490762824010408
1464104863.99292 -7.54245139351994 -0.13776441917981 -1.21634258340937 -0.168368519346967 0.847912202566777 0.165468037095104 -0.474675960136134
1464104864.12099  -7.51144069024338 -0.119857223751397  -1.26838044874918 -0.164903138182497 0.856587471688508 0.162591190314286 -0.461117081874049
1464104864.25434  -7.47840469456409 -0.105020307368694  -1.31635127038175 -0.159003512310802 0.864915615203118 0.168526795466589 -0.445238790830722
1464104864.39062   -7.44544350184445 -0.0917418840224335   -1.35628989979074 -0.155342366398921 0.873392859876961 0.173673153812622 -0.42765792072906
1464104864.55458   -7.40627737011572 -0.0723982750679981   -1.39871455373877 -0.161596466249572 0.880690676842574 0.178054543069296 -0.408126320531528
1464104864.75428   -7.35334078892435 -0.0478646421174281    -1.4398275302566 -0.16360562054788 0.885850286111365 0.181353407058087 -0.394478660094535
1464104864.95426   -7.29224510600929 -0.0292770411878123   -1.47726877991328 -0.165070457832394 0.889741119927319 0.180513367746534 -0.385392536936419
1464104865.15664   -7.23302764078288 -0.0121287568914735   -1.50760533497199 -0.153321186289165 0.895642847340035 0.189734178312359 -0.371910534166016
1464104865.35426   -7.18156128258943 0.00691618249960243   -1.53433680884999 -0.167603380026576 0.903021348919966 0.183383899475615 -0.350473816156856
1464104865.55423   -7.1309986424282 0.0289268969678113  -1.55768400870906 -0.168235690047421 0.914077557383372 0.192481526017856 -0.314817143472451
1464104865.7208  -7.08479133106098 0.0415100305557893  -1.57928905804003 -0.166939956125348 0.924602860835831 0.190976068654923 -0.284198420094436
1464104865.88743  -7.04206036594924 0.0510707862892669  -1.59281291630713 -0.159730079172285 0.933141215234409 0.201481978037636 -0.251274325716949
1464104866.12106  -6.98343933987951 0.0606321179815247  -1.59553154415028 -0.158226981286421 0.939707598442132 0.207723264028468 -0.220827755059156
1464104866.38786  -6.90218690900463 0.0681107523709052  -1.58351610312241 -0.162953477984178 0.943803398430943 0.20088142923748 -0.205737601110178
1464104866.6558  -6.79746470950584 0.0726338719894774  -1.55818223218568 -0.158097884476906 0.945077485461555 0.213530435819934 -0.190363752789602
1464104866.8873   -6.7166232836518 0.0768607964379624  -1.53476883336946 -0.157676854125212 0.948220119336661 0.222281049953332 -0.163118821078349
1464104867.08728  -6.65816181159308 0.0797385957798461  -1.52205636288087 -0.160122292151277 0.954878461368541 0.215893916246335 -0.126324156432918
1464104867.28712  -6.60461966017359 0.0847170472292221  -1.51709470805644 -0.151763503174562 0.960661352067659 0.210262920821842 -0.0994339472976374
1464104867.48898  -6.54951477885685 0.0955524067485158   -1.5190357283888 -0.159287055039912 0.962503608120477 0.207899907847664 -0.0706545594332594
1464104867.6872 -6.48164881067634 0.108899256036781 -1.53571279229467 -0.157204899898881 0.962163692628495 0.2123183188854 -0.0666976723803679
1464104867.85393 -6.41516828120651 0.113746766460741  -1.5564704872848 -0.160600158087892 0.963032819483474 0.208594850810924 -0.0571276293488883
1464104868.054 -6.34186295286287  0.11026598928507 -1.56942178010102 -0.144978675122213 0.965833824901856 0.210901467186293 -0.0408261873547881
1464104868.22092 -6.27554093378911 0.111170978604274 -1.57408886138841 -0.14777843386222 0.966589904687818 0.2084542086625 -0.020305997432146
1464104868.38717 -6.20201611035903 0.121675150049874 -1.57486721561358 -0.15009078669718 0.96618375425517 0.209405899396259 -0.0105298651487433
1464104868.55388 -6.13057030322308 0.126954124549886 -1.57206877621328 -0.152974861479399 0.96537099200438 0.211146127028604 -0.00865173928518243
1464104868.72032 -6.05895341732431 0.132979393879081 -1.56863532852768 -0.145974075478514 0.963608333920778 0.223788117211625 -0.0083322674880355
1464104868.88702 -5.98741033931001 0.135403500551057 -1.56207776254375 -0.147791139832347 0.963454527818213 0.222371048222644 0.021546895971385
1464104869.02334  -5.9307898090845  0.14035099734111 -1.55645577703195 -0.148562736532661 0.964106197329429 0.215493651396615 0.0446188277823279
1464104869.15607  -5.8774067241654 0.147282243155603 -1.55363771579002 -0.144346819746083 0.965011018086913 0.210893956673413 0.0586640404224229
1464104869.28704   -5.822415785859  0.15337763803487 -1.55720714495718 -0.135512931318835 0.966112084750327 0.210816297381186 0.0618075553896198
1464104869.42101 -5.76675722682046 0.152722475534372 -1.56232114660142 -0.132491397616008 0.968466701585999 0.202578833186468 0.0589923200230406
1464104869.55365 -5.71142728265543 0.152092768066737 -1.56110983466647 -0.130814573031138 0.965573440202426 0.208011729992434 0.0853615794364686
1464104869.68698 -5.65621328301455 0.151771115644977 -1.55195837618335 -0.133097477660435 0.963102033786013 0.209854898527373 0.103346289346751
1464104869.82252 -5.60022411007468 0.151411674481797 -1.54439124657645 -0.132697096381041 0.965356540950094 0.196300037559857 0.109291009286713
1464104869.92327 -5.55574861308809  0.14976805699601 -1.53957223468397 -0.132969137875159 0.969083262201327 0.172263494719925 0.116284683775851
1464104870.05362 -5.49941289959265 0.147304873214937 -1.53037402018948 -0.128841086002801 0.969458912728613 0.169477521029802 0.121765187776591
1464104870.22024 -5.42605214679419 0.144261524558352 -1.51610889428852 -0.114257894724035 0.968303956381808 0.184876101309315 0.123099182423106
1464104870.35408  -5.3683271393603 0.138426002019464 -1.50724248024223 -0.107546835259971 0.967277159402068 0.183423739042257 0.138435208962129
1464104870.48836 -5.30832921734619 0.137527840162732 -1.49968059386361 -0.100349724462598 0.965224107619598 0.183944769501715 0.156322348508435
1464104870.58689 -5.26189149653085 0.143079200663983 -1.49535865763799 -0.10204703274184 0.960851570670935 0.187834314731748 0.176263814939529
1464104870.72104 -5.19832828086389 0.150847571061228  -1.4944749200602 -0.0990166240077736 0.957188293732861 0.195750213596234 0.188860086804771
1464104870.82199 -5.14885056362005 0.154120866624773  -1.4998963086864 -0.0980121147079407 0.955598485481167 0.193610154590821 0.199349612379599
1464104870.92028 -5.10037646632828 0.155742907594897  -1.5055190463183 -0.0930286173463843 0.953649724671899 0.201945451113236 0.202770593929452
1464104871.0555 -5.03995288881029  0.15493016871641 -1.51085275139812 -0.0956179325080105 0.949971478951444 0.207186991740756 0.213272010857297
1464104871.18773 -4.98156878663331  0.15755611754325 -1.51342379791712 -0.0992330743594657 0.945443615835199 0.212243290096579 0.22636685278241
1464104871.32002 -4.92214060479494 0.164784744570728 -1.51301613384805 -0.0973428612653748 0.945302411403491 0.20924757317738 0.230528027525487
1464104871.45397 -4.85795602222338 0.173696274197127 -1.51274782554113 -0.102324807043026 0.944380695072701 0.208348636781695 0.232949741765944
1464104871.55534 -4.80896318563263 0.179350893161933 -1.51212681805593 -0.107946846407914 0.943846886048716 0.211152414066059 0.230033023891798
1464104871.65519  -4.7627670040042 0.184273270555347 -1.51165454014196 -0.107789254356072 0.940725995181234 0.230537148464506 0.224206828204436
1464104871.75345 -4.71863892334329 0.184754616294953 -1.51264358670332 -0.0991676895788257 0.942727724867898 0.236922145014005 0.212833510780041
1464104871.88679 -4.65973670343511 0.185405715945784 -1.51478947511812 -0.100681286691242 0.941753455609982 0.236847411202931 0.216487900731942
1464104872.02003  -4.5998901721871 0.193537323690791 -1.51666807059341 -0.101216088197674 0.94125173232332 0.234082403461537 0.221372781249141
1464104872.12012 -4.55258902080432 0.204099248606495 -1.51851712330553 -0.10703255913597 0.939441991815965 0.231465785367099 0.228946206568377
1464104872.25333 -4.48731057442042    0.218448793792  -1.5241491232942 -0.107300184716688 0.937521605250459 0.235937411383671 0.232106544409976
1464104872.38668 -4.41989881585835 0.226912943042738 -1.53205474456841 -0.107966177432715 0.934746832306877 0.246386333709164 0.232132372977538
1464104872.51998 -4.35455619829991 0.226378889436394 -1.53553841275037 -0.109025086219164 0.931335375125653 0.242645409552047 0.248698924078457
1464104872.65612 -4.29379021248158 0.231458129263753 -1.53677663661331 -0.116262239752815 0.928032154552144 0.244129359734635 0.256203566408671
1464104872.82002 -4.21245892094732 0.241169893153173 -1.53793673012863 -0.129866228277224 0.928290972581877 0.232492571577899 0.25953388437184
1464104872.95331 -4.14825241192439 0.247875466021965 -1.54042140735402 -0.124980132746727 0.933389546958545 0.229360380290958 0.246084814647147
1464104873.08666 -4.08424030587684 0.254574283618108 -1.54225452882446 -0.12261261136908 0.933873397253681 0.23762838502342 0.237443416557051
1464104873.21983 -4.02335168411713 0.261625159258757 -1.54348530185309 -0.119826721047682 0.931766950519649 0.251699454087854 0.232592544278941
1464104873.35318 -3.97011492179163 0.270278509538606 -1.54635091089086 -0.126083488766434 0.928616713081529 0.259895459879148 0.232869714605287
1464104873.49003 -3.92243938734899 0.282191998049634 -1.54802625620166 -0.13455514119133 0.925708090816321 0.263180431905006 0.235998950926647
1464104873.61984 -3.87727887874175 0.299414515431462 -1.54921877204744 -0.144580592451435 0.921037986615064 0.27736576908811 0.232064020556015
1464104873.75347 -3.82366441389691 0.317898457489018 -1.55724795202635 -0.144043519096448 0.920263203504018 0.290017078012297 0.219675204208493
1464104873.85306  -3.7808303755739 0.329022271019257  -1.5646563371997 -0.142566639162235 0.918789951075897 0.301533331091272 0.211133676709657
1464104873.95312 -3.74069067863266 0.338791350049705 -1.57431268091417 -0.133095604609371 0.921161111581362 0.306165461802889 0.200026189642454
1464104874.08658 -3.69398467013203 0.352234199228454  -1.5813687760529 -0.147104560829753 0.91946078046365 0.307832357646504 0.195426101015335
1464104874.21975 -3.65186398583823 0.368620516661418 -1.58591622875606 -0.148403468022667 0.91635957090778 0.326771334318715 0.1774317969027
1464104874.38657   -3.593936418864 0.386835091371099 -1.59596587184071 -0.167234400745409 0.917117191082707 0.317567024708928 0.173435572606685
1464104874.58645 -3.52259216408465 0.411358611848183 -1.60875182465612 -0.172145908050981 0.916372994608601 0.321972342496271 0.164195407246465
1464104874.75304 -3.46745203850687 0.425373658695679 -1.61909089949423 -0.172990026016908 0.913368251981634 0.330406255704266 0.163292967889529
1464104874.91968 -3.41521516024971  0.44318132055149 -1.63625218607602 -0.185649977814065 0.908229131350583 0.32935906395812 0.179378197372015
1464104875.08642  -3.3629355863999 0.468606956709921 -1.65845066583966 -0.201020572792659 0.90117652991597 0.326310165598644 0.202467940844242
1464104875.25303 -3.30769280157885 0.499132879264188 -1.69029443375147 -0.210930966059631 0.892824868303073 0.323773174662692 0.231393200992581
1464104875.38638 -3.26324359910884 0.521633130801261 -1.71839726215245 -0.218905996817673 0.880885584365802 0.32539202224414 0.26502977884315
1464104875.55301  -3.2160741297483 0.539839981418535 -1.74862302730352 -0.224856144872129 0.870547512861727 0.32235132801053 0.296101947466331
1464104875.71966 -3.17257381863778 0.563004878303158 -1.76712106396009 -0.237376949746321 0.852717689739125 0.322148056266988 0.335775751325947
1464104875.88634 -3.13128963365029 0.592229496987662 -1.78404284984393 -0.245993305271986 0.836143163889716 0.326780436384986 0.365467439914827
1464104876.05288 -3.08772176578837 0.615786044407063 -1.80128315743674 -0.249168014750758 0.82768786860598 0.319159356789579 0.388568394959393
1464104876.21947 -3.05306023944872 0.633826869576739  -1.8073782922058 -0.255598733074645 0.809810565981861 0.322439611160162 0.418221032505132
1464104876.38606  -3.0269443405791 0.643384691838205 -1.80189075090242 -0.263844493509654 0.785340018042347 0.3234232076104 0.457192047267755
1464104876.55385 -3.00500490541274 0.649008424580864 -1.79813220038973 -0.266073302296044 0.768917669680963 0.314116508609785 0.489184458130545
1464104876.71955 -2.98405588469421 0.656697904308585 -1.79261472743007 -0.268221453042397 0.750909710641759 0.313474488729416 0.515679748979506
1464104876.8862 -2.95767156318774 0.661497166813568 -1.78545413020277 -0.262620481091531 0.742805922424218 0.29263920221967 0.54187834598459
1464104877.05281 -2.94036896140806 0.660687636646974  -1.7709915061776 -0.261911947977348 0.735544404982809 0.283272743645106 0.556895962018914
1464104877.21943 -2.92985460860585 0.654379871230969 -1.74630059034903 -0.263607818009879 0.721565808929642 0.275725039833525 0.577779719336515
1464104877.38613 -2.92264545726634 0.645256843357269 -1.70919471492859 -0.262884966263236 0.711584437186833 0.267757570609664 0.594007547635117
1464104877.51961 -2.91775093519437 0.633388741192935 -1.67320205569711 -0.262246749198923 0.708161904826846 0.262136985445041 0.600847368262853
1464104877.61947 -2.91335599893517 0.621580565074343 -1.64446928749592 -0.259827040129665 0.707287235511339 0.25637939598853 0.605395970429884
1464104877.75277 -2.91187799372974 0.608109191276763 -1.60365374139665 -0.257589440328748 0.703598711688008 0.257570964222446 0.610125996439766
1464104877.88594 -2.91421708952288 0.594777626543922 -1.56451585856985 -0.25968952009585 0.696002016923027 0.255722707287182 0.618666665151096
1464104878.01935 -2.91562065683574  0.58220286960203 -1.52607228896866 -0.2605114240106 0.688601390254023 0.247532655053058 0.629832920688161
1464104878.15562 -2.91571435495967 0.571808021229997 -1.49064165308152 -0.262798347687321 0.67853551628086 0.232813751136425 0.645232003918023
1464104878.28606 -2.91139616891846 0.562175871682737  -1.4584527494342 -0.261615463954211 0.668668757028502 0.220656282154787 0.660113814080275
1464104878.41951 -2.89987817982458 0.551701366233483 -1.42697672217236 -0.254668753782252 0.657907311115595 0.21027026280447 0.676822142374037
1464104878.55259 -2.88691778542226 0.539124536372137 -1.39529552145757 -0.249162134243716 0.646519519531691 0.203912323044477 0.691628878976459
1464104878.68591 -2.87453265985271 0.526839765204405 -1.36360607817249 -0.250208349490964 0.636291949271225 0.204945193011213 0.700375474298771
1464104878.82127 -2.86569133967637  0.51386376372599 -1.33676884111107 -0.248771513566003 0.630843024645351 0.210361695539907 0.704200091837512
1464104878.95293 -2.86116765000879 0.502013301061919 -1.30627462708324 -0.253104934666665 0.619097028520856 0.198403441143363 0.716444579759315
1464104879.08585 -2.85879261393705 0.490855440324796 -1.27274908036865 -0.254392438324623 0.612749204416561 0.190987076040848 0.723427146708977
1464104879.21921 -2.85941602880386 0.481171009555892 -1.23538161094492 -0.257998799311416 0.606284627744687 0.190366921093499 0.727747212339377
1464104879.35258 -2.86148154172873 0.466658207073583 -1.19218778882735 -0.261758243502154 0.604941964235493 0.190799123980549 0.72740878201588
1464104879.45257 -2.86349449002235   0.4544536412737 -1.15700943860473 -0.255861894800235 0.601097086338842 0.205473691849893 0.728695783946747
1464104879.55246 -2.86544538100692  0.44086624115993 -1.12516344780151 -0.250661043303586 0.599043188424344 0.219773731232875 0.728021845024127
1464104879.68575  -2.8682320246235 0.425849047688999 -1.08545906322061 -0.247118727414405 0.589218844963708 0.228263486962055 0.734608241051407
1464104879.81908 -2.86902126820616 0.416307324869016 -1.05056544540175 -0.244724283771468 0.580402488849104 0.234242704058818 0.74052233691194
1464104879.98578 -2.86345825490297 0.408253688835275  -1.0128731029333 -0.24669426806025 0.571901347978376 0.232442561254864 0.747021580681584
1464104880.11918  -2.85384355954899   0.40203942375487 -0.980553841915865 -0.245260052911075 0.565947084502843 0.233558581428043 0.751666011623586
1464104880.21901 -2.84261783274253 0.394408645670672 -0.95278529346875 -0.240561663763123 0.562005419068651 0.238599270399359 0.754553101530888
1464104880.35254  -2.82792066482671  0.383417976543603 -0.917968261681162 -0.239154793138665 0.559378460975739 0.255553803327878 0.751394021748824
1464104880.4857  -2.81790915102856  0.368549576598319 -0.886697070825112 -0.234585984843407 0.555408372991951 0.256968447561811 0.755286814318346
1464104880.61894  -2.81655508956524  0.358177323148127 -0.856981769412889 -0.242083140187084 0.551607720069148 0.279852707891678 0.747534038210282
1464104880.7524  -2.81684325293882  0.348873325664654 -0.825088478359029 -0.251182935485143 0.547740809031175 0.296844170678684 0.740790575923468
1464104880.88574  -2.81460698897057  0.340675842114798 -0.792272440069555 -0.254036609830025 0.559099518331004 0.318342950167171 0.722170960055144
1464104881.01902 -2.80711816935488 0.329877432073882 -0.75551074616728 -0.245695200186637 0.579916405959991 0.327093066508399 0.704514695762855
1464104881.15606  -2.79894987011147  0.317188402476551 -0.718210401845487 -0.24092358096116 0.595402236236467 0.348422258841181 0.682681429925756
1464104881.25228  -2.79120455070786   0.30621628401153 -0.692378839846553 -0.240458435436408 0.609690342357046 0.357071290090994 0.665550539821565
1464104881.38564  -2.77607036686317  0.290983925218979 -0.658705102845755 -0.233357840404069 0.624109084438289 0.373150310006295 0.6455933822351
1464104881.51899  -2.76127853965934  0.279308340467502 -0.633030399261391 -0.225441298722175 0.63739444189103 0.383646972694438 0.629062434595546
1464104881.65444   -2.7424153773371  0.272862176854505 -0.609463905096735 -0.215653672815792 0.649683840277361 0.398795116591061 0.610218695277883
1464104881.7856  -2.71978829349166  0.267822408047958 -0.587294586785011 -0.203454351624093 0.665401149032894 0.407473150754366 0.591450140827808
1464104881.91893  -2.69336368320387  0.260950338477453 -0.565361161037885 -0.192601306846378 0.67933121714541 0.420201993978181 0.569950978830254
1464104882.02053   -2.6691611529906  0.253090289320823 -0.548135178529658 -0.184369017022503 0.691072187062018 0.425561598755075 0.554368671099386
1464104882.11879  -2.64637238668549  0.243503241939215 -0.531935756565492 -0.183021613719407 0.697877218778248 0.426555971886182 0.545454378724853
1464104882.21889 -2.62289615011307 0.234395606548898 -0.51654183183517 -0.176879442049567 0.702118482957731 0.431813429320396 0.537847990725936
1464104882.35219  -2.59317466590165  0.224975713351701 -0.499170995376773 -0.172495169395043 0.711782374807427 0.433147679975814 0.525351648689185
1464104882.45276  -2.56953165726215  0.220469734605208 -0.484849406877805 -0.169481505525372 0.717985339938512 0.434619662927258 0.516603154767012
1464104882.55218  -2.54444538729816  0.217936726719438 -0.470312766816811 -0.1656057177693 0.7303178464672 0.435156738029 0.499849179974906
1464104882.65421 -2.51790758230051 0.215310929007307 -0.45136853719904 -0.164641835806515 0.739006343087847 0.438767457804988 0.483989471734186
1464104882.75242  -2.49060046070499  0.209886293395541 -0.433222384379477 -0.160591655157905 0.753240089592847 0.438960381479145 0.462767189000568
1464104882.85213  -2.46493598447495  0.203716553638154 -0.415651707136101 -0.158420412298008 0.764145552062546 0.441964372867631 0.442325718612515
1464104882.95213  -2.43858201041531  0.196976795255552 -0.401917596949952 -0.151399306554319 0.778264929574872 0.447773696938357 0.413377147044738
1464104883.05209  -2.41047313244184  0.190593406861374 -0.388397727835425 -0.145243830470352 0.784839469690531 0.453356807810374 0.396735228254529
1464104883.18523  -2.37497704119527  0.186231759111368 -0.374393421560072 -0.13993031832309 0.795508217768725 0.452131329399535 0.37836945232383
1464104883.32089  -2.33694817625432  0.187637766655391 -0.365220287476045 -0.136489018615271 0.806559033477711 0.452545331373139 0.355015487500639
1464104883.41862  -2.30357917482465  0.189396049432001 -0.360744263311146 -0.126798098215369 0.819648807565148 0.447523983893995 0.33439551191014
1464104883.51866  -2.26381839625444  0.190516813175602 -0.353359818441813 -0.114114556566716 0.824012536203109 0.450444577491867 0.32416182805487
1464104883.61866  -2.22330514590377  0.189657762337776 -0.348815162907282 -0.106037737703662 0.829548428544451 0.455108195408719 0.305748153475931
1464104883.71869  -2.18639504300649  0.185789589776136 -0.345101179980999 -0.105605908111959 0.833633801367802 0.460975755703507 0.285312863436786
1464104883.82128  -2.14805713177158  0.180850296688423 -0.341743396828575 -0.101607367414015 0.836197329629334 0.462824128372657 0.276122789722353
1464104883.91861  -2.11341753352799  0.176705296924186 -0.339222924053995 -0.0991091188599492 0.840506663539825 0.461438257043743 0.266083945476589
1464104884.052 -2.06733254890224 0.179391301170148 -0.33543973349104 -0.0998691300339783 0.842813588143224 0.467637546531211 0.24699501529721
1464104884.15197  -2.03110559898303  0.185672545261417 -0.335080030741607 -0.0983714456259821 0.848317087907977 0.470367467793015 0.222341229399254
1464104884.25191 -1.99402552267378 0.191222622474089 -0.33485324206897 -0.0995643987843558 0.853172342506488 0.472099449998452 0.198257392769753
1464104884.35197  -1.95421675556985  0.196817078067872 -0.339821150989677 -0.0956899787381227 0.86127136415023 0.470792134745305 0.165559146910876
1464104884.45195  -1.91890621378337  0.199675270063262 -0.345597611120457 -0.0901094788634843 0.865147750561206 0.477531801966869 0.123947689079354
1464104884.55195  -1.88634938520233  0.202263011339215 -0.353647893830444 -0.077797647292419 0.866524622115037 0.486005036089804 0.0829560741567798
1464104884.6549  -1.85582957253334  0.205110419424799 -0.363664727906353 -0.0708553387326882 0.868568256999812 0.487505887190513 0.0539139486587165
1464104884.75203  -1.82744174768651  0.212632399983929 -0.375517968552592 -0.0656641455941238 0.86877327541513 0.490086684402322 0.0271340686112474
1464104884.85201  -1.80170689468275  0.223640097133854 -0.390791125942327 -0.0613393898152462 0.871110149000877 0.487241376233958 -0.000654866705020835
1464104884.95195  -1.77789805925043  0.236117820987231 -0.406410946170218 -0.0546402165543739 0.871515673353266 0.486468533561588 -0.0286922234923024
1464104885.05195  -1.75052693265734  0.249706353459997 -0.427721694873047 -0.0452211359598472 0.871672971522855 0.48467827361584 -0.0568176967483312
1464104885.1519  -1.72202221613938  0.260298361244962 -0.449748743564856 -0.0389534140942046 0.870516829703141 0.484721895963024 -0.0756819946090868
1464104885.2519  -1.69731616610628  0.268315133013283 -0.471597582108276 -0.0342600882575822 0.867457485369426 0.485827185769037 -0.101566249300008
1464104885.35411  -1.67624453210193  0.272500016533629 -0.494400530597834 -0.0267504365464424 0.867235470589948 0.482271759207297 -0.120834609968773
1464104885.48754   -1.6503227032412  0.277584610585018 -0.527456062256426 -0.0188656211704725 0.867847150642302 0.476007791151336 -0.141074427956007
1464104885.61861  -1.62865233010086  0.284802982203045 -0.559181319874325 -0.0134096938149244 0.865378918373374 0.473222429269675 -0.164316889523956
1464104885.75188  -1.60518941548308  0.293937749552014 -0.592493960146962 -0.00819498454541908 0.863892456474886 0.467998361190574 -0.186011289434337
1464104885.85179  -1.58750946387218  0.302090363432861 -0.618598862788207 0.000985913365728993 0.860970196012876 0.463298949831034 -0.209960550194189
1464104885.95381   -1.5678306747929   0.30896834036305 -0.648896443291404 0.00190714174219235 0.864420799562358 0.447509223470193 -0.229147417623357
1464104886.05165  -1.54864080350494  0.313631570084706 -0.674769170803474 3.94618915293645e-05 0.862610345829813 0.444944270669269 -0.240682333603284
1464104886.18503  -1.52371940034269  0.314298891610618 -0.705401685409801 0.00773447762078799 0.864344393401489 0.429213942152974 -0.261962476917685
1464104886.32318   -1.4946066217826  0.313918574731525 -0.734862139312181 0.00484019532176019 0.871436484657856 0.418595807070816 -0.255641499015979
1464104886.42026  -1.47026055759669   0.31180886399788 -0.756976904129218 -0.0126586666358108 0.881899644865316 0.404504690510601 -0.241803080833053
1464104886.55169  -1.43347217417963  0.310172648181872 -0.786716508728971 -0.0221554847722358 0.892503151961483 0.388544585510239 -0.227992024649991
1464104886.68489  -1.39316335502651  0.306705213658327 -0.815992969338607 -0.0268047954595221 0.904307496544833 0.368308330381813 -0.214145811083362
1464104886.82002 -1.35297517558818 0.301923803457519 -0.84272865170324 -0.0222048373078626 0.911563704184071 0.353264414449772 -0.209195630685269
1464104886.98756  -1.30527869936252  0.289823957564237 -0.865713503210332 -0.0120566269950389 0.91745419686118 0.345160386102612 -0.197475928337621
1464104887.11859  -1.26634247543112  0.275695756688296 -0.878936059226622 -0.0110763917192287 0.925458729774204 0.327248027756775 -0.19055755393188
1464104887.25151  -1.22492380523359  0.264017733064146 -0.885687511744389 -0.0252463073090706 0.934463810553515 0.311768274476994 -0.170119233958711
1464104887.38496  -1.17961689441827  0.254842344050725 -0.886329547765669 -0.0422630369144021 0.939505941536339 0.302532038214695 -0.154973505420606
1464104887.55146  -1.11463312702335  0.239032924565443 -0.880716587371553 -0.0563195046045088 0.946001110804554 0.286926385862727 -0.139940204563974
1464104887.71824  -1.05145585949751  0.217369733744434 -0.863978660537216 -0.0592496738691049 0.950140800090314 0.278892676224372 -0.126256925744891
1464104887.95145  -0.97349992017653  0.203836666117501 -0.837377243282177 -0.0732107727457785 0.952711976834193 0.276262100480475 -0.103244001224126
1464104888.15399 -0.915243252358815  0.202832900243332 -0.803735971914339 -0.0884214479751752 0.953308651013491 0.279720062852175 -0.0717004175635417
1464104888.38488 -0.849842118488932  0.196765386038681 -0.757632001539755 -0.0812441873339851 0.955202273568541 0.279206927098836 -0.0550589725108955
1464104888.58479 -0.796692104906623  0.199418839200107 -0.706987250939728 -0.073088002719178 0.947842970251296 0.308455404875117 -0.0332732746667687
1464104888.75136 -0.758789900896229  0.210054548932349 -0.663175131223016 -0.0746080090441386 0.937632751528211 0.339095235589582 -0.0171140132216929
1464104888.98704 -0.709172287738003  0.236833088412661 -0.623650277622148 -0.0917745168002288 0.92932532451342 0.357666018018451 -0.00262656409337239
1464104889.18478 -0.662136980720546  0.265779911323571 -0.605863260369154 -0.11553723824778 0.91612348283122 0.383653213103022 0.0133836788290094
1464104889.38471 -0.618714186206005  0.296454317243174 -0.614244353608925 -0.133776752178681 0.905873472590343 0.401690779505479 0.0118974742663115
1464104889.55127 -0.591756965534305  0.319456648626836 -0.631864508086545 -0.133828963896362 0.899588753387781 0.415694879665022 0.00525834773744012
1464104889.71807   -0.5691544518461  0.341523417919648 -0.663780330050087 -0.141125966879178 0.900442916424512 0.411438203130833 0.00214959014875352
1464104889.85135 -0.551937808351905  0.365817156079828 -0.702332182412054 -0.147722545449711 0.901337437215388 0.407092554413017 0.00667277913157205
1464104889.95127 -0.538964818279486  0.382788430556894 -0.737926156160124 -0.145075815931539 0.903227877110447 0.403877223524655 0.00394942532138439
1464104890.05125 -0.522145877833125  0.396983084386084 -0.780765944810906 -0.141100580129446 0.908828430883253 0.392542151195724 0.00567177574059815
1464104890.18465 -0.497422629187205  0.408024776762571 -0.833930203294158 -0.12521806832488 0.914767631171523 0.383938426480208 0.0105783267924117
1464104890.28464 -0.477086385435243  0.413712377177586 -0.870451648734838 -0.12572032082764 0.917937500083622 0.37549243901293 0.0243017512814973
1464104890.41819 -0.451845213273004  0.422780780409059 -0.911688173010251 -0.127885842543416 0.918722890346133 0.370853122401651 0.0454029033868405
1464104890.58507 -0.421113978215124   0.44279717275935 -0.961411051380137 -0.130865799684539 0.919606098754345 0.364457398583629 0.0661027247879661
1464104890.71793 -0.39270800102036 0.463482510626242 -1.00527304666161 -0.134878813655028 0.921245188029216 0.355023713862048 0.084102150719375
1464104890.85153 -0.357324123767136  0.476894382396402  -1.05498088957516 -0.128136916764241 0.92832493555344 0.334683082786209 0.0988988305723281
1464104890.95121 -0.330105161012184  0.482998875282271  -1.09154442609838 -0.125532356333747 0.930309161348786 0.32570066255248 0.112630236778102
1464104891.05124 -0.307623978632057  0.485643836722763  -1.12855623454645 -0.117163267060554 0.933872064735774 0.31503115846165 0.122111034538855
1464104891.15428 -0.280911660680751  0.485181467277879  -1.16091630570258 -0.111390709587255 0.936806977505192 0.301202972873079 0.138786043418109
1464104891.25103 -0.255863372791017  0.486971257682049   -1.1922485488816 -0.10565914653468 0.939352712755369 0.286907498874589 0.15535994619663
1464104891.38451 -0.224218351666554   0.49052842032873  -1.23233629047421 -0.0991280270887652 0.94175139503932 0.268420871810025 0.17671496757131
1464104891.51783 -0.197015286418959  0.499983872484146  -1.27128248744294 -0.0859856594963135 0.940613535367252 0.256371956389345 0.20524634813317
1464104891.68533 -0.151713647421782    0.5011643963168  -1.31933440040588 -0.0676972443685566 0.939827659631416 0.236392785137605 0.237190860767283
1464104891.85102 -0.105719922307389  0.500129553834989  -1.35734530927604 -0.0584315511568193 0.933602072560274 0.224919558579654 0.272734515800445
1464104892.01758 -0.060675582155739   0.50595685439893  -1.38697898530593 -0.0457234681294109 0.924276121783917 0.221378435833533 0.307594868796927
1464104892.2177 -0.00424902274085782    0.521383610338806    -1.41838048116653 -0.0338773846564774 0.916850339659284 0.213762731045008 0.335474696946987
1464104892.45106 0.0734832419420025  0.540161765968588  -1.45998543158082 -0.0162036297831721 0.910685532310337 0.213871585011182 0.353055588749551
1464104892.68425 0.144255971642868 0.548920576092868 -1.49751091389623 -0.00689387756541905 0.901703479006493 0.207645564395461 0.379165702545195
1464104892.88428 0.196448858488435 0.569860373994745 -1.53673442852519 0.00158804776880993 0.889995104560624 0.206460099696593 0.406546945869332
1464104893.08417 0.246737901448005 0.589878441478315 -1.59517100027659 0.0114779646333043 0.880234311589023 0.196213847929706 0.431921218406661
1464104893.25103  0.28692887878472 0.608206967751693 -1.64367752785997 0.0205749293511666 0.863865137673073 0.185349829258767 0.467930696780007
1464104893.41763 0.322291739322659 0.619867898878916 -1.68414453628307 0.0198147417573316 0.845596831729615 0.181205080376855 0.501735082512221
1464104893.61746 0.363355381220143  0.63723978187436 -1.72921843649322 0.0204924125901217 0.824838131724157 0.180027173564978 0.535548629218902
1464104893.7842 0.397022413392833 0.665152095910032 -1.77730673391847 0.0230963391278277 0.811357062513655 0.170141936880219 0.558764706779833
1464104893.91757 0.426469801140056  0.68525718635616 -1.81951636468115 0.0191757329649182 0.798266995194666 0.158807358698429 0.580674020833864
1464104894.08405 0.463922929004652 0.704347445509112 -1.87107013036016 0.0251903288578363 0.785256300624696 0.160649011038553 0.597436092744308
1464104894.25084 0.484706501977124 0.720226047457912 -1.92261985408031 0.0363233189710009 0.77149921943222 0.165320416191791 0.613301500817159
1464104894.41748 0.499015949480322 0.737086355819076 -1.97105288771475 0.0478375841111352 0.751615280773627 0.152836251839824 0.639864919633469
1464104894.55086 0.501445735094098 0.759035516851792 -2.01603589965849 0.0519704230782327 0.732097815584585 0.145778730764061 0.663385578075201
1464104894.68415 0.503657936805121 0.775002714152458 -2.05854385575006 0.0513013179011713 0.705539498781915 0.136886591020025 0.693429341489876
1464104894.85074 0.505422115951879 0.790359312445384 -2.11468332921845 0.0637836779985697 0.683673439643831 0.134732241008007 0.714401493265172
1464104895.01787 0.515943139626466 0.808996072560998 -2.16509833235332 0.0777876036194498 0.666037395577318 0.128290964288482 0.730674144128323
1464104895.18404 0.534719887813356 0.831666305970244 -2.20936578546171 0.0906226325509724 0.640791574989005 0.119351179751699 0.752946871820662
1464104895.35072  0.56285127238501 0.849753452032241  -2.2434171782509 0.0944108002041175 0.614211202777785 0.102908920662335 0.776685878096929
1464104895.51827 0.581928217331482 0.861957293915233 -2.27576601080035 0.0990500193463806 0.582793948134114 0.103282506107428 0.799920640825015
1464104895.71724 0.606133994488918 0.872547195445748 -2.30659747620841 0.105182800041662 0.555502631909661 0.115527771012298 0.816704805080615
1464104895.91722 0.632698568745255 0.886799778286261 -2.32781426850332 0.110497571968441 0.523204494056371 0.114212462288025 0.83725913398804
1464104896.08387 0.659738327479574 0.894534898948349 -2.34761062292823 0.117987714163375 0.489059135596147 0.102435492932232 0.858141614760747
1464104896.2839 0.690651623506463 0.903046592469247 -2.36754381894957 0.11187300060843 0.447781412597972 0.0906430891212656 0.882473834547623
1464104896.51718 0.730973166311313 0.906145670922022 -2.36755970640973 0.107553481796795 0.408436713655781 0.0873699482465749 0.902207399456933
1464104896.71712 0.766584616499454 0.907675164005792 -2.34256292188827 0.106718045734842 0.374265268440759 0.0768137218608435 0.91795229706526
1464104896.91707 0.812577652524696 0.901145418767356 -2.30782345339737 0.111486417891846 0.345139182524242 0.0684745160499479 0.929387413280311
1464104897.21709 0.865682671148044 0.884266328622613 -2.26127678709864 0.111382726921158 0.310898044581017 0.0648225150641085 0.941665723895731
1464104897.51717  0.92337001577358 0.876770471614319  -2.2095884694937 0.113467536697159 0.273168602956667 0.0623044779640781 0.95321675630478
1464104897.75047 0.980079556368328 0.874355751152817  -2.1646252267142 0.103204019079557 0.234800087733358 0.0556456991369155 0.964946322555715
1464104898.08379  1.02101523916193 0.873747989231438 -2.11946384167626 0.0921635816022578 0.202076761436564 0.0316182731679483 0.974510719035676
1464104898.48644  1.00758514788699 0.896244227864919 -2.11685541578891 0.0719819540759808 0.163443132653372 0.0422684290676958 0.983014913711895
1464104898.75037 0.967871885797388 0.903423031919255 -2.12527943392742 0.069719513522872 0.125572228919369 0.0341889155988584 0.989040910583849
1464104899.01691 0.926460834801103 0.911523452628332 -2.13024473366949 0.0653950128665139 0.0945869040319364 0.0171039126229394 0.993219143014687
1464104899.38364 0.857186273977081   0.9097679482897  -2.1402127727671 0.0696697410851249 0.0857682604374668 0.0205340031866064 0.9936640717022
1464104899.65264 0.782874006147548 0.904235944873182 -2.15034047564221 0.0788323188341014 0.0832529007838269 0.02050887098859 0.993193740530562
1464104899.91708   0.6988269998745 0.893216760465831 -2.15352028208837 0.0846284329663415 0.0872504889090355 0.0257649467763537 0.992250748569336
1464104900.21678 0.624385024183848 0.878342427539022  -2.1416243035412 0.0870503478575601 0.0790536289217192 0.0304174525132451 0.99259636271487
1464104900.45019 0.581520837096543  0.86479197728758 -2.10624384372981 0.0836895512196502 0.0709781710226533 0.0274865049526248 0.99358072158251
1464104900.65327 0.548424662188585  0.83744273347434  -2.0581707709715 0.0845296157592269 0.071906664637585 0.0363037167477771 0.993159713133085
1464104900.8545 0.513136101813824 0.803700626002234 -2.01297432824101 0.0919932054835626 0.0744908924557232 0.0322207745617711 0.992446562174835
1464104901.01663 0.473752761237266 0.782208584145696 -1.97077889418282 0.0977294399059845 0.0759611529966152 0.0242733807744195 0.992012934793124
1464104901.18336 0.425748389583481 0.758534372200573  -1.9221785506608 0.102255208212007 0.0890314045648063 0.0246006749245494 0.990460543478635
1464104901.35005 0.372042337965372 0.730219949541259 -1.87099385796463 0.0998668646120239 0.100835686854101 0.0245691228356753 0.98957320689897
1464104901.54994 0.312417682073267 0.699478464776593   -1.807302200794 0.0924926300560856 0.106425865676752 0.0338364339538305 0.989431020454458
1464104901.75004 0.258335751873478 0.672499331052811 -1.72663167652643 0.0910158451694841 0.0981421973653922 0.0323907030775102 0.990472143666101
1464104901.94978 0.207585960324727 0.633254289900034 -1.63083455107432 0.0991848712662326 0.0878953168536305 0.0338206331990557 0.990602311403075
1464104902.18326 0.156566943103796  0.57806267461975 -1.52319231023924 0.0885573595559049 0.0702914851077943 0.0299598804114795 0.99313599610303
1464104902.45125 0.092463041596115  0.51935968915661  -1.3790275715298 0.0898307258014581 0.0625344691786441 0.0252007332034839 0.993672382585194
1464104902.68319 0.0399927052418917  0.458471323803197  -1.23925502238918 0.0856720086342306 0.0733070285295968 0.0293019213974357 0.993190708729776
1464104902.98307 -0.00387975556108722    0.376118584056868    -1.06753073728057 0.0825070577238549 0.074620618877931 0.0328472870007185 0.993249920413145
1464104903.24982 -0.0284617039606118   0.302766295284338  -0.893024552842521 0.10019498823079 0.0756454640456652 0.0295340039745701 0.991648360414103
1464104903.48311 -0.0458227499970185   0.226423133320564  -0.757122987341067 0.0931744613643151 0.0691422676113212 0.0338174077204896 0.992670262229156
1464104903.68304 -0.0650531664638733   0.169376351285307  -0.633301723952028 0.102545696639562 0.0712762540669984 0.0263602332720019 0.991821160194079
1464104903.88292 -0.0814343448193248   0.108768033796984  -0.506605813673352 0.108353687750636 0.0821671825078771 0.030046422657901 0.99025514134238
1464104904.08345 -0.0854700237681005  0.0473911578275873  -0.395132342896363 0.0940233086430893 0.0907315293006373 0.0499888922985576 0.990165904113718
1464104904.28304  -0.0852295809815456 -0.00191344421009292   -0.280778155911187 0.0867743777781951 0.0841049138092851 0.0409658004666938 0.991825778061078
1464104904.44968 -0.0765653385906352 -0.0391109602396013     -0.187859802239 0.10309709882194 0.0715995422133622 0.0294365417141036 0.991654165413149
1464104904.58301 -0.0673617567857073 -0.0718778536422983  -0.122272291298655 0.0952084839218669 0.0587760308703115 0.0324396712383645 0.993191014112783
1464104904.71628 -0.0521095285496816  -0.109703505324044 -0.0704176580667425 0.104393849236464 0.0570077715269664 0.0330307881825425 0.992351250948556
1464104904.88423  -0.0266599361373388   -0.144658695259276 -0.00933218046036363 0.0810158354679281 0.0472825957266415 0.0276571539990064 0.995206447114095
1464104905.0496 0.0109488972588897 -0.171782871303082 0.0480280572492886 0.0804535641442937 0.0465814654358322 0.0350056142132198 0.995053766420632
1464104905.21618  0.058050007017006 -0.189067083560356 0.0991585290136321 0.0908412467288653 0.0471241194261415 0.0273750205373114 0.994373065560224
1464104905.38279  0.111319183837442 -0.199739544235717  0.137789027502399 0.0858846467020262 0.0497531726661022 0.0343382311552856 0.99446937366198
1464104905.51704  0.160265036488448 -0.202206777714579  0.157339552313501 0.0819362790804803 0.0595571257707242 0.0422089550893952 0.993960662727976
1464104905.65206  0.210514061808501 -0.201649284457244  0.167248952706653 0.0829293217762646 0.0680292806967615 0.0499612111985247 0.992974633076388
1464104905.78438  0.257929319080117 -0.196948565646607  0.165874767607143 0.0937264903728181 0.062677676508713 0.0497953212643782 0.992374566305506
1464104905.94953  0.312163361184425 -0.177441505711585  0.155018160983899 0.0783081107213015 0.053001957306226 0.0382814964617988 0.994782970976893
1464104906.11617  0.355015540233944 -0.157647634694799  0.136193555626002 0.071659122878835 0.0477093680852373 0.0441618135728173 0.995308254023397
1464104906.28282  0.391572978718589 -0.135703092236981  0.113076447449285 0.058507876497321 0.0613620220952273 0.0519978561227076 0.995041583850043
1464104906.48522  0.415154338247849 -0.103033584540686 0.0755558050299876 0.055110330683622 0.0795285066324141 0.0562380057185475 0.99371794529311
1464104906.65182   0.423307598011718 -0.0688166346310197  0.0317665783736645 0.0445046572735701 0.0987957260271716 0.054029342443722 0.992642720295084
1464104906.851   0.419726908207738 -0.0281634064549775 -0.0220802162646042 0.020862656683348 0.10430203825949 0.0602462080649238 0.992499989312255
1464104907.11636   0.403535992118157 0.00887157126521602 -0.0832495640007398 0.0234513609341548 0.108073326481758 0.0550129263798479 0.992342565702303
1464104907.38295  0.375550956606457 0.0478378249664075 -0.140442797557507 0.0280970097881515 0.111178916997955 0.0507901813250461 0.992103907832791
1464104907.65189  0.330647870929097  0.080868203297125 -0.197124850748811 0.00791143562341334 0.104213326309514 0.0546714912810956 0.993019647261314
1464104907.94921  0.260251211223766 0.0954875578332445 -0.222997806619113 0.00907837100144288 0.10049061900397 0.0430654104839507 0.993964078371049
1464104908.18256  0.188976505794786 0.0913468065946564 -0.208860621317409 0.00657741640700195 0.101783578106241 0.0451661513253947 0.993758954473242
1464104908.41637   0.12479532476916 0.0724362803449131 -0.183507005960565 0.00855236983065407 0.107865640162466 0.0551247763086704 0.992599173724994
1464104908.64918 0.0789919728577618 0.0482687733786918 -0.146588693570344 0.0163445787433747 0.101219786526642 0.0456031797052622 0.993683933432544
1464104908.91574  0.0607039289731227  0.0204292725941482 -0.0784849987295569 0.0197219281511882 0.0928018623755368 0.0391373059846168 0.994719624401719
1464104909.14914   0.074357163454562 -0.0134643328013965  -0.006418795060674 0.0202414840398992 0.0928905086996168 0.0453122030036756 0.994438756272272
1464104909.38242 0.0986061304148221 -0.039059741796159  0.062252674662913 0.0138658092682804 0.100746091943471 0.0392951276251265 0.994039162828295
1464104909.58245   0.128238023015713 -0.0558317298733382   0.119806345308738 0.00890349022847738 0.115813334160262 0.0518992608987801 0.991874218946432
1464104909.74892    0.15642921073934 -0.0689222744910783   0.171783934142414 0.0131707444317963 0.128899554622703 0.0532614869913519 0.990138702562753
1464104909.88226   0.178560151485784 -0.0790122386864152   0.217931963752393 0.01259551688389 0.133562335271193 0.0503982959380968 0.989677961418698
1464104910.0156    0.20070650901006 -0.0887925458696198   0.262286370418289 0.00839174319318009 0.135910866929875 0.044949263516447 0.989665286147735
1464104910.14893   0.220225614865192 -0.0983793057515173   0.304192503040489 0.00356564931487643 0.135792251931869 0.0390896739899377 0.989959467780169
1464104910.2824  0.237586261853917 -0.105447027913797  0.338799896114255 -0.00143816009637709 0.134290017292893 0.0322827357050823 0.990415038217013
1464104910.48305  0.258657663793868 -0.107595479221279  0.366681744942792 -0.0151156906592357 0.142293479410018 0.0328521865069267 0.989163694974193
1464104910.88229    0.25454672751298 -0.0964144862202483   0.325221738411364 -0.0109730592619717 0.154692794246885 0.0599909422448713 0.986078505103471
1464104911.04894   0.239092641889215 -0.0841058610614237   0.279907699678609 -0.00580728278937286 0.147994716889919 0.0609926557750924 0.987088514359669
1464104911.21549   0.220658855427891 -0.0665394431936792   0.221998711662949 -0.00497671925018529 0.138767022019576 0.0537533170784977 0.988852631471637
1464104911.34893    0.20471065004605 -0.0486966173177854   0.169356844644646 -0.013273367083062 0.128996905452293 0.0482844846022681 0.990379838575435
1464104911.51555   0.181302837387573 -0.0303962100073953    0.10401089498226 -0.0131710776970593 0.117011064403955 0.0537481969849853 0.991587648592002
1464104911.68228   0.151646427080779 -0.0159970215346833  0.0419877329348484 -0.00738957013057895 0.105753139996106 0.0564686055131288 0.992760275306004
1464104911.88213     0.11104170696329 -0.00133963204053907   -0.032051867480616 -0.0034054070745153 0.099183890210884 0.0565082362748046 0.993457486940636
1464104912.11678   0.062255809202849 0.00656637537375374  -0.128393513787953 0.0092219579738867 0.10939857932691 0.0624129985833785 0.991993711643482
1464104912.34871  0.00535658793833377 -0.00109352693467191   -0.225314157133504 0.0168356514723047 0.0979510965796636 0.0748549372226353 0.992229248657658
1464104912.61825 -0.0399082255023117 -0.0284122959988608  -0.304462546550927 0.0411965541722874 0.0753834538521201 0.0607813440958099 0.994447488316785
1464104912.84915 -0.0536573245512156 -0.0608702698176339  -0.350493168375482 0.0854880223253832 0.0579384283467113 0.0437144682103352 0.993692096088469
1464104913.15181  -0.032518771266837 -0.0971345715267398  -0.398489328090676 0.11032809490228 0.0722245180169379 0.0576368606897368 0.989590482352315
1464104913.41535 0.0158014394685313  -0.10041369904209 -0.415085333621987 0.10365939328762 0.0917789571160447 0.117736050443352 0.983346111824282
1464104913.61517 0.0619605787230389 -0.086679411535981 -0.407844783005828 0.0981793269664311 0.13526273057835 0.138231817340148 0.976195051282144
1464104913.88178   0.113371172729585 -0.0650256770639426  -0.375559933913445 0.0989778449503511 0.170769870257505 0.134652158240404 0.97103544420501
1464104914.21522   0.153701664459758 -0.0225788682802263  -0.296996998766158 0.0740997578461997 0.192651727956824 0.125988472357971 0.970320278276863
1464104914.54924  0.177960261508414 0.0178142926435836 -0.219189934799238 0.05227609468457 0.215555736028067 0.0907398255484665 0.970860040710999
1464104914.84904  0.183705377681876 0.0523285555504887  -0.13972308210651 0.0132041219785322 0.215278032165019 0.0640297271073689 0.974361952293135
1464104915.11518   0.183831415620897  0.0551414251499489 -0.0503180550318226 0.0062135493026049 0.208331364593971 0.0597627493429281 0.976210964967334
1464104915.34867  0.174567248975263 0.0389210017734597 0.0170045065660538 0.0056697068099173 0.193953003732516 0.0493802131916634 0.979750826135385
1464104915.54838   0.15493075930764 0.0202529012257754 0.0622582647588078 -0.0046193383740928 0.175020260616325 0.0440380314486975 0.983568615742137
1464104915.74833    0.128643942699341 -0.00255915509946366    0.108639255365423 -0.00845366528211415 0.158831524104619 0.0513320920390809 0.985934124990505
1464104915.91501   0.110636724905983 -0.0290266092403352    0.15456491068209 -0.0065525027888388 0.158961270399321 0.0583910008324452 0.985534814322671
1464104916.04838   0.100797058841435 -0.0561056995109545    0.19397563145184 -0.00468188691590235 0.162808867134124 0.0690277452306217 0.984228897719319
1464104916.18183  0.0951889709349244 -0.0857189428042357   0.232768737339121 0.00727585869730496 0.158312731418912 0.0684157653351054 0.984989047657136
1464104916.3172  0.100200994099784 -0.110603146114505  0.267637048816349 0.0197508303998275 0.16433296700828 0.0737757199810695 0.983443808152783
1464104916.48348  0.120673848727385 -0.125319423709226  0.307733120466326 0.0177557033638 0.174874805531625 0.0628644421365855 0.982421294202843
1464104916.61494  0.142098018717401 -0.123164028555329  0.341393528914226 -0.00510261884728715 0.17256370564201 0.0567942605492881 0.983346400178826
1464104916.74829  0.167999006410434 -0.119843199072787  0.373806871487268 -0.0225255709953131 0.175702449154095 0.0599367454593447 0.98235881151254
1464104916.88158   0.19629287067677 -0.126110874344702  0.400642602447973 -0.0236570381331895 0.179658992951067 0.060724325043517 0.981567902463494
1464104917.01488  0.223484658341944 -0.140988345914458  0.422331798912241 -0.0269517145676435 0.179300346041641 0.0658381749291122 0.98121879604562
1464104917.149  0.252522896739978 -0.161054867631522  0.437976670864617 -0.0282493539574371 0.182544664375252 0.0819220018101182 0.979371331583959
1464104917.28151  0.280837193531318 -0.184818543607303  0.446750708997354 -0.0220250660402941 0.189585607313583 0.0874668611609913 0.977712504862296
1464104917.41468  0.307008784977881 -0.210596247349224  0.446443856889739 -0.0121785124261339 0.201069142678947 0.0929927028934343 0.975077043574513
1464104917.54814  0.328899844008065 -0.235152389850603  0.436359588003416 0.000700138729402092 0.216720026875815 0.0944675641697547 0.971652108049244
1464104917.81986  0.335716395824308 -0.275746003729412  0.395446006888893 0.00833156631566948 0.2189409556323 0.0877829875456921 0.971745640611316
1464104918.01515  0.313849355526142 -0.292321776465498  0.351216777274661 0.0318936812808399 0.199141082853481 0.0803363591925702 0.976151469601917
1464104918.18146 0.288687340210051 -0.28677654422611  0.30567828804927 0.0395908675086152 0.181672041349145 0.0763089704636496 0.979594188237521
1464104918.3814  0.253854401166127 -0.263223233350102  0.258560852085576 0.0362843018263615 0.156264528115206 0.0821704225786365 0.983622319972028
1464104918.58137   0.21771034181216 -0.233599642746064  0.211524859671508 0.0350194242431386 0.129811422133326 0.0874971753214095 0.987049582807357
1464104918.78134  0.184399038224304 -0.199258541005006  0.158260834323074 0.0393989296444128 0.098223652245567 0.070695179827781 0.991867949896323
1464104918.94797  0.167151398649043 -0.157373939677623  0.109892629247532 0.0349199375335353 0.0748495332899404 0.0567681539008988 0.994965085835486
1464104919.0813  0.161809400213843 -0.112953784192953 0.0689934235230189 0.0100542841205908 0.067588417592828 0.03240758955542 0.997136131788096
1464104919.21718   0.161833930890896 -0.0679163004893638  0.0303239059997024 -0.0140615520404087 0.063760901760105 0.0337103169550159 0.997296563060229
