1461162996.11289  1.57497035774205e-05  1.43943262850877e-06 -2.11833607696435e-06 2.75043663532661e-07 -7.92109179577716e-06 8.39692473746823e-06 0.999999999933336
1461162996.55257 -0.00505623844455471  -0.0251349095258434  0.00276531791272348 0.0177176656151649 -0.00881104716483976 -0.000883113554156135 0.999803815697589
1461162996.57255 -0.00427847082481107  -0.0266335586804095  0.00217408711393608 0.0188175240437602 -0.00789388675436284 -0.00125749743741542 0.999790981176049
1461162997.45245   0.0199521761612848  -0.0204437798005749 -0.00626033336307482 0.00731746854345225 0.0213970731647821 -0.00328157597132796 0.999738891497795
1461162998.8126   0.0508291628285789 0.000494720591040216 -0.00413070936144512 -0.0109176493332992 0.0427083794320358 0.0121829182437103 0.998953640447039
1461163000.01236  0.0115092191861371 -0.0187218361436856  0.0179638380903797 -0.00286637928920012 0.0631113700302316 0.0219997247857121 0.99775986637669
1461163000.29235 -0.0126188049565547 -0.0362468241528645  0.0347805115184474 0.0119838238819829 0.0893259727574 0.0194629470197894 0.995740152976375
1461163000.5523 -0.0480724976544458 -0.0269878432502564  0.0567654132894733 0.00224304638626414 0.0979065277680583 0.0224599393218077 0.994939612081544
1461163000.75241 -0.0824115106782699 -0.0218887819309237  0.0770974068211049 0.00807809229390057 0.116378495913698 0.0233194862552329 0.992898278613952
1461163000.95304  -0.116737821150616 -0.0160941412428581  0.0972425670382853 0.0136509462675788 0.144267725256804 0.03525620748378 0.988816198769563
1461163001.13229  -0.147506776156697 -0.0237571917746461   0.115698709962231 0.0256260465093169 0.171333977180969 0.0337806826030914 0.984300177530474
1461163001.35283  -0.193668361562709 -0.0322212322551757   0.134448277375718 0.0332266108285562 0.187383031242957 0.039358973892305 0.980935504051716
1461163001.53234  -0.246294233047958 -0.0293179953833039   0.150262478556236 0.0253416085702606 0.182524826710231 0.0274959151046084 0.982489931328577
1461163001.71231  -0.295633804589818 -0.0334368868678469   0.159733374559162 0.0146628452613438 0.17695226715734 0.034891238290126 0.983491483240857
1461163001.95228  -0.307099252874772 -0.0817736939697689   0.146546039458213 0.00643356799092069 0.172248629760302 0.0659358713501581 0.98282321890455
1461163002.0723 -0.302958086156118 -0.133685873028212   0.13082041310389 0.0208488372608367 0.1759791778881 0.0813961478590653 0.980801367274947
1461163002.19221 -0.296344540932359  -0.18269414691992  0.114591500999371 0.0310600107107589 0.18957941392088 0.116990844078983 0.974375730380099
1461163002.3723 -0.300884761954462 -0.239003899423245 0.0971174711555816 0.018712685045205 0.203972612515674 0.126025809649901 0.970650557133728
1461163002.55222 -0.326687825875698 -0.296345260722479 0.0892358055121506 -0.00416840264899839 0.203846336026207 0.127892997604785 0.970604284387674
1461163002.6922 -0.362355896767977  -0.35470173963883 0.0893163154635327 -0.0027279385118647 0.20779124431345 0.11097114306253 0.971854290799572
1461163002.81221 -0.402962529138577 -0.403338621097675  0.094173058168175 0.00728665380735114 0.205035164016582 0.113770923290859 0.97209241495165
1461163002.9922 -0.454827069484911  -0.44671624428366  0.100283498732038 0.00432659798562912 0.228498392740899 0.105237689147031 0.967829940561713
1461163003.17419 -0.511672608741661 -0.474394040860901  0.110561988884807 0.0110063387209153 0.253163429658803 0.105703933796153 0.961568415023794
1461163003.3322 -0.577867121550484 -0.494828927100704  0.130260209920188 0.0162141239099389 0.259889272916253 0.114518452305468 0.95868670173861
1461163003.47227  -0.64430600734274 -0.512173243865268   0.15675468029273 0.0191260074670615 0.247047621677507 0.111318904182641 0.962397927072494
1461163003.61214 -0.710398961154743 -0.520676546606968  0.186630791089474 0.00177805830687805 0.23409500523094 0.0967187140131949 0.967389196442785
1461163003.75232 -0.772651885206335 -0.529225029555791  0.214422547711121 -0.00685550018497146 0.217433083996918 0.0966724842955867 0.971251917311324
1461163003.93213 -0.839998405977482 -0.539777387384003  0.247195838303138 -0.00855939426211968 0.230827429437474 0.0883173841124833 0.968940387357593
1461163004.11244 -0.909529056366596 -0.538387183917627   0.28651253909402 -0.0153523787554421 0.241391656007487 0.0868128145339753 0.966414977175541
1461163004.2721 -0.974319183445858 -0.539189336950598  0.315318714953152 -0.0118861236202255 0.26124922734181 0.0986197922551195 0.960146706422591
1461163004.45312   -1.0551698750083 -0.548255531963651  0.342558862576867 -0.000167901170592714 0.258737264387993 0.102858983608511 0.960455636308746
1461163004.65213  -1.15003404451093 -0.547894514444925  0.354245356913723 0.00975677141193045 0.256125361509597 0.0960444743503589 0.961810825240576
1461163004.81213  -1.24563919669875 -0.544750996914329  0.357873807464404 0.0116974618377699 0.240303437814183 0.0837418154899911 0.967008136211728
1461163004.93211  -1.33045012554291 -0.543810764098043  0.359456165212061 0.000435844454021379 0.214462837045941 0.0852513957274754 0.973004471260197
1461163005.0522 -1.41061787543764 -0.54488724972593 0.359302391271244 -0.0156558923076748 0.194886227868346 0.0903746610484848 0.976527865380026
1461163005.21203  -1.50437432186779 -0.551541348870865  0.354888638024462 -0.0131739392420895 0.172483905213502 0.0975274674288175 0.980083742781231
1461163005.3737   -1.5964241692761 -0.547288611655239   0.34862293822207 -0.0110105159882843 0.154727081371812 0.0927383822890892 0.983533370698847
1461163005.51211  -1.68139896763524 -0.536978870426571   0.34968632661641 -0.0210504881657081 0.141694893834686 0.0847210830146529 0.986053635509746
1461163005.67368  -1.77540395095283 -0.537136253214354  0.351476384262668 -0.029314609079307 0.136032750002522 0.101536729955241 0.98505128652841
1461163005.85225  -1.86731181846275 -0.547317313793688  0.356586895006097 -0.019536129508867 0.130758380519461 0.113224443418457 0.984733878253572
1461163006.05204  -1.95631961656279 -0.563125143950028  0.350292387264657 -0.000158986648788846 0.124345393864175 0.102538100989418 0.986926611047393
1461163006.27413  -2.05882499035916 -0.567261418460151  0.329160138885313 0.00386585512601322 0.110437761012657 0.0955654024696952 0.989270342200483
1461163006.43193  -2.14222785056734 -0.567235807242799  0.316987407847991 -0.00738006764115372 0.0893948055682836 0.0883451087265817 0.992042965351355
1461163006.65213  -2.22405458277924 -0.566440247514451  0.330012878221035 -0.00105776656434007 0.0728138230626244 0.083318213305803 0.9938586939965
1461163006.95203  -2.27565706999239 -0.562972790713851  0.392801391025003 0.00814170268026876 0.0883308384732484 0.0660295639748255 0.993866928886042
1461163007.11238  -2.29772516971867 -0.567556613780297  0.445950457143927 0.00684676724700385 0.123195578183669 0.0765978172703047 0.989398173479051
1461163007.27198  -2.31553431751575 -0.575951463917682  0.505389549373951 0.00807181035941918 0.158179876832608 0.0940213957990751 0.982890609159909
1461163007.51203  -2.32662909645449 -0.590628083421116   0.60693738201702 0.00423329652002018 0.18099083990116 0.103888347977468 0.977973213450634
1461163007.67391  -2.30723811839558 -0.598539564161979  0.685122378518556 0.0118472005851352 0.208038352018595 0.106729486232399 0.972208056280265
1461163007.83189 -2.27735634292759 -0.61173931313293 0.773736699297714 0.0324734894272189 0.227316160243181 0.125682752496258 0.96513039611323
1461163007.95208  -2.24593951201221 -0.621618367003653  0.841354365356444 0.0320401205122625 0.259783894062341 0.146277419470223 0.953985678936796
1461163008.13196   -2.2086249521523 -0.642431249387852  0.936286834482218 0.033433712035526 0.281149093452432 0.144746056741719 0.948095962025007
1461163008.3125  -2.16830237396045 -0.653132626987644    1.0286650831503 0.0280919904301951 0.291750843028193 0.129906154728819 0.947215221916107
1461163008.4521  -2.12991286257906 -0.648428961410879   1.09613077963497 0.0178957190196957 0.312660068188102 0.131847784905331 0.940499647324196
1461163008.57381  -2.09204649821962 -0.645985190994737   1.15199032130095 0.0098041371425578 0.338912936887468 0.132093445424814 0.931446843239593
1461163008.71182  -2.04138488662496 -0.661818264145595    1.2058347688856 0.0307238172941842 0.353939166765472 0.142585827392199 0.923824872531109
1461163008.83185  -1.98545297065223 -0.684332734923687   1.23431709473046 0.0429878024925986 0.375592651388722 0.155766401464434 0.912589194125412
1461163008.95182 -1.92258369481891  -0.7117239395456  1.23417649510183 0.0626882225771808 0.401798287462473 0.164468644864378 0.898653652860107
1461163009.09238  -1.85517649015213 -0.735444719156042   1.21468928392953 0.0805933053955247 0.424491081008059 0.168145406226485 0.886024358375639
1461163009.27407  -1.79058943559517 -0.755107890166928    1.1716603775091 0.0933187617048127 0.427572259858199 0.170392738441413 0.882858927575674
1461163009.45189   -1.7416913800733 -0.760703556607339   1.11534480921521 0.108238410503377 0.412942320109747 0.176451178270449 0.886920553624197
1461163009.61187  -1.68480068426075 -0.749804580605488   1.05855477894507 0.104460011913826 0.421836266602804 0.16711757240976 0.884993777990241
1461163009.77321  -1.62096684920195 -0.726746900510797   1.00489393432331 0.100792733320875 0.414648752435646 0.169724841940915 0.888313410368999
1461163009.89228 -1.57285955770169 -0.69792040001334 0.945517071893115 0.0904344380305668 0.423014336602695 0.15627864387202 0.887951276206189
1461163010.01178  -1.52694712976853 -0.671107973370955  0.870303393970364 0.0864909800270483 0.427903292932832 0.140278156168306 0.888673236444769
1461163010.1317  -1.48820017757627 -0.651677409197298   0.79192134366022 0.0773478987157426 0.4298090574223 0.129636728850401 0.890211095895227
1461163010.27414  -1.44824981387459 -0.640054798881251   0.70547818344786 0.080164379083787 0.425141910097928 0.129141946533988 0.892272596379497
1461163010.43176   -1.4199287216121 -0.622496584420597  0.607664337589426 0.0718998654181069 0.417602152105724 0.129220277025679 0.896516018772076
1461163010.5717   -1.4140021945328 -0.604405741752915   0.51240742863056 0.0647918591260388 0.408951777499754 0.117385587965592 0.902652248880351
1461163010.69169  -1.43169246144222 -0.590598812095177  0.429863404381291 0.0629551523391296 0.389783641028118 0.11563546759879 0.911445994348557
1461163010.81171  -1.47101223174593 -0.575090583410862  0.359676895289217 0.0424399238762096 0.359313846802538 0.115452765204432 0.925074630159099
1461163010.95178   -1.5285380346082 -0.564076461241094  0.282309907297287 0.0426976047214258 0.335571526155945 0.127271627842054 0.932400449448013
1461163011.11191  -1.60482742951272 -0.544320307005258  0.206998332686915 0.0315438358871044 0.313425363438206 0.114627405167982 0.942141223997555
1461163011.2737  -1.69823828889031 -0.523877596392467  0.139858760820842 0.0159678369428433 0.287810628772764 0.0986926643057575 0.952454633124866
1461163011.43174  -1.80686749459402 -0.511041540341022 0.0769493197609483 0.0125957957213034 0.264993926625462 0.100762748559305 0.958888123445348
1461163011.55175  -1.90149017588129 -0.510411449970458  0.039628596597977 0.0125181638285821 0.230842530147447 0.10606665004889 0.967111621063925
1461163011.63199  -1.97068245170788 -0.513595360498748 0.0193416339770582 0.0131553522024612 0.193290178270773 0.106854951159869 0.975216828764303
1461163011.73171    -2.05402001568893   -0.511570161833519 -0.00834169922318024 0.00810508727234384 0.160407850583675 0.116332898480356 0.98013789119827
1461163011.81224   -2.12263948753995  -0.509893976988331 -0.0324093636692825 0.00720492948551173 0.125953218207034 0.114958879349416 0.985326510286376
1461163011.91171   -2.20754283536866   -0.50928907940202 -0.0656029445683768 0.00774886975083128 0.0867510139189948 0.0975947571227449 0.991407827275821
1461163011.99239   -2.27691353262765  -0.506709522594156 -0.0924609104684459 0.00451029227351587 0.0481481984093765 0.105674554066838 0.993224192655572
1461163012.09171  -2.35823080785767 -0.500306413840504 -0.124022259131062 -0.00672748557187514 0.0161602845116701 0.101941290275384 0.99463639561368
1461163012.2316  -2.46104646190052 -0.492468696731452 -0.160154385236881 -0.00456421115969293 0.000289978720756275 0.0983323419779396 0.995143122575826
1461163012.37349  -2.56566813989432 -0.482265722010505 -0.181635308547523 0.00251800200036512 -0.0139073188027725 0.0875152821860092 0.996062910429631
1461163012.47454   -2.6512900225202 -0.467514133388518 -0.184858214717022 -0.0089395328434691 -0.0428793756252719 0.0802656251428311 0.995810661380444
1461163012.5518  -2.72031519402494 -0.454960840504113 -0.179960527377203 -0.0261789051781079 -0.0654258531686087 0.0749945031416577 0.994690880203177
1461163012.65178  -2.80130754142911 -0.447196575511459 -0.167488830096243 -0.0351072592230551 -0.0882399126202947 0.0538077594114796 0.994025111955289
1461163012.79219   -2.8864247538545 -0.464507069049409 -0.132874997133275 -0.0301492618639434 -0.0991168047701686 0.051780090615812 0.993270206558633
1461163012.95203   -2.93358750335683  -0.501788183761546 -0.0637207991592978 -0.0221528590791579 -0.0993716148578988 0.0509154362900087 0.99349995034854
1461163013.05198    -2.92356010118054   -0.525126734523653 -0.00223868017015849 -0.00465269741683013 -0.0724336191640051 0.0608341403870254 0.995505364417954
1461163013.15173  -2.89652277106908 -0.535601212259414  0.065741852908236 -0.00600290557165269 -0.0456320278278652 0.0707450110963554 0.996432048142768
1461163013.25155  -2.85382782277363 -0.547880700110983  0.136612189778907 -0.00460736007730591 -0.0131164223025987 0.0664346783040868 0.997693923614718
1461163013.33233  -2.81207921975052 -0.556276886164399  0.193198742790629 -0.0113365543111951 0.0119538318403124 0.0782134605919723 0.996800503121317
1461163013.41238  -2.76736131754099 -0.571653206476875   0.25030757023604 -0.00543183038592933 0.0439104505354877 0.0984234448155354 0.994160546925431
1461163013.51161  -2.71621278635466 -0.595076509638683  0.316816275622272 0.0134216946624193 0.0661189615510315 0.121029371594437 0.990353488531877
1461163013.59163  -2.67144222184569 -0.611403494217523  0.365924156879745 0.0152424888098893 0.0963822311268778 0.113990852617934 0.988678015117825
1461163013.69164  -2.61448105969406 -0.629823010302496  0.424747028727091 0.0262884458738169 0.121854239570677 0.134664423525346 0.983018796844078
1461163013.77423  -2.56298357334974 -0.635047982748839  0.474094477299321 0.0202491995124822 0.160718222360241 0.119388487849108 0.979543777423741
1461163013.89201  -2.48946463005449 -0.629010851242001  0.558173167331092 0.0147237372710801 0.191540472353269 0.121190138772052 0.973862623410443
1461163014.0121  -2.42131305167859 -0.609924026908429  0.649513018081172 -0.00332394340664577 0.203046305236942 0.109294782157574 0.973044603254643
1461163014.11175  -2.35934249334257 -0.601349194454191  0.722274991880348 0.00446950947430661 0.225244202775714 0.100393037032367 0.969105933691673
1461163014.23177  -2.29321752925916 -0.607654712655091  0.807930400247976 0.0215698617432391 0.235510925459514 0.0972793207675251 0.966750267031041
1461163014.37358 -2.22204940925643 -0.62229099255715 0.899223384606491 0.0194516543169304 0.237076770395721 0.0898909917550627 0.967127627402072
1461163014.51168  -2.14493631831766 -0.628375397292483  0.985923508761054 0.0125483807088662 0.246531249808321 0.0957606346841067 0.964310521489022
1461163014.65198  -2.06823111110258 -0.622717631694214   1.07716495981931 0.00737941831972625 0.246527376324914 0.0940406702709421 0.964534161781017
1461163014.75187  -2.00836071111075 -0.619479124335489   1.14075894868695 0.00797812040510499 0.249941668078478 0.0935407169960157 0.963698939719672
1461163014.85232  -1.95095226740765 -0.621426427183381   1.20380363800587 0.00286809460252595 0.253053497173305 0.0835806664940369 0.963830884434673
1461163014.9317  -1.91712744199103 -0.627101491669154   1.25631797048591 -0.0104202161981209 0.232163236589212 0.0799968262183392 0.96932562045259
1461163015.01209  -1.88186139409125 -0.641331481015576   1.30592503286503 0.00572149376660123 0.221259020913469 0.0881997212346665 0.971201585330059
1461163015.11157  -1.84280148866601 -0.648707611473361   1.36511675341024 -0.00111516946817545 0.210333141845157 0.0929960512980137 0.973196003013565
1461163015.21189  -1.80228923491292 -0.654426074001583   1.42726211292151 0.00337219506747719 0.211852979347506 0.093342424496324 0.972827906276932
1461163015.29149  -1.77305501957257 -0.653493528717749   1.47985757195699 0.00180971503418442 0.210954500255772 0.0916863091447295 0.973184743236735
1461163015.3922  -1.73756641544994 -0.649074653905998   1.55023089463265 -0.0022336846214084 0.216229416391121 0.0784647028472708 0.973181966821856
1461163015.47359  -1.71047382368019 -0.645416796913687   1.61033415293747 -0.00548877466478553 0.221456115076933 0.0685710078207561 0.972741013494423
1461163015.55224  -1.68490646027036 -0.646948886829926   1.67161198072724 -0.00247064258727088 0.227210397392846 0.06092127558217 0.97193514671671
1461163015.63206  -1.6609848970383 -0.64659447890015  1.72764002393489 -0.0206564334600251 0.235461238003075 0.0565819416596516 0.970015361235478
1461163015.71176  -1.63398980855338 -0.652698050508868   1.78115621375288 -0.0260580933453611 0.246823495846279 0.0663535852077156 0.966434860401625
1461163015.77338  -1.61679048307161 -0.660303456451888   1.82145016677188 -0.0261715882804599 0.24400088974513 0.0630146692163124 0.967371575576842
1461163015.83207  -1.60221622251028 -0.667551528739456   1.86013496556718 -0.0264622278331742 0.234938751751969 0.0612988721425242 0.969714381504877
1461163015.89153   -1.5879059776268 -0.672995669947837   1.89655153871787 -0.0302501725197779 0.229599523378433 0.061649098069058 0.970859606036935
1461163015.95165  -1.57242547896251 -0.678787930726555   1.93190413903005 -0.0316495898414354 0.227464142760291 0.0551504381747382 0.971708184791262
1461163016.01147  -1.55743866763626 -0.684199474310637   1.96682420983427 -0.0268412618016342 0.219915058658281 0.0553487434598756 0.973577644688719
1461163016.07485   -1.5439574242777 -0.687285361287834   2.00133880164511 -0.02700069396483 0.215586039448808 0.0556145779737512 0.974525854370728
1461163016.13147  -1.53216250245192 -0.690357826495282   2.03740474534186 -0.0236100662811726 0.206385935300502 0.0567280337530354 0.976539472149923
1461163016.19144  -1.51932779478545 -0.693719431666506   2.07325637728489 -0.0216021982947889 0.202283975984479 0.0600235643044238 0.977247005529787
1461163016.2516  -1.50581253855518 -0.699852516385883   2.11095763482401 -0.0123751842161238 0.201628620022115 0.0609998415006313 0.977482364925574
1461163016.31148  -1.49423741875958 -0.706230057128674   2.14981303506081 -0.00828239999527037 0.197027051102096 0.0589539125426565 0.978588871375637
1461163016.41131  -1.47809390705053 -0.714670560466742   2.21032859269926 -0.0150269009182987 0.181347934421515 0.0517524512441714 0.981941343828674
1461163016.51145  -1.46549062811113 -0.726552485711973   2.26256844981071 -0.00648320274128053 0.172647320231968 0.0457250797273332 0.983900446174746
1461163016.65224   -1.4526115326045 -0.732550605213146   2.32065556105124 -0.0147193184740336 0.164014088263152 0.0360453574694368 0.985689328703404
1461163016.81201  -1.44186141096099 -0.733942996453374   2.37417686240186 -0.0163454541225598 0.163488782729973 0.036810528345318 0.985722693790671
1461163016.95154   -1.4411442070202 -0.726037084699512   2.42131628626981 -0.0366851350903108 0.148579121631839 0.0210968068255665 0.987994620542178
1461163017.07139  -1.43915668741208 -0.720962162396675   2.46507922099677 -0.0450386266144785 0.140468395467877 0.00704704946363164 0.989035131368557
1461163017.23201  -1.42673022372606 -0.721628584461452   2.52499781957556 -0.0381359825408048 0.151334082818826 0.00675973765364265 0.987723619318626
1461163017.39139  -1.40323072651123 -0.723885808574715   2.58172026386672 -0.0271637852581887 0.185766209071002 0.0255822147178971 0.981885224773223
1461163017.57369  -1.38977507381662 -0.724616058924177   2.64187298250225 -0.0294946926722313 0.210545913558656 0.033750961059357 0.97655586323338
1461163017.91137  -1.3728749469401 -0.73151344557554  2.75648995554937 -0.00886787067474568 0.223026617905751 0.0471051932127088 0.973633190348199
1461163018.15186  -1.35106911113732 -0.734989753453294    2.8463209302579 0.00136077198977714 0.22746931060255 0.0914820541031537 0.969477640180866
1461163018.45156  -1.34147556650186 -0.743916365058893    2.9530601276298 -0.02136732561097 0.223111229638813 0.0753223358855696 0.971643639572675
1461163018.71137  -1.31356670820431 -0.747189458351434   3.05811600077014 -0.0263474367037613 0.233669396760842 0.0874249268302186 0.968019270348115
1461163018.83136  -1.27987470671506 -0.748181337440464   3.11348901138887 -0.02515693211194 0.260539531084605 0.0841440337940756 0.961460380403577
1461163018.9113  -1.24807537017472 -0.754800861061308    3.1501804809756 -0.0129063914352142 0.292433838510746 0.0828971547102259 0.952598518209503
1461163018.99129  -1.21233657035964 -0.760205120106898   3.18251892149777 -0.00424108809945048 0.325663321573709 0.103646876717772 0.939778026504111
1461163019.07305  -1.17614349224432 -0.764640775254807   3.21151663182017 0.000592087398598815 0.357719115652341 0.118946536231376 0.926222654251113
1461163019.19213 -1.11576381540434 -0.76181182629343   3.2499937291245 -0.00398755451942121 0.404337052787239 0.138775105044689 0.904011679887002
1461163019.33143 -1.03935951922934 -0.75931619621903  3.30735315022297 -0.00360729045577792 0.442590628163896 0.146003511671113 0.884750528621915
1461163019.43137 -0.97827691977239 -0.75696088637539  3.34724189951612 0.00210801324058474 0.470127785049456 0.148206846951987 0.870063303743596
1461163019.5314 -0.911292422350224 -0.759027788572332   3.38681055132046 0.0128811016549167 0.495680697467777 0.157093668653216 0.854082140456694
1461163019.63126  -0.84606250447316 -0.767867696543805    3.4270560791371 0.01979892865279 0.514235700723888 0.157105353231328 0.842904238043251
1461163019.75137 -0.768714682620112 -0.781300954785364   3.47947946376172 0.0129803081217807 0.520453059741954 0.15514581138423 0.839577215874889
1461163019.87309 -0.691562238482707 -0.794639454198049   3.52868946555566 0.0123141456934731 0.525453205630093 0.156106437107134 0.836288270157256
1461163019.97123 -0.617690058368078 -0.803272811824184   3.57010548343247 0.0295489871274156 0.531914088091136 0.150293056109719 0.832830269343712
1461163020.07123 -0.538312241872308 -0.802947680098537    3.6127980210193 0.040184928775488 0.548942688478679 0.14239380156739 0.822660988220722
1461163020.17126 -0.458025227572798 -0.802381464119544   3.65816137327466 0.0295384123606996 0.561484683687282 0.127380275606081 0.817090385187784
1461163020.29164 -0.363072371406476 -0.813578843330745   3.70664702969419 0.0334220284169546 0.583543968586429 0.115856073538887 0.803079557059603
1461163020.45133 -0.227428897200391 -0.826488264901059   3.77474379702194 0.0153463362156234 0.601906462506077 0.121626779266664 0.789100771082754
1461163020.57132 -0.124800519106561 -0.823443795828342   3.81678312181145 0.00870381635843158 0.62066058353805 0.125484185594453 0.773924029080828
1461163020.69171 -0.0151379940679415  -0.813105420260573    3.85469061656771 0.00694962879034259 0.637652272574211 0.128094051922421 0.759567769065221
1461163020.83139  0.113894784801608 -0.822042060947549   3.90436884512536 0.0301435292450498 0.644764611905736 0.139232082058862 0.75098894146602
1461163020.93128  0.201241210081604 -0.840119765392076   3.94510122231518 0.0521149145601282 0.645157929269374 0.151085122720522 0.747146951860054
1461163021.05126  0.301362274317194 -0.862611960417525   4.00413755155542 0.063874009750153 0.624975777511524 0.152058887276456 0.763022596783705
1461163021.17333  0.409858945445988 -0.865376461520541   4.05551987246512 0.069009342028261 0.624216389333246 0.147418813348804 0.764106866525503
1461163021.273 0.503730547875749 -0.85625020760822  4.09756375975622 0.0615804074945694 0.628078969455305 0.143240755688884 0.76236916743166
1461163021.35125  0.578370388562533 -0.853506920672328   4.12927429954579 0.0526417116916058 0.632301990194715 0.13932696140177 0.760270373756949
1461163021.43118   0.65138152336569 -0.857177668374685   4.15733932520364 0.0418757168264538 0.634286267854953 0.133164295317749 0.760391100160591
1461163021.51194  0.727363286360712 -0.865703032700504   4.18082711638906 0.0450928211842934 0.638651875726485 0.134064621658508 0.756384225330119
1461163021.59132  0.801640874828446 -0.872063244809197    4.2040252241743 0.0434800848174178 0.636146249852048 0.134688907970992 0.758476320720052
1461163021.67326  0.878902436117655 -0.872231298539409   4.22666618555972 0.0438568678115707 0.63598294629087 0.134900057035532 0.758554046713056
1461163021.75152   0.95699418806457 -0.868026794454566    4.2504767941914 0.0452869188270247 0.629632114178279 0.131247009529038 0.764386497963059
1461163021.83111   1.03551499744788 -0.860538486933061   4.27137546675801 0.0430245787694565 0.629425425834763 0.137229233254368 0.763636468795759
1461163021.91104   1.11977026204129 -0.860778831936742   4.29613996551774 0.0457510774831644 0.627045902296388 0.14186395177039 0.764588055432811
1461163022.01111   1.20145396800101 -0.871008729674675   4.32042036425104 0.0482481031826308 0.621144739705151 0.142910038628224 0.769043596771456
1461163022.09145    1.2680045017211 -0.880575703887387   4.34691752779521 0.036203542341079 0.603200232231853 0.138481366126838 0.784641124714376
1461163022.17113   1.33649920505001 -0.884581985642599   4.36755158956345 0.0360774504530225 0.599767862541951 0.137227702074198 0.787493165947555
1461163022.25112   1.40773512011309 -0.882202990124622   4.38947351507604 0.0312266811770147 0.592095624444626 0.127173634784856 0.795156923199318
1461163022.33145   1.48217647087972 -0.876834559618806   4.40862290128057 0.0285816320785775 0.588950694511628 0.116781630826063 0.799175963379531
1461163022.41113    1.5571470735036 -0.873678256957767   4.42435755408346 0.0303803613601923 0.593404669837171 0.112641090625079 0.796404367241827
1461163022.49108   1.62730301709444 -0.875004365199666   4.44020611367843 0.0280801863786012 0.597521991246099 0.105805664015156 0.794345097909311
1461163022.57111   1.69341916112612 -0.881089925137284   4.46081449574852 0.0250045617242133 0.590068431652421 0.0988017445995725 0.800894645458635
1461163022.67117    1.7695403877481 -0.888117097294873   4.48938905569433 0.0457524813092002 0.570934615705622 0.120575204124282 0.81080330240664
1461163022.75126   1.82396446608407 -0.889544614168102     4.519195277632 0.0529854978480534 0.54352164680583 0.122856902728159 0.828663344141224
1461163022.85157   1.89484609877909 -0.878344008262938   4.55854107323931 0.0453121294401202 0.514630986207867 0.122979002395266 0.847335779918554
1461163022.95119   1.96876109145639 -0.868842610545474   4.59697382479441 0.0403995590336679 0.487748984220056 0.123779820832907 0.863219184203388
1461163023.0512   2.03830810085261 -0.868096070200973   4.62955579085085 0.0301860102213897 0.461769639423988 0.118489928557068 0.878531582655795
1461163023.1511   2.09765389389749 -0.873195316858643   4.65940666666224 0.0206816395081891 0.430269152555867 0.117864948580027 0.894733804012309
1461163023.25105   2.14858462098305 -0.878406998773723   4.68773923935415 0.0065185887797232 0.394129397088658 0.123168416491518 0.910740944248047
1461163023.35105   2.19758880675252 -0.885265149590455   4.71315626785925 0.0217082806678633 0.354956482255245 0.12641238545188 0.926042415367564
1461163023.45197    2.2516632795495 -0.879944450459316   4.74009564306431 0.0222436018126043 0.320481938969326 0.115280392311352 0.939950520038903
1461163023.55203   2.31116757182673 -0.869159919117864   4.76745242640269 0.010331441447676 0.297265749320955 0.101323865426082 0.94934704396937
1461163023.65183   2.37391783136507 -0.865849143877521   4.79682066932262 0.01015407042011 0.275431202065551 0.102014949562694 0.955838635883877
1461163023.75259    2.4210673437356 -0.866093424167475   4.81488346692142 0.00456601475164333 0.247973402621953 0.102814170441606 0.963284791459817
1461163023.85142     2.467818757274 -0.863897810551534   4.83441475612178 -0.0146230110365803 0.21687050984599 0.103521759563637 0.970585696785303
1461163023.95105   2.51650157827083 -0.861439835898241   4.85267347420195 -0.0192020399791222 0.186671152752676 0.108258419120881 0.976250622063861
1461163024.03104   2.55452025759994 -0.859766383341333   4.86401530125705 -0.0184817936854884 0.159914489590982 0.108440882666473 0.9809823414759
1461163024.1115   2.59305291177987 -0.857450360900348   4.87689413484084 -0.0190443673329829 0.123898489551848 0.101858291273957 0.986869477113568
1461163024.19104   2.62611000445541 -0.858022668907181   4.88204515483389 -0.0200608028070463 0.0869787925984375 0.0988568479323021 0.991090095523986
1461163024.27303   2.65813000996131 -0.860425473572801   4.88613378609424 -0.030319966224959 0.0522515005633311 0.0937188615643129 0.993764184967484
1461163024.37279   2.69395160545923 -0.864727021717809    4.8929463702526 -0.0393457803634593 0.00912802525915368 0.093137842252349 0.994833619789277
1461163024.47422   2.73146387001333 -0.864014277468019    4.9049487298898 -0.0516590496669884 -0.0290789706473546 0.0915495230950726 0.99403442640316
1461163024.5733   2.76574000450337 -0.855687182120919   4.91984676306253 -0.0628969659614445 -0.068306880714465 0.0730523566775639 0.992996220991681
1461163024.67122   2.80096918223073 -0.843326431099471   4.94544786515551 -0.0665828141687467 -0.104374231426867 0.0543070552475104 0.990819606397534
1461163024.77105 2.83981743010995 -0.8368016164326 4.97668932605974 -0.063665403454551 -0.125192388848495 0.0331556621449818 0.989532356340663
1461163024.87097   2.87077648233554 -0.835346957794755   5.00418010820294 -0.0796472635684645 -0.152572105162602 0.0104840289094953 0.985021903954492
1461163025.01131   2.90021529856726 -0.839670731751326   5.04100576609861 -0.0828722767075292 -0.195397225085666 0.00771513116732796 0.977186055433254
1461163025.15098   2.91562179705554 -0.841205676440598   5.07738417928133 -0.0883915211766055 -0.243751533859449 0.0179002890494426 0.965635391013191
1461163025.27258   2.92471134689005 -0.833039934154825   5.10959518228997 -0.0990167739779768 -0.282924591692851 0.0122776396415287 0.953938474667659
1461163025.39124   2.93164898307659 -0.823412412383506   5.14404717121722 -0.112495278134364 -0.31743577761199 -0.00349226178808867 0.941576945128197
1461163025.55098   2.93463732866729 -0.815378323005037   5.19700782794378 -0.127253425568759 -0.340385042491055 -0.00853080291744393 0.93159637930327
1461163025.67313  2.9286598839924 -0.8021820540884 5.23733927122923 -0.159009902959825 -0.339294386754383 -0.0257637929878136 0.926785518255737
1461163025.79154  2.90903371146412 -0.79440594371806  5.28230771153115 -0.175718478699048 -0.329715384384199 -0.028231043894315 0.927153595530271
1461163025.91175   2.87516755575153 -0.785247556638408   5.33069560480345 -0.189914501549706 -0.31518983829013 -0.0266655530228841 0.929449727646284
1461163025.99085   2.84806398787205 -0.783461508961903   5.36540439068071 -0.193521298109858 -0.296312104725853 -0.0206028888734255 0.935053027769484
1461163026.07273   2.82148459848135 -0.784437805835211   5.39670564347112 -0.195864198780722 -0.269916360056596 -0.0104959716481591 0.942694122602313
1461163026.15123   2.79193097326424 -0.781857014630073   5.42266004512325 -0.203890769589631 -0.248898175765602 0.00185664512475616 0.94682353426897
1461163026.23093   2.76079574386495 -0.777868549776153   5.44821938614898 -0.214469092072071 -0.233550756665336 0.0136276772645502 0.948299182230589
1461163026.33208   2.72142108209577 -0.773066882359797   5.48022516709426 -0.223594065764161 -0.225792488114451 0.0223664969304736 0.947904629106324
1461163026.43094  2.68559466877505 -0.76765178174381  5.51787236731639 -0.228997458760626 -0.215641826378841 0.0299379642461857 0.948768931244045
1461163026.53095   2.65122631636058 -0.761997860263212   5.56125860391906 -0.2321020234458 -0.202111961744165 0.0255827725149026 0.951117725301522
1461163026.61085  2.62017018150731 -0.75960118437461   5.5957645450722 -0.233377621313147 -0.194796584987911 0.0292277617030219 0.952226293636705
1461163026.71088   2.58043921204426 -0.764309842946148   5.63810035337744 -0.235069726377967 -0.1895381444257 0.0323971580842796 0.952768565652915
1461163026.81082   2.53831421243969 -0.772802894718277   5.67798178142377 -0.242005577181716 -0.191667668366356 0.0414363667536055 0.950252510139389
1461163026.91095   2.49762498248355 -0.786310744002142   5.71768468618583 -0.237596960479547 -0.198227361159187 0.0496835114809481 0.94962368670209
1461163027.01134    2.4604408901941 -0.796070149592254   5.75677769569218 -0.234867279041236 -0.199933778569532 0.0462188401924136 0.950119815725335
1461163027.09085   2.42841735363606 -0.800362262926624   5.78861777400691 -0.232725126355362 -0.213345439674998 0.0289061095134225 0.948412977434177
1461163027.19077  2.38878826465806 -0.80258991529535  5.82931557695668 -0.228544609542076 -0.227246722376975 0.00696062097832712 0.946613880298498
1461163027.33083   2.33172933125167 -0.809020762732917   5.88996710838605 -0.220189436850931 -0.236551413683148 -0.00973051400210582 0.946290313635847
1461163027.47087   2.26883926007235 -0.817744699525685   5.93167421311685 -0.228088624716506 -0.26850035961582 -0.03456747132013 0.935247681679907
1461163027.63085   2.19862844468625 -0.827870167144607    5.9797580080294 -0.228481110768492 -0.30065910468382 -0.0524237499632946 0.924474031670174
1461163027.77141   2.13006508468446 -0.836661441492306   6.01875876546361 -0.227927896706734 -0.339978612702646 -0.0647987418210198 0.910090402029404
1461163027.89162  2.07295543266012 -0.84242114049793  6.05233680061001 -0.224320337310716 -0.372534413014662 -0.071449745849057 0.897659975272783
1461163028.01084  2.01876334741318 -0.85240240776071  6.07389932742996 -0.219407267281673 -0.414791967171237 -0.075685166561214 0.879818066759717
1461163028.13102  1.97281363775198 -0.86217569997774  6.08268647399983 -0.222816665003183 -0.457235314569261 -0.0965937718152859 0.85554558274478
1461163028.25101   1.92537964048096 -0.871468455774465   6.08430085219745 -0.21482855296149 -0.501743433494255 -0.112161977707104 0.830374560385071
1461163028.37084   1.87611448186875 -0.871500625574301   6.08428092587361 -0.21062315981347 -0.539151892437901 -0.128001473986766 0.805337658431564
1461163028.49193   1.82285592360906 -0.861254645173895   6.08475301743535 -0.20987754684339 -0.570533596214245 -0.149531895443791 0.779796796073714
1461163028.61134   1.76509111588345 -0.848322800168096   6.08652865093402 -0.210768750926228 -0.594120584923899 -0.177871482901256 0.755618289729139
1461163028.75095   1.69592521992842 -0.847471480642223   6.07833933151618 -0.205986709854871 -0.612733984018758 -0.200798181895576 0.736075152643463
1461163028.87086  1.62590706826203 -0.85745218499913  6.06577866595321 -0.213677131287697 -0.623993367728763 -0.17186995502876 0.731734295460852
1461163028.99086   1.55630490485328 -0.864611968012073   6.05323744357055 -0.221540169513815 -0.633558244784465 -0.162914351636442 0.723175509671267
1461163029.09072  1.49352662760768 -0.87231531311163  6.04959900831258 -0.230520662394421 -0.638227382068955 -0.142784725122738 0.720512703051285
1461163029.17238   1.43893824423791 -0.882466151340295   6.05729459246056 -0.231140831247599 -0.628869350964206 -0.123694258540788 0.731981547548893
1461163029.25073   1.38066266918009 -0.896586594850684   6.06713788325044 -0.235944354834579 -0.620160920791206 -0.0984595073215853 0.741644402097858
1461163029.3314   1.32442769919834 -0.916436503881938   6.07622859344381 -0.232891232415399 -0.619071121890025 -0.0822302089903485 0.745486963424087
1461163029.4107   1.27206083975687 -0.938108513118452   6.09080284784298 -0.237238946181058 -0.607275411740664 -0.062228931821987 0.755686321666869
1461163029.49128 1.21662071364602 -0.9621518233123 6.10781680576349 -0.232216185018346 -0.597419111393184 -0.0285447386329394 0.767040576928027
1461163029.57353   1.16528536413828 -0.977666269473039   6.12129037987755 -0.236842522163093 -0.595701796191371 -0.018073186594342 0.767279837892359
1461163029.6308   1.12803640416196 -0.987155016951826   6.13720955062069 -0.234916613620981 -0.582208237805919 -0.0115851382760882 0.778276003129289
1461163029.71072  1.07718472669106 -0.99534704133302  6.15951010965741 -0.241003908098007 -0.568009947871518 0.0066255589807785 0.78691671564955
1461163029.77269  1.04051693677753 -0.99855852184314  6.18113169424301 -0.242256296361583 -0.550288479305358 0.018824206152129 0.798836732805714
1461163029.83076   1.00621234963283 -0.998400637146255   6.20499424835096 -0.241437025464762 -0.53113531440035 0.0231238274302497 0.811830480541686
1461163029.89075   0.97178636499563 -0.999001009923622   6.22934593385309 -0.23870661818739 -0.512627622088286 0.0283874484685001 0.824273149068376
1461163029.95069 0.937419672096654 -1.00159484370773  6.25490577953943 -0.231496641070866 -0.492633529849201 0.039051996919266 0.837971629578139
1461163030.01073 0.905472161851581 -1.00082388907104  6.27499257723716 -0.235294662726861 -0.480049885116584 0.0322654804294837 0.844480590815717
1461163030.07269 0.875268396451897 -1.00354202953945  6.29654386594148 -0.235025811395174 -0.46261849714221 0.0356045191467197 0.854095610746393
1461163030.13097 0.843934085412492 -1.00609413085893  6.31844149152258 -0.237265841206459 -0.447318200867389 0.043510320480814 0.861230631004849
1461163030.19105 0.813952030352667 -1.00902352969689   6.3404381108952 -0.240021296382444 -0.431192945574117 0.0461200548483196 0.868524819167994
1461163030.25096 0.781782374877056 -1.01486358244141  6.36215731321575 -0.235667129461494 -0.422862015557064 0.052302617039193 0.873449000309262
1461163030.31133 0.749313489976783 -1.01877063452995  6.38558878208553 -0.233186245086289 -0.413945213453418 0.0564884232396442 0.878113086909346
1461163030.39135 0.706376652935233 -1.02658108391668  6.42032594899678 -0.22772232832425 -0.39877725316598 0.0738748241670919 0.885246719222534
1461163030.49071 0.653961696732521 -1.03896857065973  6.46602028776747 -0.220599446673819 -0.376343779215537 0.0845506992923589 0.895852902669933
1461163030.59133 0.596499822587058 -1.05486131425826  6.50679659982084 -0.21041715214758 -0.370717286251492 0.0949166972640062 0.899602210055603
1461163030.71071 0.532170476838631 -1.07662015797586  6.55600672666278 -0.212240456396762 -0.360500258635298 0.103081323711498 0.902423289202059
1461163030.81083 0.484270334750291 -1.10169624163316  6.59983084542116 -0.202693561107575 -0.350391513692068 0.121847835486012 0.90625284132271
1461163030.91107 0.444985364349222 -1.11459701927628  6.64776232447609 -0.20737901538814 -0.329007723523093 0.13695663354836 0.91103827711348
1461163031.0108 0.407842217214797 -1.12237460427161  6.69865228852078 -0.220094902482126 -0.307942772585096 0.17580411817452 0.908747706872962
1461163031.09074 0.380815502718407 -1.13004214905883   6.7444276010537 -0.210514561562185 -0.278734261980962 0.175367067734219 0.920454899559186
1461163031.17257 0.353665268599599 -1.13418431960493  6.79299582982101 -0.209981995064978 -0.249160429335401 0.18693917719503 0.926757997662591
1461163031.2507 0.330766149355534 -1.14390348445327  6.84369723651171 -0.202885274776313 -0.221087133614278 0.205943668352175 0.931421091716744
1461163031.33064 0.313442812164528 -1.15469858651556  6.89370168928782 -0.19142851666281 -0.191301119808043 0.213118106179632 0.938796930857186
1461163031.41069 0.301142764144588 -1.16726585135075  6.94433795446411 -0.186853498875844 -0.154927121980814 0.226023015394617 0.943396498480105
1461163031.49066 0.285482005423553 -1.18483425727536  6.99389037050044 -0.179559316754817 -0.129568876723336 0.233342416428355 0.94684828491505
1461163031.57243 0.263016808399858 -1.20640595323255  7.04227962750696 -0.166382269490373 -0.117453086859167 0.241072675976014 0.948897084874988
1461163031.67255 0.223188440135868 -1.22985202887895  7.10316962260956 -0.163307210993989 -0.116051926530327 0.245763094186527 0.948400340954087
1461163031.77256 0.183204143725019 -1.24464323028295  7.16366165586116 -0.165685400023869 -0.117533424400598 0.247939994250001 0.947238091304878
1461163031.87244 0.143861636395125 -1.25783857430127  7.22735940542655 -0.174941774419772 -0.112192995939529 0.261685072936878 0.942512084711382
1461163031.9507 0.119549018421096 -1.27301959557007  7.27455355963281 -0.1697774268494 -0.11026845705561 0.255903704984084 0.945267045065251
1461163032.03059 0.102180941894056 -1.28741330259464  7.32407800177304 -0.179951633295384 -0.0925075363419041 0.265544385715611 0.942627150367097
1461163032.1106 0.0864071262530012  -1.31191398518756   7.37279592105752 -0.175087878661851 -0.0822617301163448 0.275207145125452 0.941720908643244
1461163032.19063 0.0730942334136705   -1.3371143491765   7.41866422071968 -0.165916356431839 -0.0654760131777828 0.286460667459581 0.941342095290196
1461163032.27247 0.0573084135753965   -1.3569726271443   7.46287888800687 -0.165150461882737 -0.0568678199720814 0.300277087847681 0.937723331535084
1461163032.35063 0.038120171951773 -1.37188347245507  7.50688586319569 -0.17002419191199 -0.0515714850524249 0.312524646189556 0.933145487916142
1461163032.43059 0.0222519828006845  -1.37990764749205   7.55012808339179 -0.177857553149121 -0.0405083025279587 0.326725321594522 0.927349088770279
1461163032.51068 0.0146040344608081  -1.38379427490854   7.59244761917607 -0.182314462058813 -0.0081765540321247 0.317265955556115 0.930611032780845
1461163032.61065 0.00178562760917661   -1.38480936957498     7.6435014192032 -0.187358866267822 0.0044650984131641 0.330219798765113 0.925111670356896
1461163032.71055 -0.000449091060584217     -1.38026066899663       7.6883466103062 -0.190401993089543 0.0251474487477753 0.337496828970594 0.921526221701695
1461163032.8306 0.00292139227324828   -1.37668965810805     7.7337851335575 -0.186087294915664 0.0437339598152414 0.340806473548441 0.920494327531314
1461163032.95065 0.0150044391961382  -1.37446420336731   7.77045146210227 -0.184192889306548 0.0645199669362551 0.351009929134196 0.915806848109718
1461163033.07245 0.0326386882025222  -1.38135123466258   7.80395086456386 -0.174345360986268 0.0788521507353736 0.367612958973855 0.910080626000499
1461163033.1506 0.0504804118144524  -1.38946840332317   7.82296677587013 -0.16536464294781 0.095015129377039 0.374470808504428 0.907412956503404
1461163033.25061 0.0716166150631113  -1.40355543561142   7.84506350667851 -0.157375034406674 0.106226923110161 0.388083770304087 0.901853605957536
1461163033.3506 0.0941128769476848  -1.42159383222388   7.86147755879712 -0.145365785233306 0.115245017691688 0.403936948078967 0.89578028352794
1461163033.43042 0.117637360547686 -1.43554000052469  7.86778059853275 -0.13621773330955 0.133773342817553 0.414410184793747 0.88983909816474
1461163033.51056  0.14105957586472 -1.45099126665331  7.87147631388626 -0.122616362264342 0.146091127759996 0.425536205010413 0.884613784835059
1461163033.61056 0.171377826735531 -1.46872229790001  7.87022430936635 -0.104689192168243 0.161984512912778 0.452557513279865 0.870627869869507
1461163033.71055 0.198611645769337 -1.48392314519515  7.86631819988513 -0.086236402204208 0.172632835744263 0.476430831251629 0.857773192627661
1461163033.81055 0.223932832337048 -1.49583024497774  7.86021261995013 -0.0687509224386406 0.18155164328083 0.501882554509558 0.842867850237999
1461163033.91051 0.250341449741643 -1.50242004282611  7.85107819464746 -0.0548216462875301 0.196523494609997 0.514585629151689 0.83281134324357
1461163034.03052 0.285872279140639 -1.50438286149813  7.83851438688165 -0.0425600124180094 0.214827461535524 0.520962570690146 0.825006549703151
1461163034.13176 0.317731909903235 -1.50342519035171  7.82391020219558 -0.029397317609051 0.23599960707524 0.520680168409386 0.819958624201794
1461163034.25052 0.353163318616547 -1.50306089064084  7.80643612655577 -0.013676396292885 0.253206794602909 0.52660007607469 0.811413356575729
1461163034.37054 0.387393961612022 -1.50278228980481  7.78668406167886 -0.000782881121932968 0.27384143894415 0.528830190196422 0.80333609613347
1461163034.51057 0.423185536802196 -1.49775195284573  7.75993582890685 0.0120599043399326 0.292970167871482 0.531920731326342 0.794407562294013
1461163034.65082 0.455531035006352  -1.4928644399658  7.72225775957279 0.0238471797008731 0.310156496712324 0.532499021154054 0.787196958859361
1461163034.77227 0.482769520124276 -1.49208240318755  7.68219568169748 0.0387404355570917 0.322495026060876 0.531642352543984 0.782210039439753
1461163034.87242 0.507918759473357 -1.49130679906935  7.64212198932204 0.0550942832898649 0.335680011572084 0.532576183421183 0.775013650610277
1461163034.97229 0.531506458181063 -1.48574398650314  7.60375048528102 0.0652282297530164 0.347107331787608 0.532105744669278 0.769496754218319
1461163035.0731 0.554926134951923  -1.4766419372044  7.56411596163193 0.0706470386948955 0.358426112683146 0.530244967738554 0.765101295161909
1461163035.17211 0.579071287222996 -1.46489806094965  7.52123407392448 0.0751096508358167 0.372373898270776 0.531634274731215 0.757008070081794
1461163035.27227 0.601404043727502 -1.44734114354601  7.47827747644263 0.0782172743588048 0.386106646531914 0.533516897775097 0.748440669181062
1461163035.35039 0.620580833213396 -1.43466424595948  7.44286152481421 0.0782525140337193 0.397205934465667 0.533611508957642 0.742538044264809
1461163035.43043 0.640510153807892 -1.42229461572792  7.40515055013974 0.0833200934972488 0.410530197433694 0.531596652883295 0.736157400056496
1461163035.51045 0.662961430204199 -1.41295475286094  7.36696767803206 0.0915483509299106 0.426571896137023 0.527180814746901 0.729202101910625
1461163035.59038 0.684176645303237 -1.39943804016407  7.33047248790296 0.0968311970032529 0.444210170190359 0.527778960812977 0.717461087801662
1461163035.67234 0.707776906778552  -1.3893171701308  7.29340013763032 0.106817577722779 0.458476299662296 0.529079151464836 0.70602035326374
1461163035.73041 0.724717814875174 -1.38353826780003  7.26693591157066 0.114946677869121 0.471202547532315 0.527223907905421 0.697703641511814
1461163035.8104 0.748157195380201 -1.37655080119532  7.23156245639377 0.125987251436261 0.487506410093904 0.525903770511094 0.685485183468691
1461163035.89048 0.768334334296559  -1.3707784265892  7.20198264772838 0.133853609725335 0.49629775350143 0.525757017371963 0.67775460877597
1461163035.97227  0.78635840301677 -1.36509932312926   7.1775273975604 0.139148085364346 0.50137607838774 0.527441657774405 0.671613829521218
1461163036.07237 0.804101954862068 -1.35993274726049  7.14619842948238 0.142496472207146 0.508201793590071 0.527197586179528 0.665949245458565
1461163036.21039 0.824729695966005 -1.35996270588502   7.1209749009619 0.148110675096883 0.50145312417436 0.532124719348072 0.665921373164171
1461163036.41038 0.847931061225753 -1.36107391664533  7.09364588778182 0.142025501213639 0.50159898774647 0.52854691173061 0.669974159648539
1461163036.87221 0.848608994957296 -1.38081530233635  7.08624232421486 0.143490700607311 0.468059429586869 0.538055940676175 0.686168050784292
1461163037.17196  0.85543693700517 -1.39774831160693  7.05577399724165 0.156105910174093 0.474584805990081 0.539551048308485 0.677705594636263
1461163037.29033 0.87312042156763 -1.4017507325258 7.02636235462216 0.176848218478322 0.484210521971345 0.539548387576693 0.665696939678013
1461163037.39032 0.892206245114449  -1.3984800826841  6.99663625125046 0.188525755943561 0.502446682537365 0.540124311345105 0.648283193401681
1461163037.49026 0.914103999777122 -1.39426041371351  6.96990070149804 0.201823486443936 0.51571185489307 0.53819422118265 0.635338920048162
1461163037.5908 0.935852993276403 -1.38643554376494  6.94039160572475 0.209397732888449 0.531285281710157 0.535789714802672 0.621946879090979
1461163037.69041 0.959009230398507 -1.37910508369752  6.91049164242151 0.219095620270464 0.546263775210585 0.531664836244743 0.60903653336383
1461163037.79033 0.983147664917789 -1.37074961970016  6.87937291408543 0.222066322984039 0.562488426712812 0.522743160224125 0.600860138842135
1461163037.89032  1.01257045121234 -1.35921226276412  6.84377782543858 0.217553510533023 0.584450170799434 0.510418729813864 0.592082078906694
1461163037.99033  1.04507536091908 -1.34923880282166  6.80602405658909 0.227098649411345 0.594295672324614 0.505517144639713 0.582830398801478
1461163038.07214  1.07374035928842 -1.33898035531496  6.77474861958612 0.231130983016828 0.607470965105474 0.502170120392211 0.570423233598327
1461163038.15029  1.10425420324448 -1.32970989109387  6.74750282497326 0.233894482970748 0.615948162522219 0.500785230448263 0.56135139163115
1461163038.25026   1.1465027601524 -1.31930388300649   6.7183529876922 0.232166513645941 0.62002475052667 0.494677048829259 0.562994348139841
1461163038.35026   1.1887871507883 -1.30208521677842  6.68112898088004 0.224688852896258 0.632884745155264 0.493481800930413 0.552673077763334
1461163038.45027 1.23289188897736 -1.2877798708412 6.63862055894655 0.221437855138549 0.649284816025482 0.486325833264305 0.541185446857337
1461163038.57191  1.28545798885166 -1.27114394423167  6.58921784843277 0.213485873876263 0.664306860362101 0.483545708044753 0.528491934813233
1461163038.71023 1.34092987551344 -1.2605909080101 6.53659615718033 0.215888883047918 0.676966048964851 0.479291647337927 0.515158689645568
1461163038.91017  1.41043117690373 -1.25518234269513  6.48526966058074 0.227624826187984 0.684475777814584 0.476374780015808 0.502739412671117
1461163039.15025  1.49374391829483 -1.23127474494938   6.4546059557038 0.226032646812592 0.685850465001274 0.475474869636971 0.502436096012355
1461163039.29023  1.56149259092666 -1.21411130779547  6.43766043476142 0.227444545113223 0.693512990965801 0.469824087558386 0.496562218669361
1461163039.41023   1.6308460576077 -1.19638759473203  6.41730570403874 0.23474190949748 0.704971316308628 0.46610635346749 0.480267161447456
1461163039.51014  1.69418690455298 -1.18246932669635  6.39810182028778 0.238401398516584 0.720745989237303 0.451765976891631 0.468612307037308
1461163039.6107  1.75248910607033 -1.16732915764949  6.37841893564537 0.238507053200603 0.740115385090783 0.436545221198838 0.452517261741411
1461163039.71019  1.80521314205113 -1.14998855346714  6.35922316852707 0.237799558695011 0.756821311481827 0.428914545954289 0.432093953487214
1461163039.81016  1.85336793653721 -1.13534185361197  6.33693328745823 0.242649070477497 0.771779838434527 0.421153244904352 0.410008846110566
1461163039.89021    1.891985217066 -1.12492744702705  6.31553442217447 0.241417957938087 0.787121246061469 0.410601660002743 0.391872160770112
1461163039.97213  1.93093681142452 -1.11486986554006  6.29099159032073 0.245535250919482 0.799503478313712 0.399447391074545 0.375430966335921
1461163040.05019  1.97331664101639 -1.10464118945245   6.2652695257028 0.247835152629085 0.815657650973942 0.38462625511688 0.354038101627147
1461163040.11019  2.00716650266127 -1.09500004459225  6.24567654497755 0.248372801252953 0.826011059856382 0.377755529374195 0.336626559587801
1461163040.17019  2.04183578856883 -1.08393439480326  6.22723409444612 0.257144712135743 0.831625936963085 0.378551136876373 0.314601231339775
1461163040.23023  2.07645996021504 -1.07371247134637  6.21141447509198 0.258962071126382 0.836821785866055 0.380103367983019 0.296966957868796
1461163040.29019  2.10797420533074 -1.06472885025177  6.19507151644743 0.259467138380448 0.844825779561261 0.379504972451842 0.273719166617348
1461163040.35048  2.13878506817576 -1.05669902161764  6.17947122934239 0.259858577587167 0.851108943621037 0.377211518395595 0.256512292361101
1461163040.43103 2.18071809784168 -1.0473548782258 6.16175755629216 0.25037425175626 0.860833530021652 0.371187429775637 0.241864134638667
1461163040.51007  2.22208639205996 -1.03228496219561  6.14538924540797 0.244009202574659 0.867639599476747 0.370954308119582 0.223727369282866
1461163040.59022  2.26390824916909 -1.01240415450079  6.12713180696343 0.236024863039859 0.8753135580806 0.370415088992135 0.202264927543665
1461163040.67208 2.31008502659929 -0.9929497004741 6.10830262224266 0.228944483422307 0.880929965305343 0.369711860510442 0.186708221392437
1461163040.75022    2.3536473276099 -0.976867884768956   6.08661029917363 0.214625665306652 0.891512943785539 0.363135160454356 0.165146450450227
1461163040.83055   2.39505724721386 -0.969053157309737   6.06091638365726 0.218026974831629 0.900206093429255 0.349383714977139 0.141507057447259
1461163040.89013   2.42774745464385 -0.974230553473439   6.03930648657491 0.212608285336306 0.911094867565605 0.322407229805142 0.144074416435893
1461163040.95008   2.45323920045107 -0.982300267144947   6.01480904238964 0.22314561766368 0.923063753210045 0.289500766133365 0.119785839043997
1461163041.0101   2.48388306793113 -0.987823679093502   5.99406170704178 0.219536748361377 0.930111739385798 0.271397022715965 0.11419029922261
1461163041.07223    2.5096716553048 -0.996055174350866   5.97092990289924 0.221200069247814 0.937690086764806 0.246007717845035 0.106245156635258
1461163041.13019  2.53794923382833 -1.00371180470661  5.94687307108144 0.220207039746482 0.94551501318147 0.214792479510093 0.106650880167216
1461163041.19013  2.56504480997404 -1.01063196704372   5.9224296064178 0.226423821367581 0.951547702803491 0.17825007489937 0.10731324804082
1461163041.25061 2.58990289920684 -1.0132540994867 5.89933514663608 0.22324887718995 0.956373737719565 0.156643408655469 0.104747578294348
1461163041.31012  2.61479763193228 -1.01426628719551  5.87471869099696 0.224376462824893 0.960259938543116 0.131941819951186 0.100734351178378
1461163041.45109  2.67384276486162 -1.00240912288074  5.81463484787795 0.228116909046124 0.960743719371566 0.118878504915385 0.103933067713866
1461163041.55014   2.7275607713485 -0.98580899333506  5.78215583563913 0.213747035950723 0.956110730192428 0.145700967550786 0.137607064818442
1461163041.65046   2.77721411740681 -0.969439877143087     5.752722374277 0.195143253998211 0.951976178741006 0.166205545418027 0.167440085406567
1461163041.75009    2.8236732965621 -0.946073051389277   5.72513532049271 0.164377680773447 0.949170869849694 0.18952351568805 0.190093332059698
1461163041.91015   2.88147008643483 -0.914123712051985   5.67583336468726 0.147936750652471 0.944601485325968 0.207170991856279 0.207178502407101
1461163042.07004   2.93843820840317 -0.889823854341384   5.62389570787513 0.131824132727219 0.940183616134611 0.214942102421382 0.229078717015438
1461163042.20996  2.99455643855299 -0.87514406244832  5.58068787620755 0.128327524085358 0.933332654782072 0.214957610901094 0.257323585384755
1461163042.35006   3.05060642959472 -0.857812327818745   5.54409529713523 0.115730714327526 0.923949942384282 0.228708724574021 0.283928204011239
1461163042.49041   3.10653925993975 -0.844566772592641   5.50960872783037 0.104478340675728 0.914862681832965 0.234157818403706 0.311898486369297
1461163042.63   3.16789375676763 -0.829284397266885   5.48145309799433 0.0969907229009961 0.904405709273328 0.243273940039504 0.336839580219733
1461163042.77182   3.23715961550558 -0.814730653158562   5.44982394263604 0.0807462306489528 0.893570217484522 0.246570449912236 0.366354099049986
1461163042.89031   3.30901049407491 -0.811406645756665   5.42022301725979 0.0884491015344276 0.882537308931211 0.244405768711968 0.391880689754574
1461163043.01001   3.38500456499504 -0.810412311851393   5.39909152929906 0.0773577040373603 0.867464637276001 0.251488282304562 0.422225689134597
1461163043.15062   3.47653815204359 -0.812021300514612   5.38347827121581 0.0759723474227505 0.847124474124234 0.262183238952078 0.455925736254727
1461163043.33004   3.60689142043126 -0.808057173331823   5.36510582328162 0.076186007500824 0.837609468363405 0.255707491108791 0.476675728100254
1461163043.51023   3.74042598756723 -0.799806560156006   5.34418449848395 0.0885183195262245 0.843318971671273 0.250872510608463 0.466948179725081
1461163043.64997   3.83909412004729 -0.800953717914642   5.32375820089585 0.109843255301441 0.856571061361377 0.256264520985645 0.434222260354102
1461163043.78992  3.93698873085253 -0.80211623259622  5.30378814491205 0.116661452996962 0.867541123265007 0.261322075170598 0.406784067850819
1461163043.90998   4.02219914298683 -0.798113168480906   5.28858877701922 0.128207299330894 0.87421006161147 0.259266900242685 0.390000424376819
1461163044.01061  4.09472427305443 -0.78768826568635   5.2731028693631 0.145671861428803 0.880763429038493 0.268932120852958 0.361539769914395
1461163044.11022   4.16751252563216 -0.778835994267658   5.25849168258064 0.152553103310006 0.884715787491266 0.281333631589498 0.338905464356744
1461163044.20986   4.23623107619923 -0.768242103561302   5.24777332747552 0.140814937352216 0.887256874848661 0.302757268769864 0.31825214478349
1461163044.2899   4.28838357601385 -0.754733696464526   5.23925510193056 0.133964800586791 0.884456152226141 0.339643923231049 0.290573144673234
1461163044.3899   4.35685278411179 -0.750942371523704   5.22577468589807 0.111465526530093 0.891336671168995 0.33712093860098 0.281857850310292
1461163044.47201  4.40716299456164 -0.74498792526208  5.21401238731426 0.101673492942966 0.894945195574195 0.343784385792896 0.265608534946534
1461163044.57306   4.46674547551727 -0.736734500852519    5.1945021258153 0.104439923784814 0.899659609116737 0.347506682553533 0.242783845476548
1461163044.64989  4.51195289174584 -0.73005168129393  5.17594962246468 0.108641087540578 0.905265577622789 0.346892028259453 0.219902862189924
1461163044.73008  4.55609926410176 -0.72866790758299  5.15480976475703 0.114834519020591 0.913559804026931 0.337998396941171 0.19488099284636
1461163044.83031   4.60519436160904 -0.733460696246993    5.1274376979762 0.10806992269358 0.923724207534576 0.327571665246659 0.166587167426411
1461163044.9299   4.64685579839681 -0.736587806060511   5.09494488578752 0.118688647881531 0.929398508878689 0.325326410011817 0.12764851549057
1461163045.0305   4.69088646022307 -0.735060541778152   5.06356526186208 0.121981154837375 0.931882071902379 0.32653238200764 0.10046395090721
1461163045.11045   4.72110775291892 -0.729383101302374   5.02904185195149 0.139370576981166 0.934683306896597 0.319907743078944 0.0678379981936076
1461163045.18988   4.75201728061768 -0.720646632104502   4.99166309113024 0.146779723848516 0.937047609676175 0.314037300348943 0.042167094477416
1461163045.24997   4.77574629676562 -0.713781623931315   4.96071032607615 0.151802380851916 0.938687563436102 0.308359795837374 0.0271280616560907
1461163045.31016    4.8021056494374 -0.706667244205348   4.93088257491566 0.154713993125393 0.93856685223577 0.307967155572815 0.0176656532238142
1461163045.39002   4.83361904295667 -0.697963675888103   4.89342658956029 0.149303702530212 0.93729915342861 0.314831486424388 0.00773540875399231
1461163045.47199  4.85917544982797 -0.69317597223647  4.85410257857383 0.154505161098784 0.935408682336837 0.317949127337331 -0.00686328114907237
1461163045.55119   4.88207383184767 -0.694137411773878   4.81400568817784 0.167026874206142 0.935133553570986 0.311427747262947 -0.0252985871809445
1461163045.64981   4.90828319409447 -0.690992778471358   4.76545063257026 0.175915170418535 0.933640386846414 0.308866811516864 -0.0443933960100227
1461163045.7506   4.93024808559293 -0.683055569810781   4.71529664302337 0.175638790412848 0.934346681713082 0.30411447441792 -0.0605118180488433
1461163045.87234   4.94371284896004 -0.670068081200876   4.64983202292877 0.173180182659181 0.937019978173226 0.289423797491351 -0.0907526874757138
1461163046.02989   4.95655168043625 -0.664777529210672   4.56534165403704 0.162363684116615 0.939281272265041 0.272785240507122 -0.13029558017722
1461163046.20984   4.96299588449491 -0.660498283481119   4.46851849491334 0.163132778560143 0.938332767083693 0.256035049565081 -0.165424811230101
1461163046.37146   4.95364928753433 -0.644988483456837   4.37689114755885 0.156814107342175 0.93551014071285 0.244312237215484 -0.201349554528103
1461163046.50983   4.94059051526788 -0.632852774130069   4.28930582418551 0.165995158142582 0.929940393770909 0.230572387574144 -0.233437027043237
1461163046.62995   4.92747218269443 -0.627958866436818   4.21684613055983 0.166668349900172 0.923030624439124 0.232984156813232 -0.256816101837682
1461163046.74986   4.90782345365783 -0.629202887578218   4.14535510284149 0.185054335219813 0.916424914917802 0.212849917267204 -0.28392812656304
1461163046.87156   4.88646847251426 -0.625576223131742   4.07981648174937 0.194555868049238 0.908073671709024 0.203549065281668 -0.31002902925284
1461163046.97168    4.8638724117105 -0.618849881834231   4.02451629894976 0.197602018200991 0.901006487938727 0.189792575791901 -0.336332468354591
1461163047.07185   4.83613367910968 -0.607586097895182    3.9709471068859 0.198786256127972 0.8894581597344 0.179617547611523 -0.370250919035377
1461163047.17144   4.80829650421181 -0.600705885217668   3.91715562948176 0.1950099207463 0.878714389632306 0.1632498875138 -0.403957456287635
1461163047.2717   4.78200918886249 -0.593475804194719   3.86681790948607 0.187984702914739 0.865298619071524 0.160362093616091 -0.436123893216176
1461163047.37166   4.75273741608581 -0.590053684289671   3.82063438641343 0.1814240901833 0.84766350208035 0.153916629513819 -0.47419569578513
1461163047.47156    4.7178169250386 -0.583960016386017   3.77317087057903 0.185993077080133 0.831904998233498 0.14804527223109 -0.501421226677142
1461163047.54996   4.68650903520635 -0.582480216438122   3.73774287482474 0.180931134601363 0.820367241998114 0.138570307345991 -0.524461421565313
1461163047.6498    4.6434025183881 -0.573027990330814   3.69267961244533 0.186761663543306 0.805870588192013 0.124115072262145 -0.547985515278422
1461163047.75044   4.59697070808603 -0.561881254893182   3.64501383250944 0.189000667973025 0.793570168934132 0.110889855964648 -0.567651807297169
1461163047.86979   4.54113135467187 -0.547917795746959   3.58453683807626 0.188589973333636 0.787262063979104 0.11049186967727 -0.576579405903992
1461163047.99019   4.48726216044328 -0.539819288100954    3.5281768341051 0.200574430236011 0.775382441984311 0.120140221802043 -0.586615967821626
1461163048.13001   4.42046268250115 -0.549963806662859   3.46243322058156 0.196268730028881 0.774043732149733 0.110315180451141 -0.591747790274367
1461163048.28974   4.33442400517581 -0.553513015206923   3.39074053007711 0.205202749043641 0.776763441906284 0.0886120963907911 -0.588793922757414
1461163048.3902   4.27672765517389 -0.558864868066207   3.34468449948799 0.192783836960183 0.7860916684271 0.073213413786359 -0.582695526907626
1461163048.47283   4.23208609149713 -0.561590609511133   3.30615813173281 0.178956722466256 0.797216227058631 0.0721058195599566 -0.572032804639842
1461163048.59098   4.17088214131193 -0.555156534668869   3.25054943353722 0.168284743789379 0.81292914552297 0.0981027608078545 -0.548819002667467
1461163048.71098   4.09915456052917 -0.549730141080546   3.20229768813148 0.156766463970949 0.824363476734784 0.11075295013683 -0.532525039820451
1461163048.82971   4.01688097633636 -0.541718872832149   3.16851570656305 0.1447261823793 0.827904351368752 0.122879858311188 -0.52775871147715
1461163048.90969   3.95705753158374 -0.532314279591182   3.15491417781124 0.131642673107173 0.827723515344401 0.138606847072684 -0.527571919938576
1461163048.99012   3.89252131530627 -0.526321126467361   3.14499604346119 0.129229214377495 0.825812083258983 0.140702604877075 -0.530600593926957
1461163049.04973   3.84470377356696 -0.525543073152674   3.13802737358773 0.12054317113053 0.827361569601682 0.143496028696305 -0.529481885231616
1461163049.12983   3.78281642927866 -0.526425313088283   3.12560429755508 0.121088657899671 0.836560210633355 0.137001665719902 -0.516464030212274
1461163049.22997   3.71151196093081 -0.526559419188548   3.11115617881498 0.123657739961783 0.84286650109219 0.146342641597079 -0.502860473625181
1461163049.32963   3.64299906666401 -0.524225906667986   3.09649847475816 0.120936729173554 0.845985877819878 0.161984658250007 -0.493399607374956
1461163049.4097   3.58842944471604 -0.521754085117982   3.08561984699799 0.113806436784807 0.847490343046084 0.175664480262809 -0.48780139787005
1461163049.48963   3.52994193960968 -0.519997240806582   3.07775352226856 0.107795677712995 0.84626341262504 0.178764260041949 -0.490164939229921
1461163049.5497   3.48454752684611 -0.518297923935598   3.07329907830665 0.103658098914777 0.845144521217017 0.18017448770682 -0.492466131592639
1461163049.60962   3.43550584142229 -0.517583268215489   3.07033994282774 0.0967713664936464 0.842441968344386 0.176245529562188 -0.499864327501307
1461163049.66967   3.38645303655887 -0.516140408182031   3.06723017270222 0.089597285793856 0.840281174571514 0.176638447288486 -0.504676859959522
1461163049.72968  3.33775238541072 -0.51749293206991  3.06382656294735 0.0848162147022065 0.838478646896052 0.169876267494011 -0.510785495257312
1461163049.78962   3.29053968897534 -0.519225411656242   3.06072482795392 0.0813090588579802 0.835820353705389 0.165485625206112 -0.517114765917171
1461163049.87214   3.23070066182302 -0.520722307722194   3.04874054760666 0.0769645502135136 0.834757125228317 0.172982995618091 -0.517043405448691
1461163049.93011   3.18250750560331 -0.524682226500313   3.03880375681714 0.0767150510793272 0.834246823919502 0.164219742568689 -0.520748417058366
1461163049.98964  3.13684611967647 -0.52628219147474   3.0262986088942 0.072600252111469 0.83585715922131 0.173319825660605 -0.515783143195675
1461163050.04999    3.0920973010954 -0.531386483209533   3.01198961461644 0.0669228623291087 0.839229121964832 0.171740154873839 -0.511586874878281
1461163050.10973   3.04593751916763 -0.537894785318488   2.99710625239294 0.0642955932307707 0.843275396956825 0.156322433125779 -0.510211699669901
1461163050.18971    2.9841649879277 -0.540894872992446   2.97671110655616 0.0619184991570266 0.846462777534623 0.148712683544838 -0.507495225064637
1461163050.27169   2.92095577584622 -0.543401584693137   2.95545324178225 0.0599153473567068 0.850512215470958 0.136628352796896 -0.504352868235936
1461163050.34974   2.86040520134227 -0.543147546675325   2.93461891538398 0.0624552063989989 0.854130293551079 0.131935943357817 -0.499152978236422
1461163050.42968    2.8033342111792 -0.541366273024251   2.91429169988064 0.0755893202384767 0.852721772482316 0.127184643979148 -0.500974949210437
1461163050.5096   2.75020531644655 -0.537759389213967    2.8889261998606 0.0792458771013319 0.85131035165887 0.13531882799431 -0.500679129693997
1461163050.58989   2.69995736379765 -0.532109969415428   2.85838627472187 0.0736851128319895 0.851663809445644 0.158170588337283 -0.494187540122682
1461163050.6496   2.65889031220614 -0.531006559526582   2.83690302208609 0.0573660187903221 0.846264481486147 0.170085472751368 -0.501613894566404
1461163050.70967   2.62102147351737 -0.529327892183414   2.80948682645137 0.0563719757827551 0.846438861586686 0.168538518534927 -0.50195440202496
1461163050.77153   2.58013582559548 -0.527824684780779   2.78323969457583 0.0444031553929678 0.842685857642873 0.167006503115388 -0.509919339736211
1461163050.82994   2.54007603173861 -0.525134424014892   2.75433118643406 0.0390176391468047 0.843415905938572 0.157774221877528 -0.512088398966592
1461163050.88955   2.50007190673323 -0.518949865216298   2.72604393889598 0.0311840737874108 0.841479371891295 0.161530661976534 -0.514633719712258
1461163050.95011   2.45965988881959 -0.514721164391462   2.69858197034548 0.0208485364496258 0.837992191894508 0.166514876945109 -0.519237152568748
1461163051.00959   2.41900510213152 -0.515295075728288    2.6727192527474 0.0190678450466008 0.832869172847723 0.152904040294809 -0.53158791621589
1461163051.11039   2.35928388895041 -0.514337125125927   2.62750431981771 0.0165807894299942 0.829958291569715 0.158789275420914 -0.534490671282353
1461163051.24979    2.2789609782394 -0.512200204073959   2.55822710925824 0.0230284204056376 0.837231779083979 0.160264872211365 -0.52232921675948
1461163051.42961   2.18534600912866 -0.504511482094861   2.48498089315741 0.0261904881004505 0.839811645125477 0.148607022714541 -0.521484814586792
1461163051.6295   2.08646560363135 -0.486302245764219   2.40641703504708 0.0197521958000359 0.845702827624625 0.149284924766289 -0.511967371368834
1461163051.78964   2.01239497150615 -0.476060977111295   2.34045799972052 0.0113754865562496 0.856246332613086 0.169649804814787 -0.487782492427264
1461163051.94975   1.94153000210563 -0.492915966971104   2.27415812533149 -0.00267996667896148 0.865824498104039 0.170152628371904 -0.470519754441427
1461163052.09062    1.8749874995583 -0.507666719865189   2.21783339349598 -0.00164043903145123 0.869663019855089 0.148566633838135 -0.47075630231184
1461163052.21037   1.82145603990479 -0.507983342068136   2.17077755437154 0.00545018251638481 0.874322580250315 0.140784954681522 -0.464445817841318
1461163052.32964   1.76466560381792 -0.499072383486934   2.12700549122649 0.00840980850764323 0.873113802821329 0.135770406922939 -0.468153777137088
1461163052.44972   1.70142140704163 -0.484137050103145   2.07977525366911 0.011441448859769 0.871119758931717 0.134232649219253 -0.472229874881203
1461163052.55032   1.64848001393892 -0.469751464501265   2.04966725524175 0.0266081549432894 0.860845690909543 0.144597231995772 -0.487163569073209
1461163052.62955  1.60234701881413 -0.45956458597398  2.02947653849693 0.0382489325914178 0.84748985195509 0.144689683415758 -0.509276806365461
1461163052.70955   1.55754327346446 -0.445976936586644   2.01409050742542 0.0569480696490135 0.827826089395239 0.158219470439445 -0.535189202295504
1461163052.82951   1.48770766091712 -0.430861718448971    1.9873009379621 0.0769519169252926 0.80752578131196 0.154247781305643 -0.56408167578846
1461163052.92985   1.42573661562958 -0.420347426278617   1.97288358554165 0.0872555432859909 0.783826687904259 0.147674413215564 -0.596820292195519
1461163053.02956   1.35997467581645 -0.408188009081199   1.96347886629789 0.0986395843209977 0.758759203094829 0.138898874395906 -0.628698502316835
1461163053.10969   1.30625090387212 -0.400717765621295   1.95556441356281 0.111925578799996 0.739860605381432 0.128025213976835 -0.650913584127028
1461163053.18964   1.25458178916546 -0.396701168833621   1.95178452009149 0.119693683466574 0.71528758251983 0.128248806780009 -0.676453501721031
1461163053.28947   1.18734911878929 -0.398989939669222   1.94716141175829 0.126164961522654 0.693695055483 0.118184375619987 -0.699215292911804
1461163053.37139   1.13570384519556 -0.401893046042785   1.94559717095105 0.129560170772826 0.676013481906799 0.110088777283163 -0.717007946640663
1461163053.44991  1.08412094186661 -0.40685514627865  1.94464623844562 0.124809284017154 0.656342371517363 0.101434027323837 -0.737121748475078
1461163053.52942  1.03363531995062 -0.40784885528792  1.94447520512987 0.124220565435954 0.639877986472398 0.0940631097659541 -0.752514149323426
1461163053.60949  0.984810589395663 -0.405911320812737   1.95173403736621 0.123326527312604 0.616018829452882 0.0914443793893186 -0.772624938051198
1461163053.68996  0.936234811811553 -0.401740399010463   1.96147956480389 0.11803081919366 0.596050503311623 0.101143329696703 -0.787757926066313
1461163053.74995 0.899395763171917 -0.40166612721356  1.97136521147652 0.115208723157268 0.577394459873127 0.0941881339663999 -0.802789625765194
1461163053.80984  0.862484526485897 -0.403064105336731   1.98271365712304 0.107659036810988 0.555968449157572 0.0908213925303914 -0.81918257427334
1461163053.88942  0.811473275755581 -0.405682963837002   1.99083798782793 0.108617539478807 0.54446038849033 0.0966285518852337 -0.82609202782928
1461163053.94975  0.772629474996053 -0.411399388711816   1.99666806285144 0.0988449840046635 0.535974781683769 0.10473237130968 -0.831860464823281
1461163054.03019  0.719297395363813 -0.416350303895129   2.00216820429907 0.0959501350465434 0.530850792002239 0.103126436391725 -0.835676938973602
1461163054.11016  0.665363436288183 -0.418644255152313   2.00206849932242 0.0927465798442638 0.538808570341511 0.113185967533169 -0.829621801309072
1461163054.19035 0.609188506196886 -0.41964472109638  2.00066062805233 0.0858086381843305 0.55357053415283 0.119812562313325 -0.81965937513251
1461163054.2712  0.551117398044336 -0.414137038906841    2.0008966228954 0.0874612377654383 0.567397205873326 0.128414386912852 -0.808653626647081
1461163054.3494  0.489843391031315 -0.409723954324661   2.00378404057999 0.0839002479391867 0.580266638005525 0.137781613144339 -0.79829042603106
1461163054.43012 0.428801794820376 -0.40753480328686  2.00331489123181 0.0815744846818036 0.601275463706185 0.145925892938406 -0.781357187183902
1461163054.50939  0.371757243582946 -0.406580635412829   2.00262023013465 0.0818408161872015 0.617904325456531 0.160798220382794 -0.765271362138718
1461163054.59013  0.315160919043975 -0.407111404138216   2.00056630770075 0.0842816951407138 0.634886234639167 0.178990680144219 -0.746845634218624
1461163054.64938 0.271723753955287 -0.41123490561417  1.99726765446421 0.0792931821801184 0.648934944405927 0.185865422077284 -0.733518966397366
1461163054.70938 0.23087190189397 -0.4149935847539 1.99122126125826 0.0738038007174224 0.665177687762306 0.200223807743697 -0.715543198916369
1461163054.7899  0.175106437923254 -0.423154046684213   1.98720011089052 0.0712964437294471 0.676712883316637 0.191264167704827 -0.707385686041919
1461163054.87107  0.118416443392761 -0.424212832806892   1.98482463681809 0.0698971298237459 0.687354354782922 0.191725528231826 -0.697065064414781
1461163054.94944 0.0621160286900584 -0.421185695891819   1.97662823292751 0.066050371974806 0.705882430213704 0.192417668587851 -0.678485654890949
1461163055.02965 0.00743240857330951  -0.414730514028504    1.97218085865126 0.0666476140530936 0.707732753597538 0.198730255086478 -0.674669349192284
1461163055.10939 -0.0446597623445721  -0.407011100510931    1.95926326295011 0.0645775228321315 0.719085624804963 0.203880395230865 -0.661194670414264
1461163055.19018 -0.091039451648228 -0.395417192481623   1.94515108867981 0.0691241495852989 0.724891116889573 0.224759862060512 -0.647485694826717
1461163055.27105  -0.13889871078905 -0.386755071468123   1.92942318147983 0.0680854273822035 0.730400779800259 0.242446746296831 -0.634900504532353
1461163055.34943 -0.183135650662757 -0.382753925774691   1.90986411116455 0.0699166126904522 0.744998432318263 0.244359335664266 -0.616747531966641
1461163055.44934 -0.236285726986158 -0.376182234388497   1.89325295037064 0.0747427559931551 0.751493182819831 0.248311154688966 -0.606640822117091
1461163055.54977 -0.286801573482146 -0.368274903598065   1.87510986912413 0.0713254044871201 0.762806089206979 0.259413722199849 -0.588000066052652
1461163055.6293 -0.326582302060686 -0.363639248111229   1.85614396864598 0.0685050852838961 0.774763368623547 0.260567945867345 -0.571973007681142
1461163055.72923 -0.372185700011233 -0.357302207390738    1.8300810449451 0.070661501035394 0.789973356572663 0.25810117282176 -0.551663695347788
1461163055.8094   -0.3986619103004 -0.353612879489992   1.80853871759276 0.0775936230482153 0.80304548355282 0.270621066278807 -0.525225113159864
1461163055.90926 -0.436834648900322  -0.35896515192965   1.78031319619484 0.07185285348438 0.816794911430971 0.274584942455997 -0.502281145856642
1461163056.00939 -0.472966614476964 -0.366609251263854   1.75467134766192 0.0757680457394373 0.829060997272119 0.261558347418117 -0.488369017181566
1461163056.10955 -0.505884458461963 -0.367149188188457   1.73008468606543 0.0762693377164051 0.839264256068914 0.259860636127498 -0.471477408155265
1461163056.21009 -0.534331937075909 -0.358885376816877    1.7046312804678 0.0697085466939635 0.849861092919097 0.269010627188962 -0.447783567942789
1461163056.30947 -0.566644658199536 -0.347019004636606   1.67675459349148 0.0554347326255555 0.857498538053991 0.279354948614526 -0.428467105316824
1461163056.40972 -0.597752449863311 -0.333161720900737   1.64023855353276 0.0378820633366485 0.868569687971308 0.293674898463605 -0.397374760682123
1461163056.5094 -0.633730926085323 -0.325583947710236   1.59916307009541 0.0237159173709037 0.879913443636656 0.292086093486691 -0.373999466526922
1461163056.60928 -0.664035422161781 -0.323719442072255   1.55925287798666 0.0126437996364853 0.885782476983899 0.298078389146503 -0.355497977100922
1461163056.68931  -0.68120367343104 -0.326144345885607   1.51905894278625 0.0117083719183668 0.897672928196011 0.290208855801468 -0.331398624054813
1461163056.77256 -0.698083270323213 -0.328283014999522   1.47935259575586 0.0166845314509169 0.908488248929803 0.277484264380336 -0.312046808969467
1461163056.87081 -0.712439206115187 -0.327598428048439   1.42929823711854 0.0142999783348411 0.918252164360968 0.276370024726868 -0.283245622558391
1461163056.94965 -0.715422374564895 -0.323299021993093   1.38464205380265 0.0115298985488941 0.927551896029688 0.282077169629789 -0.244840789054502
1461163057.00964 -0.718993821224836 -0.323880583577928   1.34745668580606 0.00266517191069647 0.936797570927247 0.273926944608495 -0.21764015479904
1461163057.06949 -0.720331723445304 -0.324387286223661   1.30921475759896 -0.00151399474653134 0.946039640601386 0.265543087098646 -0.185724460222202
1461163057.14934 -0.724390107108498 -0.325465305994383   1.25953147609004 -0.0103968526311176 0.954899208221005 0.257505676002722 -0.147479606795805
1461163057.22927 -0.731543486552814 -0.326920355076686   1.20908043798228 -0.00636521981146847 0.961946141598222 0.248812200709801 -0.112745702441338
1461163057.30927 -0.741689680443268 -0.330779946289037   1.15924437356653 -0.00911232886113742 0.964621665059434 0.250685531456817 -0.0811096361655283
1461163057.38937 -0.752578711209384 -0.342291478874702   1.10946192295599 0.000607997770852931 0.967279878430094 0.246506852602959 -0.0600303151978707
1461163057.47133 -0.761437095163103  -0.35840195931998    1.0601654825837 -0.006379230359452 0.970356849469193 0.239601258511273 -0.0309536270581831
1461163057.57119 -0.776911441574591 -0.378167306548811   1.00199791475613 0.00467485749667697 0.974578486482373 0.223917693007566 -0.00598215272973393
1461163057.68975 -0.803250292480786 -0.389613571629484  0.934689728384612 0.0213283412978469 0.975587695853038 0.218102608865911 0.0143178756638838
1461163057.78936 -0.827983142898146 -0.387008399038975  0.872674846651808 0.0319413118066894 0.975280981841073 0.214743593119589 0.0411332988376692
1461163057.90925 -0.874115429626405 -0.369510370366626  0.791609204162817 0.0261246025485587 0.974027937310572 0.216117022497068 0.0622937803251174
1461163058.00926 -0.927602653210382 -0.359659059938242  0.718062335501767 0.00791131826541986 0.976668659906834 0.202541805655193 0.0709405156523798
1461163058.07108 -0.966589081752222 -0.361915608437315  0.676911691591256 0.00667540066176557 0.98039697563442 0.186475281326199 0.0632785796869823
1461163058.18927  -1.04612151845853 -0.369083416133229  0.597971350402284 0.0178347930832374 0.980250092065401 0.188170317985131 0.0581687939605506
1461163058.28932 -1.11653780640618 -0.38669274325387 0.531114525687234 0.036621555323986 0.980189638518236 0.186368904231063 0.0561583988629945
1461163058.36938  -1.17965755041429 -0.404696876137691  0.472736572595102 0.05637779623697 0.983708083240134 0.163727281486446 0.0483045376392573
1461163058.44926   -1.2485417360054 -0.418904208992588   0.41516542190005 0.0476946641697504 0.986920063124935 0.148152899692138 0.0420086458246412
1461163058.52924  -1.32584886892105 -0.435064369517573  0.361927772129161 0.0534346416877686 0.989847449575406 0.126787428795814 0.0356610927498
1461163058.60929   -1.4100626601145 -0.458904662776185  0.316582468176013 0.0503131290832195 0.99324552034986 0.100716614149274 0.0280729225606781
1461163058.68919 -1.49261325254136 -0.48268643785105  0.28288115408868 0.0520527417882051 0.994848247863027 0.0827649215366287 0.0267851369089599
1461163058.78935  -1.58629847391859 -0.524126581333381   0.24289931382778 0.0442492068160382 0.996312443277074 0.0599471175922319 0.0425425217847082
1461163058.8893  -1.68049400829707 -0.562949588351394  0.207767661200216 0.0487259897515103 0.996761837761525 0.04524040926835 0.0452208146126935
1461163058.98922  -1.77840153503145 -0.595264272462656  0.172244838188019 0.0558068503640058 0.996985412825442 0.0278869652381974 0.0461302420927612
1461163059.08945  -1.88480621758869 -0.607389279794877  0.141439914292346 0.0667052736597246 0.99643041240719 0.0171279012750929 0.0488208428228156
1461163059.18926  -1.99958456814342 -0.604664675524203  0.113815737325069 0.0697074523734135 0.99646856464983 0.0130571650523263 0.044953099883227
1461163059.28924  -2.11731644542497 -0.586678141371466 0.0879649749004893 0.064767237837077 0.99708893422038 0.019135756779411 0.0353932899106934
1461163059.3892  -2.23350965128741 -0.573493293315421 0.0685041750887748 0.0667634570190858 0.99726846176557 0.021987684044075 0.0226891543467666
1461163059.48915  -2.34700927956307 -0.567161630815224 0.0485612822163663 0.0690354218594647 0.996896480394999 0.0361435705593256 0.0111875024903552
1461163059.58912  -2.46253048768191 -0.561861916281277 0.0359344343320866 0.0967638662460381 0.994757680775138 0.0328434767657385 0.00390086681735084
1461163059.68918  -2.57341530953842 -0.541611351255839 0.0277439545617444 0.0871106764547646 0.994705698478384 0.0544970880205421 0.00153975956103888
1461163059.80908  -2.70274331646772 -0.517815760562579 0.0225210903267251 0.0959200482264902 0.993635900660097 0.0584954949555775 0.00808197609051298
1461163059.90926  -2.80107674080146 -0.499142431764214 0.0262002968753057 0.074600201874893 0.99411265767112 0.0777672939185586 0.0112730534848263
1461163060.00918  -2.87479707977715 -0.490588924580668 0.0331391891429385 0.0730707079102233 0.991745291788492 0.0954960753702958 0.0445246836005439
1461163060.10916  -2.94651583564823 -0.484796900936484 0.0363110783966917 0.0845207723212824 0.987400840108284 0.118634701759474 0.061819313633435
1461163060.20921  -3.02129203789639 -0.470719301392322 0.0382106381044649 0.107775334646962 0.981469497253144 0.139739813170126 0.0746651713891723
1461163060.30922  -3.09284570685054 -0.447284685288168 0.0385847882865411 0.100138501661439 0.977886729940966 0.155868643798111 0.0970298395902151
1461163060.40918   -3.1628442183813 -0.412368678587292 0.0384884204702436 0.0821546253466865 0.973950469813699 0.173455948222439 0.120764787542045
1461163060.50908  -3.23161768868005 -0.376997031155884 0.0365564675726533 0.0595297939929568 0.969661546480925 0.18785281148809 0.144651339846533
1461163060.6092  -3.29391802100553 -0.350788215306697 0.0393700277281024 0.0477719247394965 0.962092805921761 0.201794501222623 0.177127793631008
1461163060.72914  -3.36306466755521 -0.333673669557572 0.0446896037211904 0.0337653014339475 0.95321908091899 0.218711457686413 0.205909170431324
1461163060.84919  -3.41859608267772 -0.325736996283542 0.0509247255405803 0.0322882664632458 0.940996479911063 0.23896941831474 0.237437801864195
1461163060.94943   -3.4597237015699 -0.323800848178555 0.0552827524464816 0.0452179277650525 0.929920906206055 0.238711717389244 0.276078183112359
1461163061.04918  -3.50826650804288 -0.316376388054051 0.0590240220046492 0.0330802026754216 0.918895675322853 0.237916481321952 0.312941186134538
1461163061.15012  -3.56315720873412 -0.306636995778818 0.0606638583933314 0.0178116412091967 0.907006714083189 0.241201341781477 0.344736825373018
1461163061.28925  -3.62894931360998 -0.308841811015482 0.0593719536830486 0.0126487720672349 0.894940721766481 0.232775524833681 0.380442726474939
1461163061.48956  -3.68312335797663 -0.314250706399348 0.0685174938045074 0.0122960807917659 0.878275399262414 0.236335342265658 0.415483736677844
1461163061.76901  -3.66088801972698 -0.297629090100612 0.0962357613716422 0.000617309714869546 0.85910572139197 0.227455764282733 0.458476666467179
1461163061.90962  -3.60043518469815 -0.274469561891314  0.126800667781743 -0.0165791335147384 0.840850155303106 0.245263704455127 0.482225946974644
1461163062.02906  -3.52463297467753 -0.267656390748793  0.147773574641216 -0.0240611311202107 0.834436894489521 0.244988010153176 0.493068966743079
1461163062.12898  -3.44862051901799 -0.272599956278404  0.157259390208089 -0.0152785181652298 0.836998013971489 0.242112180661758 0.490492184918033
1461163062.20942  -3.37887983804828 -0.281457905909932  0.165791639765478 -0.0285369587137261 0.833620326503204 0.227310118053224 0.502586214950921
1461163062.28935  -3.30548264953731 -0.296643746056208   0.17427768429185 -0.028477969910096 0.827828212893112 0.211762618231101 0.518696489951402
1461163062.36944  -3.23280838775373 -0.315205707223055  0.183551338597575 -0.0286553773456767 0.819790928894104 0.198510668158423 0.536390917968803
1461163062.44898  -3.15850287572529 -0.334371181367785  0.190173005457023 -0.0259065718196819 0.811169149030661 0.190482116792448 0.552313338947824
1461163062.52898  -3.08090987283523 -0.351420134027769  0.192282737435483 -0.0185101763333055 0.804912752407535 0.182285703450615 0.564397693742055
1461163062.60896 -3.00022635119554 -0.36322997325569 0.189557836037638 -0.00248713622987162 0.799930067739972 0.177794639652876 0.573144630080054
1461163062.69021  -2.91964777346192 -0.376633644394505  0.183954869567961 0.00963609669342742 0.799280333737984 0.163760275656611 0.578135508213328
1461163062.77151  -2.83810160318084 -0.392012648962759  0.182176549056987 0.026919012601121 0.791515674852541 0.150340781705448 0.591756666696288
1461163062.88956   -2.7256436649061 -0.417289707178526  0.172299289515557 0.0554725801875812 0.787449298498924 0.150004472897503 0.595268891553747
1461163062.9899  -2.63510010470357 -0.441765341290927  0.174260390858926 0.0645219040035376 0.769112441578333 0.149481586656347 0.61802769465767
1461163063.08893  -2.54780134134672 -0.458566876391523  0.176562139974718 0.080567505998833 0.746576299852318 0.155293741975075 0.641885160429285
1461163063.20897  -2.44143494796196 -0.448412471588209  0.174336030917319 0.0762751251497203 0.725785288740921 0.160898348137405 0.664476893125192
1461163063.37078  -2.29750234593307 -0.392205295186637   0.15237876981764 0.0451241876211173 0.719424882310233 0.168962738282482 0.67219285884077
1461163063.48926   -2.1859598282615 -0.367401710147142  0.121225866204831 0.0156922281060759 0.732114559706422 0.1452321535795 0.665334237064048
1461163063.62892  -2.05253366891451 -0.364511597725371 0.0872440524939933 0.0277654860034614 0.722605717564753 0.155193523046146 0.673041622141042
1461163063.77131  -1.91185114523597 -0.360765854494694 0.0368102175864564 0.0213729195062483 0.722929123464548 0.15982385464259 0.671842999699888
1461163063.89048   -1.78562384123162  -0.343048946770903 -0.0106229928024562 0.0281580465165046 0.71569967355009 0.161440192740086 0.678909541739335
1461163064.00897   -1.66671481325097  -0.323728222851339 -0.0578496354835167 0.0328869434568538 0.703582463147592 0.157488748533911 0.692161441129492
1461163064.14887  -1.54757080911014 -0.302254685204583 -0.107567797277015 0.0271312692095239 0.688639122323939 0.175584563830041 0.703000792588892
1461163064.24909  -1.46773231712189 -0.294211623996782  -0.12933751367333 0.00683363975409465 0.66508470518144 0.181547872091477 0.724331420304604
1461163064.37101   -1.3694924812575 -0.283982668594438 -0.157065003585322 0.00623206061168058 0.644923958729916 0.186615058399094 0.741086411193302
1461163064.50894  -1.25196483549985 -0.256733606689936 -0.191718153315166 -0.00332119009317314 0.631800327106701 0.182755980972308 0.753271244495022
1461163064.62911  -1.14764489049477 -0.231096635170685 -0.228675678766096 -0.0178125677816598 0.636794326826704 0.174509784455614 0.750814246588065
1461163064.74893  -1.05651235487481 -0.227783972593677 -0.251495027239014 -0.00345452094790218 0.63543165547561 0.168269908985604 0.75359134498382
1461163064.87097 -0.971214221148595 -0.226211443404142 -0.265881719806872 -0.0164994149407528 0.620510407859114 0.182107175760561 0.762582178903783
1461163065.08928 -0.811409153766743 -0.208005390688726 -0.275943042063017 -0.0273227721986778 0.575309500344375 0.186975310080859 0.795809448519588
1461163065.18887 -0.733953169967445 -0.192470116446229 -0.279372544731772 -0.0211910067960258 0.548835524023744 0.191815267063545 0.813349501826794
1461163065.28914 -0.655140259663662 -0.180578402739487 -0.289382989427534 -0.025926896324222 0.531515294061258 0.183416256824898 0.826545682317869
1461163065.38899 -0.585090891584611 -0.179752036346286 -0.290244978453586 -0.0402287157564051 0.502970303382864 0.165347348645982 0.847385849916839
1461163065.48895 -0.518374554028275 -0.185695846614948 -0.288575119696718 -0.0459909123360472 0.473443527551736 0.151095826357339 0.866548390719907
1461163065.58912 -0.450214508430259 -0.191583308160244 -0.295043700463922 -0.0340405844535674 0.46103083848848 0.157150500138986 0.872694405206505
1461163065.78883 -0.299666981914206 -0.179971727600273 -0.317587247477687 -0.0139385193632878 0.441988725062806 0.176983459008826 0.879277282677419
1461163065.97064 -0.160169117650046 -0.138404457652171 -0.351503824955237 -0.010055491832652 0.437226012833415 0.173775656099456 0.882345919769
1461163066.04883  -0.11861970432977 -0.121242841910206 -0.356106708766235 -0.0230176080817454 0.412319854741794 0.166104396220924 0.895472979301991
1461163066.1713 -0.0687820217083263 -0.0993988778762495  -0.360044155212406 -0.0408782524709006 0.385539159634966 0.175409906987796 0.904941925978359
1461163066.28882 -0.0342299116152695 -0.0880929347813346  -0.361333526700088 -0.0594446446720059 0.345334260593755 0.166795505126837 0.921623481769788
1461163066.409 0.00303805479303316 -0.0957529687801979  -0.374893869393582 -0.0623874423214992 0.323325208142315 0.153676113534945 0.931639559566416
1461163066.57077   0.06378499337459 -0.117515646209242 -0.404734791532305 -0.0237445940811372 0.321894176141604 0.142476913739778 0.935692611207991
1461163066.64876 0.0921663617218877 -0.113336703485862  -0.42594664115475 -0.0145225102691443 0.319793170599881 0.148841036988279 0.935610907611392
1461163066.72883   0.114009899344368 -0.0996800735408575  -0.447795597876371 -0.0303847312362679 0.306435777961315 0.157102220248015 0.938345764889514
1461163066.80871    0.13019715580664 -0.0879171957580263  -0.470492308973202 -0.0302656602143018 0.290662004342365 0.181440261173418 0.938977646522426
