1464885044.40291  8.20022487381426e-06  4.94624911313817e-06 -3.64823151500227e-05 -8.42775060899813e-06 -3.12933470030294e-05 -7.70156290824349e-06 0.999999999445193
1464885045.42482 -0.0132133193407057 -0.0136757263103334 0.00229755877163973 0.0410688587433514 -0.0103721300879073 0.0409379561298217 0.998263417894731
1464885045.4713 -0.0151958395173831 -0.0135366066000005 0.00379297254670638 0.0399463598594334 -0.00943593424355124 0.049420057925811 0.99793432116224
1464885045.79643  -0.036336513838446 -0.0133263755294167  0.0200957772824016 0.0558447128158892 -0.0446596697832638 0.0966974817826888 0.992741899469468
1464885045.9823   -0.0475194727639358 -0.000749501770827191    0.0323851804262137 0.00997475856006378 -0.0254164060927477 0.116038522084965 0.9928693629503
1464885046.30742 -0.0777818851500417  0.0048826690172122  0.0574532416797633 -0.0141114479774764 -0.0413568091962782 0.0990601251813195 0.994121508150861
1464885046.8233 -0.0680197527284414  -0.019870321442514    0.10864718777917 -0.0211604615007386 -0.0529981158212972 0.0865579485275746 0.994611057718124
1464885047.0075 -0.0575114191745133  -0.056498391497449     0.1180003464002 0.00973238401596999 -0.0686305091527345 0.0689177971813338 0.995211269603834
1464885047.18997 -0.0550423313076885 -0.0886256591769015    0.11774158448221 0.0109123717152287 -0.0876216421079333 0.0716344578303197 0.993514908005519
1464885047.65429 -0.0791804497221705 -0.0854963874214859   0.124375710319537 0.0528614973218269 -0.10623739638594 0.086898904031024 0.989124794041803
1464885047.88672   -0.10660893318556 -0.0576364563398847   0.128368601525303 0.031825590122572 -0.10639882093651 0.0911519977092801 0.989625048202741
1464885048.02597  -0.123957271575515 -0.0402976787642997   0.127332392288948 -0.0169546349626903 -0.0984425723132864 0.0696001672743689 0.992561039445436
1464885048.2143  -0.150301089095359 -0.0210724014617567   0.122807829269938 -0.0241180780948593 -0.0934155435350218 0.0352260034036512 0.994711507533351
1464885048.39758    -0.181597315235843 -0.000251219833053798     0.117612410240461 0.00607573530463842 -0.108454037155624 0.026032858355565 0.993741967288789
1464885048.58338    -0.210446462967 0.0267155818068257  0.113728967643393 0.0165131566521355 -0.149454576373198 0.0303400653441708 0.988165029584331
1464885048.72581  -0.22315697363484 0.0514741055613313  0.112145839309415 0.00863961572480377 -0.161766365957953 0.039418888502576 0.986003626318944
1464885048.91155  -0.22887977675752 0.0820929670530287  0.114029057623716 0.00940055545299992 -0.165396731737464 0.0363657606753725 0.985511583969586
1464885049.0945 -0.214867564379124  0.112337671075056  0.117190053516345 0.0069629865670271 -0.173537970265097 0.0238752942850022 0.984513108098182
1464885049.23368 -0.191736200031979  0.131993440504838  0.118351170394476 -0.00972837461101912 -0.186310509663814 0.0149741133401846 0.982328625586119
1464885049.37302 -0.157291482732324  0.141360656995249  0.122373737555883 -0.0176594727561105 -0.184603699222513 0.0104387492770643 0.982598926199734
1464885049.51234 -0.122326206612588  0.144643014066937  0.128815744200078 -0.0224824321174572 -0.195597444230928 0.000544100159861019 0.980426378679924
1464885049.65457 -0.0874190844667689   0.143152840323836   0.137860937260828 -0.0245938845557621 -0.202909310644636 -0.0035342946110978 0.978882250966774
1464885049.79105 -0.0546949591878456     0.1371133393341   0.147999507778497 -0.0310833465085838 -0.203721940175521 -0.0101422546803453 0.978482667874576
1464885049.93045 -0.024748247315462  0.121760284641273   0.15805459319672 -0.0380080081177334 -0.17339116732582 -0.00656361633250856 0.984097461308051
1464885050.02328 -0.00955933243824775    0.103106825275748    0.161979425657714 -0.0273517424470606 -0.147291656611011 0.00559425796434438 0.988699021115993
1464885050.11622 0.00177777679434635  0.0814875708556768    0.16421288349442 -0.0205164495495893 -0.12939942697793 0.0278237388147991 0.990989759358808
1464885050.20912 0.0102890443456896 0.0592133651414877  0.163162907429379 -0.0124362558140778 -0.108334207926311 0.0535166601503217 0.992595086639391
1464885050.30205 0.0159322819267692 0.0371529924004914  0.158765520606666 0.0058982062850684 -0.0811345090939726 0.0669408729700568 0.99443517743627
1464885050.44163   0.013385473551389 0.00912089327937235    0.14442433274074 0.00869215636249688 -0.0530817263350677 0.0870872899952956 0.994747495934689
1464885050.58076 -0.00372608689369366  -0.0164994120353404    0.123645939910575 0.0125422265494536 -0.0458592707506974 0.102977613606127 0.993546793530825
1464885050.72192 -0.0277959913235648 -0.0399575791650616  0.0972157991942712 0.0168996291843329 -0.0370718091231319 0.122980437722655 0.991572435800489
1464885050.85942 -0.0537437308967762 -0.0607003483962643  0.0658742084978591 0.012826551877821 -0.0199362731057005 0.133337917073822 0.990787073216034
1464885051.00269 -0.0811756579613855 -0.0828705485736237  0.0296085102380357 0.0133698922430859 -0.00879830636158417 0.144695014802718 0.989346849430379
1464885051.13813   -0.104871122619259  -0.0988208693691823 -0.00856057492271536 0.0240616332862908 -0.0120294991175233 0.163002988850949 0.986258766541639
1464885051.37038  -0.127832869912993  -0.100613541158132 -0.0766108557440532 0.0387752972556187 -0.0336873446200731 0.169889557689776 0.984123557955585
1464885051.50995  -0.140837217838058 -0.0915606425099596  -0.118951807463074 0.0525227904933443 -0.0648581880432796 0.155793415733301 0.984257681472025
1464885051.64905  -0.150740581633635 -0.0779543829284212  -0.161389714820867 0.0588151806175057 -0.107104627684747 0.144624090485857 0.981913054047343
1464885051.83796  -0.152995009842929 -0.0592211797750825  -0.219152350261211 0.0597675984682883 -0.145685487354995 0.137454261951493 0.977910987165418
1464885052.02152   -0.14942175917549 -0.0435679548628992  -0.270117572432484 0.0469750510997549 -0.174232044579317 0.131568910789367 0.974744151523663
1464885052.4851   -0.129888272515244 -0.00210698533785271   -0.325333186414977 0.0478032721087383 -0.18760272233561 0.128191699854812 0.972670012818479
1464885052.76416 -0.0859414427306212  0.0206786976130621  -0.328575714053364 0.0507719460177724 -0.169728406753816 0.131771698233509 0.975320817466251
1464885052.9961 -0.022536419153138  0.043452042537739 -0.320411600245269 0.0515381527480256 -0.170115133695771 0.118706729900218 0.976889641861038
1464885053.2316 0.0569744832007733 0.0605873737740054 -0.309581193705164 0.0480709344923847 -0.171890841945774 0.122372068494398 0.976303129445258
1464885053.46045  0.125580009855152 0.0650506827187673 -0.279100367629717 0.052204004052528 -0.174011344662089 0.112148905382867 0.976942893372586
1464885053.6464  0.181659088825759 0.0668069205021504  -0.23121611581282 0.0619269709231664 -0.156593281460646 0.111362240631566 0.979409028871587
1464885053.83323  0.229905511443794 0.0624192302789155 -0.170253318257505 0.0574286846705925 -0.143952934904569 0.0996125360362461 0.982881906117817
1464885054.0207   0.27157481568401 0.0397988087208416 -0.109211763468101 0.0652211371260364 -0.132424800856644 0.095856932855861 0.984388807237025
1464885054.20406   0.305536517845796   0.008202405862426 -0.0564071268561563 0.0664979363666672 -0.106281906513674 0.119615722513305 0.984872712452941
1464885054.38959    0.324437373306452  -0.0311668129599412 -0.00583674824622972 0.0826813365288838 -0.0810290217999545 0.141768274892717 0.983107242598631
1464885054.62182   0.323937442743586 -0.0697953844820899    0.05087537082642 0.0914947068961366 -0.077764680824515 0.139918026707109 0.9828551871098
1464885054.9491  0.279128455330019 -0.109752246491902   0.10165880464179 0.091569203023303 -0.0861335749760596 0.141994039071016 0.981852219627689
1464885055.1819  0.215356379654718 -0.138534907677798  0.132503849627012 0.0973161469864479 -0.0710562388356855 0.145086729251468 0.982054183562877
1464885055.36498  0.153934076914549 -0.164600910989665  0.149096637871032 0.0943553286967883 -0.0572420618288702 0.155336488411665 0.98167764244279
1464885055.55084  0.094159966022781 -0.184037978892272   0.15372397481796 0.0936950616301638 -0.0535878782993747 0.165022070447119 0.980365896485
1464885055.69021 0.0543718326122708 -0.189312664976197  0.147105844454218 0.0949986547734321 -0.0450943109422866 0.16483903964275 0.98069865387974
1464885055.82937 0.0131288775666937 -0.190362498944735  0.135299206407857 0.0954354805884484 -0.0386462844642864 0.161607328412073 0.981469105548142
1464885055.96889 -0.0302027064681657  -0.192062528502399   0.117267127343577 0.09892092559046 -0.0396197604262986 0.15887531465546 0.981531232033509
1464885056.11132 -0.0719375356025356  -0.196894162912983   0.095797684536855 0.0909243414783467 -0.0441595148617939 0.160767027221639 0.981802762438677
1464885056.29397 -0.119434866601702 -0.198997216205686  0.061876679267824 0.0951013904471181 -0.0448877512126062 0.172240057292483 0.979425432582789
1464885056.48246 -0.170530262132227 -0.195760419326908 0.0262073202934228 0.103604704661444 -0.0494343073184223 0.168598642264058 0.978977431945537
1464885056.61911   -0.216043199114749   -0.188758775769346 0.000203642349413184 0.0948633324085394 -0.0673972174519821 0.158426332733088 0.980489500372555
1464885056.75901  -0.258435102153734  -0.178388073157067 -0.0270245035394123 0.0827805917117383 -0.0767568112214 0.149045723930074 0.982365073557248
1464885056.89782  -0.295991149581221  -0.170574528520062 -0.0606214458306111 0.0784147317139166 -0.0893541051956081 0.149087615197642 0.981651596407609
1464885057.03978  -0.327058377353178  -0.157217152749096 -0.0943399298068448 0.0670135126283037 -0.105722015792204 0.153119110853299 0.980248224886709
1464885057.2233 -0.352938878197691 -0.128907829913471 -0.135686084347016 0.0711088216730735 -0.130484440723388 0.141640486212736 0.978700832162102
1464885057.40888  -0.358763811228827 -0.0799732169494621  -0.171344175291167 0.0525041496253283 -0.147381198180608 0.121527786750616 0.980180133313498
1464885057.54816  -0.347219603561994 -0.0371847097411925  -0.196911076052987 0.0401997521026977 -0.14822774003108 0.11282347851784 0.981673764400014
1464885057.68755  -0.324393297595061 0.00182259639085665  -0.218709757346358 0.0314082914298849 -0.131789807429039 0.102202887753827 0.985494563973871
1464885057.87334 -0.289182196294144 0.0361658092637123 -0.236481752928203 0.0393285466112068 -0.117134446570083 0.113349432147346 0.98584212381093
1464885058.10562 -0.236850262874607 0.0681562573958573 -0.227208341256902 0.0430729276888669 -0.116463244509782 0.124832619065983 0.984376885545212
1464885058.2449 -0.196350424522748 0.0816694731516151 -0.205083058947261 0.0322046056065983 -0.0946677922814698 0.115344008988233 0.988279632529579
1464885058.38425 -0.154013704746444  0.088852403073015 -0.173984993278357 0.0289217364280815 -0.0707211204719082 0.116865751486823 0.990204247824964
1464885058.57005 -0.107110948027741 0.0846964483630471 -0.132969206345967 0.028842952650525 -0.0540710157460948 0.10621244570368 0.992453185654733
1464885058.84877 -0.0680572768641269  0.0486394918408279 -0.0769349748224597 0.0228994299500351 -0.0604923570302836 0.128052434524071 0.989655932565123
1464885059.03459 -0.0435167747355933  0.0105977360841828 -0.0293797071144028 0.0290840161415578 -0.0599497704383107 0.138220931769524 0.988157436368434
1464885059.22038 -0.0161469546807959 -0.0345752936966642  0.0230314534353046 0.0495485422923026 -0.0680350938049323 0.145902461003545 0.985712250020649
1464885059.36616 0.00246794741273947 -0.0694690239634339  0.0599048813074584 0.0599042838860275 -0.0855534585253335 0.137637658281108 0.984960891370489
1464885059.5455 0.0244344248392433 -0.108615578173446  0.106118894226966 0.0646875548395405 -0.0944169008897015 0.127618614517938 0.985197674735273
1464885059.73154 0.0372807469528854 -0.135119927300995   0.15731172328485 0.0610742969773248 -0.104872625680713 0.130560496465117 0.983984562579282
1464885059.91708 0.0434801536545777 -0.150164942356049  0.219550765920067 0.047661000571799 -0.103125870041586 0.131749087829227 0.984751573651359
1464885060.05901 0.0426831126330751 -0.162319555187683  0.268345588944769 0.0372571865582347 -0.100925414563932 0.126643712036713 0.986097020047432
1464885060.19578 0.0405268070552147 -0.174130193718112   0.31052187717777 0.0273960933842218 -0.102813931594556 0.123225827903928 0.986658068874291
1464885060.38166 0.0432568146374348 -0.183394577493045  0.342841854692888 0.0291996914472063 -0.0962541147951662 0.12865963542744 0.986574488630263
1464885060.79964 0.0402398330823274  -0.17587764329452  0.320285145132308 0.0511000897321521 -0.0780744458793052 0.143254461043153 0.985277281338224
1464885060.93881 0.0344809545497059 -0.166521115915823  0.290039536499088 0.0589972723274011 -0.0789608529005356 0.14397796244102 0.984659764537212
1464885061.0783 0.028913658174912 -0.15489609158558 0.252994032278272 0.0732711109745965 -0.0848309607994528 0.141731156418043 0.983538169918583
1464885061.21766 0.0258158693488758 -0.136816397957292  0.211382267288906 0.0656920504280564 -0.088906276822171 0.135821045744942 0.984547038990483
1464885061.40343 0.0248620411543661 -0.112599664771274  0.160502332272153 0.0731875223239697 -0.0790438256268109 0.142251165268829 0.98395135356684
1464885061.63574 0.0161159222868787 -0.078954508293137  0.106735399274831 0.0762054213881866 -0.0729942615990125 0.137448334999904 0.984871832641394
1464885061.82137 0.000816477603141841  -0.0484111700878916   0.0619191538979876 0.0618461574889355 -0.0471560360152737 0.129489014675757 0.988526153497965
1464885062.00729 -0.0179400654692646 -0.0244265784063535  0.0163766035588308 0.0539932285153362 -0.0209400964222531 0.129115392135309 0.989937098582563
1464885062.23955  -0.0341402048576844 -0.00340703129516785  -0.0462953614776193 0.0428153096245799 0.00408658366553048 0.139593597122412 0.989274368786598
1464885062.47477 -0.0531658407803654  0.0216427264698607  -0.117913313094559 0.0516150960491702 0.0157894922251898 0.125212573799006 0.990660580197746
1464885062.65761 -0.0702729420541724  0.0399939989319395  -0.183599281575446 0.0682637248864299 -0.00427460814390287 0.129031068949602 0.989278916603184
1464885062.79819 -0.0775511517879854  0.0465115057555585  -0.239785382894723 0.0963093365621688 -0.0336633231736403 0.128516920161175 0.986445484350832
1464885063.07827 -0.0574177208231233  0.0697846553350427   -0.34736598050215 0.128604315679298 -0.0204426014718501 0.129378797806482 0.983007709385777
1464885063.26213 -0.0361971497938665   0.094091526665431  -0.418214412194657 0.147367570723345 0.0186215387719563 0.0940114381075949 0.984427695109096
1464885063.58666 -0.0282315504389088   0.147093246629728  -0.556295572047045 0.139429755520572 0.0164411786034031 0.116008926495894 0.983275627631884
1464885063.81876 -0.0271192420009907   0.183486964574332  -0.638058584204151 0.13472112879567 -0.0151594450057416 0.0680941798711126 0.988424803083583
1464885064.00718 -0.028398846185118  0.212222762471044 -0.706487624429715 0.145623377493553 -0.0418884563083011 0.0198102693002366 0.988254391533744
1464885064.23988 -0.0258640636904023   0.240630128389284  -0.796434341462234 0.179219232535089 -0.0554469025743779 -0.0377555391634487 0.981519549956555
1464885064.56206 -0.0246488215090777   0.300376894097933  -0.916323131256542 0.18386249149318 -0.0858562212263506 -0.0460704281585721 0.978110836842092
1464885064.84059 -0.0152337208389633   0.363178066178658   -1.01594800181616 0.139896507159829 -0.0816902042321126 -0.0619584097790645 0.984843557766738
1464885065.17162 0.0392767514478788  0.423093329816115  -1.12794149660349 0.109047544094237 -0.0945517669843499 -0.0677672914541455 0.987206255397585
1464885065.35172 0.0997675000325012  0.468244899204746  -1.20371092648701 0.107709942400997 -0.0616283200560009 -0.0478619795480929 0.991115406695299
1464885065.49103 0.154737737605732 0.503111937788425 -1.26098051019204 0.0954249237629137 -0.017708902034168 -0.0368399665639261 0.994597051864299
1464885065.77275 0.256485044207059  0.56496581743481 -1.35306723653918 0.116395005547497 0.00603281234137307 0.0110582610417188 0.993123115591207
1464885066.14137 0.391849777707883 0.663316157055069 -1.48032099973101 0.106018363592274 0.0288906655714359 0.0318108026958523 0.993435206168929
1464885066.42004 0.479869886927112 0.719004924324296 -1.58639158756954 0.101089182570358 0.0651159743862374 0.0449654116788703 0.99172526376993
1464885066.79165 0.550668978809012 0.817951006857917 -1.75928224571008 0.0836482924477933 0.037021651983432 0.0277956527467835 0.995419390078055
1464885067.20962 0.655626703928852 0.910781424292714 -1.91292418767033 0.104420633587198 0.013463720030913 0.00687142609442211 0.994418344072356
1464885067.53475 0.726564140700405 0.975822197350893 -2.02699703202826 0.0969400027150147 -0.0395911747601734 -0.00607306715623903 0.994483932806377
1464885067.8133 0.769710600576572  1.02450461251099 -2.13334514517029 0.14245147810329 -0.0878178201180183 -0.0028608195768135 0.985894224837156
1464885068.09221 0.803804831904596  1.07401428525946 -2.25641252484318 0.155194708545324 -0.130220933672426 -0.00878845885407131 0.979224118301824
1464885068.55671 0.827349110215509  1.15601277691183 -2.44451936056503 0.167970584816926 -0.152466319066415 -0.0337920438181357 0.973343722413203
1464885068.88182 0.823451292770593   1.2163167688996  -2.5763351272625 0.158072815563099 -0.19855192400673 -0.0260145311515952 0.966909180131279
1464885069.16047 0.843588131936175  1.27120192898314 -2.68421715634767 0.173118260590957 -0.241766062966536 -0.0346707476056102 0.954136875876879
1464885069.39272 0.880826154879969  1.32200422958774  -2.7774993359063 0.158314879009271 -0.270594888447755 -0.0503917630772162 0.948248635983304
1464885069.71802 0.957658509545319  1.36643034698762 -2.86728649941644 0.148125628963007 -0.234418928200689 -0.0689519169517194 0.958306943152473
1464885070.41474   1.0793266232487  1.42517206830972 -2.98115730456553 0.127802680924775 -0.226497912859159 -0.083631830888358 0.961961998771857
1464885072.04128   1.1361885205902  1.44412725740788 -3.00067229208039 0.168369250812825 -0.217726796752344 -0.0210751982215674 0.961146541052203
1464885073.24812   1.1101039131977  1.46467814250013 -3.04037741766707 0.221606438989425 -0.235044671605701 -0.0151001608957497 0.946264536844279
1464885074.1772  1.08261238372473   1.4886108989825 -3.06441833887511 0.204434283449352 -0.286380047065157 -0.0290665732009103 0.935600463187073
1464885074.54871   1.0765303899636  1.49964102821986 -3.11144910903071 0.231542613150633 -0.331891184493641 -0.0348794151536219 0.913794115952453
1464885074.69024  1.07967605987377  1.52448450589446 -3.14753062583059 0.246490010386816 -0.374630502053341 -0.0505488912031025 0.892378547091371
1464885074.78098  1.0858260260318  1.5431154081934 -3.1822448398802 0.250733274619206 -0.417209744816374 -0.0653304852533476 0.87109171820512
1464885074.87574 1.09528724024561 1.56081186044221 -3.2224939144889 0.27059585940847 -0.462210825236091 -0.064133738264232 0.842036755445876
1464885075.01319  1.11195581519006  1.58829389390463 -3.26715064189903 0.2492247010732 -0.499113016483009 -0.0743799013808839 0.826583858675438
1464885075.1553  1.13464499872733  1.60646093544751 -3.29101993417164 0.239682278797734 -0.454321348296347 -0.0679146024981913 0.855296512608363
1464885075.61983  1.21706011795992  1.65477586808621 -3.36189600127392 0.267113248147889 -0.433345205884018 -0.0771573155199567 0.857268449123713
1464885076.12809  1.34386233831465  1.70662194989991 -3.42325103488153 0.291600018325608 -0.438622545047933 -0.0689501104192582 0.847245876095807
1464885076.55152  1.47509033485048  1.76512535747191 -3.45146006468028 0.285350141793479 -0.436396216287164 -0.0756082878631889 0.849951190242761
1464885076.82477  1.53548102123243  1.79299143275751 -3.47649806572578 0.286984741074418 -0.400513378962375 -0.0637783954315031 0.867848551268465
1464885076.96441  1.57410577617587  1.81537190076346 -3.49782554092186 0.278962451851684 -0.373133368900927 -0.0563314589881983 0.883050511691037
1464885077.10508  1.60642149598888  1.83083134898595 -3.51886906035538 0.268704451207163 -0.348297269474778 -0.0505210926111056 0.89662397312321
1464885077.24537  1.63768758950487  1.84486507008607 -3.53913799576899 0.268995905938238 -0.326617655301406 -0.0437811398582542 0.905011227348363
1464885077.42851  1.67955311568974    1.872110493291 -3.56380789115344 0.264683044106094 -0.316030718113065 -0.0443083826797555 0.910002328895908
1464885077.61445   1.7288445932884  1.89989985120425 -3.59011762439655 0.258991259134706 -0.301402304985911 -0.0479231649371751 0.916397047410894
1464885077.80037   1.7788260767626  1.92245916811415 -3.61546000048876 0.259673524507155 -0.271355478762113 -0.0491211581696402 0.925485265488268
1464885077.98599  1.82340961491935  1.94569645031899 -3.64175730712113 0.255531377851703 -0.238799802206445 -0.0474241422872818 0.935643799812561
1464885078.17446   1.8543696718441  1.96645061575249 -3.67138781734437 0.25301811257523 -0.195220318728929 -0.0391800423536785 0.94675011811217
1464885078.35759  1.88363165816885  1.99361140692731 -3.71041545692711 0.241575966918041 -0.169843422607291 -0.0308489350138543 0.95490450161949
1464885078.58985  1.91698098870347  2.02386971824421 -3.75111634657513 0.219819252375285 -0.145687824698936 -0.0258571983809318 0.964254094785991
1464885078.91817  1.96051081716174  2.05976222054818 -3.80421456832775 0.23076955915028 -0.133369171663379 -0.026288065451122 0.963466144830345
1464885079.14728 1.99270835836505 2.09808942599559 -3.8608646553707 0.244231533741081 -0.159393670463385 -0.0506939010922923 0.955183094560794
1464885079.28663 2.01898470171536 2.12775444188896 -3.9020992140047 0.238291216466618 -0.177254839083903 -0.0551445040940866 0.953287523176726
1464885079.47241 2.05856903599334 2.16215935902382 -3.9533051129759 0.227054445732227 -0.177047117714668 -0.0450828186059204 0.956591938210178
1464885079.70462  2.09967789671464  2.19503927512091 -4.01935321756585 0.240189212531782 -0.163101493530086 -0.0293691657566546 0.956475037360817
1464885079.93689 2.13727448434016 2.23685301336563  -4.088751605471 0.240080743776164 -0.154998389208933 -0.0427468378656002 0.957344997199553
1464885080.16911  2.17475866484997  2.26997473164666 -4.16024767454903 0.229825742152719 -0.146376226657022 -0.0364868131735962 0.961469105576481
1464885080.40143  2.21092761852227  2.31498486724319 -4.23121911540105 0.229736214393754 -0.158605032973823 -0.0528946705931351 0.958784579107447
1464885080.59015 2.23884588493563 2.35774203621595 -4.2953033728994 0.235929009236939 -0.188868682074207 -0.0730049649084811 0.950440107860953
1464885080.82247   2.2705304341366  2.40216886978161 -4.37455551231942 0.227184917745353 -0.196260880613048 -0.0725459736793551 0.951107649844613
1464885081.05169  2.28808793834861  2.44341335750673 -4.45207173748451 0.222822733087382 -0.16539381448732 -0.0586005711374473 0.958937374811916
1464885081.23753   2.2956847567545  2.47455888191282 -4.51918899643073 0.214008374345796 -0.133883826314928 -0.0518445392542671 0.966223411282637
1464885081.47028  2.29915355656221  2.51248790420518 -4.60303421620193 0.200247384439457 -0.101645333384865 -0.0481073279150878 0.973270207202042
1464885081.66238  2.29720607147924  2.54679374872317 -4.67455747466767 0.191606974254436 -0.0789458005020968 -0.0511917621351347 0.976951243148625
1464885081.84134 2.29282763840495 2.57437055419704 -4.7531580944546 0.188519551193039 -0.0551336941447104 -0.0351062193481137 0.979891936874171
1464885082.02713 2.28537524397343 2.59188679148877 -4.8267427795704 0.17596577723337 -0.00971567098193539 -0.0415578986207791 0.983470686925773
1464885082.21318  2.26473034998412  2.60978263515675 -4.89210201029736 0.173436852381517 0.0357598965675551 -0.0411739149176912 0.983333919258265
1464885082.35543  2.23722770994524   2.6253711476393 -4.94048406088983 0.162105488091592 0.0682117076259413 -0.0295608800514469 0.983969068641857
1464885082.49358 2.20820308227263 2.63234595169442 -4.9891731050762 0.161681410817446 0.0982064687143513 -0.0197386352301913 0.981745892366241
1464885082.67744  2.16173518493075  2.63978404620832 -5.04904687172118 0.151257370331739 0.113940416912753 -0.0215630075016123 0.981668898367245
1464885082.86324  2.11255348836753  2.65760343265035 -5.10677524543925 0.137605399616304 0.139277189427576 -0.0250888062757247 0.980325032987147
1464885083.0523  2.06198327949942  2.67577600235213 -5.17078351637201 0.112206817316978 0.162496261320033 -0.00589182449646103 0.980290712803456
1464885083.23787  2.01743527870277  2.67988888960585 -5.23522993368171 0.099300114505215 0.192739218366263 0.00522021015312113 0.976198663371739
1464885083.42054  1.96454366590664  2.69097689289454 -5.28754275365032 0.0824192180065084 0.222746395744372 0.00390354258208159 0.971378339289794
1464885083.60644   1.8992732387642  2.69548971682848 -5.34091239141701 0.0672531186002657 0.243145626557954 0.0163356636844847 0.967517632095801
1464885083.79219  1.83979154020745  2.69355176672415 -5.39719948524051 0.0654653437382714 0.252687268011576 0.0357519223331756 0.96466845776337
1464885083.98089  1.78311835681072   2.7040736181444 -5.45396235216075 0.0695115756435161 0.252462440257397 0.0309576963480807 0.964610013501652
1464885084.16371  1.72753658250071  2.72135863026601 -5.51708935947472 0.0651553642543795 0.241135223191527 0.024098300822444 0.968001990980764
1464885084.34956 1.68284748306578  2.7260202679731  -5.582664888668 0.0463566821925901 0.260097082236501 0.0211348376395757 0.964237462695836
1464885084.5354  1.64224336519785  2.72962893429049 -5.63990558555366 0.0386654334294314 0.304583897786068 0.0294681231106723 0.951244060789603
1464885084.67778  1.60081961706136  2.73402689168983 -5.68392519689669 0.0318805965536009 0.330626046790698 0.0242022891925517 0.942912665067546
1464885084.81426  1.54883267394307  2.73457836691378 -5.72755601500729 0.0333767801865572 0.338336485865155 0.0249649297715361 0.940101678095672
1464885084.9534  1.49080948519895  2.73208738433329 -5.76888285876769 0.0281236759026327 0.326820184038083 0.0343002537422706 0.944045083008356
1464885085.1412  1.42562404362461  2.72970166916261 -5.82272437017981 0.0294085106178085 0.353653479342028 0.0295920656349765 0.934445646200984
1464885085.32494 1.35018230085332 2.73590510316481 -5.8764117225322 0.0225357564697809 0.351702132126065 0.0446076098890433 0.93477693118642
1464885085.5109  1.28563977888288   2.7487206568029 -5.94030719920396 0.00953183454881147 0.392087505801564 0.0588077883711494 0.917996827854724
1464885085.65024  1.24155976520923   2.7545454350377 -5.99483811776115 -0.0219100194398525 0.426787457757458 0.0747424276820037 0.90099166835952
1464885085.74334  1.21738190971717  2.75451592262363 -6.03304643662205 -0.0165211720725322 0.473426521104396 0.067530720883629 0.878085406851336
1464885085.84234  1.18701037140425  2.75771872681832 -6.06762350091677 -0.0404129528925967 0.505461020503786 0.0726081886728822 0.858838751412287
1464885085.97554    1.134976909087  2.76036535210258 -6.10823990653319 -0.048301112820614 0.545110194141305 0.0844248651758395 0.832703020820484
1464885086.11469  1.07521852781649  2.76264757165369 -6.13206235369357 -0.0675219547332295 0.546922534827546 0.119753996459516 0.82581808339294
1464885086.34697  1.00150515961111  2.75230293958038 -6.15508076199121 -0.0520583556800058 0.563447062816577 0.139197169428105 0.812675509062793
1464885086.57914 0.923760221320912  2.75098488322513 -6.17667240532751 -0.0530638098292195 0.57291030116883 0.153268613256487 0.80340945419598
1464885086.76818 0.852760626576255  2.75495676617379 -6.20399882936708 -0.0832117128580595 0.573962996890791 0.17837733905474 0.794873457825282
1464885086.95325 0.792712603498953  2.75595920429926 -6.23348496663897 -0.107736137054365 0.603480861778461 0.18519701960231 0.768053278210666
1464885087.13653 0.738670874791447  2.76018233881448 -6.25537800215475 -0.131565894864718 0.622304044744445 0.183606095665986 0.749477746725974
1464885087.36923 0.670728980655351  2.75785646068271 -6.27489515124615 -0.115027059894551 0.637762788447658 0.228299238460123 0.726571991534226
1464885087.65071  0.60120519780692  2.76343026517276 -6.32043226774164 -0.0975642427354625 0.649335037894451 0.261731026318561 0.707348638907506
1464885087.87978 0.518185518840507  2.77623131227606  -6.3863238108302 -0.0769163443634984 0.656795854166262 0.264966769998467 0.701780373561662
1464885088.01919 0.460872849693528  2.78232513489831 -6.43061820140223 -0.0914953220354601 0.652440413216064 0.279223114047256 0.698558920800409
1464885088.20512 0.388999244828732  2.79354078852114 -6.48552308472347 -0.0653307986513218 0.661039858423514 0.304186373626884 0.682809521332799
1464885088.39436 0.324561196706716  2.80637594458657 -6.54737080301163 -0.032133962396719 0.675170854608339 0.288930665235586 0.677960763049494
1464885088.53017 0.269725396595339  2.82280412541909 -6.59209124397556 -0.0218188510101321 0.665470882359837 0.288160588559472 0.688212116772785
1464885088.66943 0.206618141975941  2.83351291857148  -6.6482317437553 -0.0256128136329688 0.666319264738143 0.295770027443415 0.68401952609757
1464885088.80863 0.149133940839394  2.83456813709636  -6.6915266899107 -0.0198077445111889 0.652859191828918 0.314910322521846 0.688631990014303
1464885088.9949 0.0746843346119519   2.83189413234499    -6.740272425134 0.0148316996948403 0.652700748900317 0.317791482023179 0.687582960102008
1464885089.13399 0.000243370739005933     2.83352750064165    -6.77766797977311 0.0201113086672011 0.661749020735543 0.298322336179711 0.687522765118015
1464885089.27328 -0.0787807994968484    2.82297285540365   -6.80137571594615 0.0238839865625223 0.650298454919419 0.292709879905762 0.700615729855427
1464885089.46212 -0.175812141903934   2.79946517431005  -6.83220677372449 0.0344332840360068 0.638296413751697 0.30528218913858 0.705829173481073
1464885089.64564 -0.271196304533428   2.78794743907574  -6.86441667903415 0.0557092494206807 0.652495424933688 0.3142239638404 0.687320522404226
1464885089.78705 -0.353971387799974   2.79267370332832  -6.89179344812596 0.0518274765936528 0.666937411090294 0.294244746845779 0.682589504249644
1464885089.92403 -0.443470977973659   2.78780605427168  -6.91672756331491 0.0491747179698314 0.657971014095057 0.309325916332963 0.684816376270371
1464885090.1107 -0.555538937855612   2.76039052452557  -6.95694256078551 0.0343296786146018 0.669115656817803 0.305572051534981 0.676558520963414
1464885090.29524 -0.661954116536595   2.73646384614672  -6.98123834434509 0.0526461363747563 0.683241656369334 0.277750129357567 0.673248905657005
1464885090.43464 -0.754803935366167   2.72560307480865  -6.98694494382292 0.0399093999207691 0.686315577518787 0.269258059324915 0.674446636392827
1464885090.5739 -0.845756176113728   2.69860068885742  -6.98120292037819 0.0274335268004391 0.67063275938428 0.282229486783549 0.68545285792519
1464885090.80918 -0.982599986814567   2.64891353225803  -6.97871878164838 0.0398723674594303 0.679358368042591 0.292929371335062 0.671621013290184
1464885090.9919 -1.09893797837642  2.63970227878996 -6.98582561196393 0.040849286140865 0.698114750343572 0.284489009550905 0.655769116853835
1464885091.18172 -1.22589030875006  2.61374840543676 -6.99964358286312 0.0376586711989134 0.706227611727075 0.285581282825113 0.64673620264971
1464885091.3171 -1.31066940713352  2.57735465873473 -7.01307933083856 0.0311182290703034 0.729055184370105 0.28256718850306 0.622628282319456
1464885091.50278 -1.42134656038329  2.54304881349675 -7.01999149503816 0.041793298425497 0.750725206988282 0.265694582350116 0.603383271817273
1464885091.6453 -1.51218517803206  2.52175229218845 -7.01333550629436 0.0434021440203865 0.766591931353738 0.254077384258875 0.58813072312705
1464885091.82789 -1.62796730356577  2.46889196336723 -6.99172447679502 0.0595969685664018 0.765527358941392 0.260560077450358 0.585255935543568
1464885092.01541 -1.73014786074102  2.42254140127264 -6.98158063854473 0.0754990802176095 0.77970404575131 0.260553976487541 0.564334223011386
1464885092.19952 -1.84980819149319  2.40725529053031 -6.97780782878534 0.0664194528632354 0.79208659135116 0.248146567144011 0.553724271905876
1464885092.38527 -1.97659368537408  2.38271436848002 -6.97757999927059 0.0637753195222911 0.783730820944484 0.256312339148161 0.562141168855219
1464885092.61785 -2.1109073775729  2.3234347684124 -6.9725225754206 0.0778063151148664 0.787359597916594 0.245349762941086 0.560191516109998
1464885092.75875 -2.19513239099484  2.30068212611015 -6.97099003738185 0.0773775407620891 0.806877469956415 0.204374398034381 0.54881014029483
1464885092.89638 -2.28785315750259  2.27410644459086  -6.9550425335476 0.0428128601211328 0.797100434173486 0.199444481597112 0.568348357619821
1464885093.08242  -2.4042751999843  2.22179245053175 -6.92393143961078 0.0274659195569917 0.791397096682944 0.221714628440387 0.569015713456349
1464885093.31742 -2.53763974187643  2.17310115770848 -6.88800128778622 0.0510517139073189 0.800937254656967 0.225577155486664 0.552275459831623
1464885093.50252 -2.66453349656952  2.15439596956719 -6.85985883528848 0.0353518836239224 0.798866134543461 0.232547520323366 0.55361068829574
1464885093.68598 -2.78932713718638   2.1037973812934 -6.83647564470049 0.025680551890724 0.807385314493772 0.248109660610235 0.534706517172041
1464885093.87175 -2.90258263875917  2.05120468264477  -6.8197296740892 0.0243547131180482 0.828364018801292 0.234554977839517 0.508137641466379
1464885094.01419 -2.99398556136919  2.02786892036537 -6.79768078871411 0.00298299798807464 0.837702542236979 0.214349936443284 0.502294392960409
1464885094.19993 -3.11206865954012   1.9710747925424 -6.75054497969593 0.0063122190913014 0.837861789695339 0.209015547016749 0.504242281412375
1464885094.38271 -3.21797608234537  1.91067651065805 -6.70180426984335 0.00322940873816054 0.840429085311112 0.226009969786738 0.492532249745463
1464885094.5685 -3.33125250285509  1.87743344632115 -6.65910188127966 0.0157238757075394 0.852694636421608 0.218946616735812 0.474053789954787
1464885094.7078 -3.43252591439871   1.8525043830679 -6.62650082829778 -0.00708094763525344 0.861865380341296 0.225506841474452 0.454185634733152
1464885094.89681 -3.55349184850947  1.78980702491133  -6.5877923726959 -0.0188459068975612 0.872063096234012 0.236542092345109 0.428017086725465
1464885095.03338 -3.63010490774258  1.74407384043932 -6.55996774065388 -0.0124905001178775 0.889161991118503 0.222510229442333 0.399655024678165
1464885095.17237 -3.71692855209658   1.7119039393791 -6.52728539577901 -0.0286026306782124 0.904655010169418 0.202247563359485 0.374001504286824
1464885095.31171 -3.79972491825433  1.66846050815844  -6.4826001611239 -0.050881080073141 0.911593855432594 0.188489543972858 0.361772649935057
1464885095.4975 -3.88927069736292  1.60494978077106 -6.42039198695409 -0.0542521166808111 0.909226484930428 0.211223455715775 0.354610432294646
1464885095.72976 -4.00287139214228  1.55412881438382 -6.35372457053985 -0.0379506925877592 0.918707390344436 0.197158627496233 0.340095503443412
1464885095.9158 -4.11934830327413  1.52325348461903 -6.28927102755063 -0.0442584127562827 0.913524222466579 0.213672094077577 0.343305875393402
1464885096.15077 -4.23781092538769  1.44644813686932 -6.22256750526058 -0.0424802558300086 0.907885967425525 0.230550039255161 0.34754161968875
1464885096.38005 -4.36037126319457  1.39716860078046 -6.15118163991963 -0.0521142480784311 0.915896203186704 0.214273185519575 0.335418025906023
1464885096.56585 -4.44973130412037  1.33896231642749  -6.0724467036025 -0.0482891073897422 0.908902042948159 0.219711956275106 0.351129455759454
1464885096.84448 -4.56171240121562  1.25371114480039 -5.97080110196728 -0.0415408772620508 0.901331908041532 0.234152065494425 0.362005465825043
1464885097.07974 -4.68467613511747  1.21551544894358 -5.87951922153708 -0.0441703014901213 0.89848110647622 0.243543972864046 0.36258380969527
1464885097.312 -4.79651909282878  1.13574592098976 -5.80337030496489 -0.0454738340703494 0.902627038726 0.251499882106483 0.346329855305748
1464885097.49473  -4.8864679501258  1.08125273854221 -5.75014169675377 -0.0529226664629567 0.918179311594291 0.226294652470602 0.320837456351178
1464885097.68328 -4.98246615329023  1.03522066218324  -5.6760903749794 -0.0790285392988807 0.919045091229684 0.216057366295251 0.320046597751744
1464885097.91309 -5.08072293481319 0.948874236822968 -5.57206897183244 -0.0749692340817997 0.919112741415458 0.229765768224979 0.311157635710478
1464885098.15189 -5.18530102426906 0.891095635349074 -5.47652848950578 -0.0658037929933196 0.931147917455514 0.215620205618272 0.286603111593516
1464885098.33338 -5.28502631743897 0.848193974826768  -5.3875497122316 -0.0786076881140889 0.93082871929243 0.229863879797708 0.27302256953248
1464885098.51666 -5.37276038757831 0.774752635435518 -5.30669329896845 -0.0870184907518986 0.934699103201807 0.242053340443724 0.245307050695722
1464885098.70259 -5.45304706271742 0.718386263768739 -5.22651578007809 -0.0962676103446471 0.944797340255485 0.224330854178906 0.2185548006978
1464885098.88891 -5.53263881225528 0.662937374231495 -5.12339195118674 -0.125921736968912 0.940349743390385 0.223600421984283 0.223358294121394
1464885099.12369 -5.58279911728969 0.575727054403047 -5.00520760109396 -0.121565324633741 0.941778086816964 0.228393651768022 0.214737623322369
1464885099.31132  -5.6433212870377 0.527824745237274 -4.91519563699669 -0.114565176742699 0.954442324829051 0.200564623753588 0.188914003058038
1464885099.446  -5.7013651223279 0.503627615453271 -4.83063722763209 -0.134973380934498 0.945524790230193 0.22446199695115 0.193343914887337
1464885099.63153 -5.76390140578424 0.436929492173237 -4.72948576194718 -0.125713575973099 0.948020022304373 0.2373064517719 0.170703784590449
1464885099.81733 -5.81782855877261 0.365699769912179 -4.63362832375685 -0.122040900784369 0.958969612119187 0.21769201764875 0.134512032992339
1464885100.00572 -5.88113035719665 0.318153852395999 -4.52202123955176 -0.150685088884848 0.959831266557632 0.206660204832478 0.115366821334104
1464885100.19161 -5.91053788075603 0.256956232661662  -4.3960203518531 -0.138519475862908 0.958617729945866 0.219362845860052 0.117236276366485
1464885100.42116 -5.94790750267313 0.183352400889983 -4.26525155715919 -0.121732594778071 0.966529383817519 0.210512162909839 0.0817725800800374
1464885100.60822 -6.00270387041333 0.153955952551398 -4.14181186148671 -0.126589398019609 0.963929898046565 0.226278785278582 0.0601014749720962
1464885100.83931  -6.06082356206644 0.0734379273145034  -4.00617629050682 -0.121333849204096 0.964462382600737 0.232427902586721 0.0326753681626634
1464885101.02502    -6.1034239011206 0.00760126399605766   -3.90498006299833 -0.133608484528841 0.966927825501604 0.217253046515453 -0.000683309886434338
1464885101.2109   -6.14459175511765 -0.0311399104857694   -3.78702068683106 -0.157814196766002 0.962849476290323 0.219119658759628 -0.00146302823486292
1464885101.39662   -6.15299123863236 -0.0839679067451955   -3.66886670389313 -0.142435221806475 0.961387657214374 0.235252549289752 0.0101103015519037
1464885101.63143  -6.16919927830524 -0.153084625713043  -3.54898442288363 -0.124766861115837 0.968718948853502 0.214313717903858 -0.00929832338080223
1464885101.81456  -6.21116959473537 -0.186418078601456  -3.43648599431215 -0.141559842346306 0.966941136624183 0.211387968738101 -0.0173428951331884
1464885102.00042  -6.24559633202234 -0.242087398858493  -3.31989826979077 -0.145046954364902 0.962971905608291 0.225811217880639 -0.0256082783073115
1464885102.23293  -6.27750451202849 -0.321287990399114  -3.19485291412958 -0.142720554661253 0.966884088763981 0.204264599046868 -0.0551541090804093
1464885102.41903  -6.31046935816275 -0.362769419569999  -3.07826722670213 -0.168251403968442 0.966340138172916 0.183422894910158 -0.0650710691580776
1464885102.60431  -6.31998355812856 -0.421578103087517  -2.95808555660403 -0.179082476311983 0.967801307175317 0.159135642928798 -0.0772395213433847
1464885102.79416 -6.32539039423063 -0.48150110229854 -2.84864481750745 -0.160305323487851 0.972881429033929 0.118370817863943 -0.11744052869677
1464885102.92948  -6.34397089381602 -0.506335581668646  -2.78088911279184 -0.161625243150032 0.974661368367576 0.0764832158471997 -0.134397974248903
1464885103.16173  -6.35634328916499 -0.559902631713241  -2.59766997999879 -0.151184568429321 0.975685959421658 0.084403355125103 -0.134373392083051
1464885103.39449 -6.36380845333612 -0.62821371471121 -2.46102238417686 -0.158833589047275 0.968933233554317 0.0929540233048957 -0.165226600327461
1464885103.67271  -6.36669257956257 -0.679382896116704  -2.29032384792178 -0.123968018763138 0.972307693913555 0.122580063962559 -0.155639990360387
1464885103.85833 -6.34804424751583 -0.72489644288698 -2.17339313811597 -0.0733228592709053 0.968828605511723 0.155140812001552 -0.178679097552144
1464885104.1372  -6.33407249677097 -0.775244500468048  -2.00898353022094 -0.0572636542826218 0.962651141974268 0.189700093248592 -0.184492621465774
1464885104.32286  -6.33917013682324 -0.796869737131202  -1.88289864407186 -0.0605711333571692 0.947805138429897 0.247338140139275 -0.191886429437199
1464885104.50876  -6.33020947011326 -0.847384102501804  -1.77494532516249 -0.0650889368242912 0.936265030393553 0.281728645314399 -0.199499858582796
1464885104.69596  -6.31921479928952 -0.892173568096469  -1.67331687474678 -0.0695572785581117 0.938106065785007 0.253331525082523 -0.225703196114561
1464885104.88305  -6.30929612549765 -0.929605927786459  -1.54064967499063 -0.0973182789046897 0.926133405621579 0.279879422035494 -0.233395751254993
1464885105.11482  -6.26339804256392 -0.995770459881572  -1.39848200814915 -0.103919680955793 0.920574021727287 0.279592204496025 -0.252135617507617
1464885105.34481 -6.23562568554189 -1.03135343695861   -1.261743311423 -0.107370714879012 0.920914240906085 0.261269886798463 -0.268563841078907
1464885105.48419 -6.22408339779208 -1.04080362481669 -1.16324402287745 -0.10702900510677 0.91326939561949 0.289787963809544 -0.265531051144276
1464885105.67 -6.19407801301245  -1.0845802234916  -1.0427527778946 -0.0957400163632321 0.908050640340589 0.298760173071925 -0.277525211160803
1464885105.85567  -6.16432601714497  -1.13335456489351 -0.941264176164158 -0.0887305030977227 0.910891202037107 0.272675223799597 -0.296736142384541
1464885105.99503  -6.15086141277159  -1.15246329208784 -0.856474780582869 -0.10256320528904 0.90912851998582 0.25773107822987 -0.31071017747042
1464885106.13445   -6.1179458799885  -1.17967444839431 -0.766655829843588 -0.118723520005503 0.903728467298529 0.271638828096712 -0.308855840582624
1464885106.27383  -6.07653634221983  -1.21087173819978 -0.684328952616871 -0.107170848128353 0.900748268000527 0.275647124161706 -0.318096887672423
1464885106.41317  -6.03410744970188  -1.23822766925404 -0.603052567665213 -0.0932349439241849 0.897008890848378 0.276119969419313 -0.332325228440897
1464885106.55257  -6.00529664182352  -1.24951601851672 -0.518863475331004 -0.0852118794928811 0.897909964051463 0.26146214082705 -0.343706533200238
1464885106.69187  -5.98033913396778   -1.2566176679234 -0.424898579400342 -0.0766546858612889 0.897103012776106 0.262144355356162 -0.347290340433537
1464885106.83189 -5.94641761700328 -1.28089954913226 -0.33347171827771 -0.0726343004688478 0.890781411834118 0.276018858935583 -0.353618896890588
1464885106.97369  -5.90986444648979  -1.32030317451275 -0.250551634302991 -0.0868919557367868 0.87778813627991 0.279768539600922 -0.379034747858355
1464885107.10997  -5.88008077185946   -1.3462613142926 -0.176899056500144 -0.0953910023729521 0.877428157939674 0.256426518895219 -0.394037846822045
1464885107.2493     -5.845183871807   -1.35840620496978 -0.0975343866654432 -0.10984534267574 0.876337856031274 0.249379345919665 -0.397210151692575
1464885107.38861   -5.7914950145571  -1.37876800624688 -0.020355905120458 -0.123611221534771 0.873210260969678 0.256452750972997 -0.395545310383438
1464885107.52796 -5.73435228309426 -1.39805507595714  0.04410014578563 -0.109538219954331 0.873609124629269 0.274334884348077 -0.386715459948846
1464885107.71368 -5.67371781474071 -1.42147138531659 0.126498943622223 -0.0967587560876262 0.874283629740006 0.260773701945196 -0.397822767401281
1464885107.85301 -5.63744934461763 -1.42412431493594 0.194863763593216 -0.0931916369573374 0.876321864059411 0.256388035683952 -0.39703965108132
1464885107.94597  -5.6128865065657 -1.42856678323233 0.262245765518002 -0.091075455948629 0.874856948257105 0.257729488999571 -0.399882597658406
1464885108.03923  -5.5825277991605 -1.44125969201557 0.318548180637247 -0.0864959744180665 0.871043858526398 0.257092170949661 -0.409517592502817
1464885108.17827 -5.53562679702633 -1.46788320662146 0.395703307724601 -0.0816769102334314 0.863308700883477 0.262564129153603 -0.423186776016705
1464885108.32087 -5.49337089993247 -1.49487440292418 0.463517899288051 -0.0793387552899407 0.86408912041978 0.240904611488781 -0.434764674329289
1464885108.41055 -5.46888808041635 -1.50408994207778 0.515241148164325 -0.0909232098652488 0.858253370286579 0.232864896661838 -0.448227690133262
1464885108.5034 -5.44019732111625  -1.5100272232702 0.571370188733272 -0.105245090104076 0.851612679843209 0.234675305979697 -0.456734950822233
1464885108.59628 -5.40232359698517 -1.51958069132846  0.62637117943611 -0.114745818067348 0.845133417019672 0.249874431357233 -0.458416484462119
1464885108.73617 -5.33697994107124  -1.5392752214135 0.694982474466941 -0.105385382492516 0.84911211541356 0.24023841866608 -0.458462690752079
1464885108.87505 -5.27514687410643  -1.5596671349374 0.761384256688324 -0.0945874918325859 0.844807646244415 0.24286501288762 -0.467300580730313
1464885108.96922 -5.24030962376682 -1.57146420008891 0.810633222739588 -0.102804843078119 0.837778968287855 0.223219861781967 -0.487576104664963
1464885109.06198   -5.208047534672 -1.57271882559857 0.865018208551976 -0.104417098864089 0.834880444456835 0.216249276527375 -0.49528573907367
1464885109.15379 -5.17180696044586 -1.57042002421875 0.924852183725766 -0.107796293101366 0.826469118430835 0.228060385191512 -0.503306284661797
1464885109.24863 -5.13563143068671 -1.57327262812978 0.985254811322538 -0.105363278961669 0.818354653720817 0.236576398871573 -0.513055404100654
1464885109.38603  -5.0706409184696 -1.59091152041021  1.06291173135225 -0.0936799420649092 0.810947486402825 0.238301948351859 -0.526118260625274
1464885109.52537 -5.00563314249522 -1.61710883337815  1.13784373980588 -0.0956286281730619 0.796029023049748 0.221719400954224 -0.555007628034699
1464885109.61822 -4.96614031458896 -1.62698691525281    1.192296782312 -0.109057793655481 0.780121057164249 0.210338972858334 -0.579029403665162
1464885109.71102 -4.92757766025094 -1.63224370649829  1.24278174581387 -0.120863738757199 0.767809345317144 0.204689548614209 -0.594947858711503
1464885109.80397 -4.87815523083867 -1.63668974399704  1.29518590590004 -0.131674351761897 0.760011836968417 0.218475215467165 -0.597756181885685
1464885109.94415  -4.8023869391081 -1.64984859198343  1.35669878058845 -0.144706196896515 0.751383946539108 0.223969898621608 -0.603589070456456
1464885110.08268 -4.72653674793168 -1.66215212027732  1.41246482293699 -0.143130895978516 0.73976072820394 0.234831245481787 -0.614102514055297
1464885110.2246   -4.658368483746 -1.66671425584493  1.47111336320983 -0.142990287035081 0.729761792387587 0.217214940231779 -0.632312560309367
1464885110.31492 -4.61622123801301  -1.6615934256783  1.51577999998878 -0.143939577607512 0.725526387064335 0.207303326252995 -0.640248538144358
1464885110.41066 -4.57116623009518 -1.65374394829237  1.56522949258498 -0.138292617693792 0.718022278084972 0.202172845221975 -0.651494666685705
1464885110.50078 -4.52020405327703 -1.64932773583674  1.61304447127277 -0.127394460621987 0.709346211596755 0.204071871207355 -0.662535489523462
1464885110.59365 -4.46783634712622   -1.648572731494  1.65537404014941 -0.116562945835779 0.70499737247183 0.204768210450253 -0.668925828814302
1464885110.69226 -4.41101636593113 -1.65665989493135  1.69599637277505 -0.10942404549909 0.693287102998868 0.197377491798785 -0.684413250027548
1464885110.7826 -4.35775872953529 -1.66429322735309  1.73286318106094 -0.112214565409174 0.680312751655599 0.190413916512158 -0.698802541239883
1464885110.87235 -4.30728035411665 -1.66568501081471  1.77080471524524 -0.119784407452887 0.665132826552577 0.180596823098684 -0.714587157917075
1464885110.96575 -4.25660290092599 -1.66131691498169  1.80884115782597 -0.134277922747641 0.646421465692904 0.172237768668968 -0.731056002778139
1464885111.05818 -4.20086363235749 -1.65220334769188  1.84074010732121 -0.137325304058474 0.639345633710078 0.17891849224414 -0.735096656674611
1464885111.15398 -4.13991569956219 -1.64702169333382   1.8644728840541 -0.144483806017587 0.634713380645658 0.187610020510757 -0.735571773814076
1464885111.24584 -4.08008542064355  -1.6404196615184  1.88666819172505 -0.139174942735868 0.625847487500334 0.185556702441179 -0.744656946441207
1464885111.38644 -3.99010469156046 -1.63405520617725  1.91364667067266 -0.125189169060945 0.613152642334151 0.18547358522902 -0.757608776566621
1464885111.47622  -3.9379655217858 -1.62820413815645  1.93132053846533 -0.117754325998698 0.599988392832934 0.171915411041753 -0.772394289609064
1464885111.56912 -3.87829300316463 -1.61863790863183   1.9580949376868 -0.121011262322547 0.583561155611514 0.146887767932423 -0.78945337777749
1464885111.662 -3.82127161283333 -1.59938029750689  1.98518635160389 -0.115306425058872 0.567092917299912 0.137659924402593 -0.803840653800173
1464885111.7579 -3.76041324867373 -1.57793144055601  2.00860954309953 -0.10650532194106 0.553632950232591 0.138793296926298 -0.81417663534599
1464885111.85049 -3.69692852451676 -1.56069135097311  2.02153715496879 -0.0884426114986287 0.54726126169424 0.136205449546011 -0.821054865057202
1464885111.94077 -3.63846938904673 -1.55080262819442  2.02903487379196 -0.079933534045689 0.526535988819498 0.12892383590374 -0.836510087894166
1464885112.08296 -3.54637274000153 -1.54160606358524   2.0336871948174 -0.0830809397314085 0.502288260909672 0.100859113796284 -0.854769851813874
1464885112.21948 -3.46321886958543 -1.52033647927733  2.03559316432966 -0.0912958654745865 0.469163179529978 0.0847719457390216 -0.87427952803219
1464885112.31546 -3.40440044427503 -1.49759737206905  2.03231921905177 -0.0979100465669773 0.448247672917718 0.0851679347957136 -0.884439975005504
1464885112.40827 -3.35031385341635 -1.47509000919467  2.01860476554357 -0.0976016702747081 0.439463243734736 0.0883264563169554 -0.888563114517039
1464885112.54804 -3.26484540728868 -1.44610719357346  1.98964779952036 -0.0901912718270586 0.429360877929085 0.0815459566854945 -0.89491062567076
1464885112.68387  -3.1886686787168 -1.41703803990425  1.96122473316872 -0.0656542144142118 0.404705856390088 0.0712784522755125 -0.909297572950916
1464885112.82516   -3.118761092849 -1.38532896571945  1.93568402621615 -0.0482258806513842 0.37995266261892 0.0367761820870562 -0.923015574643945
1464885112.9161 -3.07115415164304 -1.36178062980072  1.92291403419873 -0.0423639504937315 0.353921115169586 0.0236878061230451 -0.934015004042632
1464885113.01211 -3.02359706940243 -1.33543496761805  1.90997987614853 -0.0380304915509396 0.326826477324698 0.00796286311024364 -0.944285300236645
1464885113.10185  -2.9722163060774 -1.30676944546918  1.89534126682863 -0.0278345096430944 0.297747736346395 0.000630632385495604 -0.954238506808607
1464885113.19478 -2.92434918143452 -1.27965923644208  1.87359062877248 -0.0118204802886319 0.283373320013412 -0.00785091116127109 -0.958904688143853
1464885113.28775 -2.87658669922511 -1.25633643666723  1.85239877476494 0.000379405206137154 0.254558396735086 -0.0143970539001771 -0.96695015566592
1464885113.38058 -2.83366698936845 -1.23612783726434  1.82881060681106 0.0136824419459408 0.232541372849646 -0.0171151355993924 -0.972339638618632
1464885113.47685 -2.79577661622125 -1.21893309035603  1.80501116743339 0.0223337112829902 0.211652247364868 -0.0276768381458584 -0.976697764999991
1464885113.56767 -2.76122079918597 -1.20149933546835  1.78266214397068 0.0260169567592153 0.185980741524642 -0.0376769971465376 -0.981485978315
1464885113.65931 -2.72799420285185 -1.18173002266204  1.75900485689199 0.029301574757584 0.160917563477858 -0.0415556437635208 -0.985657183787789
1464885113.7522 -2.69602229676046 -1.15892602246901  1.73176560180666 0.0287003412172837 0.140871042768814 -0.0473650763871547 -0.988477713083142
1464885113.84673 -2.66554770285326 -1.13521225103471  1.69987451723518 0.0380119679663167 0.123089309195354 -0.0451231878533557 -0.990640202177909
1464885113.94075 -2.63953062018635 -1.11473841528497  1.66461916715638 0.0450076506502057 0.116012496771277 -0.0474005215914309 -0.991094648622776
1464885114.07741 -2.60642325509451 -1.08982114679023  1.61711317877983 0.0594465640849565 0.102685525280233 -0.0590090874346599 -0.991180970618658
1464885114.21675 -2.57795149087094 -1.06550892956245   1.5771128163124 0.0724125216738218 0.0894166211205695 -0.0778837224775192 -0.99030057070834
1464885114.35606 -2.54937227954218  -1.0384625456138  1.54249521107408 0.0946319461584356 0.0693298193524617 -0.097334972032919 -0.988313752881226
1464885114.449 -2.52705255106799  -1.0207083052973  1.52405042710004 0.10381871797293 0.0499109213214263 -0.105884570957782 -0.987683669685993
1464885114.54197 -2.50264630421948 -1.00391102822642  1.50944738645506 0.109672796545949 0.0253216159825054 -0.113253463497243 -0.98716986707846
1464885114.63754  -2.47739041400326 -0.988055289836086   1.49641798178474 0.116559181371566 0.00522209024613572 -0.117955649708858 -0.986140533450082
1464885114.77418  -2.44349626928235 -0.967028735296058   1.47850473330075 0.125846320630454 -0.0135344555806054 -0.136135823067774 -0.982571401870405
1464885114.8697  -2.41910796236987 -0.951845183375593    1.4671110526581 0.132410650747485 -0.0279914958028106 -0.147457588525879 -0.97976535727565
1464885114.95982  -2.39271350301072 -0.936705164172846   1.45347612770945 0.145001245958482 -0.0481548598117587 -0.156518903796927 -0.975785622409557
1464885115.05279  -2.36861268787557 -0.923102712116194   1.44205953630539 0.153547782829923 -0.0729495324659245 -0.162606506853258 -0.971936504114338
1464885115.14566  -2.34412033972561 -0.912306830127933   1.42884067992701 0.156941600036237 -0.101822513857679 -0.172298250025383 -0.967116757629584
1464885115.23865  -2.32017336824639 -0.900990511539986   1.41522420655325 0.166374638944073 -0.127295990523672 -0.178026600881663 -0.961468532865921
1464885115.33432  -2.29479938520295 -0.888559100874352   1.40138663166409 0.172720279975438 -0.15398699008833 -0.181755939709194 -0.955730343846616
1464885115.42442   -2.2704444854211 -0.875124742673465   1.38769220250664 0.182513402372589 -0.176961501732307 -0.185341540999348 -0.949221785484834
1464885115.51729  -2.24603352540907 -0.861114366558916   1.37479916332842 0.18686485095382 -0.196731246443881 -0.192653853550984 -0.943007336590018
1464885115.61057 -2.22246289310487 -0.84561689553896  1.36261708747706 0.197816634235011 -0.199914095013464 -0.202936115197751 -0.937933828680534
1464885115.70315  -2.19634824761482 -0.830454378703129   1.34837210788345 0.204550878545625 -0.218680143202573 -0.214493109014085 -0.929693841670787
1464885115.79972  -2.16690652653165 -0.818226280255317   1.33436871722784 0.204058397798771 -0.241403371427674 -0.22975626423795 -0.920487176224945
1464885115.88914  -2.13786524302344 -0.809123511009535   1.31970442303191 0.209014089031482 -0.25810570870541 -0.240560739948677 -0.912044452927248
1464885115.98183  -2.11174530714285 -0.799072055798723   1.30437293041756 0.21295757506586 -0.28070823327147 -0.246766568012284 -0.902750364113533
1464885116.07472 -2.08892819795632 -0.78996889036265  1.29026973234456 0.22070785555691 -0.299710313104989 -0.251314847209126 -0.893477821933054
1464885116.16757  -2.06832833123892 -0.781212857792926   1.28038826390493 0.226473577624202 -0.313627853895739 -0.260419861113972 -0.884606570084253
1464885116.26346 -2.05296179459045 -0.77184842496499  1.26904551362742 0.232556179002665 -0.330217161854498 -0.270218963244447 -0.873988536267803
1464885116.35645  -2.03762034150542 -0.761429477690362   1.26052336840462 0.243301741356969 -0.346862337441591 -0.283649071359838 -0.860252280342182
1464885116.44638  -2.02148005153032 -0.751263427921729   1.25307503873755 0.254977629439578 -0.365308132164726 -0.298460455770788 -0.844072113862783
1464885116.5391  -2.00110203429598 -0.741027401232004   1.24714897678097 0.262595183102382 -0.391964535013444 -0.309520288570563 -0.825593582864061
1464885116.6321  -1.98074258783535 -0.732669012046748   1.23976972578805 0.275490760324715 -0.418731987903884 -0.323593095545314 -0.802530916412055
1464885116.73109  -1.95533324216089 -0.725589558159112    1.2356275317125 0.275475272581265 -0.447215867905842 -0.337663357656341 -0.78108565380869
1464885116.81772  -1.92936790897861 -0.719173077656902   1.23139705373287 0.27835962382292 -0.477463760019487 -0.348541616529202 -0.757009259679449
1464885116.91299  -1.90538932256401 -0.715716521871946   1.22811922427275 0.279286505806277 -0.504811357585473 -0.359158621022346 -0.733600453838845
1464885117.0039   -1.8810145230661 -0.711312073561368   1.22675431148269 0.273749951479095 -0.528069682689411 -0.369865779862999 -0.713724512102417
1464885117.0966  -1.85714072443575 -0.707095412869319   1.22258708020418 0.27028882923001 -0.557369606139302 -0.370215480550075 -0.692259755371253
1464885117.19242  -1.83919008109883 -0.702197732534008   1.21544155143129 0.27799789193654 -0.574416372637434 -0.374422200093597 -0.672733988291035
1464885117.28259  -1.8214312845026 -0.69597439297384  1.20728812667405 0.278455824832413 -0.593944721881565 -0.376719004791299 -0.654044962059172
1464885117.37529   -1.8041229865125 -0.689736970297373   1.19578529346652 0.280354508567046 -0.617870035740661 -0.376186810321206 -0.63096866182111
1464885117.46834  -1.78875173887331 -0.682864202761646   1.18208905808372 0.28446252308632 -0.642440740927059 -0.377826966132178 -0.602990672415263
1464885117.56113  -1.76815215959372 -0.675376699382993   1.17023198347056 0.282475426260383 -0.660811987218823 -0.379508019389366 -0.582673849015112
1464885117.66101  -1.74768515443305 -0.667602829780035   1.15564949500018 0.278198907279941 -0.683192968446583 -0.374929237113034 -0.561498711495611
1464885117.74739  -1.73002927936062 -0.660162326929667   1.14022418578574 0.279361568745692 -0.69896816294594 -0.378821234577063 -0.538419068504667
1464885117.83977  -1.71083788858677 -0.653504164633775   1.12954938488698 0.272224532298485 -0.70916407165029 -0.388370175114084 -0.521678761861271
1464885117.93265  -1.69382260176545 -0.646933666372476   1.11746847240447 0.273784809083201 -0.712416034396997 -0.394624379696334 -0.511641350164953
1464885118.02556  -1.67483917951746 -0.641652115028569   1.10435774253186 0.272595218583142 -0.715623433291549 -0.390023456375737 -0.511328321146354
1464885118.12123  -1.65694695270062 -0.637900380457036   1.08980704460018 0.275334096247653 -0.718051965586634 -0.381537331503132 -0.512856485607942
1464885118.21141  -1.63539282189182 -0.634175651190295    1.0773442680071 0.275495376186884 -0.721850675363922 -0.374812681429345 -0.512395700622127
1464885118.30541  -1.61540715708198 -0.629969519604607   1.06494490423575 0.273373146027471 -0.724169397298415 -0.365690629340252 -0.516832826608589
1464885118.44363    -1.587053662479 -0.622137338202794   1.04622901979345 0.271938675136216 -0.725367739979859 -0.353688863151695 -0.524209106029391
1464885118.58972  -1.56026927465508 -0.612824910789419   1.02386699420292 0.263984363012319 -0.736985254810624 -0.343326034579645 -0.518933737828364
1464885118.72235  -1.52855981849502 -0.606148982281766  0.996213219499335 0.250140971035004 -0.750618985747179 -0.328423815172597 -0.51588606346074
1464885118.86155  -1.49653112756057 -0.603752858153678  0.965441457968508 0.24739286934617 -0.755308352523421 -0.307999787120504 -0.522917002916092
1464885119.00092  -1.47071016602815 -0.602680794863547  0.932591595878124 0.235466660690672 -0.777980132910946 -0.291195252715598 -0.504487551179363
1464885119.14035  -1.44912611237226 -0.601022341788267  0.898631689392891 0.213308499152004 -0.794497488282241 -0.273841283798172 -0.49828122239404
1464885119.3265  -1.42993122274727 -0.585411226508192  0.844460281976162 0.210710925879687 -0.81103036665121 -0.251938118370155 -0.48410518959895
1464885119.46851  -1.41832993911908 -0.569666032383198  0.795381331514607 0.207663747965941 -0.81118115625396 -0.24398393412393 -0.489216454556301
1464885119.60481  -1.40369285213285 -0.556351830051136  0.739421302785159 0.204025634939636 -0.813368068947178 -0.224419263410613 -0.496429168074213
1464885119.69777  -1.38887870387456 -0.551233602705744  0.705618663626703 0.207116546424762 -0.803542403725183 -0.212148370078268 -0.516154444605264
1464885119.79074  -1.37476793003701 -0.546521021921498  0.677202744335608 0.203732605558791 -0.795489583321151 -0.200652493096812 -0.534254551008975
1464885119.93  -1.35433083191962 -0.532184195368185  0.633342576061594 0.19283375198078 -0.797542676060857 -0.194024409906577 -0.537675880358332
1464885120.02288  -1.34162568888496 -0.519569647905491  0.601692310497378 0.181875419087465 -0.806468357646839 -0.182655307767216 -0.532134530537752
1464885120.25519  -1.29751476169935 -0.473777894707914  0.526433695317315 0.174944957335178 -0.799659478390345 -0.16848093026851 -0.549138558707483
1464885120.44538  -1.25653527997714 -0.447325758268477  0.471052176283741 0.176585783252896 -0.784320202409863 -0.159975505387548 -0.572771436893209
1464885120.62685  -1.22138771199183 -0.426356343816592  0.419854649419636 0.158676596674658 -0.772886084356776 -0.155661470492915 -0.594338577646936
1464885120.81268  -1.18503124361835 -0.390016591502029  0.365600351731847 0.145615049826633 -0.763492949901254 -0.145083638637655 -0.612229949050785
1464885120.95187  -1.16156878975354 -0.360230324284195  0.326215999174014 0.137923637652144 -0.74612631487309 -0.145277860971818 -0.634954278308412
1464885121.0912  -1.13408578238017 -0.339035230015395  0.289351536944831 0.130012123221936 -0.714674341003931 -0.145684908566977 -0.671649716401156
1464885121.23064  -1.10806376513506 -0.321883667135599   0.26149356211579 0.125038622717612 -0.680286180389189 -0.147465295821129 -0.70698659260891
1464885121.37568  -1.08043855165304 -0.298758309963978  0.233540747037898 0.112072057166785 -0.66019555138819 -0.146846309237821 -0.728023247838198
1464885121.50941  -1.04871697923533 -0.263137160217097  0.204650656345909 0.109708768457839 -0.639051078657049 -0.141263708904534 -0.748079052999923
1464885121.69696  -0.99158867590359 -0.221340430805123  0.162209845007274 0.106734740157846 -0.622250859955086 -0.135148049003935 -0.76364033902029
1464885121.83838 -0.948729263774756 -0.203097247068924  0.130252837197284 0.0989386074624779 -0.608563820865543 -0.130206992149109 -0.776471098678115
1464885122.02268 -0.897827981328151 -0.173989013689921 0.0879148447191851 0.0808500282584444 -0.584800452686561 -0.134097727949754 -0.795920538010495
1464885122.15959 -0.853812416630577 -0.141948866023686 0.0575797553287726 0.0737409109097347 -0.567022527156903 -0.127052032553689 -0.810497077588055
1464885122.30182 -0.811686383458302 -0.117442768111063  0.026982613298753 0.0558345427711495 -0.541086081799228 -0.131280227145064 -0.828778533673162
1464885122.39178  -0.78521069042369 -0.110088129113215 0.0108435382442202 0.0406287762748883 -0.505034150690245 -0.128160322870742 -0.852563628602966
1464885122.53404  -0.744386722058976 -0.0968650757121984 -0.0150218307759354 0.0321841364384229 -0.474035710169686 -0.128904857680268 -0.870423956765934
1464885122.62397  -0.720102358050234 -0.0823115260440906 -0.0309408609518084 0.0264345149681863 -0.446084666546395 -0.126594410688475 -0.885597844324966
1464885122.76595  -0.666656565448046 -0.0484340126661501 -0.0481229666372759 0.0201495385890384 -0.421056715362929 -0.115164435906934 -0.899467837804481
1464885122.85656  -0.626227203758041 -0.0213695546804055 -0.0591675795023749 0.02446227955769 -0.403843253755844 -0.102218484507351 -0.908770380624146
1464885122.94928    -0.58485083379398 0.000681044123336028  -0.0728480453033858 0.0285763134335824 -0.394716582461989 -0.104229337169524 -0.912424495020424
1464885123.04285  -0.542269308465008  0.0130939889026215 -0.0862197606728791 0.0195869249249149 -0.386991382827056 -0.100783539810578 -0.916349660387801
1464885123.1392  -0.503251449391609  0.0226212472390691 -0.0994621648258509 0.0172380671800879 -0.365711366930671 -0.0997868373082181 -0.925203022172765
1464885123.27442 -0.442505983270009 0.0431389902590054 -0.118133009729147 0.00680294948716262 -0.348306059276366 -0.098034933277538 -0.932215511996508
1464885123.36844  -0.40202159036483 0.0632679779876419   -0.1285036967148 -0.00290211178622393 -0.333993170603157 -0.0903128844184014 -0.938234364455736
1464885123.46283 -0.360128493794963 0.0855540823647662 -0.140903656514529 -0.00780313017450068 -0.313817582177021 -0.0825185941733549 -0.945858508388914
1464885123.59976 -0.299743129009299  0.101983921364801  -0.15908769849166 -0.0221266832907013 -0.281173947143851 -0.0861934132863275 -0.955522012744946
1464885123.69261 -0.260983180833757  0.106336581512655 -0.171044887538215 -0.0457345321817794 -0.264385781058137 -0.078305525235387 -0.960144132960257
1464885123.78554 -0.226905606947016  0.116217239915745 -0.180887874954414 -0.0366237674932438 -0.236046885363922 -0.0744463247976707 -0.968193323819532
1464885123.92468     -0.17233718802  0.137729742833729 -0.189639183716784 -0.0510826992541676 -0.203840718791759 -0.0664670256946937 -0.975408454799664
1464885124.01755 -0.134413729457028  0.158847388830575 -0.191335300321517 -0.0570451415156088 -0.181021034437291 -0.0534690838292817 -0.98036640803078
1464885124.15694 -0.0708549630673532   0.184929776648843  -0.191516365765045 -0.0483824143374181 -0.162604332732581 -0.0474506614566263 -0.984361421271071
1464885124.24985 -0.0295830847723525    0.18593072220189   -0.19260691266775 -0.041012931082954 -0.142001245334944 -0.039797252110514 -0.988215444390424
1464885124.38909 0.0328826753005847  0.174491144315237 -0.194804363160076 -0.0549331544154675 -0.130798722486216 -0.0445042670471625 -0.988884934133661
1464885124.52851 0.0954839018980728  0.161631540346214 -0.196221512823296 -0.0855977387943891 -0.126244266529626 -0.0564283523832354 -0.986687008797115
1464885124.66791  0.162940439685393  0.156149840417998 -0.193457396248968 -0.102392810513104 -0.132341732669267 -0.0540421981706602 -0.984419026109414
1464885124.80755  0.224984743188016  0.150813417055066 -0.195732888119429 -0.0982932809936 -0.109309162815647 -0.071712056186464 -0.986532979090697
1464885124.94659  0.283417319654245   0.13764812052812 -0.199700898399701 -0.0946217284813242 -0.0885734586204522 -0.0860561991376973 -0.987823770475883
1464885125.08619  0.342546315021078  0.124344623789195 -0.202232507439416 -0.105740046772328 -0.0844121749333181 -0.0957568464319794 -0.986166443148932
1464885125.22529 0.403629569533006  0.11701214490062 -0.19423740604397 -0.136021946389427 -0.0851058053330472 -0.095992220620619 -0.982364761979667
1464885125.36467  0.467107379869379  0.122116236580064 -0.177172059188287 -0.169221611916056 -0.0772269116877696 -0.0956448322845502 -0.977881442828813
1464885125.50395 0.527943764210302 0.133241195513654 -0.15603355320958 -0.183687910145976 -0.0576821677286791 -0.102750074614398 -0.975896480862115
1464885125.64355  0.588997775013632  0.139196231004486 -0.126128278887852 -0.180722590386669 -0.0345409682677436 -0.0969294400225952 -0.978136468235371
1464885125.78269   0.648844993240108   0.144453603979362 -0.0951995088211527 -0.182607357784286 -0.0169538186165966 -0.0923532943377039 -0.978691979093694
1464885125.92198   0.702296617554614   0.152778183729979 -0.0604742675549764 -0.193441294266346 0.0186831435154445 -0.0818695641080887 -0.977511524378968
1464885126.06136   0.756639607799278   0.162011009445307 -0.0262542715687064 -0.184485675128128 0.0442459691751599 -0.0856573589107021 -0.978095162419646
1464885126.20065   0.790046785886897   0.160332271952393 0.00539229746839573 -0.183734183151781 0.0765861364841623 -0.0758527755522282 -0.977047936429426
1464885126.43428  0.812742755045862  0.147897190610356 0.0588988015494956 -0.19233980083146 0.105628395449933 -0.0473952713543998 -0.974475105553769
1464885126.75846  0.779294100957002 0.0926663843161288  0.126257848669145 -0.21322845037911 0.0980256838313304 -0.0263596277133707 -0.971714856984875
1464885126.94695  0.732403667532693 0.0467278299290401  0.160706290085333 -0.245582087487494 0.0933398988798604 -0.0332281465125211 -0.964299223198756
1464885127.22264  0.656320864065944 0.0180128477384773  0.188173464669361 -0.259593598194293 0.0937772389095151 -0.0649944839763179 -0.958953966721917
1464885127.40833  0.593759573693035 0.0310103083397666  0.186132428821258 -0.238797706642135 0.118456399746997 -0.0649071236523124 -0.961629243503243
1464885127.54771  0.546396943927055 0.0503579070617326  0.178843276952165 -0.226324492628557 0.134359588075107 -0.0667730134529572 -0.962427186753951
1464885127.73375  0.493438434671861 0.0813144797854024  0.169730774111578 -0.217723178961452 0.138165701769433 -0.0531844930145928 -0.964716676491218
1464885127.87612 0.461150332770912 0.111558480316861 0.160811259251389 -0.19346920614722 0.139723923528386 -0.0536844454514741 -0.969620993885325
1464885128.05877 0.427961612067753 0.151986018088131 0.149057137362606 -0.177488767787744 0.147357676127334 -0.0557888845269006 -0.97142732767757
1464885128.29388 0.411039572600466  0.20148620501101 0.139655996920106 -0.178387830080966 0.147222103915554 -0.0477578863321639 -0.971711180593682
1464885128.47673 0.411778940383223 0.243285192323434 0.132062462762298 -0.152626152430757 0.152389452642902 -0.0390800264237522 -0.975682050594403
1464885128.89503  0.446059680689513  0.292408033511229 0.0948996913663898 -0.0915008075196966 0.092109166778333 -0.0225813225195406 -0.991278763765225
1464885129.083  0.468349297086133  0.284839358206956 0.0677670113021494 -0.0966332105969248 0.0453820638794365 -0.0463684811781677 -0.993203128690704
1464885129.26737  0.491384363728764  0.266209889002913 0.0431951497152433 -0.0914403091236721 0.00870684624357129 -0.0649366407443885 -0.993652903877754
1464885129.4522  0.513957393114705  0.231960762640559 0.0263589654851772 -0.098580533134231 -0.0103763711304698 -0.0889537415275794 -0.991091035817285
1464885129.6844  0.542551923427357  0.182551537511799 0.0128191666902963 -0.120360443556737 -0.0156823269739 -0.0949372663062161 -0.988055840382421
1464885129.87012   0.556923613595659   0.145268245962009 0.00518598165852261 -0.150211018062071 -0.0107937122840542 -0.0613312915381387 -0.986690741066394
1464885130.10248   0.561492495887925  0.0999996719268405 -0.0101437745253483 -0.169216026926407 0.000172121153525716 -0.047609672962675 -0.984428375071512
1464885130.33479   0.562289824274801  0.0506537222319774 -0.0297895410741846 -0.199898086253684 -0.00716947917162843 -0.041322416858423 -0.978918695063845
1464885130.5213   0.555739346974765  0.0180970757906506 -0.0502427393931016 -0.238389529442618 -0.00819909481941623 -0.0384168209542733 -0.970374852808974
1464885130.79918   0.518491159627831   0.014142356640834 -0.0626745287207037 -0.267575756902408 0.0177807306452481 -0.0936672694408886 -0.958808376356461
1464885131.03146   0.467029378334353   0.045140004442756 -0.0500237969146022 -0.265664698549522 0.0411971593400039 -0.12655980605031 -0.9548338481115
1464885131.2173    0.42654468784329   0.082212860456648 -0.0329521535065998 -0.251821097690203 0.0672158883387773 -0.116988336024434 -0.958322434437995
1464885131.40303  0.393272179550688  0.124601770735755 -0.013451225632588 -0.223692084737101 0.084256605161025 -0.100647974296252 -0.965780855568575
1464885131.58907   0.372985357077594   0.167143459181431 0.00395916892243184 -0.1981252774681 0.0951115262667579 -0.0953039814377518 -0.970884814548826
1464885131.8277  0.372599702193374  0.209383794916287 0.0295899500804507 -0.162424881548325 0.0877166973088756 -0.0823888482119844 -0.979354898163857
1464885132.0069  0.398094460734803  0.221787476023432 0.0615603189535206 -0.126150355834441 0.0700403506614443 -0.0842687386080292 -0.985940777478788
1464885132.19268 0.434212327421007 0.210215261286133 0.105383635482866 -0.106989518579151 0.0459282531963337 -0.0805110421241849 -0.989930204897604
1464885132.37847 0.463465184010829 0.182587162781899 0.161888000666959 -0.111717480974413 0.0374039121156818 -0.0862125746764587 -0.989286381070128
1464885132.52031 0.480095123169815 0.153916875472802 0.208519174407345 -0.124116057179046 0.0466627582094283 -0.0912169959791001 -0.986963652315102
1464885132.65729 0.493458780213778 0.123320112193216 0.256551175223137 -0.135195106070175 0.049985913307415 -0.092015031219868 -0.985269976095438
1464885132.79658  0.503272822616617 0.0931061100670876  0.299504065322555 -0.156034068385058 0.0485045423622253 -0.0904369480884687 -0.982406146811939
1464885133.35397  0.484445999464954 0.0902721018091211  0.259075455716107 -0.152159824862375 0.0284606176043644 -0.0991292992440912 -0.982960204166377
1464885133.49351 0.469390934739315 0.107203777347154 0.204954314206649 -0.137451113273454 0.0257918732302333 -0.106820185982109 -0.984393934663309
1464885133.63263 0.455455084570908 0.128198073131329 0.146945055857244 -0.127854889828523 0.0287030356428286 -0.113801991112815 -0.984824029819836
1464885133.82147  0.438593041325668  0.157336434558143 0.0706729626322039 -0.123079454144213 0.0440396949613221 -0.11335707568607 -0.984917319690937
1464885134.0042    0.433177146617163    0.190120364114987 -0.00494342997034563 -0.119616807182305 0.0594808346222051 -0.109149500878955 -0.985007734086404
1464885134.19009   0.436541996225338    0.22457489259417 -0.0821012817204767 -0.124106346854246 0.0794115445525909 -0.0899781879351218 -0.984984947579494
1464885134.38298  0.441698052150186  0.260461280101187 -0.162218162316043 -0.117937626595441 0.11208776241079 -0.0856934295215887 -0.982946430833138
1464885134.65454  0.454883082139012   0.30630291384724 -0.265699741339778 -0.1083726331096 0.117331437158551 -0.0870522582493414 -0.983316129523406
1464885134.97966 0.465815798717655 0.353496543672472 -0.37124636580275 -0.118096197113305 0.0989219355847187 -0.0702595669804551 -0.985561429914578
1464885135.35202  0.452643013662277  0.392699562973869 -0.493098959642817 -0.112664736072695 0.0970047620035709 -0.0696272430491857 -0.986432349641713
1464885135.72292  0.429490184118349  0.392898195352142 -0.573848763274832 -0.136079036627052 0.123673617271456 -0.0734364309173949 -0.980201215463316
1464885136.14095    0.3634122292784  0.366461976401396 -0.588069446795477 -0.111656700081995 0.121420900918147 -0.0914237103407668 -0.98205470893151
1464885136.41962 0.288540535538176 0.322229395718555 -0.54595347854208 -0.119163806150217 0.106073599501829 -0.112112785630725 -0.98080533343301
1464885136.70092   0.23049999016896  0.265286493198052 -0.475553275846959 -0.126936468180928 0.0830980129804049 -0.124743435000887 -0.980520743640154
1464885137.02344  0.182587447101332  0.205769906538833 -0.350896430355718 -0.135813939859478 0.0854189626358453 -0.117184986830859 -0.980064208826908
1464885137.30215  0.160401100256628  0.151242567847589 -0.235993393822439 -0.123176263090329 0.109540989676937 -0.105358715231653 -0.980677276639178
1464885137.53447  0.162274706810803  0.117223569988555 -0.139520190378748 -0.126319735700104 0.113741615155463 -0.0861149172953918 -0.98167733516349
1464885137.76879   0.177726886406626   0.098803313990753 -0.0269310103806461 -0.133426692079231 0.105927601631311 -0.0844784824916671 -0.981753557187005
1464885137.90639  0.196847562753457 0.0911014656227658  0.038616988659917 -0.120991589405734 0.100096109498566 -0.0663026981740545 -0.98536579825523
1464885138.04553  0.221180959531354 0.0851146236590334 0.0931928081166038 -0.113578682835891 0.107318234859848 -0.0722011070627425 -0.985073438587573
1464885138.18489 0.250915382281516  0.08140538265424 0.142526380205417 -0.117604288480246 0.11741269764338 -0.0829835506818062 -0.982597180984863
1464885138.32868  0.289928927850871 0.0848270581666699   0.18928553262459 -0.11801742810192 0.109996302639736 -0.0872426359234295 -0.983036836820944
1464885138.41702  0.318423961821027 0.0902665224010783  0.218306906678648 -0.110341560377047 0.123033032715584 -0.0811991750604242 -0.982900964941978
1464885138.50974 0.349219007098005 0.095280423860391  0.24445423778932 -0.109153705769945 0.134524528207656 -0.080451450075053 -0.9815886022199
1464885138.64924 0.396839698661276 0.100130624924719 0.277729144408836 -0.114646524177668 0.158528355835975 -0.0754325423911308 -0.97777035465304
1464885138.74205 0.425413846837137 0.103258676948214 0.295641450920371 -0.109186654826637 0.178960108706435 -0.0642644096803547 -0.975664716769027
1464885138.83488 0.453009190486099 0.104721806029286  0.31339686432099 -0.107006558505412 0.194240194033254 -0.0522342394621149 -0.973700122053277
1464885139.0235 0.505137850185275 0.106727281029213 0.348129784984522 -0.10192596234011 0.20609936920269 -0.0508158428848632 -0.971880598801724
1464885139.11373 0.528992127298353 0.108750671920727 0.369986632151443 -0.105732531181785 0.20632526068293 -0.0576829506925459 -0.971042324439782
1464885139.20665 0.552742521499102 0.114014426922942  0.39464000611005 -0.106818790162644 0.204783153464006 -0.0554037112817866 -0.971382537881823
1464885139.29943 0.577109370522832 0.122282076044067 0.419078709122374 -0.104522111392108 0.200497943875799 -0.0501070004861001 -0.972812927151978
1464885139.39239 0.599323399143677 0.130133322061629  0.43950805537702 -0.0969663418638447 0.198478143379505 -0.0458568321137928 -0.974218202506326
1464885139.48793 0.619276719392081 0.135767181595518 0.456214361070983 -0.0981346751506897 0.19105520551737 -0.0429057446389123 -0.975718499903925
1464885139.6246 0.645810822398792 0.143553947449731 0.470098473774683 -0.106172474147241 0.182852980845366 -0.0469620756329546 -0.976261623020009
1464885140.0427 0.696880396717819 0.195208050963233 0.427592134617035 -0.112275754792737 0.197962597650036 -0.0248014412279003 -0.973442270158015
1464885140.18459 0.702533756428667 0.217241530027005 0.384233279608161 -0.110956130915353 0.230553777494091 -0.0213058549172771 -0.966478014877599
1464885140.32138 0.706969012480825 0.238078942804138 0.331509877101375 -0.105332112401117 0.259423327400922 -0.0195897471095334 -0.959802544852605
1464885140.46069 0.708193265553683 0.252630941752443 0.276978956276805 -0.113820298483207 0.275160589948218 -0.0259302671385648 -0.95428465912361
1464885140.64909  0.69670888036184 0.275058789196009 0.210244545820353 -0.119460302096493 0.293477344170801 -0.0190876491914531 -0.94828052090603
1464885141.01824  0.649964668467409  0.318607364574127 0.0765322678676009 -0.108266091575281 0.283857166133467 -0.0325049462886254 -0.952180125352585
