1464885044.40291  3.23121300532497e-06  9.18698767659207e-06 -6.79388951499593e-05 -2.04391766743063e-05 -1.02688822085641e-05 1.59385530471371e-05 0.999999999611376
1464885045.42482 -0.0131944204115914 -0.0137032968046767 0.00233317946418207 0.0410767847881592 -0.0103851988728733 0.0409441040288541 0.998262703771464
1464885045.4713 -0.0152291392752486 -0.0135595106548416 0.00383935344048409 0.0399644275263918 -0.0094312978960259 0.0494515796214995 0.997932080066285
1464885045.79643 -0.0363259799951152 -0.0133754665323244  0.0201225455600464 0.0558262495952087 -0.044685562534392 0.096676866964821 0.992743780514884
1464885046.07813 -0.0547396938761919 0.00138808818126113  0.0394400118901424 0.0112940684358099 -0.0225958457740687 0.105499935184997 0.99409840330215
1464885046.35702 -0.0803814655556136 0.00491342949254196  0.0615508456995093 -0.0201703816300123 -0.0441728779192069 0.116205685271869 0.992037373928891
1464885046.8233 -0.0680357159075438 -0.0199540427622782   0.108840295920628 -0.0212140296441934 -0.0530779136792493 0.0865128560555585 0.994609584592278
1464885047.0075 -0.0574824075754204  -0.056632779280491   0.118124981911421 0.00966665401224451 -0.0687132036710572 0.0688166593145952 0.995213202706961
1464885047.18997 -0.0550413524855193  -0.088754444057956   0.117844052456872 0.0109281627867583 -0.0876945960470208 0.0715712374374347 0.993512853995322
1464885047.65429  -0.079177751475375 -0.0858398763794489   0.124475657548224 0.0526853056968567 -0.106343280381144 0.086738474406306 0.989136897673458
1464885047.88672  -0.106528781622632 -0.0578110497672721   0.128386095928714 0.0317288791135728 -0.106562785804597 0.0910271764362923 0.989622000595074
1464885048.02597 -0.123982963272999  -0.04043414677488  0.127418440286484 -0.0170298051154169 -0.0985710889343141 0.0695138252554088 0.992553048588535
1464885048.2143  -0.150392695276417 -0.0211581670704549   0.122873431842763 -0.0241816671675898 -0.0935758558326781 0.0351636455228108 0.994697101740889
1464885048.39758    -0.181835388366145 -0.000276166451498583     0.117482661914666 0.00613630539147027 -0.108684612262166 0.0262050218480711 0.993711878586297
1464885048.58338 -0.210775924877398 0.0266816683249896  0.114161140578321 0.0162982624149819 -0.14932453402928 0.0298507870131313 0.988203157601658
1464885048.76912 -0.226411623857114 0.0593164559924987  0.111969903361645 0.00485473860768059 -0.165044417588739 0.0444541154789679 0.98527184236272
1464885048.95499 -0.227959624393185 0.0902334878222985     0.114835198413 0.00918115441191677 -0.168399984772466 0.0315513169443321 0.985170881589268
1464885049.14079 -0.209068117895645  0.120220129385775   0.11730908013364 -0.00267529884788522 -0.179879377480661 0.0178451723257879 0.98352315791643
1464885049.28011 -0.181549676252708  0.136151459915908  0.119664775344947 -0.0135763098449445 -0.187923157995442 0.0151308267880475 0.981973333945848
1464885049.41946 -0.145524145144582  0.143083331984586  0.124278020248716 -0.0204756159028507 -0.186757419787561 0.0064545091860487 0.982171448688496
1464885049.56148 -0.11042161630539 0.144755833995204 0.131786737248192 -0.0258245260354189 -0.195942741832967 -0.000783964360263504 0.980274921222566
1464885049.69816 -0.0759040316199059   0.141730807755019   0.141413006141026 -0.0274683467487341 -0.200335778398847 -0.00621194065200026 0.979322458444386
1464885049.84203 -0.0446959991257652   0.133178567305247   0.151546590422556 -0.0334946905698852 -0.196717742425176 -0.00650498909706576 0.97986627691518
1464885049.93045 -0.0250709755525858   0.121815711292538   0.158137164324239 -0.0381103810716831 -0.173162778769043 -0.006616482255022 0.984133361423198
1464885050.02328 -0.00955165500463915    0.103075385783502    0.162174615734386 -0.0274609987713773 -0.147274463863744 0.00552452099888389 0.988698945841381
1464885050.11622 0.00194350493259449  0.0814327634457076   0.164303488989086 -0.0206347568823724 -0.129434330521467 0.0278154454744212 0.99098297759544
1464885050.20912 0.0105639522551281 0.0591207151518537  0.163407337464204 -0.0125511767984617 -0.108480426227575 0.0534996535555392 0.992578587395424
1464885050.30205 0.0162539696951907 0.0369068239157086  0.159091163846679 0.00571638569458776 -0.0813459289721507 0.066814881089811 0.994427440509966
1464885050.44163  0.0137088218611719 0.00881218018942275    0.14486085909242 0.00852606169122542 -0.0532932528258401 0.0869613306161507 0.994748642850417
1464885050.58076 -0.00356506323436254  -0.0167416279107067    0.123963576401592 0.0124185414118315 -0.0459953387027108 0.102849608322133 0.993555316383949
1464885050.72192 -0.0276815810285558 -0.0401839522187831  0.0975011145080272 0.0168040426589498 -0.0372234043758467 0.122845256960442 0.991585137625263
1464885050.85942 -0.0536853493306834 -0.0608804719871785  0.0659933054867949 0.0127745689339072 -0.0200841842113654 0.13322231370704 0.990800308368775
1464885051.00269 -0.0812243345547961 -0.0830484877521812  0.0296212137384846 0.01332879661289 -0.00886253130675737 0.144596688442378 0.989361206239252
1464885051.13813   -0.104639250538633   -0.098773220043825 -0.00849437930270011 0.0241142650887206 -0.0122986170686555 0.162912409887001 0.98626912804885
1464885051.32382  -0.123653128298736  -0.102463423538328 -0.0624308176723947 0.0337219652704285 -0.0213801993448997 0.171739567346911 0.984332889393506
1464885051.46566  -0.136879742850239 -0.0952945359873432  -0.105014813907223 0.0474413027311698 -0.053986272370147 0.162643090380596 0.984064037724271
1464885051.60264  -0.148031413999327 -0.0829874423644764  -0.147812809370302 0.0584109389848046 -0.0957090550985245 0.151371884178334 0.982096986890481
1464885051.74507  -0.154272556470992 -0.0693775992119918  -0.190549746552136 0.0626297114634859 -0.130220460409679 0.143188942835584 0.979089923133886
1464885051.93117  -0.151497548183613 -0.0500881071965379  -0.247041800619976 0.0518843653132745 -0.161965379225444 0.132837277119467 0.976437138978175
1464885052.29927  -0.138242217856523 -0.0212106097613964  -0.315326980020267 0.0430148369128265 -0.17279549463811 0.132668254878603 0.975033627617838
1464885052.76416 -0.0859187256218459  0.0200082677588044  -0.329805049078368 0.0504276322410604 -0.169692998138488 0.131515010486278 0.975379486305779
1464885052.9961 -0.0217543799155674   0.042428699945518  -0.321513986295916 0.0510995688898066 -0.170387326444608 0.118564762213048 0.976882485362338
1464885053.2316 0.0571788522529553 0.0604361500718444 -0.311266279015619 0.0478391079011419 -0.171718013579352 0.122186819997172 0.976368129645045
1464885053.46045  0.125992799103928 0.0646451713162905  -0.28021929052242 0.0519829804923865 -0.173967505321498 0.1121088104324 0.976967088214734
1464885053.6464  0.181863373440235 0.0664880779970057 -0.232134539189023 0.0617790739355739 -0.156452526313491 0.111286578206139 0.979449462986712
1464885053.7877  0.219411205087882 0.0645602673762918 -0.185853058895234 0.0587082020742971 -0.144716810451303 0.104979180108614 0.982135308155515
1464885053.97153  0.262157168999032 0.0452076364079398 -0.124437560775773 0.0664491232973791 -0.136799490992592 0.0930950184065795 0.983973440101437
1464885054.11093   0.292022879244189  0.0254700106391226 -0.0824956930982633 0.0610854573130009 -0.11655454831164 0.104700178568014 0.98575934019443
1464885054.29672    0.31791811507166   -0.01262028332923 -0.0312400504581968 0.0752735742827813 -0.0932102280453094 0.130578152012758 0.984172286045166
1464885054.48522   0.328735108787718 -0.0493593144233426  0.0189302782241938 0.0916488764543409 -0.0758788099959617 0.143226419793866 0.982511619428129
1464885054.76256   0.311078964018286 -0.0885484551991652   0.076446192064251 0.0906590598946587 -0.0861369719256455 0.133623865686772 0.983110380092399
1464885055.08638  0.245104816934365 -0.126707338769128  0.120813638437584 0.093760705938133 -0.080998633892611 0.143663175334885 0.981839622027046
1464885055.27215  0.185903983162258 -0.152073155265295  0.142673197383144 0.0982099658266357 -0.0609995789563644 0.147372139339796 0.982301026430233
1464885055.45792  0.122982450231371 -0.176898129924032  0.153807055563358 0.0924102610080653 -0.0568276321432839 0.158038199081804 0.981455496452279
1464885055.64376 0.0678625515010826 -0.188857201692851  0.151455668643568 0.0946367207183334 -0.0492343554012105 0.16639737238962 0.980271280718627
1464885055.783 0.0269393244369678 -0.190091256002241  0.141530450276853 0.0939714909544736 -0.0421041603608619 0.163577899809305 0.981141615294182
1464885055.9225 -0.014801424401791  -0.19191708852262   0.12538884973625 0.0993812545263278 -0.0363205310660815 0.161665272984618 0.981156727940374
1464885056.06176 -0.0585250296426801  -0.195234415823981   0.105052579689098 0.0913245303443038 -0.0404185552369451 0.159406990194614 0.982148452132897
1464885056.24756 -0.108925473565229 -0.200326372215557 0.0721099462595787 0.0931852372480474 -0.0482077967185486 0.16892778688811 0.980028531580409
1464885056.38816 -0.144113948199927 -0.201110656481896 0.0449020696642779 0.111575543053755 -0.0432244933316754 0.173016720076521 0.977623524646601
1464885056.52625 -0.185765728353273 -0.194569807998231 0.0188406004597468 0.101105144274787 -0.0547321026688796 0.164820036230777 0.9796001747629
1464885056.66561   -0.231344087850506   -0.186014838929922 -0.00691001889273302 0.0923214355784889 -0.0721447245721532 0.155402915145921 0.980878088863894
1464885056.80721  -0.272381329622772   -0.17651630237524 -0.0375049306120246 0.0792194982696513 -0.0800039227698958 0.15230185950974 0.981900090144211
1464885056.94432  -0.308081163131886  -0.167554966133938 -0.0708630735097726 0.0737576397194081 -0.0932206838383439 0.151823164484823 0.981233632430905
1464885057.13017  -0.34328581348642 -0.146433924842784 -0.114277837796295 0.0735144653051209 -0.118229790815022 0.148960049652082 0.97899348494379
1464885057.31677 -0.358986034068887 -0.107461001709753 -0.152906091538182 0.0659499558337793 -0.137980405234942 0.135467592097573 0.978907831508161
1464885057.45719  -0.357899490261592 -0.0666953982387728  -0.179507734227599 0.0514202150011673 -0.151272155334165 0.116690902246706 0.980232589665657
1464885057.59545   -0.34132928172112 -0.0241090539220255  -0.204319526280226 0.0395896480223896 -0.14440649689841 0.108711381337733 0.982731529457885
1464885057.73652 -0.317009154615914  0.011960034967143 -0.224702253731764 0.0294639160138989 -0.127666618493975 0.103663992419528 0.985944668250244
1464885057.91978 -0.280383576282554 0.0426961642605727 -0.237537918170927 0.0453450609433529 -0.113695384850551 0.116590868030351 0.985608316931051
1464885058.15207  -0.22390456136667 0.0733117033642461 -0.220893745414867 0.0375226556419186 -0.106881988884804 0.119690662496752 0.986327752867522
1464885058.29139 -0.182653085224986 0.0848359153310022 -0.195352022893331 0.0326116969070923 -0.0876082426906394 0.117090627316524 0.988711817483801
1464885058.43334 -0.140603825014413 0.0896739664356567 -0.163084470003255 0.0289971302214654 -0.0611326554314866 0.112266687011706 0.99137185549431
1464885058.66845 -0.0917599982040333  0.0771013003928218  -0.114730779823193 0.0293193741978497 -0.0512481509498375 0.115049629356279 0.991603541797755
1464885058.94156 -0.0555684152813281  0.0303396930662124 -0.0544467633752122 0.0247388183744664 -0.0588689101223319 0.13087609491052 0.989340128604625
1464885059.17388 -0.0232544320314249 -0.0226399745172098   0.010193900729789 0.0445659711242479 -0.0659752656594157 0.145134401987294 0.986203398847678
1464885059.31321 -0.00309277286296207  -0.0590943966217062   0.0475907242156052 0.0611502923874731 -0.0794698582655827 0.139326427715657 0.985156500211093
1464885059.45462  0.0142610524131379 -0.0911833917892695   0.083824715098291 0.0576229124424542 -0.0914352398486385 0.131015610352923 0.985471514920306
1464885059.63843  0.031734960185792 -0.124308885383827  0.131313295339062 0.0610399571134291 -0.0998976468496912 0.126665259716486 0.98501294193043
1464885059.82662 0.0412266842110284 -0.144734084968922  0.187812456044707 0.0556325231684966 -0.106757294985969 0.130912261010095 0.984057865295741
1464885059.96351 0.0438275195980684 -0.154892355001927   0.23692650287901 0.0418348701659492 -0.103201983152857 0.126440168124576 0.98570384913327
1464885060.10286 0.0416238574753964 -0.167737770358569  0.285440795751329 0.0338912727759075 -0.103024417145582 0.127338531569134 0.985911887279618
1464885060.24229 0.0411821338348041 -0.177690037908101   0.32300054746366 0.0253057769327752 -0.101609661933918 0.122653502363373 0.986909931358228
1464885060.4775 0.0453305336382516 -0.186079907649551  0.349807240186923 0.0347630196128342 -0.0895339543509174 0.131482058715515 0.986654788526167
1464885060.79964 0.0403052337402525 -0.176783172503459  0.321899401961788 0.0508025023249503 -0.077984340852981 0.143138770154058 0.985316619578719
1464885060.93881 0.0343524713562612 -0.167500989847208  0.291505809843527 0.0586922782349179 -0.0788011239183719 0.143855427952058 0.984708695601662
1464885061.0783 0.0287019789994502 -0.155924737724281  0.254106312693332 0.0729532678593733 -0.0846793705091915 0.141610813138364 0.983592193198531
1464885061.21766 0.0256392428819065 -0.137739929714778  0.212158919110975 0.0654051299149535 -0.0888396684979281 0.135688474430842 0.984590432712312
1464885061.40343 0.0246628540417997 -0.113265826432758  0.161047909289034 0.0730321472188399 -0.0789573411845399 0.142137329087589 0.983986292295538
1464885061.63574  0.0156833102019873 -0.0796282338769507   0.107403514339862 0.0760893802397562 -0.0728354413934221 0.137402114395728 0.984899011904946
1464885061.82137 0.000336557105891439  -0.0489275813107544   0.0624611537663126 0.0617848368363119 -0.0469973837173617 0.129463358828226 0.98854090384857
1464885062.00729 -0.0184273231164094 -0.0248452661435663  0.0167133950024344 0.0539208192137838 -0.0207899289388159 0.129050423732218 0.989952681820989
1464885062.23955   -0.034569558016118 -0.00356314406775855  -0.0458898339613973 0.0428436171524971 0.00417502482312529 0.139612621770712 0.989270089247282
1464885062.47477 -0.0539671225351032  0.0216011770660667   -0.11750158426925 0.0516860754830127 0.0160185641732592 0.12522538918115 0.990651582095048
1464885062.65761 -0.0710793938045261  0.0400978461703343  -0.183473943914196 0.068373339037741 -0.00406423859956984 0.129072844917055 0.989266783622322
1464885062.79819 -0.0782267767482501  0.0463700773670674   -0.24002285963483 0.0963382323075507 -0.03352379613124 0.128438289333832 0.986457655412439
1464885063.07827 -0.0580239878844125  0.0697908093103617  -0.347899845658229 0.128649147972844 -0.0203564733042055 0.129373933331299 0.983004270639179
1464885063.26213 -0.0366161140302062   0.094243863051165  -0.419211409661103 0.147317171176505 0.0187321230462456 0.0940161465845516 0.984432690855055
1464885063.58666 -0.0289951809418928   0.147767225915901  -0.557086967882955 0.139629075374895 0.016548042826526 0.116205092302006 0.98322238588818
1464885063.81876 -0.0275353154039068   0.184352748949435  -0.639086576366576 0.134934113288241 -0.0151570672586697 0.068284013517944 0.988382689994677
1464885064.00718 -0.0291168541780903   0.213112701813459  -0.707622791794108 0.145879281911097 -0.0418454504920483 0.0200456936466225 0.988213723618755
1464885064.23988 -0.0265479570598053   0.242197614853436   -0.79837393778931 0.179479874096331 -0.0553621072162013 -0.0374451285194824 0.981488601171255
1464885064.60848 -0.0254508004549219   0.312109878294573  -0.935056673674254 0.178593671025515 -0.0778538107093994 -0.0525566768008753 0.979428854257063
1464885064.93711 -0.00639321012181597    0.381152326914354    -1.04895783678451 0.131686312772343 -0.0776663022690417 -0.0552105342720058 0.9867007942764
1464885065.30524 0.0810699547599606  0.456477364930766   -1.1864934669322 0.105056699494847 -0.0712716564584984 -0.0518969080913847 0.990550428704902
1464885065.49103 0.152830957813335  0.50450968851294 -1.26318257241476 0.0955308577717249 -0.0173195279858111 -0.0366237825964148 0.994601723159616
1464885065.77275 0.254822208683265 0.566103056794689 -1.35665158264084 0.116311731486747 0.00640210990163254 0.011217571140346 0.993128773223832
1464885066.14137 0.391547833058099 0.665927370462258 -1.48353652202605 0.10619456271525 0.0290941328252807 0.0320634021810833 0.993402327622316
1464885066.42004 0.480066562447292 0.721537878635739 -1.58824825860426 0.101279051680295 0.0649740458671581 0.0451361033222709 0.991707446392974
1464885066.83833 0.558875909019079 0.826732782884009 -1.78364731701756 0.087527258475304 0.0369895579362207 0.0281455681108677 0.995077172194799
1464885067.25855 0.666238684389813 0.924481177973277 -1.93210008955366 0.105681292340972 0.0108379604320615 0.00255685648889352 0.994337701964333
1464885067.53475 0.725000990896664 0.979830099359499 -2.03032891525576 0.0972758556512181 -0.0394490218451225 -0.00565900451363442 0.994459229054013
1464885067.8133  0.76917648833222  1.02804848039585 -2.13697625869382 0.142800380199739 -0.0877784407262089 -0.0024965937007997 0.985848245815946
1464885068.09221 0.803469318748465  1.07882723711324 -2.25812722811661 0.155708524686191 -0.130317202829491 -0.00842514176531836 0.979132932227786
1464885068.51036 0.825937146011168  1.15093702459411  -2.4294533902594 0.168828970033253 -0.150420239095571 -0.031285048194596 0.973597337869925
1464885068.78888 0.819788132262934  1.20502509025446  -2.5458544868181 0.153748949809681 -0.189363211497808 -0.0290831483351505 0.96935906920324
1464885069.11414 0.835747823913035  1.26243184169608 -2.66985570605403 0.176120344238243 -0.23264779782993 -0.0292125402265962 0.9560351740411
1464885069.34867 0.870672923367018  1.31696857771767 -2.76498884239684 0.158700115073377 -0.267008004064324 -0.0502928706724684 0.949205787171994
1464885069.71802 0.952808946352819  1.36880542194121 -2.87031360820634 0.148336250673226 -0.233914256174626 -0.0685887877227055 0.958423734938368
1464885070.36964  1.07256756928349   1.4287843716021 -2.98115777432253 0.13032622097406 -0.226916475817143 -0.0820449757026251 0.961661380679969
1464885071.9939  1.13371757452751  1.45236885221854 -3.00421088499164 0.154217363968499 -0.219875736372432 -0.0344416388491109 0.962645022175192
1464885072.27273  1.14787945003782  1.44906588831356 -3.00372957421255 0.21168776334241 -0.200641992741602 0.00790648557764016 0.956487620978744
1464885073.34106  1.10384613997633  1.47254348727142 -3.04645393262304 0.223596268096236 -0.241277425973504 -0.014624968509661 0.944233034216198
1464885074.36615  1.07873420716921   1.4985680503886 -3.08239318379068 0.215288926863509 -0.297872326978458 -0.0319988412282564 0.929461580136827
1464885074.64159  1.07883156504704  1.52401916376735 -3.13571744820168 0.240178719455418 -0.35638195345972 -0.0464364175938102 0.90174816056926
1464885074.78098   1.0838887559668  1.54988379112271 -3.18774950906778 0.251342874072866 -0.416971311159881 -0.06499970556035 0.871054948668262
1464885074.87574  1.09328494326299  1.56664411554258 -3.22871132396395 0.271042331309474 -0.462009091272638 -0.0637734333185635 0.84203123660736
1464885075.01319  1.11038194768628   1.5944704317593 -3.27302176836864 0.24978619888956 -0.498915509395581 -0.0740896428677342 0.826559673676732
1464885075.1553  1.13420742521327  1.61340547614684 -3.29638546169017 0.240181463657058 -0.45424168443088 -0.0675325256273034 0.855229042200595
1464885075.57065  1.20344739066356  1.65384689226518 -3.35997691716175 0.259502058542149 -0.430490753897518 -0.0758138119668709 0.861155420546248
1464885076.03515  1.3155608321172 1.70303339833056  -3.420681435389 0.28808712476138 -0.438557113528042 -0.0657727661923551 0.848732826010682
1464885076.55152  1.47348694786442  1.77044867102409 -3.45608815107506 0.285756757485787 -0.436183789512861 -0.0747608088945447 0.849998587511087
1464885076.87128   1.5532378174833  1.81003426018096 -3.49244816510079 0.288735552982663 -0.39350470939404 -0.0576927798119456 0.870894578744223
1464885077.01541  1.58424169264232    1.826297526198 -3.51038863481933 0.275185419925291 -0.359164190209422 -0.0521546048966277 0.890255000727223
1464885077.14988 1.61787054678536 1.84224337286988 -3.5319233922754 0.269214352102979 -0.339652536155847 -0.0439488290517825 0.90012681758164
1464885077.33591  1.66127357835484  1.86610865147759 -3.55939994379075 0.269083472400943 -0.320796191299643 -0.0411958603663346 0.907186193466904
1464885077.52174  1.70834510029811  1.89543870551619 -3.58558651642912 0.263985582604294 -0.310445377187929 -0.0461322716269635 0.912034590064572
1464885077.70977  1.76227114087376  1.92383184037467 -3.60754673463428 0.260621055395161 -0.286133124503064 -0.0455423923921028 0.920939949748099
1464885077.89304  1.80893572488958  1.94652188255398 -3.63495674486574 0.258738665876111 -0.257205993103077 -0.0473217332936402 0.929870976776131
1464885078.08157  1.84647764034101  1.96784431844314 -3.66217651974532 0.255122870551301 -0.217950542700752 -0.0408372523720585 0.941138778648937
1464885078.26475  1.87833106903402  1.99344343458982 -3.69782866291888 0.248431352845117 -0.185854922446656 -0.034296197711819 0.950033463383477
1464885078.49693   1.9122491593158  2.02618495148421 -3.74325637140419 0.229613071401078 -0.158977523858507 -0.0253795017765137 0.959874921663837
1464885078.73137  1.94348092184765  2.05138252007936 -3.77607639986822 0.220965103200864 -0.1292069111116 -0.0185203447785219 0.966507627552786
1464885079.00851  1.97794107603954  2.08612148186946 -3.83045171332466 0.23333768473624 -0.143777234463694 -0.0341607491854004 0.961100762119662
1464885079.19379 2.00638280456887 2.12009114542931 -3.8791179987994 0.24221848826992 -0.168740504542894 -0.0536487598524176 0.953928014387429
1464885079.3824   2.0477198760917  2.15770304453716 -3.93120289303074 0.232051481342465 -0.180939402387468 -0.0461343838452508 0.954612309420768
1464885079.569  2.08434925053822  2.18674107254942 -3.98190671176462 0.229370886985783 -0.175173146096093 -0.0383523653224967 0.956677825165987
1464885079.80045  2.12406437253702  2.22439540632654 -4.04587900993699 0.242869660116752 -0.15838825315553 -0.0324333115769289 0.956491280544296
1464885080.03269  2.16044345115444  2.26119413724085 -4.11650869502985 0.240650683583086 -0.154637703809159 -0.0409717457495794 0.957337842718994
1464885080.26495  2.19966074298198   2.2960713843053 -4.18597498695208 0.237877871287549 -0.14566858743839 -0.0372902290608821 0.959585441637166
1464885080.44784   2.2268039207053  2.33734697461315 -4.24333529586247 0.232420230951864 -0.167178276806846 -0.0567523868370139 0.956457749509343
1464885080.63382  2.25618833603655  2.37948251935906 -4.30802366719957 0.235531581768831 -0.192913075831155 -0.0759345396021865 0.949496374326011
1464885080.86606  2.28458230043336   2.4217970981112 -4.38401205272647 0.224914171385398 -0.195906015119237 -0.0726461413823394 0.951712659836139
1464885081.0985  2.30148242887866  2.46261979919209 -4.46255172927651 0.225644755651482 -0.152110059936652 -0.0561972232319191 0.960618991075064
1464885081.33101  2.30897153918694  2.50012633105262 -4.54859744689517 0.20791805339293 -0.125925512746112 -0.0473240199848534 0.968851529103091
1464885081.56507   2.3107776538374  2.54193736330694 -4.63053087397271 0.193955257271799 -0.095201889440107 -0.0497424989360242 0.975112117770702
1464885081.75151  2.30806933807151  2.57234429904982 -4.70825542673563 0.193665784430155 -0.0709219350106664 -0.0422427034486758 0.977588459977276
1464885081.93445  2.30263350318278  2.59496045365665 -4.78502948279955 0.183127486850303 -0.0387738871002214 -0.0353710325172353 0.981687220706115
1464885082.12304  2.29129911315034  2.61175778131398 -4.85149669701613 0.172686440373238 0.00785878386390416 -0.0441121996847875 0.983957187415372
1464885082.2594   2.2708153195661  2.62601142516803 -4.90055399347974 0.173403275215916 0.0409084930832305 -0.0346622916753056 0.983390220041805
1464885082.39873   2.2433871959715  2.63927889356427 -4.94936796323757 0.166383922370477 0.0786991565297474 -0.0244275637429509 0.982611890457115
1464885082.53814   2.2107975009608  2.64606319669067 -4.99840039890416 0.154939157616208 0.0968831019955481 -0.016731985092458 0.98301961458547
1464885082.72388  2.16621811683127  2.65410225097933 -5.05662397133775 0.151371025162331 0.116148864695121 -0.0246955774817689 0.981318695645906
1464885082.91155  2.11683242431713  2.67465102413207 -5.11603767534142 0.129273830310065 0.14024396049702 -0.0212555936567311 0.981411283855742
1464885083.0523  2.07988206177779  2.68687537684356 -5.16547122082546 0.112946804661575 0.158941648773464 -0.00502259257419269 0.980793222430573
1464885083.23787  2.03487571902938  2.69131205710237 -5.23021398312157 0.0998943444557103 0.189103864539977 0.00623385361227976 0.97684286731846
1464885083.42054   1.9822201279926  2.70347864960583 -5.28166947933849 0.0833443030391459 0.219205389834347 0.00487502725018056 0.972100282032569
1464885083.55987  1.93553551558396  2.70781555077095 -5.32171721812522 0.0719296058470517 0.23867526098087 0.0100440490604374 0.968379764698165
1464885083.74857 1.87407288152244 2.70563895624269 -5.3775034832289 0.0674596095772481 0.246244049393042 0.0347277576703806 0.966233435594831
1464885083.93154   1.8164376411016  2.71267173502069 -5.43441054908289 0.0700260211234257 0.249364145557722 0.0352737282018586 0.965230357673561
1464885084.11731  1.76175478298085  2.72972671790553 -5.49517738197101 0.0682809398498276 0.240059666397815 0.0249555928196466 0.96803217312712
1464885084.34956  1.7036447799706 2.73863994046541 -5.5775612574643 0.0470996761705606 0.256611466816361 0.0221290416208065 0.965112677939695
1464885084.5354  1.66323512761449  2.74191508070784 -5.63523939632383 0.039150360313306 0.301175014360054 0.0305872750215203 0.952273741431169
1464885084.72435  1.60770146378964  2.74737148831217 -5.69236925130733 0.0303248758628219 0.330277154981422 0.0233717737208317 0.943107185315871
1464885084.91316  1.53354294527704  2.74560757102431 -5.75037703482308 0.0312650256074693 0.327076884682387 0.031904356652589 0.943941376202364
1464885085.09272  1.46624860095189  2.74324200106646 -5.80327225776221 0.019089282258411 0.34002022985476 0.035037307300277 0.939571301014202
1464885085.32494  1.37637275613837  2.74912053239295 -5.87106709586935 0.0234188683497963 0.348197213270185 0.0451367129187442 0.936041096545971
1464885085.5109   1.3104003931592  2.75982561655553 -5.93787525797595 0.00965314136386475 0.388716332538855 0.0595626870329366 0.919379527721152
1464885085.65024  1.26700928029628  2.76702596050135 -5.99200027078692 -0.0213366278477623 0.423354134466233 0.0752517438339845 0.902581409177243
1464885085.74334 1.24570881116125 2.76804500082441 -6.0275400849263 -0.0156312695931748 0.470056651045366 0.0681700066325074 0.879860931292352
1464885085.88254  1.19719242741197  2.77132237346399 -6.07775634301347 -0.0389944868378504 0.506887553631774 0.0771045275894268 0.857670874983324
1464885085.97554   1.1618811497105  2.77338459771181 -6.10486631438147 -0.0479088552203564 0.542123644649919 0.085032418232442 0.834611396610726
1464885086.11469  1.10212948289645  2.77699930325268 -6.12976971736105 -0.0668385215956057 0.543903680386937 0.120465091970575 0.827761777390681
1464885086.34697   1.0305667864777   2.7653788090953 -6.15246966014387 -0.0515718377072724 0.560167993511215 0.140022931918885 0.814828658760818
1464885086.57914 0.952858073847871  2.76407444868851 -6.17451622105054 -0.0529065841636272 0.569672141176707 0.154016544560986 0.805576469939867
1464885086.76818 0.882815214465945  2.76797354528587 -6.20233453262582 -0.0832382551766403 0.570641030894072 0.178888083027293 0.797144441419571
1464885086.95325 0.823755260755074  2.76824793334292 -6.23304447401407 -0.108064587499119 0.600132921534708 0.185675266898451 0.770511010097228
1464885087.13653 0.770501829752656  2.77287151672223  -6.2544931047987 -0.13172439700997 0.619058437578426 0.184033116358072 0.752028687071747
1464885087.36923 0.702417924792354  2.77095346901568 -6.27421410983308 -0.11525205457937 0.634678968828303 0.22885118514263 0.729058780552768
1464885087.65071 0.631231127549534  2.77649015848362  -6.3217556911321 -0.0977485824756077 0.646139955440575 0.262473904193905 0.709968888208821
1464885087.87978 0.551134754350351  2.78860083135961  -6.3869041856738 -0.0775742334055753 0.653632355565501 0.265610229390673 0.704413364518637
1464885088.01919 0.495211315885795  2.79612927763583 -6.42940845126744 -0.0919483845761151 0.649531470800843 0.27989284082884 0.700938200318615
1464885088.20512  0.42172883441621  2.80651204073745 -6.48669710818604 -0.0659012843365186 0.657932180836829 0.304938771004754 0.685415649135764
1464885088.39436 0.359168056986728    2.819822730072 -6.54883659757107 -0.0325424826644546 0.672171374969858 0.289873185971586 0.680514632868277
1464885088.53017 0.302651677817906  2.83655856511856 -6.59659688040776 -0.022214741958197 0.662198292461068 0.289262547418298 0.69088863455875
1464885088.66943 0.244631146065287  2.84654666116584  -6.6458390830721 -0.0261757808384564 0.663530029358006 0.296681910056572 0.68631084275483
1464885088.85864 0.168096012315873  2.84679002380193 -6.70560807692753 -0.0170555438077486 0.643620642206365 0.322367609453323 0.693931337905011
1464885089.04105 0.0908302098967821   2.84666987825959  -6.75479578927011 0.0161899657829962 0.655932142673922 0.311505304863711 0.687353878476662
1464885089.18036 0.0144395075984338    2.8469218463052   -6.7877947429308 0.018895259971287 0.65487404951858 0.296553618204379 0.694866102171955
1464885089.32229 -0.0662800435783604    2.83136539611787   -6.80978172837285 0.0255644476788526 0.637081259682431 0.300659637893253 0.709279711903717
1464885089.50552 -0.156692064373843    2.8084050829495  -6.84072273037632 0.0392324216506293 0.632347539776466 0.312554479751717 0.707747909369722
1464885089.64564 -0.229132593997624   2.80228270490565  -6.86658098608253 0.0553798929629775 0.649578603596141 0.315617583613902 0.689468089268255
1464885089.78705 -0.312303066857872   2.80689720154291  -6.89440248308296 0.0514884777178 0.663849740676565 0.295621383755621 0.68502587975373
1464885089.92403 -0.39975688312342  2.80212853862773 -6.91925193611547 0.0485935159208137 0.655023974360163 0.310635217153139 0.687086621240795
1464885090.1107 -0.511716952055692   2.77518222596492  -6.96099243318697 0.0338594537687445 0.66607686113325 0.306841477028633 0.679001811800415
1464885090.29524 -0.616538938346947    2.7513782996935  -6.98588671803995 0.0522312522852714 0.680254155323865 0.279085109965965 0.675749718345937
1464885090.43464 -0.708171131843164   2.73937611151191  -6.99241462475314 0.0393824815862512 0.683334948888194 0.270472310047331 0.677013365650737
1464885090.5739 -0.802243251000653    2.7127697392308  -6.98670005941618 0.0270050425498002 0.6677024285434 0.283398481507311 0.687844092271992
1464885090.75966 -0.910126483099122   2.67002278401125  -6.98477382048983 0.0336140009545917 0.66907299381786 0.295661878007981 0.68102531654574
1464885090.95242 -1.02104262030839  2.65396914745489 -6.99049983982696 0.0548476761133956 0.687269196137212 0.289800237150594 0.663828748257659
1464885091.0847  -1.1197838962694   2.6464624343593 -7.00154790457998 0.0304520577555733 0.700671755089851 0.281801837123892 0.654766743498293
1464885091.27109 -1.23729606840187  2.60471098645356 -7.01860182298481 0.0323277455873698 0.721529695668567 0.283615730912694 0.630802609627228
1464885091.45641 -1.34625063786722   2.5626191675038 -7.02908144163376 0.0467360905641581 0.740511564056001 0.273663933089849 0.612018311052789
1464885091.5957 -1.43775173437895  2.54393970339116 -7.02839806828961 0.0450645211017105 0.761713937996781 0.255941775156188 0.593510634554436
1464885091.73783 -1.53107340528742  2.50612881662134 -7.01713782684785 0.05976870206902 0.775181603504763 0.244233619763064 0.579543892054951
1464885091.9208 -1.63552749337644  2.45624226338142  -6.9980533435847 0.0632650601317725 0.770274044534482 0.266758164695524 0.575773835851621
1464885092.1094 -1.74418946887711   2.4242726360817 -6.99387892743657 0.0788847185918317 0.784761824430215 0.253550685202953 0.560034043717666
1464885092.24602 -1.84307686146805  2.41645665179626 -6.99367689535911 0.0589064229405176 0.788502070538797 0.250098294895821 0.558789191898506
1464885092.4325 -1.96553369220475  2.38403412930654 -6.99243321364593 0.0615859640589308 0.776211417135463 0.261370990603836 0.570428093812233
1464885092.61785 -2.07194933097043  2.33497399445267 -6.99051396864395 0.0772309966842683 0.784956684016874 0.246836416116921 0.562983268887221
1464885092.75875 -2.15648052971262  2.31197204787871 -6.98836939031817 0.0769142577823306 0.804583031897611 0.205850271586765 0.55168469928021
1464885092.89638 -2.24877527621108  2.28607712056508 -6.97434892626551 0.0424003999513451 0.794628569243615 0.20080181082833 0.5713547722684
1464885093.08242 -2.36631714081876  2.23348859094398 -6.94412922494684 0.0269737941295969 0.788935459410222 0.223027768320121 0.571936945714808
1464885093.31742 -2.49923955859036  2.18455326005455 -6.91015356033183 0.050550800872737 0.79851849072536 0.227026861778951 0.555222154215427
1464885093.50252 -2.62636777880123  2.16611409643825 -6.88283394680164 0.0348666916609828 0.79638466058001 0.233920278077292 0.556630119298015
1464885093.68598 -2.75118236299551  2.11530630600699 -6.86097580687669 0.0250293050305134 0.804990951819791 0.249466564676679 0.537707666382369
1464885093.87175 -2.86434040449858  2.06225097715712 -6.84463525427674 0.023716881062106 0.826128046319417 0.235845944157616 0.511201184722368
1464885094.01419 -2.95583276228456  2.03873023610608 -6.82334497672567 0.00231110995321644 0.835545912677456 0.215554044697096 0.505365353376648
1464885094.19993 -3.07461298049906  1.98208869759836 -6.77730757360336 0.005779750139945 0.835659299505312 0.210226768486012 0.50739022009745
1464885094.38271 -3.18295197379005  1.92122592706502 -6.73039159636049 0.0026573205778375 0.838213767555666 0.227243494186958 0.495732803914754
1464885094.5685 -3.29556630409152      1.8874854868 -6.68797046639711 0.0150681861580727 0.850537223549054 0.220209811327627 0.477354187284896
1464885094.7078 -3.39634153089805  1.86278280625965 -6.65630703056332 -0.00773208166567082 0.859760501286708 0.226727996650641 0.457543998840692
1464885094.89681 -3.51635890052343  1.80033358110646 -6.61841720226261 -0.0195672041153218 0.870132168967348 0.237724633840392 0.431247181459473
1464885095.03338 -3.59399594860919  1.75425100923977 -6.59246589736532 -0.01325792077685 0.88731452865837 0.223672179380759 0.403073083868808
1464885095.17237 -3.68105591010426  1.72203200501372 -6.55946208177797 -0.029359199685483 0.902994561901031 0.203352456335493 0.377341539024415
1464885095.31171 -3.76412603202188  1.67746258360231  -6.5167447544385 -0.0515232041810453 0.909874951081525 0.189744596515631 0.365335354049441
1464885095.4975 -3.85615190243393  1.61407198855035 -6.45515841870511 -0.0549977518716023 0.907581431647703 0.212251505507975 0.358078888831741
1464885095.72976 -3.96802953042996  1.56266276671819 -6.38897036152258 -0.0385395418401357 0.917105320892802 0.198389210260677 0.343619346598833
1464885095.9158 -4.08147636805364  1.53252981771699 -6.32653452513227 -0.0448776283530589 0.911865036658081 0.214917042934368 0.346841200047383
1464885096.15077 -4.20423876192947  1.45426048732724 -6.25962764385277 -0.0431662303075298 0.906208866776995 0.23173719373525 0.351027120569769
1464885096.38005 -4.32813064499506  1.40406661167613 -6.18931486696562 -0.0527583461645567 0.914229652109463 0.215555183329481 0.339023101061837
1464885096.61225 -4.43733153959651  1.33139936224792  -6.0930183287245 -0.0506854921485768 0.900771734102781 0.234219993205774 0.362190914725663
1464885096.89092 -4.55284483410517  1.25275932733226 -5.99577689636432 -0.0389016326966747 0.901729425709846 0.23380412630701 0.361533312855594
1464885097.12306 -4.67630319305653  1.20922054335921 -5.90638970851905 -0.041775764828766 0.897444333686344 0.246620026491704 0.363355220053981
1464885097.4019  -4.8092974109117  1.10916850312728 -5.82012842636116 -0.0460162935239527 0.906316996897371 0.245084580217287 0.341182576350205
1464885097.58766 -4.90676805093942  1.06638373251808  -5.7586760429732 -0.0655410385780873 0.918855503336697 0.217666759711627 0.322537002476633
1464885097.81982 -5.01391804705455 0.988588299335682 -5.65696778278954 -0.0719635594017957 0.915529289444976 0.222480482787822 0.327306891258187
1464885098.05241 -5.11096357799352 0.911635321671937 -5.56278352542837 -0.0644602971294105 0.926909308246439 0.221768535853584 0.295808588255062
1464885098.23843 -5.21061847408917 0.879231562855808 -5.47864964930762 -0.077131389737478 0.92754553082269 0.226067894082306 0.287407975242879
1464885098.42396 -5.30440206496822 0.818601033086753 -5.39098968257351 -0.0821360860960199 0.925107456214298 0.248119070620217 0.275439257572513
1464885098.61266 -5.38657429369974 0.744797039754285 -5.31538068941969 -0.0859976618571749 0.93945162017976 0.233284683895236 0.2358247479732
1464885098.7959 -5.47063898155077 0.697424923564667  -5.2237112849212 -0.114432620166269 0.944142629484507 0.219977052386324 0.217048305810913
1464885098.98127 -5.53021111048466 0.627468860741162 -5.11584085896131 -0.117497068379946 0.939861465050176 0.223771556882674 0.22974149770157
1464885099.21548 -5.58860369019555 0.548524845738471 -5.01018418010526 -0.115717199667982 0.948452075908317 0.212896210474421 0.204263048473863
1464885099.39927 -5.66241635735701 0.514127228570763 -4.90691219599534 -0.124477752733413 0.949461896507199 0.214775902865391 0.192090363380751
1464885099.58501 -5.73003131511644 0.455782232285283  -4.7991316590604 -0.122397589928875 0.943742247798831 0.239809848789696 0.191991239702951
1464885099.72647 -5.77334291224373 0.394971835573674 -4.72913707805468 -0.128388511341932 0.952817827327987 0.228659431801561 0.152870671907874
1464885099.91026 -5.83454064391054  0.33964671826526 -4.63008491192238 -0.136540176604967 0.960062243919142 0.209853757886794 0.124894628685214
1464885100.04957 -5.87352945601596 0.302392167454903 -4.53725472894217 -0.159625648346241 0.956535906208327 0.213195762807101 0.118769858320011
1464885100.23795 -5.90194079649221 0.236618409360086 -4.41652995764193 -0.138732734633881 0.959429716595748 0.220329810395262 0.108178657346054
1464885100.47041 -5.94522658401194 0.169628453900209 -4.28248766044256 -0.120193726441627 0.967430919069268 0.208843695431398 0.077557693566946
1464885100.60822 -5.98943241478441 0.148421542671753 -4.18687985414158 -0.128084171741193 0.963273790372634 0.227198114026102 0.0638675716893473
1464885100.83931  -6.04868581607593 0.0673885224808978  -4.05029168962157 -0.122929588810097 0.963921986032825 0.23327774110259 0.0363897862536727
1464885101.02502   -6.09181584428202 0.00191647260481796   -3.95009776036449 -0.135221232755994 0.966526735396594 0.21801797181685 0.00307440082287696
1464885101.2109   -6.13376978595191 -0.0369753553251096   -3.83204592026923 -0.15943601955397 0.962453003210055 0.219679536076056 0.00229645599566987
1464885101.39662   -6.14170769033997 -0.0898428698081382   -3.71357599884785 -0.144013309363873 0.960919492368409 0.236001994806209 0.0140340428955343
1464885101.63143  -6.16022501963916 -0.158979736442777  -3.59527863185799 -0.126310401530492 0.968380020225079 0.215070912168019 -0.00550650826729259
1464885101.81456 -6.20363395556395 -0.19157746294849 -3.48466445659613 -0.14310087650559 0.966635463055948 0.212021561064563 -0.0135969978190237
1464885102.00042  -6.23904402254429 -0.247027329621068  -3.37068369056794 -0.146746292577926 0.962659360505712 0.226440121874453 -0.0218483969858187
1464885102.23293  -6.27183662008319 -0.326152506800457  -3.24715985327437 -0.144393726125756 0.966722338626319 0.20484512384391 -0.0513502394712511
1464885102.37208  -6.29980787414061 -0.356817420283234   -3.1649922725342 -0.168294093717197 0.965876475842529 0.184883621929469 -0.0676592770886939
1464885102.56015  -6.31358992260999 -0.410453167989356  -3.04581021842011 -0.181670382684794 0.967660438778248 0.161382981469581 -0.0677102693144717
1464885102.74671  -6.31902196922469 -0.470546898684839  -2.93478456795163 -0.164910249651224 0.971838011129261 0.137239577504084 -0.0974719859795334
1464885102.88585   -6.3315289577104 -0.507562850277727  -2.85208414237135 -0.161647551558646 0.974305126080365 0.0911927717113838 -0.12760669557752
1464885103.06884  -6.35123394346361 -0.539894662231095  -2.72117209816443 -0.161895207408837 0.975622807974277 0.0841588989295414 -0.121931776454725
1464885103.25739  -6.36231103102678 -0.589121210299457  -2.60276029688188 -0.156788105949049 0.972002721768982 0.0961735108064914 -0.146215096777843
1464885103.53332  -6.37224700700837 -0.665535559862911  -2.43736769101619 -0.171436582909269 0.967743759094921 0.079966427426374 -0.166393765682155
1464885103.67271  -6.36649458383194 -0.687376322194925   -2.3459863436245 -0.125389819961929 0.972668216406001 0.123205389034137 -0.151704864643267
1464885103.85833   -6.3470164970103 -0.733976072958419  -2.22654307454992 -0.0748839302432709 0.969272599887634 0.155997347831991 -0.174836642520306
1464885104.1372  -6.33371021380943 -0.785365904150264  -2.06021700116859 -0.0589834189333898 0.963063575133336 0.190653602877287 -0.180778069057711
1464885104.27649  -6.33968203838889 -0.798307435868473  -1.96728146997005 -0.0618603617585264 0.954107871010514 0.229318687714183 -0.182385321733777
1464885104.42102  -6.33501674650739 -0.835350021678109  -1.86596675304879 -0.0613497970132415 0.942776752884939 0.26946926353516 -0.186532872802577
1464885104.65386  -6.32340354924858 -0.899357707692574   -1.7409161292752 -0.0616306412803072 0.939962831755669 0.258723415480868 -0.213854467465977
1464885104.83519  -6.31481944805491 -0.933713704561748  -1.61211337188459 -0.0922977453343581 0.930907468208366 0.270947443505827 -0.226891812760488
1464885105.01987  -6.27961345970829 -0.986342858292542  -1.48628135049768 -0.105184134740902 0.923764411312405 0.281044527614219 -0.237927685840791
1464885105.20545 -6.24819610416887 -1.03336978163402 -1.38040991626816 -0.107891510919041 0.921626590005152 0.272012079861592 -0.254898565857978
1464885105.39128 -6.23258600758363 -1.05234768546542  -1.2585358499018 -0.113949208621212 0.918573162784938 0.267818725407639 -0.267417375626385
1464885105.53069 -6.22270754314761 -1.07316604204962 -1.15077024832694 -0.105981840531802 0.911744029792602 0.289218715227074 -0.27174106862497
1464885105.67 -6.19501664126105 -1.10402785742904 -1.06882881734828 -0.0981272145583851 0.908673834545385 0.299285609575636 -0.274063926988831
1464885105.85567 -6.16597315570178 -1.15389816532831 -0.96678465093971 -0.0910216969209442 0.911594045572417 0.273310968338883 -0.29327881163188
1464885105.99503  -6.15387941637124   -1.1735063951703 -0.882408618110676 -0.104866156269353 0.909883199882237 0.258265530276382 -0.307269535932887
1464885106.13445 -6.12265028673584   -1.200844927938 -0.79307195072206 -0.121059124178824 0.904444137252226 0.272141712075426 -0.305392173429163
1464885106.27383  -6.08242310902797  -1.23168166456847 -0.709880947838907 -0.109501212515653 0.901518966695839 0.276167548509602 -0.314649840768218
1464885106.41317   -6.0418230972122  -1.25862157459011 -0.629207787414754 -0.095587337963076 0.89784824164862 0.276608224353424 -0.32896730234122
1464885106.55257  -6.01379573144463  -1.27101772736469 -0.545436049178034 -0.0874839874678423 0.898819275994623 0.262057288345957 -0.340288757766095
1464885106.69187  -5.99002495892259  -1.27852770397529 -0.452300051163991 -0.0788771355450738 0.898036221899509 0.262815279387072 -0.343856758789696
1464885106.83189  -5.95663598326065  -1.30314113318723 -0.360603685338106 -0.0748863956922688 0.89174484445606 0.276749410548134 -0.350132723245797
1464885106.97369  -5.92062342261458  -1.34255101958644 -0.277834425815501 -0.0891130135437025 0.87885434656974 0.280409465252294 -0.375558837107526
1464885107.10997  -5.89081132840913  -1.36858926653411 -0.203158623566016 -0.0974991105552229 0.878612261580704 0.257057128325133 -0.390456207554978
1464885107.2493   -5.8566054778407  -1.38092290952749 -0.123002770777519 -0.11194929349633 0.877497578514792 0.249897867211028 -0.39372123558392
1464885107.38861   -5.80323852824675   -1.40183608845591 -0.0452440066426441 -0.12570061009027 0.874346027811496 0.256925802299047 -0.392055496564177
1464885107.52796  -5.74630152230259  -1.42133357344631 0.0201213294293794 -0.111740190574908 0.874719966164925 0.274830171009261 -0.383206847154035
1464885107.71368 -5.68618282155253 -1.44535323962037 0.103123992784215 -0.0988900429750724 0.875437547345929 0.261343097755329 -0.394372470328472
1464885107.85301 -5.65211270736368 -1.44871874066447 0.179366669144573 -0.0953512314876192 0.877509996665167 0.256896497253474 -0.393558811495042
1464885107.99267 -5.61306449158318 -1.45754012935562  0.26780847530592 -0.0905205460784034 0.871467096697545 0.260766991458638 -0.405403140437801
1464885108.13474 -5.56583183802507 -1.48122222939071 0.348553711401255 -0.0842734398373977 0.867318544659913 0.265032927635374 -0.412812398912636
1464885108.27198 -5.51826348199821 -1.51256928588723 0.420499226889668 -0.0829673226455845 0.866163363245317 0.2512465508191 -0.42397243099769
1464885108.41055  -5.4785568661812 -1.52967449313213 0.499004464646205 -0.0929968261250097 0.859665932473537 0.233414520540015 -0.444796286490966
1464885108.5034 -5.44804691678291 -1.53599372365274 0.557980942968785 -0.107387926950291 0.853047626061659 0.235130679928946 -0.453311310439126
1464885108.59628 -5.40832405400447 -1.54610768738152 0.615371552539089 -0.116985313610724 0.846562334831057 0.250348572478034 -0.454942020375125
1464885108.73617 -5.36119198892567 -1.57005676984817 0.680825020270303 -0.107708731915707 0.850533464815763 0.240585948152103 -0.455093458368012
1464885108.87505 -5.28411616471349 -1.58685994722691 0.752185207327433 -0.0968088819310386 0.846264679349611 0.243300275933758 -0.463971021288097
1464885108.96922 -5.25277818380419 -1.59874286352757 0.799457322597368 -0.104992209095192 0.839373771219016 0.22360147865442 -0.484180428107576
1464885109.06198 -5.22205811906924 -1.60038714378976 0.853019936647883 -0.106542279655212 0.836495812803034 0.216616390019634 -0.491935806161458
1464885109.15379 -5.18857262813746 -1.59829975603243 0.915069525254321 -0.109870047482956 0.828237807827695 0.228474653223029 -0.49974997667382
1464885109.24863 -5.15017182951547 -1.60179138543436 0.975233367150582 -0.107644666955235 0.820029232091974 0.236837084440044 -0.509777284335703
1464885109.38603 -5.08767729128437 -1.62016220355136  1.05262665593274 -0.0959514196127742 0.812638809021351 0.238570111862002 -0.522968252260886
1464885109.52537 -5.02747488965507 -1.64676575746903  1.12540715632911 -0.0978692467088034 0.797896772388792 0.222062907392544 -0.551788380015899
1464885109.61822 -5.00602435841121 -1.65741307371753  1.17029690279924 -0.111478036579066 0.782043427814169 0.210498761450722 -0.575908843308429
1464885109.71102 -4.95672697802433 -1.66105701458299  1.22847807952815 -0.122925158374013 0.769902051614848 0.20489438202398 -0.591741944240041
1464885109.80397  -4.9118499108306 -1.66529897576138  1.27735064566643 -0.134024557314814 0.762115445009284 0.218585563142753 -0.594506365063012
1464885109.94415 -4.83811294732439 -1.67781756750417  1.33834749063454 -0.147124963600692 0.753479307217481 0.223957321340029 -0.600388455001225
1464885110.03625 -4.79536488377052 -1.68685330940633  1.37423823161783 -0.146736298211679 0.742407937071508 0.235978659525974 -0.609600677500186
1464885110.17646 -4.71624957429102 -1.69451418748383  1.43370820045215 -0.144255016263392 0.736294551638798 0.222810042793096 -0.622427914171921
1464885110.26874 -4.67439605198835 -1.69246487074069  1.47587576208437 -0.14666293516572 0.729460255003482 0.211731230492139 -0.633677840746476
1464885110.36138 -4.6337523438477 -1.6853690460134  1.5230999325601 -0.145250719023205 0.723284801043824 0.202018963974552 -0.644165866370524
1464885110.45695  -4.5877080542629 -1.67787869043196  1.57215985264747 -0.135936647492369 0.717564326764693 0.203993214197416 -0.65192747555589
1464885110.54728 -4.53578040797681 -1.67686938938236  1.61625349298818 -0.124193862708679 0.714326995416669 0.201973460897 -0.658422014499652
1464885110.64007 -4.48846546267601 -1.68055185912523  1.65421062827662 -0.114280193698497 0.70292841290195 0.199271710777299 -0.673143720870416
1464885110.73303 -4.42976289887593  -1.6886069658316  1.69575354306067 -0.111173207712595 0.6926552865371 0.196029970655106 -0.685157954433909
1464885110.82883 -4.37972638994823 -1.69475690423606  1.73304401374202 -0.119392496394203 0.676069735157023 0.179265960946574 -0.704655135690768
1464885110.91885  -4.3307972084982 -1.69325200473404    1.771713538206 -0.129550781137079 0.656063593925613 0.175016785174288 -0.722610739429908
1464885111.01169 -4.28005609453743 -1.68577884075834  1.80669927875392 -0.138092686206113 0.644634128418856 0.174324978362898 -0.731428774668332
1464885111.10458 -4.22505669443741 -1.67781316323366  1.83180339847484 -0.144378772764331 0.63690602888029 0.184249754164658 -0.73454578376114
1464885111.24584 -4.13439539360046  -1.6698641817703  1.86802134535476 -0.141401646277034 0.628612413468248 0.185218320656996 -0.741987993000407
1464885111.38644 -4.04716563250965 -1.66363830538716  1.89508347517441 -0.127437061787529 0.615938630328748 0.185161844520032 -0.755046018654259
1464885111.52271 -3.96489366194464 -1.65491140301824  1.92688110825375 -0.121398486091784 0.59322301735426 0.15888857682464 -0.779809771297058
1464885111.61858 -3.91083002242634 -1.64059992543093  1.95290292620729 -0.121498066405135 0.577574614744051 0.139017434710457 -0.795185473402022
1464885111.70856 -3.85293085197298 -1.61904581149114  1.97871853394577 -0.112391414227808 0.565424491398123 0.140372109516816 -0.804958996101569
1464885111.8013 -3.79125900384931 -1.59993217640836  1.99756151458578 -0.100639273022693 0.552167681531883 0.134426865318397 -0.816646806200721
1464885111.8944 -3.73149233096034 -1.58522538444077  2.00705569607532 -0.0841853497123818 0.540664861021048 0.134597519300385 -0.826122171805768
1464885112.03353 -3.63855751311261 -1.57533897516314  2.01444864540364 -0.0770543891259331 0.517637428953901 0.117118117600548 -0.844036409044141
1464885112.17297 -3.55599630194857 -1.56020791427375  2.01863705827494 -0.0896982596833516 0.483850528277046 0.0862027499225379 -0.866263224661877
1464885112.266  -3.4991885551767 -1.54140651345746  2.01852555025231 -0.101745718590774 0.460287542247043 0.0795788466718397 -0.878322488817748
1464885112.3588 -3.44235882297316 -1.51683299083833  2.01038127941271 -0.0970964125466164 0.451552639234983 0.086648836767734 -0.882702939701289
1464885112.49896 -3.36162798306005 -1.48801391912189  1.98327159936294 -0.096471643663405 0.436903770955075 0.0864332472045994 -0.890133479132082
1464885112.63746 -3.28151534654196 -1.45869217328099  1.95692275231591 -0.0739790126465925 0.418304579897993 0.0769328384081421 -0.902014258478582
1464885112.77951 -3.21176744680137 -1.42890723517636  1.93063208291674 -0.0525399265343369 0.394886876239124 0.0475711964101184 -0.915991753437761
1464885112.86965 -3.16481935169112 -1.40671630815756  1.91728472160238 -0.0473644849363486 0.368869432067909 0.0290345042002016 -0.927819457232096
1464885112.96259 -3.11856768393757 -1.38224772337632  1.90583056816275 -0.0440284291638052 0.345865460664924 0.0154762893145831 -0.937122758774676
1464885113.05543 -3.07034588529141 -1.35486793363655  1.89274532686737 -0.0361522170319995 0.318567804428762 -0.00022130385286326 -0.947210389622978
1464885113.1483  -3.0207529445547 -1.32535520601005  1.87489231561168 -0.0236123176080764 0.289979100719133 -0.00224033899079511 -0.956739024229965
1464885113.24743 -2.97494343000699  -1.3018732190016   1.8538995053366 -0.00684841859027282 0.280428157380582 -0.0144161035263904 -0.959742321495755
1464885113.3345 -2.92910819561998 -1.28028910994868  1.83330417266333 0.00526923542205537 0.248513139734375 -0.0161846295464989 -0.968478968436523
1464885113.42704 -2.88928769061119 -1.26228016066713  1.81004404552262 0.0162565455324431 0.2263155698694 -0.0217990928799435 -0.973674374270809
1464885113.52 -2.85241586221711 -1.24417835849865  1.78604504273067 0.023675235927441 0.203885563065066 -0.0334991266726127 -0.978134944110266
1464885113.61286  -2.8211028145727 -1.22737430825558  1.76587672601822 0.0266728486352093 0.178508934104806 -0.0402533876072438 -0.982752656763944
1464885113.70872 -2.78871938357789 -1.20695266927616  1.74215799033184 0.0244517300197334 0.153227072229326 -0.0447585043324725 -0.98687398056945
1464885113.79871 -2.75798132500887 -1.18346835077933  1.71274421484484 0.032563039626807 0.136123640168662 -0.0482816513960204 -0.988978708150974
1464885113.89344 -2.72875768730254 -1.16074837456527  1.67887733663014 0.0435678351589042 0.122500923269912 -0.0447254252356696 -0.990502399732113
1464885114.03091 -2.69518351815977 -1.13416688732175  1.62894480425525 0.0564038438049934 0.119487962209529 -0.0543159808382236 -0.989742899705079
1464885114.17301 -2.66343234279777  -1.1109951259836  1.58845682069419 0.0632285938133621 0.0958832089627748 -0.0717490332584808 -0.990787884155766
1464885114.3096 -2.63695312525527 -1.08525867473523  1.55275219768081 0.084472980088623 0.0813808591699955 -0.0927114822642136 -0.988759855805277
1464885114.40503    -2.61595034945 -1.06715112982361  1.53217108900808 0.0984549580999625 0.0657114782370487 -0.102731227514704 -0.987641087514467
1464885114.49545 -2.59116172046255 -1.04846855225545  1.51676240143975 0.104791625345106 0.0406509882758653 -0.110529807013895 -0.987496518561558
1464885114.58833 -2.56837453941271 -1.03392724856407  1.50305374439484 0.113416112943679 0.0210465627438907 -0.11518881937223 -0.986623212484404
1464885114.68118 -2.54439092186928 -1.01958860722734   1.4913444862711 0.117191079364808 0.0015278122955758 -0.121869123290103 -0.985602269424844
1464885114.82043  -2.51021936580205 -0.997531780410926   1.47464060849941 0.128793927325853 -0.0157129876648514 -0.14117372991339 -0.981445466791186
1464885114.9135  -2.48557505174147 -0.982923234289939   1.46296893180414 0.13703987859992 -0.034559823278108 -0.153044758289085 -0.97806083259097
1464885115.00643  -2.46079317081454 -0.968365881974045   1.45078965905271 0.149556765687443 -0.0551804940122088 -0.160196746705673 -0.97412775818298
1464885115.10218  -2.43446447825346 -0.955008036836811   1.43861592146553 0.158871100940077 -0.08462646435022 -0.167462435784741 -0.96930628153268
1464885115.19207  -2.41212394299428 -0.945483469245279   1.42585412056132 0.163282720093018 -0.107517826445082 -0.175283008920254 -0.964911673211291
1464885115.28504   -2.3877310025754 -0.933853935287202   1.41280430957899 0.167772790117124 -0.137797309024205 -0.180706122218756 -0.959275502613646
1464885115.37798  -2.36217014730216 -0.920387017260914   1.39920748109708 0.177114099063029 -0.160314781064015 -0.184396649374178 -0.95337696772319
1464885115.4709 -2.33855072586697 -0.90741486368619  1.38659971196058 0.182148360225246 -0.183733232973483 -0.188208250642785 -0.9474395644886
1464885115.56665  -2.31565591839141 -0.892647467235157   1.37442157682078 0.190979189986607 -0.194342497660416 -0.198744767148944 -0.941413012511556
1464885115.6567  -2.29159423549902 -0.876532048803667   1.36160575971994 0.205485061600051 -0.201650520080329 -0.209752007182985 -0.934407326968954
1464885115.75253  -2.26267736167713 -0.862983572860062   1.34826382321874 0.207878358421813 -0.224905399853783 -0.221989034792379 -0.92570244552362
1464885115.84346  -2.23409597265277 -0.852377583933479   1.33410095896931 0.206612649532083 -0.246486013727889 -0.235409289392458 -0.917135935702884
1464885115.93533  -2.20700011176027 -0.843497188865751   1.31975912472582 0.211064960422668 -0.263433758040558 -0.245146640204173 -0.908821964084832
1464885116.03311  -2.18142606323354 -0.834276242238895   1.30563944055948 0.215976512108658 -0.287950771086102 -0.247248753587686 -0.899614669454447
1464885116.1216  -2.16149429968261 -0.825254933734522   1.29310219636486 0.222483947991659 -0.302473458221998 -0.255069694443926 -0.891038804392689
1464885116.21409  -2.14373129088429 -0.816617491002526   1.28292022412062 0.228445475846665 -0.318065681259784 -0.264710909913526 -0.881234940945202
1464885116.30692  -2.12748087701941 -0.806361580528111   1.27406774128356 0.24057435611764 -0.334887910306976 -0.276110952969204 -0.868180170448075
1464885116.44638 -2.10459207054776 -0.79133175079105  1.26272515389621 0.255849889329206 -0.361022787128366 -0.298637021837534 -0.845588144720767
1464885116.5391  -2.08556215494283 -0.781399607607919   1.25607477713625 0.264016109829063 -0.387949778195349 -0.309423840300666 -0.827071550957047
1464885116.6321  -2.06439686128464 -0.772727453075844   1.25011564392271 0.276181481638859 -0.414612893744164 -0.323621633215074 -0.804418408576074
1464885116.73109  -2.03899261778285 -0.765579109894632   1.24661607369445 0.276140334630829 -0.443195290289394 -0.337722205080523 -0.783114399338196
1464885116.81772  -2.01436508946821 -0.759877028352155   1.24157595113468 0.2799455641351 -0.47357235158342 -0.34858174975851 -0.758848122269619
1464885116.91299  -1.99016727434655 -0.755911283334595   1.23920435700414 0.28043941711334 -0.501015792348171 -0.358971698001418 -0.735850684025532
1464885117.0039  -1.96580085848137 -0.751299286538336   1.23857113721471 0.273946700508969 -0.525039478293727 -0.369313088850734 -0.716166596482152
1464885117.14307 -1.93407020194877 -0.74523688991707  1.23057305644305 0.274869688990652 -0.562278513871275 -0.372549752876063 -0.685197933844577
1464885117.23594  -1.91599080710671 -0.739789032414819    1.2238568804596 0.276133797822668 -0.580185859241538 -0.375572259497903 -0.667892186158685
1464885117.32885  -1.89907286396996 -0.733250944959369    1.2144417139092 0.279146776251522 -0.601716756207242 -0.377173197422549 -0.646339231173436
1464885117.42852  -1.88258004123105 -0.727038438251641   1.20150371784597 0.287958781536071 -0.628061613494469 -0.376518039415358 -0.617132494514591
1464885117.5165  -1.86436727808171 -0.719906994446495   1.18941036292346 0.283076378473624 -0.650301346867499 -0.378494941790273 -0.59474154155545
1464885117.60753  -1.84572243545652 -0.712010994842331   1.17316196375683 0.278341967902508 -0.670271280979513 -0.376031274970966 -0.576075202592467
1464885117.70304  -1.82537368433509 -0.704324082441505   1.16165055399631 0.282064733977127 -0.687046828723966 -0.377265869833644 -0.553241904093877
1464885117.79338  -1.80668964404222 -0.697607216783504   1.14888678690988 0.27662448268146 -0.702373866825161 -0.382612003320378 -0.532689310665656
1464885117.88892  -1.78957114531386 -0.690868392958779   1.13763596672185 0.27308190160184 -0.708520031712588 -0.391746603112921 -0.519576980464882
1464885117.9791  -1.77299284881718 -0.684738422729248   1.12420793806885 0.274452093499257 -0.711405409727422 -0.393096260860823 -0.513861577744117
1464885118.07393  -1.75287151864833 -0.680457530628456   1.11213708269952 0.274954498646249 -0.713677940935945 -0.387399567404809 -0.514767321680569
1464885118.16489  -1.73335836603849 -0.676761368471936   1.09882679971471 0.27596148205952 -0.716799408093293 -0.379437006336124 -0.515821119380836
1464885118.25782  -1.71490356684715 -0.673281554230321   1.08531962252279 0.274568970407577 -0.721784192873333 -0.368453578105801 -0.51757262310573
1464885118.35352  -1.69374575778773 -0.668084231042661   1.07421082699446 0.274525697787372 -0.720829059293536 -0.360389944975341 -0.524557142829095
1464885118.4901  -1.66612278459268 -0.659985905727372   1.05517865967722 0.269819999675484 -0.726351235918998 -0.348548651580893 -0.527375470926746
1464885118.6294  -1.63767224368159 -0.650409656104661   1.03119584075642 0.259387665778115 -0.739626393813157 -0.336089445796984 -0.522220950212649
1464885118.76875  -1.60661953729193 -0.645162757256871   1.00289097462136 0.251532488290431 -0.74945987488792 -0.324245199096443 -0.519525123675761
1464885118.91127  -1.57628985790419 -0.644459233653565  0.971392466831708 0.248168483914815 -0.760215088797478 -0.298930311908723 -0.52069769634426
1464885119.04752  -1.55070864853124 -0.643661425318111  0.940157931762365 0.221497715648298 -0.783609405020408 -0.284142369219933 -0.506120713210033
1464885119.18949  -1.53195551400247 -0.639505279812095  0.905262088165121 0.212536029600709 -0.796454311976508 -0.268032569952554 -0.498645672296695
1464885119.3265  -1.51928407325319 -0.626330299617394  0.863455606082406 0.211400821681922 -0.8089311039518 -0.252513561512784 -0.487008278064819
1464885119.46851  -1.50707737058353 -0.608505673957908  0.813539095747196 0.207664311658763 -0.809279382525809 -0.244472541909906 -0.492113392353884
1464885119.60481 -1.49211348642914 -0.59755360997529 0.758122686238642 0.204634001229289 -0.81114637921695 -0.225152662815166 -0.499472477171029
1464885119.69777  -1.47708238667462 -0.590848091196521  0.725074549524571 0.207235433145196 -0.801521850355132 -0.212698326162659 -0.519014085261674
1464885119.79074  -1.46222277950201 -0.586503305013915   0.69635951675626 0.203794312398155 -0.793293615549404 -0.201234612235942 -0.537268786177801
1464885119.93 -1.44222545996387 -0.57220127139884 0.653774789905485 0.193164582410226 -0.795325595600186 -0.194663033865681 -0.540602390238613
1464885120.06935  -1.42125075846846 -0.549663053758688  0.609672203022897 0.179148124865221 -0.802999576024778 -0.181119404077254 -0.538788819230691
1464885120.30476  -1.37474313183063 -0.505263735882736  0.535059058914151 0.179273274302377 -0.790395823229473 -0.170264680237009 -0.560486819118967
1464885120.48747  -1.33343850050107 -0.481025773253682  0.482415537266162 0.173494361219542 -0.778585850581602 -0.160428603751086 -0.581348813534201
1464885120.67685  -1.29622493702907 -0.459030070614428  0.429939658281173 0.157324648321664 -0.770045737214537 -0.152567787001225 -0.599167412329587
1464885120.81268  -1.27194246806357 -0.429934395746172  0.389689050110428 0.145772360203386 -0.761149193294413 -0.145809790044331 -0.614932378132121
1464885120.95187  -1.24878800741857 -0.400303317584647  0.350090186019354 0.138248944947175 -0.7436380879372 -0.14601892180585 -0.637626926866138
1464885121.0912 -1.22063303570007 -0.37996498921111 0.314382141664217 0.130261174206149 -0.712069987042158 -0.146467552783175 -0.67419256598536
1464885121.23064  -1.19431855826169 -0.361577830916917  0.287322556250739 0.125283629591633 -0.677716543935865 -0.14812392383088 -0.709269766323729
1464885121.37568  -1.1673795836602 -0.33909878249599 0.260256696366909 0.112083179256359 -0.657469897670546 -0.147643019039046 -0.730323375987586
1464885121.50941  -1.13471251354059 -0.305160348718094   0.23238141549519 0.109587193931306 -0.636016923745538 -0.142168793988338 -0.750507264222957
1464885121.69696  -1.07904285429082 -0.262608380972112  0.190640733467823 0.106697802138011 -0.619330782512631 -0.135944312279568 -0.765874731800211
1464885121.83838   -1.0361637144293 -0.244816489366555  0.159205421799032 0.0988779912225997 -0.605576196680925 -0.131082847036214 -0.778664176701439
1464885122.02268 -0.986186355163769 -0.216440447707635  0.116049662070234 0.0807619027435974 -0.581742274593353 -0.135038271340255 -0.798008838478385
1464885122.15959 -0.941574976590074 -0.183875508088382 0.0880596974408003 0.0735203523066059 -0.563951560526741 -0.127981484124704 -0.812511006016168
1464885122.30182 -0.899556084856837 -0.159885151443656  0.057931571217527 0.0556767321283445 -0.537931352849167 -0.132316921624821 -0.83067574502516
1464885122.39178 -0.873377311621282 -0.152624432670285  0.042106980071646 0.0402586618943333 -0.501741395660802 -0.129180501808932 -0.854369480947922
1464885122.53404 -0.832636388498831 -0.139324368733846 0.0168415962095232 0.031825348385633 -0.470737661449104 -0.129917350137895 -0.872074929938196
1464885122.62397 -0.806078984038721 -0.125184948339259 0.0022477669037978 0.0260821233503141 -0.44266083448027 -0.127670011724787 -0.887170489007025
1464885122.76595  -0.755238476513887 -0.0913168394265006 -0.0154778922863883 0.0195441066753212 -0.417566919183519 -0.116265398520148 -0.900965178575066
1464885122.85656  -0.717158786611845 -0.0637663225291245 -0.0288431070430818 0.023851517203028 -0.400345059052799 -0.103253615394568 -0.910216254374242
1464885122.99891  -0.653307611608888 -0.0355084488328261  -0.045699076021935 0.0278768557670679 -0.382937781839725 -0.104363430343911 -0.917436543069364
1464885123.08882  -0.611365723702364 -0.0256273909179026 -0.0586152322789225 0.0156078380729567 -0.373338011318863 -0.100909694662581 -0.922058760718789
1464885123.18151  -0.573088671604406 -0.0159361010079523 -0.0723090929722499 0.0121660463924898 -0.356688665777847 -0.101289708898145 -0.928636407800235
1464885123.32086  -0.512439817380268 0.00890807437969741 -0.0883390239530832 0.00202723148889196 -0.337287972520541 -0.0961431393148524 -0.936477020907699
1464885123.41372 -0.471054668924168 0.0304085153840705 -0.098060586323937 -0.00728088126419761 -0.323301593511493 -0.0877259327684497 -0.942192777047697
1464885123.50686 -0.428551289971904 0.0490702859997083 -0.110582825875024 -0.0098684117607903 -0.309024396309399 -0.0830827211428139 -0.947366770782275
1464885123.59976 -0.391666862954728  0.058340785263442 -0.123599320585463 -0.0225932302933627 -0.277814335049308 -0.0873860415485842 -0.956385079833689
1464885123.74079 -0.335318572324709 0.0672166300845263 -0.139128674525833 -0.0376979620135166 -0.245387283558335 -0.0776518224567337 -0.965574512503844
1464885123.87822 -0.282367195233497  0.084631366748181 -0.150275786586429 -0.0481958227295203 -0.212900091285523 -0.0721385671709668 -0.973214642783677
1464885123.97115 -0.245887007273813  0.103340837758868 -0.152628141862765 -0.0563936026077561 -0.187105472343448 -0.0620512571387235 -0.978754793240655
1464885124.06398 -0.206822639272333  0.126545916486493 -0.154242572885515 -0.0525516584309315 -0.167085488698485 -0.0513691341339717 -0.983199865094007
1464885124.20331  -0.14491807524054  0.143480061375541 -0.153508149923889 -0.0366338073527564 -0.138904485035438 -0.0464652092609235 -0.988536540813854
1464885124.34272 -0.0805777609801338   0.134783972903003  -0.155105413845164 -0.0541980453515088 -0.135456200767719 -0.0433174022441986 -0.988351047055886
1464885124.4822 -0.0207017580924175   0.120610605430724  -0.156480402816709 -0.0766523332756565 -0.119835640812506 -0.0537780491450306 -0.988368231189473
1464885124.62146 0.0449910973067565   0.11361266872776 -0.155650765494342 -0.102004500208024 -0.127877635291004 -0.0554286282107829 -0.984972111028715
1464885124.76381  0.109430633075282  0.108874089880914 -0.154133191922957 -0.107964047082346 -0.113489022418422 -0.069921809500376 -0.985177621997325
1464885124.90011  0.167508062833276 0.0983791713640601 -0.158282867706152 -0.0973006732697582 -0.0900845021406366 -0.0801041680100096 -0.987927468857279
1464885125.04253  0.224296057250139 0.0867859772477339  -0.16447032896545 -0.095642005899562 -0.0791330844066908 -0.0910355156772369 -0.988080511165548
1464885125.17893  0.285159923800798 0.0753982019111048 -0.156803181880374 -0.128073659728156 -0.0788610906914846 -0.0965001846779511 -0.983903338959629
1464885125.31827  0.347379478113459 0.0768202480255714 -0.142370102335694 -0.160165971212162 -0.0788283659077382 -0.0949224808112291 -0.979348085733884
1464885125.45758  0.409166311902185 0.0864167052266445 -0.121986001832403 -0.179754615847861 -0.0554873935148585 -0.102959220566443 -0.976733753969149
1464885125.59993   0.468897307318641  0.0935856552224259 -0.0946839540510931 -0.186740737030344 -0.0353578326912045 -0.0992791799719506 -0.97674017283249
1464885125.7362   0.528634738106888  0.0993613442145225 -0.0650034788532443 -0.182542184442316 -0.0205431711336903 -0.0967502186134154 -0.978210470306394
1464885125.87567   0.583697708664298   0.107691990947169 -0.0327155596033852 -0.190590098301675 0.0104364476454641 -0.0915146245900573 -0.977339024328836
1464885126.01494   0.639364742766038   0.115735262501393 0.00378272215294666 -0.195978936473458 0.0347856705334079 -0.0855801982873328 -0.97624701958335
1464885126.15468  0.679457771259524  0.118180794960237 0.0358006186433962 -0.186215934127587 0.0668794653340035 -0.0793108628141122 -0.977016146250055
1464885126.29357  0.699853986699363  0.113995276957275 0.0676721871935884 -0.190583077899627 0.104885814637984 -0.0790027246437241 -0.972849230767491
1464885126.57234  0.705095285766501 0.0894621095217228  0.128877739966811 -0.189468084002163 0.099017416344137 -0.0231364147064094 -0.97660744555815
1464885126.80475  0.665578186097792 0.0380995858728373  0.174180017289945 -0.220797592287037 0.101349265112763 -0.0275465667367584 -0.969648357066812
1464885126.99137    0.617511673068715 -0.00608246967096857    0.206555078072797 -0.248482985134948 0.0967899769602588 -0.0491211442408748 -0.962535723828952
1464885127.26906   0.539811795090071 -0.0241707290267065   0.225801573141953 -0.256975005238119 0.102391357935861 -0.0708859012797326 -0.958360603062688
1464885127.40833   0.492469896563917 -0.0123021774114122   0.223457547509452 -0.239093889873959 0.121341788511754 -0.0660947835830004 -0.961114853578294
1464885127.54771   0.446363994012488 0.00687791389195871   0.217794926811576 -0.226945816467004 0.136954924872328 -0.0680835560727594 -0.96182304730851
1464885127.73375  0.392704549165899 0.0377160299644869  0.206974110048095 -0.218450327198148 0.140783311478473 -0.0544387892215596 -0.964103693585015
1464885127.87612  0.360530251425796 0.0677539931721051  0.198230530109505 -0.194321208011222 0.142231917313913 -0.0549992727958379 -0.969012089607863
1464885128.05877 0.327442553681983 0.107654695058187 0.186552469262312 -0.178235272017738 0.149679221739402 -0.0569962384431611 -0.970865462971868
1464885128.29388 0.309695019015798 0.158138373200004 0.175852751434857 -0.179539585704736 0.149573187006303 -0.0489247567813903 -0.971081750970345
1464885128.47673 0.311205753177002 0.198813800026098    0.169823455911 -0.153640823925797 0.154724002433902 -0.0402010484772213 -0.975109663574087
1464885128.70892 0.325317495772908 0.236708140753016 0.153692382440236 -0.124982843470629 0.140097213067823 -0.0171706457886098 -0.982067833019607
1464885128.84836 0.339836593278018 0.246093077852583 0.139338765246362 -0.109735223897497 0.105005171293242 -0.0271984177851437 -0.988024463618097
1464885129.03644 0.362573578582102 0.243112957105076 0.112877754987293 -0.0988225905508597 0.0584516748837126 -0.036377901875468 -0.992720577783721
1464885129.21988  0.385388619391144  0.228195365739793 0.0872748294196403 -0.0914878619828094 0.0175312556159165 -0.0666615926230473 -0.99341776622693
1464885129.4522  0.413572225902686  0.187982075762323 0.0654653988398511 -0.0991964369254321 -0.0073832880172639 -0.0900818724575654 -0.990954494522272
1464885129.6844  0.442097421736396  0.138994857826893 0.0522138284896758 -0.120893308530103 -0.0127475022221725 -0.0960772796664184 -0.987922803396926
1464885129.87012  0.456509503601719  0.102134364635266 0.0446836520231305 -0.150873342296228 -0.00789154237314035 -0.0625882057585417 -0.986538227664425
1464885130.10248  0.461239020403393 0.0571599284415077 0.0292981950488452 -0.169883147883736 0.00307818109851042 -0.0488945518695855 -0.984245682573061
1464885130.33479   0.462289778573746 0.00807706016335262 0.00953848014071566 -0.200496115569535 -0.00430764969917653 -0.0426608650409389 -0.978755741944616
1464885130.5213   0.456008041798379 -0.0242478550513838 -0.0108883515341395 -0.239013553845894 -0.00540778272617744 -0.0398737938605682 -0.970182125957342
1464885130.7527    0.42822357164032 -0.0322841193105247 -0.0242776593696819 -0.275079152326282 0.013729723039962 -0.0815322353466943 -0.957859827563549
1464885130.98503    0.378358693329018 -0.00589541683900312  -0.0143323778194545 -0.269921385933803 0.0360546037883569 -0.126035531347927 -0.953916954351418
1464885131.1709    0.337668693009427   0.0301079623961083 0.000979041459680648 -0.254034078607268 0.0626684262245377 -0.123634959718 -0.957211445813423
1464885131.35904  0.301233671628517 0.0703018469347234  0.019848055011026 -0.231414863108831 0.086602836776943 -0.103788039405455 -0.963418472249146
1464885131.58907  0.273866102532499   0.12314544343182 0.0416444892062369 -0.198636775182498 0.0977295343619861 -0.0965912349654284 -0.970392963178495
1464885131.77493  0.269961777073273  0.159067341063146 0.0607207090341127 -0.167636274844318 0.0973907211962406 -0.08807088045556 -0.977065323710231
1464885131.96047  0.291354229399359   0.17660281223859 0.0899603968474457 -0.143918376700483 0.067923932500288 -0.0880500406626345 -0.983321427906919
1464885132.09978 0.316336041885299 0.174638113588481 0.119337547179522 -0.113887413169939 0.0586254771232555 -0.076509631673762 -0.988806850105052
1464885132.28809 0.349183142974267 0.154144102197185 0.170168034733801 -0.105798624445467 0.0496298307766338 -0.0787922380852291 -0.990017835283815
1464885132.42492 0.369254503594954 0.129677786578245 0.214937331183658 -0.116497392563424 0.040162152811112 -0.0928061177920884 -0.988029545867866
1464885132.56513 0.384251040639912 0.100055091387863 0.262026210043718 -0.127124040076639 0.0500866302364559 -0.0927670932316397 -0.986268256773735
1464885132.70372  0.395776351815067 0.0692539058149999  0.309371150280866 -0.145749964970374 0.0527939085121152 -0.0985874281654619 -0.982980299875267
1464885132.84585  0.402440949633558 0.0414772244751824  0.347198282334854 -0.159673459127754 0.0526054501850622 -0.0865606372786117 -0.981959423364797
1464885133.30748  0.387706975134548 0.0424164973528019  0.312046510707339 -0.1557505471385 0.0329965155390592 -0.0984446642534361 -0.982324612899609
1464885133.44819   0.37382085897106 0.0580809373844674  0.261316565785099 -0.141301748177056 0.0287028259315669 -0.10790172508284 -0.983649928312811
1464885133.58627  0.359837509037295 0.0765773064250891  0.203932072221612 -0.137076237815879 0.0284114653759608 -0.113179863986719 -0.983663159851675
1464885133.77204 0.342248382955397 0.105730272660947 0.128140110906229 -0.126675329055533 0.0452629776952209 -0.117575976670362 -0.983910826024821
1464885133.95779  0.334259386679734  0.137591220658186 0.0524182932769424 -0.120319441115854 0.056674127381361 -0.114078816548642 -0.984528973159242
1464885134.1467   0.336011011607044   0.171897125363114 -0.0231655156974625 -0.122142258150597 0.0777359998776906 -0.0931210121718854 -0.985072007616181
1464885134.32925   0.34079364811229  0.207284935207594 -0.102013190755357 -0.12384424270556 0.106440443177254 -0.0876585425539023 -0.982674419898189
1464885134.61132  0.353767155055288  0.254759899621403 -0.209601978892422 -0.111228324586893 0.121453875437055 -0.0889074572923166 -0.982330229601394
1464885134.97966   0.36597245056886  0.309296495342368 -0.328875661586588 -0.118864525583776 0.101564038853599 -0.0713104353301888 -0.985124759805837
1464885135.35202  0.355294703034293  0.348836876452621 -0.450360984598459 -0.113463546772613 0.0997684550845417 -0.0705963371090859 -0.985996164348829
1464885135.72292  0.332662613429229  0.348963977196516 -0.530841576175518 -0.136812422571803 0.126399560188361 -0.0744544934656507 -0.979674456448159
1464885136.14095  0.267766118138774  0.323505773134104 -0.546454569506789 -0.112492199740785 0.124162416808669 -0.0923440477570109 -0.981530323573124
1464885136.41962  0.192756822813304  0.278484126791759 -0.504023062839715 -0.119740456555145 0.108876378075051 -0.11309220345212 -0.980315413976322
1464885136.70092  0.134898754653557  0.221767781607431 -0.434794583329337 -0.127417953119728 0.0858966208531504 -0.125738339921073 -0.980089947720454
1464885137.02344 0.0864447713293621   0.16313575536369  -0.31170613960596 -0.136536706500885 0.0881449889305174 -0.118203631914206 -0.979599964325551
1464885137.25571 0.0672225764678446  0.117701532004079 -0.215675105048285 -0.121310410279613 0.105518012894402 -0.111157183180368 -0.980710871735403
1464885137.53447 0.0653760662934228 0.0742597991148481 -0.101653677347805 -0.127023751424258 0.116377059793543 -0.0870986483855275 -0.981190690934914
1464885137.76879 0.0800666603855242 0.0556474453087801 0.0100319349466793 -0.13409160582837 0.108485385017214 -0.0855033030628527 -0.98129483217297
1464885137.95258  0.105486072262184 0.0455246366977255 0.0941909556321825 -0.121466613176888 0.110223286827165 -0.0730020648080372 -0.983751689939141
1464885138.09509  0.131626922943668 0.0406650773855435  0.145554610154528 -0.114354874057654 0.115118557329907 -0.0816128901833788 -0.983366674589624
1464885138.23423  0.164182428535922 0.0388283731716226  0.194057996771868 -0.117403282882171 0.116865706354548 -0.0864228667234619 -0.982389924599209
1464885138.32868  0.190749162962044 0.0417567321467567  0.224913520983592 -0.118629373041762 0.112860633764259 -0.0882033405221003 -0.982552655036253
1464885138.41702  0.218830756970278 0.0470436202275597  0.253983161414598 -0.111044694836873 0.125933325981483 -0.0822206880803485 -0.982369396717661
1464885138.55855  0.264405542904009 0.0540843090355935  0.291786310911879 -0.110782954962314 0.152203305092059 -0.076756688540793 -0.979116796696453
1464885138.74205  0.324501361614032 0.0603855791929123  0.331303817969575 -0.110332226602092 0.181660959367556 -0.0652282372798836 -0.974972498420362
1464885138.83488  0.351587322081407 0.0619581632167342   0.34910689732352 -0.108231310604203 0.196869436749722 -0.0531883278762418 -0.972984794360361
1464885138.92787   0.37784618007368 0.0626269121435206  0.365740741007433 -0.106065402059268 0.205345563013523 -0.0491271774481939 -0.971684028207029
1464885139.0235  0.402965431910765 0.0641134411693436  0.384000076975774 -0.103249303499674 0.208720053220082 -0.0517362924097795 -0.971132780189367
1464885139.11373  0.426378097131574 0.0663241219008899  0.405880688569498 -0.107057093139825 0.20889776960524 -0.0586551355546126 -0.970288655883123
1464885139.20665  0.449936612699373 0.0717086689680659  0.430494450192845 -0.10819072316763 0.207372151310676 -0.0564002486017396 -0.97062380469413
1464885139.29943  0.473824107894295 0.0798259948719773  0.454883185650812 -0.105866015229306 0.203078628057502 -0.0510525439005181 -0.972082864475574
1464885139.48793  0.515254709543101 0.0932893153156251  0.492176665872076 -0.0995498275597671 0.193623814617476 -0.0439688749499709 -0.975021224528693
1464885139.6246 0.541345262608516 0.100992213410305 0.505977388640396 -0.107674012898146 0.185258451916342 -0.0481563157253401 -0.97558525111634
1464885139.85695 0.575069631378761 0.123881435474949 0.499132795810032 -0.117490439000015 0.184067259966761 -0.0383858773092614 -0.975111155189556
1464885140.0427 0.591796052130033 0.152358612420927 0.464300186965559 -0.113831955350496 0.200245960791286 -0.0261123672027727 -0.972759983452714
1464885140.32138 0.602503579763939 0.195486523881212 0.369200398921808 -0.107118812413235 0.262086061458002 -0.0205596280665104 -0.958860656253231
1464885140.46069 0.604252493711873 0.210164648883911 0.315187460497052 -0.115472096050134 0.277744171925145 -0.0267751467043401 -0.953313936494356
1464885140.64909 0.593186713728542 0.232565721830504  0.24927193822542 -0.121201683628106 0.29600225172739 -0.0198248311151682 -0.947259095986564
1464885140.83222 0.574915162574078 0.255852869056555 0.186485168236045 -0.12274952229674 0.296421769716487 -0.0138261455711825 -0.947035124434523
1464885141.20392 0.518692316537282 0.292734800933371 0.044930510477257 -0.0936217942484848 0.286465939387726 -0.0440348560749933 -0.952487877436168
