1461244435.41913   5.0404864193562e-05 -4.30536718260319e-05  3.07583225030393e-05 -9.190573331466e-06 -1.41121311304043e-05 -1.12346461461362e-05 0.999999999795082
1461244435.73967   -0.131211841764701 -0.00449782228672249   0.0201288025158767 -0.00925411052910778 -0.0233113261050014 -0.00239699884019013 0.999682548567345
1461244435.77929   -0.146510619693123 -0.00590954933507373    0.023320221801335 -0.00710940392141312 -0.0248110139630013 0.0027590347942577 0.999663072084297
1461244435.93936  -0.208036340986423 -0.0137882847307875  0.0387670700003588 -0.00590129733011433 -0.0617177612424256 -0.0231446440145569 0.997807806188388
1461244436.10045  -0.264516089855656 -0.0173208730577956  0.0560821221670864 0.00219556680479653 -0.0832892135473978 -0.0103932879779222 0.996468798286263
1461244436.25946  -0.325124794804378 -0.0187725057381846  0.0745855545264179 -0.00896591258026738 -0.0991146543624221 -0.0151992793962123 0.994919534237848
1461244436.41955  -0.385645024364271 -0.0316246508145777  0.0891728087861715 0.0021807521801014 -0.119206583919148 -0.00798528844110562 0.99283496606373
1461244436.5396  -0.429513026352378 -0.0421645993699953  0.0981580731392314 -0.00359882408186314 -0.142304887081004 -0.0176116557399047 0.989659637026887
1461244436.69967  -0.487508413337291 -0.0512578424486916   0.112451963929083 -0.0129876385038218 -0.157187852540325 -0.0289826858041661 0.987057903156361
1461244436.85956  -0.548332787318822 -0.0537752608783817   0.125761669831209 -0.0174816305559341 -0.158785150000491 -0.0255119210246244 0.986828663253181
1461244436.98164  -0.594679753402016 -0.0571757115115594   0.134146124184493 -0.0278389115475112 -0.163541058995707 -0.0148010719298376 0.986032578212373
1461244437.13972  -0.648932153590308 -0.0728123047536402   0.145395369635973 -0.0205942838726149 -0.153632416691207 -0.0112611118477363 0.987849251340176
1461244437.2998  -0.698137663067479 -0.0964001476661924   0.160281727531668 -0.0149373985616992 -0.159508450483424 -0.0107510376291355 0.987024996410163
1461244437.49984 -0.739232519021321 -0.121252023109051   0.18887695966576 -0.00425671142898057 -0.145439245303109 -0.0169506722250496 0.989212808775034
1461244437.66009    -0.756160672342 -0.135560042250535  0.218207475629094 -0.00582791594420953 -0.127048862642813 -0.0169216830386716 0.991734984025498
1461244437.86175  -0.75790095678644 -0.162681116263511  0.247644510147449 0.0206425255051128 -0.113974787913944 -0.00739893381422646 0.993241606880801
1461244438.06002 -0.740979099671352 -0.188345522283476  0.270815240227097 0.022384961962347 -0.104581546019008 0.0321037784442726 0.993745923825512
1461244438.22002 -0.713997002415131 -0.203005328962428  0.292034767219519 0.0207724603665295 -0.087196398467315 0.0587216808199501 0.99424195102919
1461244438.38621 -0.675408848265784 -0.205666754718161  0.316237583178507 0.00540906885731919 -0.0600674435714472 0.0573875744737477 0.996528630041761
1461244438.50123 -0.637578894812664 -0.203663951486258  0.334127874197981 0.0018791226642946 -0.0350944497172137 0.0649039591468134 0.997272442507125
1461244438.62036 -0.593043873165146 -0.198597279757546  0.349777720891248 0.00149151085674114 0.00264461296983013 0.0674504366435886 0.997718006259381
1461244438.70012 -0.561107605478745 -0.195520283339123   0.35979869718207 0.00125798419262628 0.0326424065715402 0.0618973161140975 0.997547799870693
1461244438.78021 -0.527492385152498 -0.190284260943835  0.371141521368688 -0.0100801527824266 0.0553809823375775 0.0640097477548115 0.996360421487914
1461244438.8605 -0.491475137040927 -0.183172270066611  0.383399126733803 -0.024451534926499 0.073761240673398 0.0829941599483642 0.993515662296536
1461244438.94025 -0.454776517940568 -0.174828431792827  0.396064911880732 -0.0410498837787851 0.0913327583832161 0.0888594734604151 0.990998097003319
1461244439.02136 -0.417168232306727 -0.164979652009904  0.408332091833796 -0.0494191718543693 0.101685803462587 0.0979189951276578 0.988751542714643
1461244439.10028 -0.377927259660964 -0.152224932963965   0.41955220565044 -0.0516708984607368 0.107883290202455 0.111414503504305 0.986548590975752
1461244439.18208 -0.338619456836616 -0.139075455235007  0.429677596202477 -0.0501501363779086 0.112611099414175 0.118345053742333 0.985290897331713
1461244439.26035 -0.298884078086875 -0.126549855202195  0.436771847347691 -0.0552500928461125 0.131072242442065 0.117143100345461 0.982875876468213
1461244439.34069 -0.262390595006673 -0.116210350025949  0.442035288108537 -0.0542349662782363 0.155219164403525 0.125628606037315 0.97835731344933
1461244439.50052  -0.196659119831347 -0.0967303805553996   0.458689580911059 -0.0876683727702728 0.175322715135573 0.0987053159369179 0.975619527571633
1461244439.6205   -0.14770949756897 -0.0819918148125123   0.476363012055915 -0.10585605917573 0.188163927275692 0.105144785752537 0.970738587487396
1461244439.70044  -0.112815073377096 -0.0754430278559043   0.491240154092758 -0.113310864038644 0.203710198252422 0.101551202258204 0.967135024977737
1461244439.78249  -0.077346902818467 -0.0705396592055156   0.508974524774192 -0.109108697275779 0.220557591792864 0.103814135208999 0.963676432321618
1461244439.86229 -0.0411135158840684 -0.0696635395314866    0.52760856287753 -0.0947961400554079 0.239282820557691 0.0958640234629359 0.961544337314744
1461244439.94217 -0.00689644980308963  -0.0697903386082228    0.545698409643258 -0.0848386225752991 0.267865432302633 0.0935030386387391 0.955147999035842
1461244440.0606  0.0417259261587875 -0.0713199725582511   0.572952724977455 -0.0929231031908545 0.293028500411477 0.0979638371651425 0.94652135815726
1461244440.18405 0.0857356967932655 -0.071526204840373  0.599364482165356 -0.102414725292608 0.304110433989389 0.119564139925031 0.939538442228956
1461244440.30087   0.129166632994872 -0.0691473716383332   0.628186815894522 -0.097851133228434 0.317355863160553 0.126993483567649 0.934656657267729
1461244440.42074    0.17276694058388 -0.0673075468300766   0.660973717748873 -0.0846656138521275 0.329507177591456 0.124778812705932 0.932033798553708
1461244440.54133   0.213327937505349 -0.0693067917591686   0.695665448213113 -0.0897861548050583 0.332421194011865 0.126450128422882 0.930292943754216
1461244440.62082   0.238303062305317 -0.0764694219313592   0.718014955316185 -0.0929260411546282 0.337842504365623 0.122568954234193 0.928549430335956
1461244440.74072   0.270414743998079 -0.0903370753114909   0.753039179730849 -0.0856399492744192 0.323781052469326 0.127187200837897 0.933624681064694
1461244440.82086    0.29078273716151 -0.0994585169269161   0.777860039198085 -0.080740858885554 0.317222459928066 0.124024886822886 0.936732967324296
1461244440.9015  0.311367296866066 -0.105900219109367    0.8037408353558 -0.0805723361066452 0.311147505556595 0.120035660893032 0.939301212899355
1461244440.9835  0.331721187929831 -0.110976306086706   0.83276010252863 -0.0672607192561649 0.308665066896807 0.12150651749188 0.940977172055586
1461244441.06086  0.352499904917598 -0.114818660926563  0.860775183080521 -0.0568542543114491 0.311434542917513 0.116575977132115 0.941374612362231
1461244441.10096  0.362488716226513 -0.117538855871653   0.87499008776096 -0.0582153934278212 0.316699763349554 0.105671735665984 0.940821828054451
1461244441.18313  0.382286595071039 -0.125795308789869  0.902111846301467 -0.0501135840456234 0.330395670306495 0.09648212877178 0.937559879988734
1461244441.26339  0.399219112168006 -0.133589458138506  0.929235660055931 -0.052599884784571 0.329859835208897 0.0936395167731809 0.937900518250787
1461244441.34091 0.417248810739596 -0.14412616473862  0.95290442219972 -0.0449476252025822 0.333386418706672 0.106084046207096 0.935723988124126
1461244441.42094  0.433187236447367 -0.153160925758633  0.978660183812508 -0.0433382012611556 0.322437552672069 0.111719494724188 0.938975281589919
1461244441.50219  0.448492387126231 -0.160212874918029   1.00532247117769 -0.0405593245634101 0.319419214040949 0.112900715980411 0.939989220801778
1461244441.5863  0.466350012172268 -0.165973366408516   1.03017146973911 -0.043297894647577 0.312000301798711 0.103465745099559 0.943438362367989
1461244441.66204 0.482440374643246 -0.16999199974741  1.05719409859855 -0.0418539168692677 0.309083222718126 0.0952440895066595 0.945327654567942
1461244441.74101  0.499119784213556 -0.173219898197027    1.0842669999272 -0.0445549346682111 0.300628014502035 0.0871065909932141 0.948709700856282
1461244441.82167  0.519318598671791 -0.173383119595314   1.11323813003761 -0.0550133124520811 0.297292317051118 0.0796966465256118 0.94986275756448
1461244441.90109  0.532629919841478 -0.177361573726437   1.13937378514122 -0.0394984322890181 0.306373155039588 0.0804657679054742 0.947681710234603
1461244442.02114 0.562756066357682 -0.18124446947211  1.17434324161315 -0.0399692731664695 0.293458581609786 0.0747765291014055 0.952204278911654
1461244442.10117  0.580318747239032 -0.190432664900029   1.19231178768834 -0.0514688885781357 0.309475983569523 0.0770152571730515 0.94638481563515
1461244442.22124  0.601986246000183 -0.190277105050656   1.22146719814096 -0.0414957284535435 0.319641356163185 0.081867510308473 0.943082827065662
1461244442.34117  0.631782700849245 -0.208507498305752   1.25230826369151 -0.0252001119478153 0.340880227045206 0.102348818179862 0.934178968177197
1461244442.4613  0.655846036693157 -0.198345394779074    1.2796468719187 -0.000314345216184332 0.36833426929326 0.0886112838365721 0.925460862288687
1461244442.54121  0.677337251323026 -0.200493952128764   1.29474578607373 0.00804298899564147 0.400128448038314 0.0947523178519591 0.911512223538526
1461244442.66138  0.705726142008978 -0.206033533285188   1.32458118619067 -0.00919019104022201 0.43195478521255 0.0871380895951677 0.897628852734987
1461244442.74137  0.728714562087542 -0.208091357683933   1.34359618929945 -0.015515826315574 0.447864725672451 0.108294344132408 0.887383108730956
1461244442.8216  0.752471499423954 -0.206457658286533   1.35527119902936 -0.027743723390239 0.471004639106252 0.121462550013812 0.873287904815461
1461244442.90145  0.777495598012286 -0.205685715157132   1.37129654726571 -0.0370633433527227 0.496950606795161 0.124636346793943 0.857981459032361
1461244443.02148   0.81397259642401 -0.202409766089792   1.38692639188198 -0.0345034508397639 0.542001015493425 0.133220368299965 0.829033620882932
1461244443.14156  0.851207322994255 -0.202837516260094    1.3966370013261 -0.0251740342975715 0.589815752473019 0.144198399175442 0.794160228044135
1461244443.26159 0.885532570754689  -0.2034505130184  1.40572663328458 -0.0313647051181971 0.624105552078432 0.154140105044294 0.765342631214712
1461244443.42161  0.930614096372838 -0.203749596784173    1.4205888098497 -0.0456107846818939 0.638175759776369 0.187259648346872 0.745375864953757
1461244443.54186  0.968955930198627 -0.201510803254666   1.43041954393123 -0.0527452578146258 0.659554150874 0.191959562821262 0.724815691113552
1461244443.66169   1.00962634608338 -0.199628022743054   1.43991965068861 -0.0375441933057286 0.684259056013466 0.19945317326713 0.700427304926254
1461244443.78398   1.05126513773947 -0.197499509322981    1.4486260549284 -0.0461801593740516 0.700831363229863 0.208194483910358 0.680703937158335
1461244443.90169   1.09500537838803 -0.197121329687529   1.45531107080866 -0.0389565267133256 0.710755869910063 0.228700182646321 0.664081854045391
1461244444.06211  1.15388016820642 -0.19519648547566  1.46398022585208 -0.0632272254675425 0.720318690253585 0.220364132691093 0.654662471396016
1461244444.22174   1.21650347899287 -0.187475761964467   1.47191963731665 -0.0414392914501553 0.724396367256261 0.218218980329351 0.652620230190621
1461244444.3845   1.27997890635583 -0.188874415321967   1.47841076956738 -0.0363832730419313 0.721376136801063 0.207984622805197 0.659571924336771
1461244444.54187   1.33946830041264 -0.191109612478305   1.48325914686351 -0.0602381696249954 0.710749019799988 0.210484137497725 0.668508505282787
1461244444.70199   1.40367692682413 -0.187819968464644   1.48602352860731 -0.0504478895847164 0.709872185577527 0.207770267974923 0.671094632913617
1461244444.82213   1.45534190758134 -0.181456202121995   1.48449328934102 -0.0448718524461148 0.721947930576128 0.203231958444584 0.659904897285723
1461244444.94204   1.50536702859146 -0.177507635243235   1.48408950949964 -0.0646447116713041 0.726786843572452 0.201571999228519 0.653429930742343
1461244445.06204    1.5543778053284 -0.180064432622603   1.48051708359341 -0.0834273480129574 0.73659529708778 0.197412720616065 0.641479121757407
1461244445.18447   1.60309346438319 -0.184779528890102   1.47467740269194 -0.071364872159305 0.743771356373785 0.196524471758279 0.634893185078968
1461244445.30215   1.65276253155873 -0.183353653206042   1.47170147159744 -0.0417990142407204 0.751137185387308 0.187863727159137 0.631468915430375
1461244445.42287     1.702676345684 -0.179338773653812   1.46933731579981 -0.0355251463388707 0.7544560074326 0.181308026581052 0.629810682922851
1461244445.54512   1.75372509087098 -0.178476212756137      1.46850457606 -0.0259377284717981 0.746887561703181 0.184527466531081 0.6383069939382
1461244445.66328  1.80079783662054 -0.17920647599227  1.46741913738555 -0.0346814389699143 0.736549963668433 0.197255746690572 0.646050709471441
1461244445.78523   1.85175134627065 -0.178880480064036    1.4700519061204 -0.0300684903697397 0.720950060006251 0.198495360035817 0.66326954468611
1461244445.90225   1.90239161152742 -0.174739381991098   1.47015002088006 -0.0281813265140377 0.721791828019884 0.188638230369429 0.665310444741937
1461244446.02227   1.95270132835783 -0.169631211503675   1.46940320732951 -0.0431517370847575 0.723317888567521 0.174856310017854 0.666614154148959
1461244446.14238   2.00242509781327 -0.168164062942661   1.46900605214722 -0.0559650995369799 0.720174834619893 0.171348525644923 0.669967012600872
1461244446.26435   2.04831718850628 -0.169117741697202   1.46670256306459 -0.0576859919492434 0.708789941642284 0.183563521020455 0.678670449268372
1461244446.3847   2.09183710869577 -0.171277291123231   1.46527186663082 -0.037419215181948 0.696128757508688 0.179761120485739 0.694039260320545
1461244446.50325   2.13504508621072 -0.169356206439042   1.46650725661007 -0.025069511350503 0.676034016141464 0.169736641317081 0.716616355670652
1461244446.62256   2.17595070858506 -0.170084947531959   1.46711799003885 -0.0155190545967277 0.660755559083225 0.157482421591744 0.733730561565101
1461244446.74258    2.2120163887536 -0.173375097760539   1.47066164236045 -0.0159837266214539 0.627377636705696 0.154019397770774 0.763164364049577
1461244446.8627   2.24562432774652 -0.175819602263422    1.4748589826134 -0.031415999350429 0.596332412135036 0.147458865932787 0.788452010004312
1461244446.98479   2.27707533599432 -0.177383171913923   1.47892651425415 -0.0257073484437769 0.565766899624768 0.140825013055389 0.81204388010927
1461244447.10278   2.30881492930045 -0.175429374521993   1.48292597390068 -0.0218574594511185 0.537781392852286 0.125663258451827 0.833379967627893
1461244447.22307   2.33986033042487 -0.172059361865286   1.48658484675766 -0.0260685609578154 0.510468245874149 0.110960222089707 0.852308881332092
1461244447.3427  2.36851886193031 -0.17044314110525  1.49027962366864 -0.0293890754907533 0.477292866728063 0.109312715386018 0.871423279392536
1461244447.46275   2.39456665031273 -0.171006797260088   1.49258727564862 -0.0294126245576061 0.442940752839552 0.10228340136292 0.890211487679302
1461244447.58507   2.41782402660949 -0.169782853062764   1.49604785990237 -0.0370392906489102 0.407366055862573 0.0987197538838668 0.907157868109132
1461244447.70284  2.44148346727085 -0.16764614602637   1.4990950342415 -0.038424263234412 0.374915019238717 0.0860523811837881 0.922256630248178
1461244447.82281   2.46521948765675 -0.165725576250575   1.50288267967487 -0.0389183469239912 0.332242629057588 0.0697494073402069 0.939805946930161
1461244447.90289   2.48003223190957 -0.164469477352192   1.50464589040585 -0.0386916691547228 0.296995966910052 0.0597281182071318 0.95222313680808
1461244448.0229   2.49654431603386 -0.164180600167659   1.50834877117826 -0.0595397025627794 0.242193487307188 0.0428427996541102 0.967451204476234
1461244448.14308   2.51293951211445 -0.165692028957513    1.5128555962741 -0.0664060261873502 0.195855011864777 0.0350044651585958 0.977755460957603
1461244448.26301  2.52853574736245 -0.16856422626192  1.52033561919805 -0.0585247054061686 0.149932358221958 0.0219298188573827 0.986718921405689
1461244448.42305  2.55028829325934 -0.16859093108691  1.53684194718351 -0.0538692316746978 0.109104874733106 0.00151129664331029 0.992568359444682
1461244448.54308   2.56683630986953 -0.169344767989833    1.5527855108011 -0.0456519152952126 0.0864385132004779 -0.0068781140295299 0.995186905868926
1461244448.66315   2.58251513656503 -0.171780799035465   1.57066255041043 -0.049662097960314 0.0670428135223527 -0.0167663656774413 0.996372333098003
1461244448.7851   2.59735717507141 -0.173898141798558   1.58967835443328 -0.0578163266953172 0.0474304475608543 -0.0144114018397405 0.997095750922975
1461244448.90322    2.6110211568325 -0.176966687137827   1.61001640425018 -0.0571250700837522 0.0308435251139085 -0.0189372517080231 0.997710771628843
1461244449.02331   2.62780063489917 -0.182621188335748   1.63451275488083 -0.047868201425475 0.0214433913624462 -0.0292349757836771 0.998195438003047
1461244449.10325   2.63462190513896 -0.186461307992041   1.65185244945302 -0.043319081132525 0.004579187010512 -0.0342676936321059 0.998462925415507
1461244449.18516   2.64174855722694 -0.191033243963951   1.66895798081081 -0.0312027731646513 -0.00848676324890639 -0.0293378968683337 0.999046370096872
1461244449.26337   2.64651868333452 -0.194363415316574   1.68601614153823 -0.0350075348945742 -0.0257139886937104 -0.0371091872355837 0.998366752004883
1461244449.38582   2.64948487553557 -0.199462320230167     1.709987579517 -0.0390151319294389 -0.0391528603538894 -0.0300020774835918 0.998020414797867
1461244449.50341   2.64935082175143 -0.204683438148943    1.7360964580271 -0.0392831406529157 -0.0531185534110256 -0.034851862511583 0.997206398807908
1461244449.62342   2.64329818700546 -0.209282061961763   1.76176644412129 -0.0407235150456449 -0.0679878486864214 -0.0348933477170933 0.99624379648679
1461244449.74348   2.63677541440198 -0.214833468733528   1.79011722655941 -0.0382958270172345 -0.0614838170659641 -0.0309107212608688 0.996894025051408
1461244449.82351   2.63121426467557 -0.219531371919129   1.80940215008111 -0.0400232384035991 -0.0475101662797407 -0.0140490657834883 0.997969713086711
1461244449.90349   2.62290476226059 -0.226365762624878   1.82749163352449 -0.037303006185055 -0.0426410030813288 -0.0111230319793235 0.99833186303221
1461244449.98575 2.61824819080978 -0.2334220163951 1.84701642555116 -0.041986146611193 -0.0319702253729843 -0.00806044367391092 0.998574032022726
1461244450.06355   2.61179099895706 -0.240945233880378   1.86540112894347 -0.0379482770467361 -0.025702499712029 -0.00716171366824889 0.998923430316394
1461244450.14357   2.60478960357291 -0.248187589616582   1.88276873669608 -0.0285652391588581 -0.0229750978866969 -0.00809452783359628 0.999295076845696
1461244450.22362   2.59801041982264 -0.252795825989879   1.90184126671278 -0.0217518554051604 -0.0348177288934617 -0.00970011708756675 0.999109848950365
1461244450.34385   2.58936244759651 -0.259742295927142    1.9313902465288 -0.0130898502375256 -0.0349085326163247 -0.0162702054593754 0.999172322768022
1461244450.46445   2.57897583585302 -0.268903791408594   1.96112512266432 -0.000509621462617545 -0.0417891148988388 -0.0197109152582216 0.998931874544816
1461244450.5862   2.57183245385159 -0.277733460085711   1.99226489628174 -0.0111154883376605 -0.05533462919403 -0.0146885296129372 0.998297937405855
1461244450.70375   2.56338092700394 -0.287937101932961   2.02024842707105 -0.0155656859387128 -0.0627639214428864 -0.0110083403387054 0.997846288778666
1461244450.82375    2.5593779672702 -0.298342289180965   2.04958729354459 -0.0193577865562534 -0.0629629557525084 -0.00184418694320257 0.997826408388287
1461244450.94376   2.55525700484717 -0.307126023876663   2.08153634901309 -0.0275691943937756 -0.0708375783891733 0.0115732564271275 0.997039636496016
1461244451.06385   2.55661219287378 -0.316899191718702   2.11499861597582 -0.0236343171925256 -0.0556371091345136 0.0138791347609087 0.998074797175185
1461244451.14382    2.5595644913129 -0.325363639333192   2.13793800894629 -0.0168066068531059 -0.0292950641446979 0.00840165665233224 0.999394191172002
1461244451.22396   2.56046054729604 -0.335002795296931   2.16162652898017 -0.0130156855900935 -0.0216756352184116 0.00261155205834737 0.999676917089889
1461244451.30386   2.56336701011245 -0.345862415826277   2.18477144254972 -0.0111893274081499 -0.00914174972414717 0.000843968020493974 0.999895252054991
1461244451.38612   2.56570714923929 -0.356425138586544   2.20799034188929 -0.0103736387268091 -0.00287991731573565 -0.00356894874145912 0.999935676081567
1461244451.46433    2.5682023754367 -0.364940741488983   2.22987441395951 -0.0123961213380603 0.00148498359937229 -0.00370114958490985 0.999915212651169
1461244451.54403     2.572967674326 -0.373400796961479   2.25208254289158 -0.00271771638128859 -0.00473387399675536 0.00391140278058092 0.999977452437275
1461244451.6241   2.57809022364086 -0.380570478730965   2.27299045546736 0.010198668064869 -0.00983511930816337 0.0129924627997727 0.999815209680416
1461244451.74402   2.58544721757352 -0.389401590279361   2.30209789682879 0.0203456178125541 -0.0245677039582286 0.00348112023941793 0.999485050193311
1461244451.86414   2.59733850455202 -0.396707340962024   2.33321004464048 0.014391470363202 -0.0397479323007011 -0.00800259814566806 0.99907404424373
1461244451.98651   2.60843926673881 -0.405631125804664   2.36065956283561 0.00883871069751157 -0.0668031325262669 -0.00993785846709877 0.997677531894435
1461244452.10449   2.62109482567203 -0.416072261399958    2.3851433692828 0.00193226822154736 -0.0830486091058342 -0.0265009340466057 0.996191194178991
1461244452.26732   2.63946324686316 -0.425644744858884   2.41575201216342 0.00908845435791347 -0.0997074059096212 -0.03025241229208 0.994515271252618
1461244452.4243   2.65962583566708 -0.427704523051955   2.44590541993467 -0.00179129080102749 -0.119735388070882 -0.0414376360425204 0.991939086053165
1461244452.58635   2.68015675067106 -0.431161665347628   2.47441525598241 -0.0126464235611791 -0.130484121443434 -0.0518678338691503 0.990011964489303
1461244452.74716   2.69683956801046 -0.438338238084159   2.49926593550667 -0.0153608584095723 -0.146475652095643 -0.0617270044904599 0.987167009319453
1461244452.90437   2.7102151042007 -0.44559247880712  2.52479922570003 -0.0186057768196466 -0.169652476736528 -0.0543874947165644 0.9838261343472
1461244453.06454   2.72178321910518 -0.453367965268559   2.55082290839455 -0.021141241248532 -0.165202243110755 -0.0759168533477792 0.983106249683837
1461244453.26447   2.73138835493844 -0.467530638648153   2.57849587545132 -0.0218067928607531 -0.194982316025301 -0.0713752297408346 0.97796315718026
1461244453.4647   2.73421466315887 -0.483044586340377   2.60927388996147 -0.0280187154107488 -0.212666555563232 -0.0896436443270125 0.972600588506595
1461244453.62469    2.7343469342205 -0.497094788601987   2.64108560500069 -0.0184451246443884 -0.231401330983712 -0.0921745823304418 0.968306277872879
1461244453.78476  2.73615968654313 -0.50940278584716  2.67874874461127 -0.0117885841240888 -0.220354452748011 -0.0962311021983636 0.970589779159126
1461244453.94483   2.73414876704755 -0.522096294412225   2.71660091696033 -0.012291115758486 -0.211816803844924 -0.0955805895411036 0.972546616355899
1461244454.10481   2.73060354571234 -0.534281865940278   2.75415977040222 -0.011349743795448 -0.209568344891032 -0.100664742851024 0.972532211128325
1461244454.26478   2.73222676826138 -0.541662924339794   2.79227338579018 -0.0199199359907436 -0.196940762892647 -0.0995121648624032 0.975148635391439
1461244454.38754     2.732392109671 -0.548807884010806   2.82245676229642 -0.0176888966494267 -0.192975655782525 -0.0936271469676156 0.976566155752561
1461244454.50484    2.7326711378861 -0.558153743564912   2.85444242380731 -0.0211738905703727 -0.19530088392755 -0.0948964669114186 0.975911825762431
1461244454.62505   2.73516280495807 -0.571068400920043   2.88701748266019 -0.0176214593037367 -0.190000267351382 -0.0857133685639052 0.977876577604678
1461244454.74493   2.73962655032221 -0.586982334404841    2.9210233981125 -0.0137059490662333 -0.180893381995617 -0.0727473993542528 0.980712775076156
1461244454.86512   2.74266876922053 -0.601792029282079   2.95360951257316 -0.00712161326233629 -0.174376205021793 -0.0556729932910966 0.98307819605805
1461244454.98758   2.74468504030238 -0.611583011121589   2.98738327963816 -0.00911354123760846 -0.169804929101485 -0.0544169515666504 0.983931920816244
1461244455.10511  2.74592020814131 -0.62122827442461  3.02229167453764 0.000902636210734356 -0.160730561711516 -0.0424496635892571 0.986084630161596
1461244455.2251   2.74618182408871 -0.630564881036138   3.05633716394658 0.000327518257430428 -0.140230074663319 -0.0418650186594754 0.989233409820126
1461244455.30515   2.74593922712176 -0.637704601793563     3.078519840745 -0.000509956670894849 -0.130978213429417 -0.0418718339745187 0.990500478076938
1461244455.42535    2.7452875418144 -0.648770753256982   3.10974623659103 0.00475615804966643 -0.1258283047855 -0.0460535222755298 0.99097108422064
1461244455.54514  2.74394062963685 -0.65529160616796  3.14094222215628 -0.0112364698266425 -0.120102378667623 -0.0482803944804946 0.991523153483075
1461244455.6653   2.74119867741056 -0.660270088259355   3.16921370211267 -0.0142314598339634 -0.12787092015013 -0.0511117657559057 0.990370678449371
1461244455.78919   2.73804406852241 -0.663847872504715    3.1947765014498 -0.0216499122171841 -0.139024826293606 -0.0575390264479755 0.988378793484785
1461244455.90537   2.73330331778437 -0.669195800067298   3.21824687132397 -0.0250593350621625 -0.15078663340107 -0.066145107938762 0.986032578371315
1461244456.02546   2.72709449051467 -0.676563486872073   3.23926788032664 -0.0227408537673616 -0.169071848582687 -0.0752001029833184 0.982467560837539
1461244456.14546   2.71987342505729 -0.683211344792588   3.25592401094398 -0.0208949095682248 -0.191400200551387 -0.0844912799090156 0.977645431433278
1461244456.26536   2.71161688803515 -0.687441586016009   3.26974117610835 -0.0227023074385679 -0.209345080658333 -0.089151485256123 0.973504625113691
1461244456.42834   2.69705930853163 -0.691332341008885   3.28723921554142 -0.0205151736166923 -0.23512459907546 -0.102207654590655 0.966358704573079
1461244456.58907   2.68336029451057 -0.694054002704105   3.30583563902818 -0.0196604018870616 -0.245580101923388 -0.105439344532737 0.963424323318362
1461244456.74562   2.66683323187629 -0.697272725449755   3.32559271871125 -0.0207722425602656 -0.255492183376949 -0.125730552892256 0.958375754201714
1461244456.90565   2.65010696661723 -0.700523209170463   3.34108036420693 -0.0238842959563687 -0.269711196822507 -0.141128240653061 0.952243787275827
1461244457.14643   2.63061225270004 -0.704006984499983   3.35781901389478 -0.0266501894865206 -0.294042271564381 -0.144782069472976 0.944387135814923
1461244457.3881   2.61347252775685 -0.701651533758965   3.36919436628333 -0.0357005302611717 -0.32255691316884 -0.159883906622422 0.932265866751118
1461244457.6658  2.59431994990573 -0.70070266135856  3.38041245840699 -0.0396162517409314 -0.348819965085042 -0.172855368421354 0.920258771305108
1461244457.90595   2.57595065731269 -0.702221558168361   3.38512480900627 -0.0319134980565731 -0.381099791130536 -0.187293617088861 0.904801402982901
1461244458.10604   2.56027134611341 -0.702882813499209   3.38670993024755 -0.0295238400503649 -0.416810604624077 -0.208158096356621 0.884345786252629
1461244458.30611   2.54654827794823 -0.701186549029183   3.38615340961126 -0.0315600773983108 -0.447942303366684 -0.219075371311296 0.866231860447294
1461244458.46612   2.53468372815474 -0.698445687966731   3.38462608019391 -0.0348821387825701 -0.475639471695514 -0.223644089843147 0.850019794144464
1461244458.62661   2.52348082613283 -0.694789251885009   3.38349878076415 -0.037354737969163 -0.494750339633668 -0.23244034920624 0.836539424680335
1461244458.74914   2.51553802647852 -0.691671510811102    3.3815133583149 -0.0409114431455542 -0.505938525677124 -0.23611135935436 0.828615645543362
1461244458.86613   2.50584089358878 -0.689475228752726   3.37796222251172 -0.0395898455248158 -0.520071584343787 -0.244949836002644 0.817286834062401
1461244458.98622    2.4972139533258 -0.687912605321774   3.37481657400846 -0.0394185711114541 -0.53173413100129 -0.249495646830155 0.808366817968573
1461244459.107   2.48868109802551 -0.686057492667543   3.37113721481057 -0.0412369910909047 -0.543306555620497 -0.250629149909023 0.800189056661887
1461244459.2662   2.47765511880375 -0.681876813185364    3.3651291622516 -0.048784437210621 -0.560654833740557 -0.258826600363201 0.785044601939163
1461244459.42614  2.46709441466797 -0.67762196876397  3.35937556217842 -0.0544954760094213 -0.573753771449577 -0.263517233732139 0.773560288773962
1461244459.6264   2.45634696146192 -0.670835832055871    3.3503979342968 -0.0631223473929927 -0.590788737744668 -0.271473008375309 0.757156946964973
1461244459.82653   2.44588856358785 -0.663862331713661   3.33812470048314 -0.0651186021192335 -0.608097901074346 -0.284914741353722 0.738105751587368
1461244460.02653   2.43739752851377 -0.658495620098749   3.32429481993434 -0.0628455514044639 -0.627495344638816 -0.293810479026236 0.718314298576644
1461244460.22652   2.43087049918229 -0.654048531225992    3.3111961779599 -0.0576574748373317 -0.643995776500153 -0.304214518459268 0.699570283962908
1461244460.46668    2.4235324607831 -0.649543203001778    3.2955571589957 -0.0506126013880559 -0.659882168409852 -0.321130379452453 0.677398824761432
1461244460.66652   2.41977417096801 -0.646265810953709   3.28153673073895 -0.046018643330409 -0.673434689163103 -0.32632538106173 0.66172482919469
1461244460.8267   2.41869190969209 -0.643308607477839   3.26709766012992 -0.0438009448410955 -0.687657610985483 -0.328848117906757 0.645807558514105
1461244460.98856  2.41811276563501 -0.63842220670916  3.24759224854469 -0.0413600016758804 -0.701823491303682 -0.333849161588582 0.62791549958755
1461244461.10678   2.41696395487727 -0.634992127746805   3.22935602945224 -0.0336998829379105 -0.711488318645563 -0.342863048376468 0.612448871644709
1461244461.22747    2.4163597250169 -0.630988071113868   3.21074479081509 -0.0272602284527958 -0.722178885975418 -0.346183710603617 0.598223516011129
1461244461.34809   2.41530663258121 -0.626868864009615   3.19063798948445 -0.0259469029837968 -0.728147835975116 -0.346984026563039 0.590533294997331
1461244461.46695   2.41301533282035 -0.624556710648866   3.16945479720179 -0.0286079328681853 -0.730305003829555 -0.345591325004295 0.588559957557681
1461244461.54694   2.41111992014951 -0.626428132678763   3.15561843972769 -0.0163488832215097 -0.733218904723763 -0.343512840637652 0.586618854189112
1461244461.66703   2.40969665712317 -0.631400724059557   3.13519445801018 -0.00104455677688477 -0.733714731769013 -0.330499929353954 0.593659328220569
1461244461.82711   2.41110333180492 -0.638732431283731   3.11346340525082 0.0199993313631199 -0.726839855296703 -0.318958338743322 0.607922223350485
1461244461.98957 2.41437554435267 -0.6419758230943 3.09068585735494 0.0306318523615021 -0.732016235699759 -0.310828326187602 0.605474749211123
1461244462.10713   2.41889530321397 -0.639890218260356   3.07131742053508 0.0378377560736629 -0.741631929506915 -0.315885148794745 0.590564948267405
1461244462.26712   2.42838056377029 -0.637684847182782   3.04504324481162 0.0482706373940452 -0.754833134359915 -0.32106334357745 0.56992562168131
1461244462.4273   2.43969863259978 -0.633969383978795   3.02385336124755 0.0621103392597715 -0.761220169546475 -0.332805642957513 0.553106285670583
1461244462.59106   2.45376347406066 -0.629242431974078   3.00945178632143 0.0658396089000511 -0.774152431091311 -0.340971567414864 0.529236761336504
1461244462.78969   2.47148030707556 -0.625975697005701   2.99442994005621 0.070212860862813 -0.787528545197779 -0.337807229190278 0.510641969069246
1461244462.98979   2.49231123978683 -0.616673236696045   2.98568053129596 0.0552443562814553 -0.797982144750999 -0.332116128013999 0.499871418737492
1461244463.18955  2.51628598842851 -0.60532223100599  2.97908808867333 0.046297629098744 -0.796765525563996 -0.314644971392459 0.513828540264165
1461244463.34759   2.54030331142016 -0.597508006253154   2.96523098982763 0.0413510398355213 -0.802621140829248 -0.292001526646693 0.518482887118252
1461244463.50753   2.56457724394298 -0.590217129845684   2.94813777294815 0.0492436984764007 -0.794170925713771 -0.284108535764696 0.534929844761852
1461244463.66773    2.5871031414928 -0.583603742088425   2.92766489313147 0.0358536024876532 -0.79192214221577 -0.261856721969765 0.550458805921291
1461244463.78978   2.60114904199062 -0.575658162904016   2.90609014879649 0.0365922626157308 -0.794604610999618 -0.264371869432309 0.545318286093244
1461244463.90776   2.61380802335189 -0.562987314204132   2.88328235017149 0.0201795458839795 -0.801374409753867 -0.264868839129318 0.535944343544967
1461244464.0277     2.626705202776 -0.547287403816046   2.86030309785655 0.0219482283833134 -0.801023714505088 -0.293282293835881 0.52140654022909
1461244464.14777   2.63617896102721 -0.531285223684699    2.8353256672614 0.0288563222183525 -0.802669720034083 -0.303874243156371 0.512395430848656
1461244464.27023   2.64625546856628 -0.515134166626593   2.81033496777929 0.0301369142767278 -0.810963357562451 -0.301410416858849 0.500581621414419
1461244464.38856   2.65520613712914 -0.499719817791189    2.7836346627389 0.0280997646027312 -0.81162332738268 -0.313117776274101 0.492377127676235
1461244464.50852    2.6663284957592 -0.486513562259471   2.75227574657858 0.0227767569436869 -0.819215418976064 -0.312707183370926 0.4801890608117
1461244464.62782   2.67714588372951 -0.473646582959067   2.72035727597788 0.0304559063510252 -0.824931709348293 -0.328091760310094 0.459255821407486
1461244464.74806   2.68936105416685 -0.460273899841594   2.68884794120713 0.033260509311747 -0.831606525885988 -0.338811522835325 0.438783633033605
1461244464.82886    2.6966668225359 -0.450399648165299   2.66752866826363 0.0344607200891397 -0.835897055830001 -0.350502610156211 0.420994644977057
1461244464.94845   2.70644955946156 -0.436919692069353   2.63613365448724 0.0375578869141614 -0.83910543670896 -0.357889977188654 0.40792920396058
1461244465.06805   2.71426242279396 -0.424592762747545   2.60434052420296 0.0365464298151907 -0.84112738691041 -0.359142196815808 0.40272318026573
1461244465.19004   2.72375488174141 -0.414358658075073   2.57250240930266 0.0337383329536409 -0.841669620751984 -0.361766184924284 0.399473656000053
1461244465.30805   2.73192817927912 -0.405887335942802   2.54136899220533 0.0279215934144527 -0.843091094758347 -0.366420545867502 0.392624214900879
1461244465.42819   2.73869947925657 -0.399444756651213    2.5110135733404 0.034993123709342 -0.845099186111106 -0.369428465651298 0.384844716338859
1461244465.59  2.74545126987662 -0.38552409549102  2.47185507365451 0.0399880066858008 -0.846391208068583 -0.378252694114064 0.372757000767193
1461244465.70823   2.74913276984317 -0.373202093694099   2.44231502292606 0.0434098694452848 -0.847967329362414 -0.387151148173322 0.359417556661881
1461244465.82813   2.75025334668522 -0.362729939664157   2.41306170239818 0.0482387654478102 -0.850554662805148 -0.391210886260692 0.348114678747704
1461244465.94963   2.74939001828988 -0.356010276259071   2.38375959087648 0.0444851708701751 -0.854166463928448 -0.383153341487061 0.348732330563031
1461244466.10827   2.74807187050762 -0.347320249148646   2.34678120686837 0.0460927356813408 -0.858709566961676 -0.386730037052682 0.33306638642639
1461244466.26847   2.74719197184983 -0.337072750312997   2.31035365626011 0.0464003388722229 -0.863771534675747 -0.391665973482173 0.313597687575515
1461244466.42998   2.74432430752052 -0.322979633458186   2.27433451145036 0.050984915477026 -0.867888346953127 -0.39526152090366 0.296544576260795
1461244466.59193   2.74181195036168 -0.308301037130805   2.23914159618424 0.0528851806764609 -0.869092167714221 -0.400215771497597 0.285848382761208
1461244466.70833   2.7402487845821 -0.29888832974028  2.21210929030129 0.0547702100777091 -0.870748522606613 -0.4049369068214 0.273538545657392
1461244466.86905   2.73827286341032 -0.290943068735237   2.17764989023454 0.0539285887605126 -0.876927074751269 -0.401149786692036 0.259170718869661
1461244466.99104 2.73741444090444 -0.2869567983753 2.15129399916853 0.0496520300580692 -0.885714381048491 -0.391388864002625 0.244661946877188
1461244467.10856   2.73729051942262 -0.283258624561354   2.12539861228536 0.0422359776214064 -0.896527048895063 -0.377903354445443 0.227254103357354
1461244467.22869   2.73610766635026 -0.280254627953143   2.09987573082137 0.0455455124850542 -0.907912507810737 -0.360363081608803 0.209186361569536
1461244467.34968   2.73241502858079 -0.275946285732904   2.07601345150575 0.0608300726742823 -0.912671111577615 -0.356389882027958 0.190571236912131
1461244467.47046   2.72862871508972 -0.270913568096121    2.0506395964353 0.0640871395333413 -0.92021589359116 -0.347452783239705 0.168440230193499
1461244467.59122   2.72449664982484 -0.266990315147309   2.02786867198385 0.0596928761861276 -0.924411527311086 -0.342658868237355 0.156476799319606
1461244467.71172   2.72237184959568 -0.262055371516565   2.00594500998614 0.0580106346960887 -0.927668633310663 -0.345569631396075 0.129024427495206
1461244467.83047  2.72024801047945 -0.25282788581228  1.98315902166331 0.0625882445193822 -0.925738303459742 -0.358036257225207 0.10440949989166
1461244467.95101   2.71872212879587 -0.240222185153633   1.96302003720015 0.0700677530439863 -0.92225998553928 -0.372027970142114 0.0782446067687234
1461244468.06891   2.71728362491398 -0.228916786321551   1.94294639338326 0.0771918758372065 -0.921493147139243 -0.376080741119496 0.0587798455183259
1461244468.19314   2.71617127903246 -0.220775591144723   1.92095813240623 0.0851376660599345 -0.922995980799469 -0.373017777436832 0.0410820515794829
1461244468.30949   2.71693666998021 -0.213683118770726   1.89952485542294 0.0876234890478372 -0.921157395594231 -0.37884667396027 0.016320978474903
1461244468.39095   2.71895374300004 -0.209940291090723   1.88545958189203 0.0897944052525813 -0.922650871206569 -0.374985273463083 -0.00619510556098295
1461244468.50897     2.722494275436 -0.203496555298941   1.86695074136824 0.0956789265204461 -0.920748861210505 -0.376466743559196 -0.0366042155138842
1461244468.62925   2.72500947138006 -0.196153129821171   1.84988884142326 0.0910574467130662 -0.919455773291229 -0.378038382211206 -0.0582803906529432
1461244468.74921   2.72933012967534 -0.189200524403188   1.83334881986409 0.0898997304984412 -0.916131076973038 -0.380967821963234 -0.0865182459896065
1461244468.86936   2.73426101458527 -0.181322363222121   1.81553054479025 0.0985058772146268 -0.912051503791171 -0.383335264139204 -0.107297352501204
1461244468.9919   2.74038237441814 -0.175026224509713   1.79674061840369 0.105300584080159 -0.910754640050597 -0.377806740382601 -0.129227858993944
1461244469.14932   2.74959826664597 -0.170232113680985   1.77242529930684 0.11946774199315 -0.90423178845818 -0.382412545137243 -0.147827523440105
1461244469.26975   2.75942571441739 -0.167060120072561   1.75556010558224 0.125390041822876 -0.903896821788005 -0.369684086094184 -0.174875811540387
1461244469.42933   2.77190722297016 -0.158508055417377   1.73767525054076 0.126319395247516 -0.893384487784745 -0.375145235509257 -0.212540865822539
1461244469.58942   2.78354947994354 -0.146784988177587   1.72145363069469 0.134850033093702 -0.878860897703881 -0.381574246921612 -0.252626374608751
1461244469.74954   2.80162200674664 -0.131423722094845   1.70279250027186 0.152527893952572 -0.861462500440619 -0.383445423674301 -0.295951362497666
1461244469.86934   2.81857998243599 -0.123400305150476   1.68916482763897 0.168547849707131 -0.843761260034826 -0.382176517908317 -0.337045497793723
1461244469.99372   2.83665631682313 -0.119702441823621    1.6753906759057 0.167371914766489 -0.832490442585818 -0.370765084425624 -0.376137683995539
1461244470.14962   2.86126136428439 -0.115366736540673   1.65768493607414 0.175047083912095 -0.818481458448146 -0.355863989529477 -0.415701144509649
1461244470.27008   2.88261612302489 -0.111124198046957   1.64384113759524 0.180775446792936 -0.80415955771693 -0.344076605405673 -0.449732068215993
1461244470.39199   2.90338787294806 -0.108051911677306   1.63058209421018 0.216420593133577 -0.787418922371548 -0.324283546742249 -0.477465966191528
1461244470.50965   2.92511109172769 -0.106661142641934    1.6167421511536 0.204745261793422 -0.774684647959074 -0.31220561462448 -0.510363329586502
1461244470.62968   2.94771801481265 -0.106598677131404   1.60436498227242 0.198669802621373 -0.758142209194027 -0.303881421537795 -0.541670362682835
1461244470.74971   2.97240613466783 -0.105626973011619   1.59419855693406 0.207159472608721 -0.738981564889617 -0.2954787994819 -0.568931875287811
1461244470.86957   3.00094456385623 -0.102538204927165   1.58779973667037 0.203759931599997 -0.718118901235091 -0.2860327634325 -0.600809780385137
1461244470.99245   3.03178254037287 -0.096517588794347   1.58194142970993 0.205934569981811 -0.70409007356319 -0.274073662606251 -0.621877599421127
1461244471.10989    3.06503950929047 -0.0879193223930179    1.57372104180215 0.207561940100727 -0.693272627576441 -0.268147257594029 -0.635915209064606
1461244471.22985    3.09930951965279 -0.0822539782437171    1.56249669171605 0.192243487515136 -0.693081937594907 -0.269619784477893 -0.640300742702835
1461244471.34989    3.13347006289528 -0.0792549212093145    1.55275326812307 0.199833917397603 -0.689761776639064 -0.272461472136409 -0.640359151684826
1461244471.47089    3.16824312222975 -0.0785417217874513    1.54440312383026 0.203549804449405 -0.681815119697735 -0.268651617631293 -0.649247200998404
1461244471.59218    3.20582925223682 -0.0746253895145021    1.53393185632231 0.191542387687639 -0.684796632224521 -0.265884659813911 -0.650899711083446
1461244471.71    3.24503563637691 -0.0725739463268762    1.52462780175743 0.176279176979189 -0.689220100762984 -0.249523147476273 -0.656992772670549
1461244471.83007    3.28839973792337 -0.0722277777888687    1.51496766680608 0.157773286486518 -0.688204666473878 -0.241761334371276 -0.665607530244244
1461244471.91001    3.31608631179812 -0.0741158829531652    1.51058534539939 0.146197035619265 -0.67996108373347 -0.237232749752069 -0.678232979019169
1461244472.03    3.35517956148129 -0.0782276386856389    1.50463006292293 0.147623340974016 -0.675730051916673 -0.22727534730996 -0.685523276513276
1461244472.15025    3.39529399787987 -0.0788666986407141    1.50287089677291 0.141421520488015 -0.667242518227927 -0.224296323053687 -0.696044923030338
1461244472.31108    3.45268981870142 -0.0732691566696646    1.50322842910822 0.142951970417157 -0.662289518144614 -0.210138230869645 -0.704825689256999
1461244472.4726    3.51625206049167 -0.0694879872831069    1.49809518892593 0.150005816458294 -0.666296844148144 -0.208138519466702 -0.700160786691967
1461244472.67019    3.59032546482111 -0.0686942516865423    1.48974578333194 0.151983566161698 -0.665145287825228 -0.221273701650731 -0.696793147683336
1461244472.8705    3.66450925950663 -0.0604047227590137    1.48300488953807 0.157070903004205 -0.668286858185011 -0.20989978984926 -0.696177768122401
1461244473.07038    3.73578796635075 -0.0618699770926185    1.48172032317722 0.144679288705989 -0.662036920357671 -0.193635765797328 -0.709422447986348
1461244473.2305    3.79628279563894 -0.0676841090555276    1.48021758439599 0.149843620615059 -0.647829586979145 -0.181347489482537 -0.724552830133029
1461244473.35049    3.83964296846066 -0.0672613308511012     1.4813583366089 0.137178257064151 -0.64280977742297 -0.176401734949862 -0.732707406639889
1461244473.47119     3.8849198036321 -0.0654286569257605    1.48136220449021 0.127754459870039 -0.646657694829401 -0.159773178615808 -0.734836822087898
1461244473.59295     3.9312371747614 -0.0653608201324976    1.48170983775031 0.137635418272016 -0.655632092322368 -0.144210293119787 -0.7282900812948
1461244473.71127    3.97571629387405 -0.0668554972056279    1.48114534265001 0.1346506484454 -0.661720892618841 -0.145236209624585 -0.723119012721172
1461244473.83062    4.01969197965567 -0.0683181106568891    1.47877707410808 0.127631451619914 -0.665506954926055 -0.14451656906193 -0.721058712428476
1461244473.9507     4.0635996072505 -0.0683778296834407    1.47357940867281 0.115321776689298 -0.684241094700136 -0.137492950075089 -0.706831451496347
1461244474.07039   4.11268364371893 -0.069610995765781   1.46877918007164 0.101065493918061 -0.695502914993444 -0.118319747474781 -0.701471238563795
1461244474.19271    4.15880211872949 -0.0713410016955616    1.46872941178662 0.0957565860400132 -0.68058237957387 -0.114653468119085 -0.717281592606277
1461244474.31083    4.20981649277192 -0.0747341683022321    1.46906711072215 0.0961211542605405 -0.663314222726004 -0.114888249591665 -0.73319550990086
1461244474.43085    4.2563456347089 -0.074908432197339   1.46763130954688 0.0867442565781919 -0.65654218462753 -0.119301835621271 -0.739726210007866
1461244474.55087     4.3016015084684 -0.0727757619576764    1.46559805307682 0.078093292348158 -0.661033294313254 -0.108229145676401 -0.738392086581207
1461244474.67077   4.34894281250765 -0.071192755686168   1.46431444586558 0.0783069189620348 -0.662962250859036 -0.09444024083607 -0.738532410452932
1461244474.83084    4.40963418471344 -0.0756355703178364    1.46264959017984 0.0635584772072955 -0.672131644337814 -0.083702333890521 -0.732934711932868
1461244475.03103    4.48136335383709 -0.0778226860455452    1.45492980295991 0.0686089105429985 -0.674870690522919 -0.091304985321897 -0.729044421227259
1461244475.23099    4.54988596427332 -0.0725798767977783    1.44576119962806 0.0469761377113712 -0.67268111885186 -0.0815996230429981 -0.73391747243486
1461244475.39292    4.60327585024358 -0.0716337965182401    1.44133908208902 0.0477395819543315 -0.662298924904298 -0.0777899963460092 -0.743659722490014
1461244475.51106    4.64168664345746 -0.0743950120567741    1.43902090848373 0.0529677732942222 -0.644943504468113 -0.0762132936831672 -0.758573546139466
1461244475.63092    4.67922954344571 -0.0751023008002278    1.43665099837739 0.046905050594643 -0.630669068312788 -0.0684692209802115 -0.771601197692537
1461244475.75114    4.71612323221754 -0.0714501987181076    1.43349139802396 0.0357767387794426 -0.622895370801116 -0.0561558632471578 -0.779466420713435
1461244475.87138    4.75378911443288 -0.0681878986246395    1.43084852084624 0.030727285978918 -0.618565011638886 -0.0461183235675305 -0.783776920114311
1461244476.03128    4.80406756602802 -0.0686429030929744    1.42935068746831 0.0304605778335388 -0.607864664890069 -0.0426674125296639 -0.792308143517505
1461244476.15128    4.83834032652648 -0.0712337580580276    1.43115590901189 0.0162311486794488 -0.574486709656886 -0.0468456469048779 -0.817011049867879
1461244476.27108    4.87141150194928 -0.0703621994756692    1.43296538347108 0.0146662303561426 -0.556645229790371 -0.0428768763824203 -0.829513449746568
1461244476.39351    4.90387313087421 -0.0681955227036053    1.43687467817732 0.0112048214635578 -0.527175932057193 -0.0284728327896511 -0.84920509091063
1461244476.47115    4.92437128954502 -0.0668537937741722    1.43872641059141 0.00378175022768731 -0.504547966894231 -0.0228055757513142 -0.863074129598822
1461244476.63145      4.963020257326 -0.0684617233087768    1.44208073423495 -0.00346946785365514 -0.454522551022153 -0.0133268634749287 -0.890628771214498
1461244476.7115     4.9806713518247 -0.0702490231218982    1.44457981423079 -0.00450315106880575 -0.42609660469766 -0.01292064401606 -0.904574188253118
1461244476.8315    5.00608741206031 -0.0709677121346608     1.4490950509095 -0.00773028360118861 -0.389121380769734 -0.0156444632935972 -0.921021196559317
1461244476.91147    5.02220842673079 -0.0708793551206779     1.4535783259016 -0.0220781751210798 -0.357808115248107 -0.00425427599459622 -0.933524401385246
1461244476.99432    5.03971055356131 -0.0683349708201134    1.45916662449504 -0.0270619971927453 -0.332594042577411 0.00325895322629369 -0.942676100457535
1461244477.07155    5.05874671852253 -0.0655011220235458    1.46459534393869 -0.0218023573739718 -0.318844936583204 0.00857388201961022 -0.947517309696928
1461244477.19506    5.08648016957239 -0.0646079277087923    1.47203806481042 -0.0230112787602213 -0.289147718151992 0.0179522905411782 -0.956839481523229
1461244477.31138    5.11310415608828 -0.0665621368752738    1.47826381586212 -0.0222522702347699 -0.26411968549783 0.019049368350523 -0.964044993642606
1461244477.47171  5.14315608292667 -0.07031772464594   1.4845175672396 -0.0304520730132193 -0.226227488753043 0.0146717658655468 -0.973487819065075
1461244477.59451    5.16096895611132 -0.0698969398916777    1.48963685549165 -0.0374314791681017 -0.179427246296696 0.0279977610060245 -0.9826601004581
1461244477.7118    5.18016872889366 -0.0685154617905509    1.49460738667152 -0.0384472439640519 -0.137687740882542 0.0375176681910971 -0.989017856267385
1461244477.83181    5.19856811621986 -0.0708174231807611    1.49680564959032 -0.0503874879675062 -0.0862510605356703 0.0477778749488678 -0.993850657935168
1461244477.95187    5.21392610446845 -0.0744235655259832    1.49628620778995 -0.0619804235144367 -0.0324065935877282 0.0610807101096224 -0.995679359354966
1461244478.07159    5.22907511392699 -0.0768838648003478    1.49711622341188 -0.0611741526501834 8.06197556448681e-05 0.0656583162136787 -0.995965211269938
1461244478.19442   5.24314535508054 -0.078171282086245   1.49955225315317 -0.0727958543209143 0.0383867804785216 0.0670253628955801 -0.994351456682645
1461244478.312    5.25582369627267 -0.0774633664414596     1.5050989482828 -0.0847927250538168 0.0763742923284655 0.0804422806550624 -0.990205130633187
1461244478.43201     5.2692679173978 -0.0734723475886856    1.50972417835221 -0.09409536849976 0.113917813903146 0.0838021325403949 -0.985467399706406
1461244478.55211    5.28117538256202 -0.0721791961635869    1.51295225168969 -0.0964521651841469 0.147341514474738 0.103827833275797 -0.978880605069298
1461244478.6727    5.29438664272257 -0.0706460733010124    1.51287447206506 -0.0899322038908954 0.180617366291173 0.103789159847281 -0.973918567435472
1461244478.79521    5.30715893566051 -0.0690615053223903    1.50857787997286 -0.0866529866923675 0.222340785367719 0.101336199739337 -0.965808888798269
1461244478.91219    5.32348268594852 -0.0653036074267493    1.50236163679711 -0.0794027387642304 0.247285498997215 0.0903420518356258 -0.961448594950644
1461244479.0322    5.34109931598157 -0.0620973722240223     1.4951416875837 -0.0833206118041949 0.28596430347448 0.0905735490707354 -0.950304438059542
1461244479.1523    5.36175447179508 -0.0602862761550124    1.48708109069405 -0.0877845056502064 0.325098837196927 0.0851193201577543 -0.937741610443323
1461244479.27272    5.38344694583568 -0.0579582721889498    1.47575036467934 -0.0869011734145832 0.359877187030276 0.0981930964553404 -0.923739526123494
1461244479.4321    5.41163805039513 -0.0549170831520551    1.45835292619526 -0.0840223481999206 0.394498024221418 0.0974168750588587 -0.909846968639307
1461244479.59465     5.4393466930476 -0.0496192329585413    1.44210799012924 -0.0845432159588578 0.413133414942428 0.111387341039746 -0.899870038588594
1461244479.79669    5.47518525478216 -0.0395897353701329    1.41855056925886 -0.0920557421127864 0.451778496889055 0.119383774288167 -0.879300542777862
1461244479.99484   5.51272573227969 -0.031156528534877   1.39572859365295 -0.0887701724644493 0.488571819556567 0.129722982136595 -0.858247855529745
1461244480.15253    5.54373998840808 -0.0243174851063837    1.38082785266414 -0.0736835380994656 0.521417221099442 0.14218755898206 -0.83813931767028
1461244480.31252    5.57718445469289 -0.0191079803222891    1.37096410640542 -0.0729869553246116 0.554933346561578 0.149869639196714 -0.815022071157253
1461244480.47243    5.61489638692228 -0.0149891902092727    1.36984304518089 -0.0766036146753389 0.580273833837175 0.150333604463192 -0.796752139220023
1461244480.63267    5.65353702269079 -0.0133663825780288    1.36780130605839 -0.0722354776255535 0.614288669899564 0.16286632273403 -0.768704121703746
1461244480.83282    5.69890047490933 -0.0116684521319339    1.36650527433421 -0.0663486934694483 0.633605307288238 0.172800372551284 -0.751187191515678
1461244481.07267      5.7488588006065 -0.00440861469470133     1.36723041497194 -0.0685864797139694 0.65734523792282 0.176262016599743 -0.729468871498181
1461244481.31291     5.79082294130485 0.000216757394458478     1.36588242559035 -0.0626871330105674 0.683044127599618 0.190334422430071 -0.702348809883525
1461244481.59515     5.81335860146927 -0.00125006825633522     1.36467651754986 -0.0609773929823169 0.722472271937059 0.200188297571263 -0.658969057955458
1461244481.83361    5.81008694436441 -0.0101802596768292    1.37034398603816 -0.0804972635646316 0.764668524292964 0.178512467358662 -0.613950761471756
1461244482.03591    5.79364277546995 -0.0165168027867846    1.37297331812141 -0.0757132595739198 0.794831786182308 0.166908852531948 -0.578490595381985
1461244482.19388    5.76450137952706 -0.0172849426488642    1.37190244845037 -0.0906248590296114 0.81054856802614 0.172051537511037 -0.55244585457466
1461244482.35312    5.72193602450834 -0.0162190144381849    1.37485728297853 -0.106602828988512 0.80094107476174 0.175218264220675 -0.562519147669348
1461244482.47309    5.68738174005582 -0.0171715227903706    1.37722928598767 -0.109280872981412 0.790430296970632 0.176887157035982 -0.576184493115762
1461244482.55326    5.66375520841876 -0.0193525536790671    1.37811072947178 -0.106372490293873 0.787286063516538 0.176714275558456 -0.581065927683911
1461244482.71367   5.61430800990634 -0.021160074027629   1.37831558174773 -0.102952160144133 0.78039952518392 0.18661551318236 -0.587836783515674
1461244482.83482    5.57294790785483 -0.0200514318861869    1.37985396083962 -0.097288580086875 0.772988613431912 0.191832203484167 -0.596844989419948
1461244482.95339    5.52853226134788 -0.0218968597065072     1.3823747846476 -0.100150285342364 0.761622404588404 0.185703339215628 -0.612711598534732
1461244483.07355    5.48155663140463 -0.0265150053140795    1.38461132671146 -0.103659599440226 0.755020926556513 0.177356512509505 -0.622689935181308
1461244483.19564    5.43700160199116 -0.0305700060042691    1.38471707165273 -0.0950794303254016 0.74733751936277 0.190651998803473 -0.629363447805748
1461244483.27415    5.40691012864763 -0.0343220280306427    1.38483028882454 -0.0918339482257583 0.742587796006062 0.185512817550629 -0.636957522681501
1461244483.39367    5.36008388769022 -0.0346594033933387     1.3849421283416 -0.0850242707238666 0.742905784715601 0.182808470476239 -0.638312565712215
1461244483.47344    5.32702573879352 -0.0327250853905841    1.38644812854175 -0.0841305613033246 0.737850319597826 0.183211150201531 -0.644152644150441
1461244483.55344    5.29376426822764 -0.0330198517389957    1.38952006058877 -0.0840239855062452 0.723730079510262 0.172735873162469 -0.662809972763322
1461244483.6336    5.26164773674051 -0.0346829077309847    1.39176524964148 -0.0924902761631387 0.70699468643235 0.18060886974567 -0.677483946924856
1461244483.71344    5.22848386329152 -0.0370987376450638    1.39375041970609 -0.0850148420540735 0.696326367773082 0.186765956555181 -0.687764889803555
1461244483.79527 5.19872918140325 -0.0390072516547 1.39415583288708 -0.0701181605161653 0.693864361838358 0.18690952074424 -0.691881869968881
1461244483.8735    5.16749786341562 -0.0420166598612433    1.39552303703208 -0.0735533201166857 0.694055931525659 0.186330771544549 -0.691489057461848
1461244483.95357   5.13459296602342 -0.042291917879028   1.39987746845498 -0.0694239704051585 0.690915078005861 0.185215422844992 -0.695350209935748
1461244484.11417    5.06881469365085 -0.0428535488842128    1.40906652084768 -0.0754056787191085 0.687180934034353 0.178331192854735 -0.700210206417753
1461244484.27394    4.99973534910133 -0.0479125626791155    1.41674259157349 -0.0604515871931603 0.694451428873579 0.174481872069055 -0.695441510740156
1461244484.43384    4.93797647515494 -0.0508559910500896    1.42135630285134 -0.0515383030151011 0.700846322172932 0.18684129247294 -0.686475467475743
1461244484.59612    4.87325513157143 -0.0473976947850856    1.42752883268673 -0.0624226427907894 0.697516477765008 0.199340866756986 -0.685446858446287
1461244484.75382    4.80727355587647 -0.0507354594028746    1.43256448464188 -0.0774108503460703 0.686382930306924 0.199440794486367 -0.695060718733712
1461244484.87572    4.75733725053118 -0.0571548523161212     1.4337814693236 -0.0813077493756052 0.686021836466528 0.211856374234345 -0.691288627476862
1461244484.95411    4.72520721822161 -0.0594920812258186    1.43585665871702 -0.0636936565371339 0.689349029220965 0.217974185321589 -0.687915902245639
1461244485.03397    4.69256374387475 -0.0619113884250728    1.43923710109002 -0.0623506722324094 0.689646769224926 0.201482541795036 -0.692751407592652
1461244485.114    4.65824624953336 -0.0622217495335204    1.44278458344931 -0.0714035096838716 0.689247061907367 0.200411777603766 -0.692585840062145
1461244485.19616    4.62246522852211 -0.0639344786822524    1.44682623729121 -0.0819763876605201 0.685431962142218 0.191058417281877 -0.697824890875745
1461244485.27384     4.5905722319767 -0.0651183520974135    1.44887355691818 -0.0782619243404557 0.684584691340495 0.191440920907425 -0.698977285312538
1461244485.35403    4.55660842634224 -0.0676802321297036     1.4500774262376 -0.0696346831370985 0.685386855073521 0.194677956049024 -0.698209397835204
1461244485.43532    4.52203467588867 -0.0699203030212203    1.44989045165912 -0.0656236231777812 0.692416949402642 0.203942712873899 -0.688955497928999
1461244485.51412    4.48815959476978 -0.0702290868703832    1.45152039635334 -0.0565331644355267 0.691127444564631 0.209304566550145 -0.689447935024629
1461244485.63449    4.43464172834583 -0.0681789668700787    1.45419583037546 -0.0597853624960837 0.693224648455494 0.204035532224286 -0.688647078549616
1461244485.79751    4.36148736834257 -0.0676345577898567    1.45821490833314 -0.0721768728364838 0.679834814230674 0.20988607323196 -0.698972789635447
1461244485.91535    4.30769824191263 -0.0720057638397515    1.45911373776924 -0.0663177745689285 0.670831532696394 0.215561087659414 -0.706484553973774
1461244486.03419   4.25719200428525 -0.075961949448011   1.46095682760444 -0.0512502972928556 0.676182518001376 0.212378300867152 -0.703595101388216
1461244486.20095    4.18280955862432 -0.0759792403562756    1.46475916228103 -0.0527886281239707 0.670452429523447 0.210708958442591 -0.709442482037082
1461244486.31439    4.13010903008815 -0.0785054307276027    1.46723069139377 -0.0627658584002759 0.675034166558536 0.205502404924117 -0.70580314717937
1461244486.47432    4.06444743715433 -0.0858783219303125    1.46907780439797 -0.0495093194978061 0.678795025513203 0.206551441662021 -0.702938576668499
1461244486.63736    3.99966720105489 -0.0878826706553706    1.46892251217979 -0.0588026963919777 0.687839764595323 0.209255914206661 -0.692553726080525
1461244486.75449    3.94917504587795 -0.0867750392943345      1.471964028709 -0.0773168482202789 0.678585942322209 0.204314149954857 -0.701283788485222
1461244486.91462    3.87501727183878 -0.0888124400434127    1.47152980034228 -0.0776431459575353 0.669458914544596 0.219046228543117 -0.705560099058631
1461244487.03464   3.82212134880887 -0.093910909798588   1.47106698284969 -0.0682119151957445 0.670885798601497 0.227303882786287 -0.702561260482272
1461244487.15458    3.77015125273718 -0.0946714809468803    1.47576209345436 -0.0620495552845941 0.665891039055551 0.221186666982449 -0.709799573924708
1461244487.23794    3.73515023379707 -0.0938280492089798    1.48041759348992 -0.0660511017206807 0.659321851876552 0.217692531560864 -0.716618384708473
1461244487.31471    3.70240644358009 -0.0933345495786626    1.48263905958527 -0.0696709429196128 0.660667078935487 0.20745073254292 -0.718073230312166
1461244487.43476    3.65257236606296 -0.0931070601587975    1.48387775853049 -0.0595357502929271 0.6674280294972 0.217213824921512 -0.709798192545959
1461244487.55464    3.60969381682705 -0.0947551161744622    1.47655247474632 -0.066064168640199 0.696636831180638 0.238461993922805 -0.673400719125573
1461244487.67466    3.57224209311281 -0.0906859184557816    1.46236489286876 -0.0660107513264987 0.73084485796755 0.250831434530264 -0.631341401892188
1461244487.75664    3.54971788277886 -0.0862962697796825    1.45020898786078 -0.0829019985158742 0.751318313363825 0.265722945422386 -0.598363908438889
1461244487.87489    3.51941277737378 -0.0780606190090949    1.43171625050042 -0.0922822934165692 0.802476764951145 0.26486356322452 -0.526651984626787
1461244487.95481    3.50095575517935 -0.0717693392363572    1.42081029176617 -0.0759452599868048 0.819180472767567 0.2654118805832 -0.502724779742487
1461244488.07487     3.4774253833834 -0.0658204440714398    1.40301491593565 -0.061347097009197 0.834105292203833 0.274746073782672 -0.474362192999304
1461244488.19527    3.45752346362356 -0.0621165145746161     1.3794421154175 -0.0545328016118484 0.859784902657157 0.282554623695774 -0.421851845248216
1461244488.31502    3.43610693364835 -0.0573732915648695    1.35124256961911 -0.061628537921184 0.884778722162322 0.279198091341309 -0.367990437258738
1461244488.3968  3.42444421550541 -0.05374551760043  1.33277693074118 -0.0599379470938306 0.904104203783159 0.267750964818041 -0.327585793401982
1461244488.51662    3.40546447188767 -0.0489104382161727     1.3058418971502 -0.0597471669084258 0.918104984126247 0.269858643244798 -0.284059548044134
1461244488.60153    3.39581609440369 -0.0475079892716126    1.28799157627359 -0.0585727928259985 0.928429751736554 0.268929534455709 -0.249528213892535
1461244488.67649    3.38757143670303 -0.0459518692956764    1.26891331906905 -0.0645429873264784 0.934060066100886 0.273795636178831 -0.220004421119243
1461244488.75516    3.38008017901246 -0.0432739263576711    1.24967300185236 -0.0723927920704996 0.935130319432356 0.283323709132745 -0.200045607744437
1461244488.8353    3.37493551174459 -0.0402470174577858    1.23026953004566 -0.0725424341540589 0.940071484182331 0.279550655160133 -0.181258464833437
1461244488.91508    3.37056213137111 -0.0354692008156703    1.20911417377793 -0.0766804865539186 0.946605061827547 0.268892151516638 -0.160486668471478
1461244489.03512    3.36545557895626 -0.0274007015471229    1.17619752865437 -0.0843351570055878 0.951799365819437 0.256623564512505 -0.145292445280051
1461244489.19737    3.36272764815517 -0.0186280332310407    1.13185214965469 -0.0860590673303643 0.951469187112627 0.263482311082782 -0.133706000807521
1461244489.3153    3.36568137721415 -0.0119993837400883    1.09893124618488 -0.0787742047093826 0.954006800057406 0.266755808090192 -0.111834650116955
1461244489.47572     3.37123972698354 -0.00068286666665307     1.05372550477213 -0.0559982573443282 0.95815818998352 0.26441840352989 -0.0942336777198477
1461244489.60014    3.37834928630675 0.00636694133460813    1.01565300957018 -0.0562679977702585 0.961538798277469 0.25885489514352 -0.0726029964552763
1461244489.67526    3.38308692385103 0.00728808571279327   0.988959176215147 -0.0519889027175211 0.966093986256582 0.245542190216809 -0.0605689403624309
1461244489.75557    3.38865818054013 0.00518429974699169   0.962355097216988 -0.0528494314046365 0.968546567470666 0.239945361184692 -0.0393790285170158
1461244489.83538     3.39236721506576 -0.00103054378724896    0.936684724419424 -0.0507984854417487 0.971736912334294 0.228986771687435 -0.026682306422106
1461244489.91552     3.39128674858947 -0.00936792544404301    0.911176625014542 -0.0514233046817468 0.973396804271783 0.222189047113143 -0.0220529479217848
1461244490.00209    3.38541678106518 -0.0192349555215456   0.886084942956937 -0.0337683120052377 0.975676638274926 0.214131546038101 -0.032595699412465
1461244490.07537    3.37424229947398 -0.0301847270918003   0.861131337845523 -0.0275076764765209 0.978213819193803 0.202057189762691 -0.0389094299410831
1461244490.1555    3.35677291725923 -0.0406220401810868   0.838536146691418 -0.0209912350380127 0.979833313143872 0.190726758491158 -0.0557615467911156
1461244490.23553     3.3319045512011 -0.0486537319757351   0.817987366035204 -0.00864974387613684 0.981190838748397 0.17330838684707 -0.0845808662497644
1461244490.31551   3.30262337710618 -0.055983955920663  0.798272946285431 -0.00787514924720968 0.9789832505417 0.162580425022121 -0.12287140669321
1461244490.39764    3.26945489241672 -0.0620308824378879   0.780687309634812 -0.00813306862031952 0.974088840056881 0.148726048193321 -0.170192089887443
1461244490.47563    3.23404051645265 -0.0663296642372226   0.765875072057195 -0.00662224110441662 0.966124763386827 0.151369228178857 -0.208917314395049
1461244490.55562    3.19815307585422 -0.0694205114009279   0.754578832979663 -0.00391121936972631 0.956527048314192 0.149173399758351 -0.250575347971258
1461244490.63568   3.16058280065854 -0.069888351748784  0.749205329035343 0.00090650598314532 0.945251217179114 0.144333775678134 -0.292689384615842
1461244490.71564    3.12384838939214 -0.0697781777021084   0.749125317986676 0.00217715389608619 0.931239407683955 0.142337172205763 -0.335452761183773
1461244490.79804    3.08756783135373 -0.0673557107803371   0.751838034321874 0.00882468496711478 0.915156479164091 0.141077802649763 -0.377502049237788
1461244490.87562    3.05291119075929 -0.0638932049116403   0.756859678411131 0.00550087197815773 0.900325478555892 0.144833790522392 -0.410374153905311
1461244490.99961   3.00592188362155 -0.056768968245882  0.762298720423828 -0.00374344463786228 0.88419782765787 0.143789947918566 -0.444414940190948
1461244491.11588    2.96485283914116 -0.0496260864865429   0.768895757457509 -0.00439023278204535 0.870848156507671 0.139070197314802 -0.471448506607171
1461244491.27554    2.91563012160932 -0.0371509693238133   0.776505788463947 -0.00866752292465826 0.864114645373146 0.143188351954223 -0.482418749182312
1461244491.39581    2.87707890033109 -0.0239071781639357   0.782808787625298 -0.00358971174316518 0.851218614368021 0.155054835210958 -0.50137010541185
1461244491.51664      2.8376554500821 -0.00926541190435703    0.788753326983391 -0.0020142596938812 0.838076400321938 0.17108699020327 -0.518028118700611
1461244491.59818      2.80927837914949 -0.000914678485869902     0.791690499099757 0.00779937900874582 0.826924155948622 0.180636838704956 -0.532452760813968
1461244491.67585    2.77970071084489 0.00570004940387825   0.793657249511563 0.0122167317638005 0.814280053117265 0.195645561240745 -0.546371266564367
1461244491.8022   2.73666565576001 0.0140412353224868  0.796372842666559 0.0216480217157556 0.796636985689306 0.215908652126736 -0.564166934625264
1461244491.87646  2.70900252199899 0.019866189550767 0.799293503230539 0.0345486783689791 0.783595955108536 0.235268239638768 -0.573962214242169
1461244491.95605    2.6813652131521 0.0253153654446059  0.803475488863677 0.0508917839744266 0.770481947580739 0.245974545816895 -0.585887461536995
1461244492.03614   2.65499099038679 0.0285335941835625  0.806963147918627 0.0466630936877081 0.766564578574006 0.252924356939024 -0.588413606428446
1461244492.116  2.62792677005754  0.03007632019197 0.809914384817704 0.0408987370226805 0.769365622199248 0.248553662390029 -0.587047621237338
1461244492.19948   2.60186984651439 0.0306466374577823  0.812804676391891 0.0409099731585054 0.773411680282421 0.24896912368454 -0.581528264446918
1461244492.2792   2.57699212579577 0.0299586491477237  0.815922438434967 0.0443946013566855 0.775389490238842 0.250457313823337 -0.577989093106374
1461244492.35626   2.55236320938961 0.0283743040524032  0.817353223847587 0.0384902797663426 0.773960277510446 0.263781444364544 -0.574389534034541
1461244492.43619   2.52970559893746 0.0260786301125651  0.817602474498565 0.034173743161719 0.771665775847491 0.280852107532952 -0.56963688377624
1461244492.51626   2.50661204035523 0.0235127079206852  0.817164896200169 0.0260368896483887 0.775626410450542 0.28316203453191 -0.563511325519545
1461244492.59836   2.4822491556767  0.02236622388863 0.817727996135189 0.0254386774017894 0.780918332137498 0.274984144498328 -0.560270606491326
1461244492.67804   2.45510650349666 0.0232682422468211  0.818518240130316 0.0291209943057414 0.783676635004927 0.270749703354025 -0.558298752973447
1461244492.75867   2.42514566740301 0.0233638033996764  0.819986416266101 0.0257146009620811 0.779002699772002 0.263024721242525 -0.568604914734814
1461244492.83632   2.39251431315911 0.0224079451224499  0.820060771701614 0.015959716876605 0.767730480662769 0.266613832961927 -0.582453655299615
1461244492.91631   2.36048322199644 0.0198259961420613  0.818377894650023 0.0115585208908624 0.755777548827911 0.273966446618927 -0.59465038754674
1461244493.00006   2.32938904016266 0.0129383133519243  0.813822005532281 -0.000682022843455927 0.751471584497263 0.262443662224017 -0.605320837817814
1461244493.07636    2.29943333585972 0.00648528221624844    0.80774812314238 0.000298267595261473 0.755972522440305 0.259320502346843 -0.601047696455335
1461244493.19877     2.25457206889531 -0.00167786874347098    0.798670074883919 0.000385275050222189 0.763290861102923 0.233405979506196 -0.602418925375562
1461244493.2773     2.22466792167654 -0.00615179650078024    0.793453261736993 -0.00576198880096389 0.75868343554725 0.230799338463289 -0.609178060567013
1461244493.35733   2.19513270138007 -0.011116085858031   0.78871901129169 -0.0243904355199482 0.752966477914449 0.230462804883675 -0.615900548268474
1461244493.47653    2.15198319719569 -0.0177070562824361   0.777120023420463 -0.04205111566738 0.75524276083565 0.223183900121963 -0.614840648138055
1461244493.63752    2.09934955612082 -0.0266390210816648    0.76345501422986 -0.0516308386566077 0.742625253068157 0.231186880367088 -0.626414093352955
1461244493.80033    2.05222086881216 -0.0300086487871793   0.749680507998695 -0.032815086521723 0.742728749898232 0.231613799015788 -0.627401165345312
1461244493.95665    2.00576891309387 -0.0272468556499633   0.737247793224532 -0.0346624951996565 0.733396245610815 0.225646311737858 -0.640321950544878
1461244494.0765    1.96956817406942 -0.0215322809492363   0.727934366375692 -0.0347143105846523 0.720175088702249 0.231625861306441 -0.653063717126736
1461244494.15674    1.94516845587886 -0.0193048038048811   0.721994825879238 -0.0338012610168296 0.703872672656456 0.225555917708918 -0.672714845553165
1461244494.2365    1.92165203566058 -0.0178215502138136   0.715745075889225 -0.0336041154282123 0.688416677006022 0.223652242644109 -0.689153768477351
1461244494.31671   1.89880478874203 -0.016433753260693  0.710557879355019 -0.0195156703102753 0.674084997407527 0.209544864482186 -0.708039197115228
1461244494.43676    1.86405006579269 -0.0133778315003684   0.701950383731482 -0.00842503950724429 0.665276182572936 0.207063394664678 -0.717259625380115
1461244494.60001    1.81935722307436 -0.0098784238832208   0.693792832240614 -0.00929812168791078 0.653881542634552 0.198715138007583 -0.729975867451496
1461244494.75692     1.77672152793152 -0.00653268846521093    0.690219370298983 -0.0052737026948274 0.634191499835249 0.18304585040012 -0.751177439922088
1461244494.87706     1.74415340784697 -0.00660283082780677    0.691050108663301 0.00208972673071961 0.615151000626547 0.183074395824838 -0.766856339260307
1461244494.99904     1.71301283072109 -0.00823996891223711    0.692078846207478 0.00888443881115034 0.604303152018716 0.177151005204869 -0.776760122922232
1461244495.11695     1.68137871432647 -0.00854077794657038    0.698574762707169 0.025155992725916 0.589391070670704 0.178944891321965 -0.787377970045762
1461244495.23679     1.64973530037376 -0.00777786126532459    0.710076779678857 0.0322006495925407 0.568355206901654 0.172943445150207 -0.80375745205452
1461244495.31703     1.63064932285862 -0.00705246702232382    0.720214349906187 0.0299118791271539 0.543111085189404 0.173048601905522 -0.821090622288438
1461244495.39947     1.61258144934714 -0.00665807829796417    0.728987843930516 0.0261361007031504 0.521456704206296 0.174642664074947 -0.834805216660239
1461244495.47892     1.59574030197276 -0.00601011363432685    0.735010944929015 0.0292596608046123 0.50395557971858 0.180049130072684 -0.844248160602188
1461244495.64     1.56425190500294 -0.00787491684496941    0.746334081191997 0.0430229294268737 0.49028844623305 0.183842995487698 -0.850863102998374
1461244495.75814    1.54539927523511 -0.0078451099214641   0.756154345072189 0.0531204392433494 0.480659056879245 0.186958289487344 -0.855097472786884
1461244495.87711      1.5286001435108 -0.00370231608990886    0.768840389901731 0.0675991279386165 0.475791066018175 0.199939645027528 -0.853860268279004
1461244496.00303      1.51330211976503 -0.000324838991503207     0.785812808289263 0.0765013013337224 0.460466854557166 0.224723111211671 -0.855346333385386
1461244496.07726     1.50210262695093 0.000424837152042834    0.798542260634115 0.0777415384502587 0.456989848322283 0.240290579894531 -0.852863980329638
1461244496.15729      1.49039743870626 -0.000217795724693243     0.811769815836874 0.0783855128267291 0.466886406962897 0.233968120262348 -0.849194743903347
1461244496.23729      1.47805246988899 -0.000859246876995928     0.824310000628642 0.0743248111206049 0.483708983272331 0.235751049989742 -0.839596858249403
1461244496.3174     1.46519191412552 1.03497045954859e-05    0.836932694075408 0.0776193008648523 0.498239280455796 0.236447254667139 -0.830557378694883
1461244496.40392     1.45254285090151 1.26507840385037e-05    0.847472981132781 0.0691689522516873 0.512861333852288 0.25538903779742 -0.816679464451362
1461244496.47731     1.43983213722094 -0.00204240698299385    0.856243289323567 0.0413490049053366 0.53564959887663 0.263033159127759 -0.801363415820759
1461244496.56034     1.42767419513449 -0.00393231483159101    0.865123312823851 0.0257338252894253 0.544321912904274 0.258946136397046 -0.797495030588435
1461244496.63746      1.4141626024312 -0.00512172542846118    0.873268125260395 0.0150143895433434 0.559626567021368 0.252367484513662 -0.789242248204419
1461244496.7176      1.3983129781109 -0.00625640252458798     0.87983678712869 0.00220087050560336 0.582216320754399 0.242278380789061 -0.77609309893753
1461244496.83824     1.37017584383091 -0.00990475279085701    0.890056145587289 -0.023002936165034 0.614697918437371 0.204362296401412 -0.761481047568547
1461244496.91771    1.34977478441534 -0.0117415156667908   0.898136251488103 -0.0363385795292146 0.618508682702602 0.206325432210701 -0.757335020372331
1461244496.99757    1.32831372777241 -0.0135740517696967   0.905978571958943 -0.045114381893147 0.619798816766386 0.210993634869856 -0.754516935082171
1461244497.07764    1.30590157480756 -0.0161001448663013   0.910857342042458 -0.0572748877134847 0.62919404287556 0.21513656465241 -0.744681611292286
1461244497.15781    1.28172121803297 -0.0184716478596019   0.913628125398929 -0.0676057573788839 0.641931223275539 0.228857520799796 -0.728682373415584
1461244497.23756    1.2608399753714 -0.017526577591307  0.914693169913796 -0.064562784535483 0.654108803637671 0.247890210775296 -0.711704828744683
1461244497.31764     1.2387686009196 -0.0164417085686732   0.915291942332368 -0.0543365111911776 0.669909618920277 0.255645454609166 -0.69492017352163
1461244497.39979    1.21655162137666 -0.0156166291749976   0.916042863364617 -0.0515206010051409 0.678749402983263 0.252865253214435 -0.687534755004235
1461244497.51767    1.18339235366397 -0.0114259688645421   0.916410229048969 -0.0504042691164265 0.693323487381981 0.257146211812173 -0.671295596030524
1461244497.60023     1.16055432445134 -0.00688895080664875    0.915982676892088 -0.0436314751515621 0.703960452832532 0.272154162360202 -0.654574737622781
1461244497.71761     1.13074771681973 -0.00174398855335389    0.912708622900248 -0.0382553297754396 0.717875021781717 0.279291759764386 -0.636543867909655
1461244497.80293     1.11083074823783 0.000633729834856434    0.908570340533231 -0.0352709283151489 0.728206207410385 0.289670359206611 -0.620131247480632
1461244497.87756    1.09304422793501 0.00268392772073578   0.901680122729927 -0.0372782777334955 0.739017226636617 0.303542745713249 -0.600271330540123
1461244497.95786    1.07583885931723 0.00564206154444891   0.892863051080301 -0.0415567005861201 0.754061397103862 0.314696870137254 -0.575004634729133
1461244498.03781    1.0592615636322 0.0100451291315294  0.883299756127188 -0.0478642520460955 0.765192098790126 0.327686594989855 -0.552097419654525
1461244498.11793   1.04408327025385 0.0152585635581649  0.869920174173223 -0.0625926497655407 0.78449960983386 0.33184600257819 -0.520116095635125
1461244498.19986   1.02839648637003 0.0216266622298708   0.85503848173538 -0.0763780107541003 0.799333405295034 0.343471885232844 -0.487092979529872
1461244498.27809   1.01542225340885 0.0259143034201682  0.837825780623359 -0.0993760063829335 0.816515026045056 0.341415969946719 -0.454821676114235
1461244498.35985    1.0081756553675 0.0308496217613001  0.819682784267811 -0.0978839065412594 0.836783789755029 0.344468959768592 -0.414189287402968
1461244498.43914   1.00233468847434 0.0329995058670045  0.800516025110145 -0.0939320824590703 0.858759383428004 0.327789383583126 -0.382443728239137
1461244498.51799  0.998597467678547 0.0367429183073997  0.782708900528613 -0.0809258121558695 0.873701616775481 0.329234712769047 -0.34885670651244
1461244498.63775  0.992750172288609 0.0432464649774695  0.755583800047859 -0.0681157436253824 0.893008010099155 0.325701378332168 -0.303010810898942
1461244498.76094    0.9863905060638 0.0501475106450419  0.729454138014533 -0.069850985895042 0.907100306464326 0.328451560520564 -0.253790161695491
1461244498.83804  0.983331784455914 0.0535037844208691   0.71000026475915 -0.068577139342641 0.919047589506282 0.323799107290398 -0.214015986085651
1461244498.91803  0.981092032478659 0.0540676635397294  0.691047783150262 -0.0610538405790293 0.931651628074167 0.312082532011905 -0.175790118238606
1461244499.00003  0.975319222254576 0.0511559941639299  0.670506607991649 -0.0385385493267253 0.94126041413401 0.302976502745854 -0.144044617337668
1461244499.07814  0.973178829850129 0.0448540838372421  0.652014486691522 -0.0352405522877518 0.952380154584404 0.28491100836438 -0.102741724440626
1461244499.20095  0.969776724243615 0.0301671045215393  0.625761210483962 -0.0541602997727823 0.957512229864749 0.279423714924263 -0.0464691201324376
1461244499.31829  0.967391453379762 0.0159337708362658  0.601976873875985 -0.0550034436542159 0.963716099579038 0.26119774385804 -0.00128031316952184
1461244499.4383   0.958595924983335 0.00373190051107308   0.578280955160315 -0.0497151035249968 0.970760137510135 0.233496131593426 0.0251539347559703
1461244499.55835    0.943562394589861 -0.00459290946331992    0.554346214005425 -0.0578112568672981 0.973321194235169 0.210229652788917 0.0714647082153111
1461244499.67833  0.920303248524482 -0.011173082777706  0.532972504895393 -0.0597980239771941 0.971477060441005 0.207753880647114 0.0974414821387271
1461244499.80059   0.894648692680491 -0.0205971304228403   0.508268259710373 -0.030002456211685 0.970675914311176 0.206370400765018 0.119580013737721
1461244499.91842   0.859650690418456 -0.0302082936804122   0.484649448266248 -0.000440198944680824 0.97350769503915 0.200884356128877 0.109215609631299
1461244500.03848   0.824072031041601 -0.0359622074274578   0.461067409384772 -0.000703493875921653 0.974192363445047 0.187596200750964 0.125524537702892
1461244500.15924  0.783609273639722 -0.039278597303691  0.440291808527111 -0.0126921242203182 0.976051204847642 0.169084079833203 0.136284736655286
1461244500.27906   0.739340751258688 -0.0404060835870709   0.421512985044835 -0.0244706683672368 0.978638036948249 0.158823171734049 0.128234079511164
1461244500.40098   0.695516264614265 -0.0440035379717777   0.406474614595006 -0.0275880890379519 0.978152126222383 0.152438113922855 0.138635986430321
1461244500.51861    0.64749563431156 -0.0459621351861785   0.391264391067157 -0.0226837787075963 0.980778115354726 0.155275063370414 0.115971502189508
1461244500.63861   0.597834789462945 -0.0441934828815191   0.379038521075145 -0.0151595743068146 0.983395333282897 0.154878361021848 0.0933621929446955
1461244500.75864    0.54632180874394 -0.0372474664340278   0.367261558074464 -0.018044697666862 0.984041345666976 0.157596189341799 0.0806254302871221
1461244500.83928   0.507720974650831 -0.0336488516485342   0.361043359244616 -0.0218820828928808 0.986237316949152 0.152933711395973 0.0588932001495981
1461244500.91874   0.467470145053624 -0.0284041296576354   0.356442647935283 -0.015236759876806 0.98815550587243 0.148184608078679 0.0368491423377364
1461244501.00111   0.428736800004249 -0.0268424598115952   0.353742922733714 -0.0087909967022591 0.989678674533476 0.141548072436324 0.0205665441969192
1461244501.11858   0.367543955065224 -0.0240691581896923   0.349958150315432 -0.0141116206737453 0.988914311507884 0.147398173820516 -0.0110961710164135
1461244501.20065   0.326837810549402 -0.0206868171136581    0.35067108456255 -0.014473582571813 0.987130997326714 0.15507475038097 -0.0362592239103964
1461244501.27858   0.285506295341212 -0.0167985872513714   0.350509929986428 -0.0104472269143487 0.984964485658282 0.165799645920612 -0.0473950931459743
1461244501.35874    0.250306390001092 -0.00607776051965478     0.36032509328682 -0.006360976205087 0.983797577245622 0.170633063094184 -0.0546463426631601
1461244501.43871   0.213198268280093 0.00365699163060132   0.366917232657304 -0.0199417620889288 0.98046929982381 0.185129143279832 -0.0633204432728691
1461244501.51892  0.173997874666715 0.0129880564395032  0.376977860910246 -0.0269846402674281 0.976164185542787 0.20336466773072 -0.070838718029041
1461244501.60176  0.140490971796229 0.0178597945059161  0.384349050086413 -0.0164417393717315 0.974467777316119 0.215947054596716 -0.0592375707639889
1461244501.67902  0.109354855846983 0.0200368091431375   0.39294937623701 -0.00412119455820813 0.974170362188387 0.219016655182144 -0.054834532385951
1461244501.75913 0.0719607481066945 0.0216935136087228  0.401018580090005 -0.00479062612030922 0.964983460190829 0.251693588743762 -0.0737177647843122
1461244501.8393 0.0436536392606598  0.023322346825348  0.408169956104706 -0.0147568290694161 0.956815036504197 0.280592183706039 -0.0745335384801065
1461244501.91935 0.0102488003970042 0.0285797683271052  0.414825417950929 -0.0272578896503778 0.95002794795994 0.302061167860754 -0.0739118151409546
1461244501.99906 -0.0247401512800428  0.0354088083034656   0.421090760468436 -0.0261298565961325 0.946630602731988 0.31070975547521 -0.0816528041041662
1461244502.07913 -0.0596311014077062  0.0451200517806933   0.429679511436825 -0.0337974776056357 0.946080921350622 0.309643015027941 -0.0889371913670646
1461244502.15906 -0.0982927895582477  0.0460437856397694   0.432334783076724 -0.048722446011601 0.943584441856723 0.31195533435966 -0.0997917516888809
1461244502.23902 -0.129916667379729 0.0485104605161723  0.435723980272395 -0.0515335509953173 0.939623887312352 0.323979345291551 -0.0974095854538784
1461244502.31919 -0.162937742158703 0.0494831051693705  0.443318294668998 -0.0553368419585278 0.94003782777273 0.319034736139288 -0.107161342913005
1461244502.39915 -0.193912797030049 0.0424607112593323  0.442412696602927 -0.0480992328773068 0.933218358812834 0.3346864286814 -0.121552264593404
1461244502.47924 -0.224039405521569 0.0408457314732599  0.446002864226804 -0.0376145746003365 0.935996175519425 0.324650689935455 -0.130760210748828
1461244502.5593 -0.250071088648389 0.0373558917132061  0.452636734732838 -0.0351272417876791 0.935274501617026 0.323999644062131 -0.13802867150352
1461244502.63994 -0.283261849116386 0.0291905383379668  0.451983600987559 -0.053631901802222 0.935770980935855 0.315571044353045 -0.147889169019754
1461244502.71932 -0.309518188248986 0.0178594630284113  0.456856096486218 -0.0736003152529436 0.938023323731839 0.301250537422293 -0.15473639336795
1461244502.79928  -0.330190773999425 0.00824357928587766   0.463205983815682 -0.0842630123350113 0.942475738994863 0.279168909996143 -0.163413420042178
1461244502.91934  -0.349153411417632 -0.0131777966354804   0.467890307645934 -0.111198075802867 0.940836202434999 0.263702554232591 -0.181447488317245
1461244503.03944    -0.3581637684244 -0.0315415042686453   0.471095648622732 -0.123285657881964 0.942812573422864 0.240340529265902 -0.195298561050907
1461244503.20269  -0.341257902497672 -0.0521097275505913   0.471579167549188 -0.164844397158634 0.944564672309709 0.21803522703735 -0.181891572978602
1461244503.31938 -0.312045113770329 -0.061755559326209  0.470418170129708 -0.18702565258474 0.950911637226502 0.19044816978148 -0.156582112929127
1461244503.39942  -0.285189865539027 -0.0637690361241156   0.471785185464963 -0.195914535784097 0.956069452942342 0.172061976729428 -0.133952872246153
1461244503.47941  -0.251026921584526 -0.0599376306759242   0.474143831542459 -0.198289423048359 0.960455443372094 0.165305245487658 -0.104311177820634
1461244503.55944   -0.21441895784427 -0.0513085382113223   0.477676215871599 -0.183951509974286 0.965822035854491 0.168716087218028 -0.0698893335917963
1461244503.63955  -0.177135166601514 -0.0422378727386752   0.481486339714768 -0.175527134994829 0.96606691458521 0.187539503604174 -0.0270901460354189
1461244503.71956  -0.140017277811666 -0.0287777698348919   0.485622544368355 -0.16612479227715 0.963582862049897 0.209281504267039 0.0105770187826745
1461244503.80192  -0.103594394885842 -0.0233194041897672    0.49130775855312 -0.160708135027473 0.958384954709994 0.228277962276854 0.05966863380572
1461244503.87964 -0.0719449248940584 -0.0067755285418947   0.497188785870551 -0.165851244687917 0.948811050608226 0.245629930215812 0.109164519242102
1461244503.96001 -0.0415242368782909 0.00528164179921164   0.500560119184522 -0.17234092491947 0.939115502419176 0.252024544520447 0.157620771705829
1461244504.0397 -0.0215103440926862  0.0151767320345608   0.502776048587644 -0.171942133004475 0.931563856905479 0.255754295862867 0.192910402915313
1461244504.11996 0.0161488314465333  0.020324319149759  0.493176254744732 -0.166880941395248 0.924078986323063 0.257430392037685 0.227943790638176
1461244504.20207 0.0399246780356214 0.0255479119607033  0.489722266121447 -0.150765842366947 0.920167674385449 0.251590081749082 0.259352159345067
1461244504.27993 0.0704245453614399 0.0283620917891511   0.48301104217619 -0.148472675730843 0.910483101848617 0.247256535017589 0.296379135062746
1461244504.35969 0.0963325825345307 0.0333428562637225  0.478335356317869 -0.153991630387414 0.894315764049282 0.240809202037298 0.344233670865786
1461244504.43979  0.119815142137613 0.0369809658487949  0.473204551162818 -0.176015228923522 0.874466936749862 0.230143835225532 0.389050164922207
1461244504.5198  0.144672886815926 0.0416978918821732  0.469854336629244 -0.189463705277197 0.859374651365106 0.221305784107258 0.420240958135222
1461244504.64054  0.179690144144767 0.0481486954474079  0.459168039036031 -0.178298046220849 0.839416640991893 0.196952690739676 0.47412988426181
1461244504.7616  0.217151836947205 0.0552815021332995  0.449790652315334 -0.170556127533172 0.824290473196453 0.162983501704955 0.514676793075467
1461244504.87988  0.256291698075753 0.0623330241778156  0.440699662675575 -0.159000092731692 0.825807408623484 0.132157937286931 0.524685976547824
1461244505.00176  0.290577098832007 0.0700408275141487  0.429296204214159 -0.165144046632873 0.815968964689937 0.131526578699293 0.538166193308545
1461244505.12014  0.325096014379445 0.0793250154323645  0.416113084011756 -0.153337709969685 0.808136104068327 0.143017072969306 0.550408667120905
1461244505.24005  0.366539228485854 0.0880102889999378  0.402590808441907 -0.152885155967293 0.80304350237058 0.137460595640903 0.559331607395199
1461244505.36052  0.395132189514664 0.0953040872642708  0.386385443905383 -0.132724170834013 0.794809898550362 0.123669683713186 0.579109082102041
1461244505.48011 0.427548615434855 0.101640575413847 0.368833152731551 -0.11630192199282 0.79683088802292 0.121052786645847 0.580414181148821
1461244505.72037 0.491620748643967 0.113171856572415 0.336581993435259 -0.124445780761409 0.788465067868291 0.126368949642898 0.588954134859655
1461244505.84021 0.528219258934036 0.119010134431049 0.320257020714457 -0.121032409424731 0.785673794278984 0.109904755081825 0.596647961248937
1461244505.96024 0.563199526733796  0.12516433510535 0.302674395289913 -0.117414060916172 0.798006218007399 0.0831207794312917 0.585227263844941
1461244506.20336 0.627380926936653 0.135106075301237 0.272415878070367 -0.116596888706977 0.789007673780227 0.0910481099561339 0.59630721774366
1461244506.32035  0.65684924733416  0.14023866659331 0.258609693321713 -0.137532176615837 0.779092868164921 0.0910969578353212 0.604814473572695
1461244506.40237 0.676508782616975 0.144016533122076 0.249782219398765 -0.139309375203205 0.769530901928642 0.0877432023783094 0.617022057461306
1461244506.60038 0.719175057862953 0.150240929153374 0.228346822366123 -0.101877085011912 0.756696552058259 0.0722893756366634 0.641720837921505
1461244506.68037 0.734373009645881 0.150794988181591 0.222023864913667 -0.104173545424988 0.73469046546653 0.0547022981829205 0.668120835597625
1461244506.803 0.752750475154344 0.154099080858018 0.213369650304803 -0.112120250703883 0.707147071070522 0.042682186886774 0.696814394355515
