1461244580.74292 -1.22116705574139e-05  1.05970269617609e-05 -2.37904952643812e-05 -6.42167410373904e-07 1.21672973848015e-06 5.75363185005794e-07 0.999999999998888
1461244581.10276  -0.0447975811848983  -0.0139936934234181 -0.00766746458585163 -0.00477822936247253 -0.0244437540623333 -0.0383803851184151 0.998952760369409
1461244581.14312  -0.0519628092614837  -0.0132694326063532 -0.00616437320607758 -0.00839958931732679 -0.0266924510259049 -0.0413873721680167 0.998751242994248
1461244581.38267  -0.101121264986126 -0.0123926581897261  0.0119165287331853 -0.0228389070762438 -0.0374761863370848 -0.0487432629544708 0.997846688674038
1461244581.62274  -0.144901452243788 -0.0104537682884965  0.0421547798254602 -0.0431726116806199 -0.0218592447472297 -0.0516192642231436 0.997493734607299
1461244581.78247  -0.177607892149894 -0.0108191563300297  0.0615311185352569 -0.0460033370912946 -0.0445220020304035 -0.0547144060015026 0.996447599268307
1461244581.98246  -0.220014911755606 -0.0126021605795713   0.084165758399057 -0.0519419408644299 -0.0657159078023471 -0.0495351341449264 0.995253598198064
1461244582.18519  -0.264514799129827 -0.0226303161182074   0.113572286865765 -0.0431518232191222 -0.0682825803256152 -0.0487144529039321 0.995541215347317
1461244582.34221  -0.303686071177556 -0.0377025558679559   0.141466196258676 -0.0383458664995031 -0.0739092162116407 -0.0309579068711758 0.996046500060885
1461244582.50208  -0.346007654556039 -0.0549215132403039   0.168755843467906 -0.0373178232656535 -0.0831992988568133 -0.0383393766618347 0.995095648133198
1461244582.66196  -0.394324450012646 -0.0697850001729984   0.196686384871272 -0.0375668605955434 -0.104525268368135 -0.0425127029006347 0.992902749190296
1461244582.82204  -0.442309839334336 -0.0822241465138464    0.22591452550228 -0.038001068813485 -0.096351665111241 -0.0480556792837413 0.993460078255741
1461244582.98185  -0.494235775112751 -0.0966841637915443   0.253508386339744 -0.0354673421138251 -0.0881376150604337 -0.0325301310666824 0.994945033168981
1461244583.14174  -0.54591238665676 -0.113977233677189  0.281609357798974 -0.0450924547421466 -0.0739632033355384 -0.0460019942159552 0.99517834160809
1461244583.30244 -0.596439236731728 -0.130150770796405  0.311694682215502 -0.0488277242089272 -0.0868730877996611 -0.0541156987733124 0.993549400438149
1461244583.46167 -0.643666835167203 -0.143389172910004  0.347903686870242 -0.0475195814760113 -0.0844748976527771 -0.0630494817341827 0.993292828875729
1461244583.62398 -0.686892245419619 -0.160628859321506  0.392788222806813 -0.0426279254045303 -0.076321126166384 -0.0538878231470476 0.994713048166592
1461244583.78143 -0.720432089131932 -0.183552954955421  0.440261881243496 -0.0367460291341272 -0.056788855991867 -0.0430583875896342 0.99678018160284
1461244583.94149 -0.747382701974786 -0.206914794995325   0.48648122852542 -0.0406737535680776 -0.037834235821547 -0.0291737976553252 0.998029611735468
1461244584.1012 -0.775445610220401 -0.226262697598483  0.540654426802037 -0.047613319827503 -0.0332789274201712 -0.0152295179325388 0.998195144522507
1461244584.22115 -0.793794606173782 -0.238792864170329  0.583656016737848 -0.0482757845876335 -0.0161508075294973 -0.0116711609729713 0.998635260763477
1461244584.34124 -0.809487241234372 -0.252139274013738   0.62528362671043 -0.0467964719391415 0.00924309737747775 -0.00400983524881514 0.9988536312124
1461244584.50129  -0.82392382550878 -0.268293906943347   0.67643496660135 -0.0615185510527494 0.0456740942004671 0.0054317613650257 0.997045556112563
1461244584.66108   -0.8312288208151 -0.285650392324901   0.72681576020812 -0.0649787589084851 0.0770454633013038 0.0185736686616993 0.994734525543296
1461244584.82363 -0.830303695604769 -0.298692695082092  0.778265491572731 -0.0580420390537711 0.110315710659667 0.0274393890155096 0.991820873754222
1461244584.94103 -0.825336781425512 -0.308657186362466  0.818546279923714 -0.0583672633799634 0.133874818704197 0.0199131867898992 0.989077479510237
1461244585.10094 -0.809663842266985 -0.322078651432393  0.867706398231648 -0.0582585977562059 0.160742342310539 0.0337546799180685 0.984697139611785
1461244585.2609 -0.789896956198514 -0.336020579254132  0.908879638731626 -0.0617367403225336 0.18701822911954 0.0511000675585996 0.979081988378321
1461244585.42674 -0.763921337740444 -0.340516723485297  0.943369928521463 -0.0719601307444164 0.210246170410702 0.0771384161915664 0.971940302774989
1461244585.58357 -0.731471876645145 -0.335233526801644  0.974551674030668 -0.0613727080471704 0.233662453740587 0.112892437440363 0.963789679332404
1461244585.70065 -0.699829711140704 -0.326558488588636   0.99247198995546 -0.0730436840467352 0.276083161823906 0.127460932019792 0.949840206975279
1461244585.82676 -0.665083201883258 -0.321178265927727   1.00589363443476 -0.0677890288070581 0.322764643577156 0.135844588095049 0.934223677881905
1461244585.94055 -0.627880283898213 -0.316979710506198   1.01501836444438 -0.0758029452185218 0.358683907442842 0.138689360956712 0.919980993931479
1461244586.0605 -0.589472858102978 -0.309135648089744   1.01950190099783 -0.0889889295822051 0.391336005207564 0.153846416914 0.902922134761754
1461244586.18271 -0.551870807103058 -0.299451497566341   1.02249116807708 -0.087931534137312 0.401114283445084 0.170037507808323 0.895802781229736
1461244586.26043 -0.525363157425973 -0.290251982648963   1.02023277823702 -0.0963132205257768 0.419200189442696 0.173564702427499 0.885929037109866
1461244586.38035 -0.483351772087814 -0.276228144847011   1.01163322214852 -0.102720086658329 0.441570140587571 0.176349950074097 0.873707668415038
1461244586.50134 -0.441204582879239 -0.264875769441379  0.999414980178886 -0.100010624490872 0.454426140226347 0.176332472142082 0.867410869966587
1461244586.62216 -0.400446306301036   -0.2538027908786  0.986036926289163 -0.116130442963035 0.465158461856374 0.175419374058633 0.859865901629725
1461244586.74041 -0.359719701330488  -0.24287377586481  0.971328078443075 -0.128346536530605 0.485215563121977 0.187162053501595 0.844430808055869
1461244586.86017 -0.319035736824472 -0.230398220132982  0.960874860289916 -0.134952285876854 0.491185006579433 0.204992515166262 0.835765061828971
1461244586.98001 -0.276453576355656 -0.215174745103098  0.952643251128394 -0.144358600636191 0.498685993227626 0.208374145835673 0.82888665686461
1461244587.09999 -0.230307602839049 -0.199354274198279  0.945098360077924 -0.140944276601351 0.506823242160693 0.206099652172603 0.825098688323632
1461244587.21992 -0.182373758874404 -0.186242474715783   0.93569126883594 -0.139686540502309 0.517740312149847 0.201912711804287 0.819551033425811
1461244587.33997 -0.135293729464675 -0.174973178328231  0.924197809016323 -0.142160139405387 0.528558574118768 0.206606448493345 0.811005612761553
1461244587.4598 -0.088370310452432 -0.164567983437857   0.90953498479723 -0.147115395653126 0.544849198154379 0.217067428045139 0.796478589363344
1461244587.57968 -0.0414858036682891  -0.153079641668921   0.896412039214822 -0.137157291997275 0.552439682139714 0.220170062797742 0.792163757247821
1461244587.69972 0.00794074021249647  -0.136313981824895   0.883523970274345 -0.145686539678586 0.562540656996471 0.213474838869589 0.785335555385124
1461244587.82182 0.0556456195069822 -0.121321338580015  0.868223723604422 -0.141119851787887 0.562859167618164 0.202321082848607 0.788885875329581
1461244587.9396  0.101848918824941 -0.111693701637637  0.853344816483787 -0.126256784366229 0.568364897046109 0.197292118488386 0.788730871837556
1461244588.05954  0.144209461762667 -0.103218645349112  0.845080065219922 -0.141214702220898 0.557996751761473 0.203119901475376 0.792111317003451
1461244588.17958   0.185317740753978 -0.0945751401465066    0.84182242770016 -0.148645924035885 0.546325425095398 0.21224491612852 0.79648290298
1461244588.29944   0.226855056972881 -0.0870599101536793   0.841270040718545 -0.147446708195833 0.5489281678316 0.210120464292021 0.795478928249492
1461244588.42163   0.267555771314023 -0.0806509297731615   0.843012983564728 -0.144966320924999 0.552459477787527 0.201989274880555 0.795596395186297
1461244588.53956  0.303540540666403 -0.078100269715434  0.841654827053831 -0.14545338817115 0.562664670025686 0.198499668026562 0.789208250570002
1461244588.69933   0.338508958845806 -0.0858185411226816   0.834867975657964 -0.128855025459508 0.577131188855269 0.193470808652034 0.782869733393661
1461244588.85918   0.358841795457694 -0.0987791484767525   0.824245176595435 -0.102754777604552 0.581426328627642 0.201733637288164 0.781465558834494
1461244589.05907   0.36553711540912 -0.114052759299154  0.807786863140323 -0.0867211185491698 0.575075093667818 0.201435164970963 0.788157318403916
1461244589.25899 0.351055412142907 -0.13086345387638 0.786473755092117 -0.0815322738586349 0.570804890643372 0.18716007291174 0.79530206352349
1461244589.42127  0.324209203916202 -0.147133313374837  0.765692593112746 -0.0832617712295719 0.557582054419208 0.177578674448535 0.806619826450151
1461244589.57899  0.292386542576979 -0.163306020863472  0.744865102115307 -0.0820608319200496 0.542558385906484 0.163341429615875 0.819887794224419
1461244589.73876  0.252093895323865 -0.176342872437512  0.726594744153329 -0.0726381644422933 0.53639996224507 0.162497366746889 0.824980838183693
1461244589.85884  0.212666925591671 -0.184797956718404  0.717281233930178 -0.0577891171993304 0.516405447243068 0.153962204524744 0.840405539944193
1461244590.02305  0.153626476641714 -0.191869924155999  0.710950010917632 -0.0570696132558324 0.490996480373456 0.143742772592451 0.85732346919418
1461244590.14145  0.109370026483571 -0.192127116605972  0.708942280851551 -0.059919692356075 0.46290287171608 0.151640604001974 0.871283931358129
1461244590.29884 0.0523060331713827 -0.186480119589933  0.697729729310465 -0.0657312870332619 0.445043956701012 0.160619453406615 0.878530970254446
1461244590.45848 -0.00371181713583613   -0.176547654150311    0.681860621605057 -0.0791150984833363 0.42904303915386 0.144669473304645 0.888106758919978
1461244590.57877 -0.0459081881343511  -0.169496887165844    0.67040929504998 -0.0811938386490653 0.40047951454944 0.13618563426053 0.90248390124851
1461244590.69839 -0.0854102925743892  -0.162291237682983   0.661229951226004 -0.0846150022074092 0.357571865631848 0.147905096741679 0.918208442929945
1461244590.82101 -0.117763453177421  -0.15248622226422  0.653671243894301 -0.114142648910014 0.326932836895091 0.154939816851307 0.925245928936527
1461244591.02034 -0.153280570697052 -0.141102818285749  0.652554133101243 -0.122893645693754 0.290338427134628 0.163938206071451 0.93473258965715
1461244591.22039 -0.154691058329844 -0.122863777761607  0.674637771318594 -0.135186601473098 0.279741752569427 0.181309495668983 0.933057340913086
1461244591.33804 -0.140003204564857 -0.112835074035835  0.690474106533791 -0.151408645236716 0.312994471426927 0.189467041610771 0.918265823793428
1461244591.459 -0.118238142672967 -0.103608135225849  0.705242494963509 -0.167779248253321 0.349454461690406 0.204231464094172 0.898900001187101
1461244591.57822 -0.0913040991397858  -0.095963802784787   0.718380530899747 -0.168458013136659 0.380558814773745 0.226078922157969 0.880729928675041
1461244591.69832 -0.0587882743794451 -0.0894933487291881   0.732846262593877 -0.161626282409072 0.405049124243468 0.23987113794292 0.86733729826763
1461244591.81779 -0.0184394143640335 -0.0807820113406831   0.746865980745735 -0.165010078277209 0.432646332488182 0.245825912774721 0.851562355708582
1461244591.93772  0.0269828380434092 -0.0764641932971878   0.758661214054619 -0.145097010837556 0.457205429326969 0.249913691156673 0.841102371779081
1461244592.05768  0.0725858536067207 -0.0763358719131544   0.767532422754681 -0.135945101014884 0.482158532320102 0.2488974464885 0.828910212479302
1461244592.17754  0.115128135337882 -0.078363867603424   0.77589632717931 -0.136063079671338 0.500464977039482 0.24502765524089 0.81913557685793
1461244592.29755  0.156832895384044 -0.081357425242719  0.786970525099216 -0.128823281700998 0.509340232186698 0.24183048107344 0.815778835464352
1461244592.41956   0.199756092399961 -0.0810844848685754   0.801060369797854 -0.119104217762886 0.519321725066919 0.243744885581092 0.81037495145005
1461244592.53744   0.243344976626226 -0.0774179944606237   0.816262514666497 -0.119969914004584 0.53232465360795 0.238722489729231 0.803274085099467
1461244592.6198   0.272629796243137 -0.0750259243761833   0.826564504100821 -0.116102676469053 0.548107866567819 0.235487225587378 0.794130783755645
1461244592.69772   0.302229396518433 -0.0728713724317376   0.835783883426091 -0.114909022113485 0.56840408636223 0.226967198890597 0.782431212229802
1461244592.82007   0.341374968709774 -0.0726358701264377   0.850782138690789 -0.126481648580375 0.581309539629279 0.224668705288404 0.771754873371344
1461244592.93973   0.379152220316985 -0.0754683845925419    0.86847436823072 -0.128742189860277 0.576647727075622 0.222049244353016 0.775626830692927
1461244593.02178   0.403010767642026 -0.0770217188423586   0.880210572837926 -0.135003776196185 0.572486320849545 0.219292596338916 0.778424145337142
1461244593.09998   0.427423025937071 -0.0765033060843493   0.891510982881062 -0.130476502364165 0.576646321020626 0.219416057244695 0.776087299604487
1461244593.17715   0.451878042660312 -0.0744632874162684   0.903762196153817 -0.12637290961919 0.574160372486027 0.214623418642502 0.779940089078188
1461244593.25784  0.476690232806034 -0.071307600413212  0.915976731344814 -0.124484406494109 0.570201504065852 0.210991376179445 0.784127869979606
1461244593.33708   0.501220169865439 -0.0677635399813772   0.927484288576771 -0.132422937206644 0.5683914940498 0.205339290132975 0.785640535563872
1461244593.41982   0.527682765734731 -0.0662768063072833   0.938117067511254 -0.131698843202217 0.57053341594841 0.195197736179954 0.786794051690566
1461244593.49708   0.551888925658616 -0.0670653210187149   0.948073528066963 -0.119836848819056 0.571809804460084 0.185786623387646 0.790035447153263
1461244593.57718  0.572129254653076 -0.066857376013386  0.958141629141623 -0.128014615452103 0.566857904353282 0.178983284833139 0.793882458713628
1461244593.69702   0.599915889631324 -0.0683107468832132    0.97048204838828 -0.131888860650438 0.562603119606201 0.179432161005483 0.796170307059113
1461244593.81897  0.624345417841212 -0.070168213426657  0.983028026811459 -0.138623760857662 0.549919697260108 0.167947739366892 0.806328305550896
1461244593.93751    0.64762987777485 -0.0677552636021693   0.996223311759675 -0.144895790913274 0.543349502112184 0.172987967648288 0.808610964171877
1461244594.02119   0.669989090804216 -0.0687830297933124    1.00434487076802 -0.141402719816497 0.530005138821517 0.171686262791158 0.818305353043769
1461244594.13818    0.69336626483115 -0.0649966455696989    1.02131758197503 -0.144394458193465 0.506818638958232 0.161376618887943 0.834411585803935
1461244594.25754   0.718662285537249 -0.0610613322393667    1.04115560157337 -0.139572068911828 0.473575029590246 0.152849237800927 0.85608611683168
1461244594.33668   0.733406923641205 -0.0589412182113338    1.05139107254457 -0.126732060352524 0.438084119610704 0.137828871964835 0.879218113483008
1461244594.41906   0.743744012241314 -0.0556960288969072    1.06633406926745 -0.108268783569466 0.419180490159967 0.141900244580722 0.890185322144535
1461244594.61896    0.77770547329994 -0.0559226309360431    1.09456907957906 -0.123886675478631 0.363549718862408 0.110548410965147 0.916658465507736
1461244594.81866   0.782900860307428 -0.0533843505009598    1.12850596433769 -0.123577399076041 0.305708818733965 0.0957513694289319 0.939203076995795
1461244594.97634    0.80444841511087 -0.0571160757669481    1.13752900196173 -0.112592139933017 0.246950385948552 0.0954250275639649 0.957722601288902
1461244595.13627   0.803588463630071 -0.0585981185132152    1.15643261090109 -0.119167437048467 0.186856457957759 0.07884496284413 0.971939945624671
1461244595.29717   0.811084360845092 -0.0549241486745754    1.16906017810545 -0.124627457315291 0.12864189403707 0.069227027892779 0.981390278426892
1461244595.45632   0.812082061179612 -0.0592862169863159    1.18856846167532 -0.127577502538246 0.0729667922980956 0.0284091351162414 0.988732900792614
1461244595.6189   0.817459773738887 -0.0651447210006705    1.21148999076264 -0.104849043888468 0.0234524845854697 -0.00323242944579981 0.994206321827779
1461244595.73602   0.822950662389941 -0.0769195599121178    1.22947740635125 -0.0856891969303894 -0.0134396948881755 -0.0256483603204216 0.995901048168748
1461244595.8959   0.822280523467834 -0.0876513366453138    1.25538922421194 -0.0722476846085511 -0.0468095949410271 -0.0469151766962526 0.995182445627795
1461244596.0213   0.820024267178165 -0.0916981398425691    1.27323751097776 -0.0623187498159988 -0.0901342393622229 -0.0562474773646911 0.99238521432258
1461244596.13577   0.811763775664756 -0.0860150540933229    1.29048809483551 -0.0569702721828867 -0.122957866713663 -0.0683499985801356 0.988414907209886
1461244596.25573 0.803453040135673 -0.08847459775943  1.31159009007566 -0.0524895378786007 -0.16101689017572 -0.0842538255152906 0.981946893868233
1461244596.37561   0.792705236140516 -0.0876570545278453    1.33375832328209 -0.0425736514615589 -0.203061403396955 -0.0959726071693754 0.973520831479636
1461244596.49556   0.780667994941824 -0.0931840666962391    1.35594884247425 -0.0267444942458808 -0.242671626842574 -0.105151680756472 0.964021959079356
1461244596.61741   0.766181334663558 -0.0940187068869928    1.36790788739392 -0.0150260942834006 -0.282789261563142 -0.116281709506116 0.95198897791387
1461244596.73554   0.749224906741403 -0.0973060196486693    1.37980867696538 -0.0122033957303885 -0.31675507477204 -0.123907578482612 0.940300064731138
1461244596.85548  0.726274891903602 -0.103225047758529   1.39653910153458 -0.016769769658021 -0.345434959375859 -0.135359108718646 0.928477988620899
1461244596.97537  0.703131101613221 -0.102967111908978   1.40900991827379 -0.00970971085315117 -0.367764395253446 -0.151208852878009 0.917491664218445
1461244597.09533  0.679405880058663 -0.107850627212883    1.4227673017224 0.000246361212352056 -0.383950530767811 -0.149693400033007 0.911138746413425
1461244597.21715  0.654191387338383 -0.113170345447649   1.43493917308733 -0.00296744826067805 -0.392334242521499 -0.160373307418864 0.905729230324072
1461244597.29527  0.636487926007006 -0.116814606369224   1.43886016585666 -0.00409642138064634 -0.408183504363598 -0.167152821369096 0.897457174691738
1461244597.41846  0.609709251341667 -0.123697377898597   1.44375040775097 0.0068904929337163 -0.431796999016583 -0.179492897570697 0.883903938484878
1461244597.53515 0.581255610877139 -0.13008605709282    1.448149922437 0.0211792542997545 -0.458461027501454 -0.174580369582215 0.871140987444716
1461244597.6555  0.551568247679918 -0.137382609903242   1.45754309527216 0.0416038503526984 -0.481822784645937 -0.169930422548198 0.85862656336993
1461244597.77503  0.523797376643324 -0.144396788476325   1.46251844430247 0.039751442367103 -0.509345824116284 -0.166415665014248 0.843381574806389
1461244597.89495  0.497446547509104 -0.152118132933205   1.46805642563377 0.0343446331480546 -0.512764908264288 -0.170680134366283 0.840690720038796
1461244598.01692   0.47007327449889 -0.156760254782334   1.47454569807973 0.0288653641644543 -0.517520558604931 -0.169029283227865 0.838312807718198
1461244598.17491  0.429826622042134 -0.164431467657307   1.48274175176932 0.0382140662081216 -0.519100401860129 -0.163816532494761 0.837996778999709
1461244598.33483 0.394184834878797  -0.1739107455572  1.49894912965923 0.0359883797042075 -0.494769327945625 -0.167158528950287 0.852036486806567
1461244598.49648  0.355418468828186 -0.186672728042154   1.51388057443045 0.0219380434651037 -0.485275283344506 -0.160366193889917 0.85924926853684
1461244598.61976    0.3289976044595 -0.191601719599267   1.52786946124071 0.0192098515608923 -0.480813498534845 -0.152728852957514 0.863205223978616
1461244598.73457  0.297844020115891 -0.198237292250601   1.54371869382503 0.0263448756661781 -0.489226257392801 -0.144725078074998 0.859661717409675
1461244598.85453 0.271553117772166 -0.20537885515758  1.55781366301939 0.023773682532059 -0.493016728421009 -0.139995621494681 0.858353390788566
1461244599.01652  0.238457810531215 -0.218466729288297   1.57200296518511 0.0199525748706076 -0.51199015254544 -0.1483072901163 0.845856327132977
1461244599.13437  0.213865647261812 -0.226677925044536   1.58418032597935 0.0247269562061965 -0.522531740998834 -0.150109413107279 0.838937614714046
1461244599.2543  0.188767451901361 -0.232215656206034   1.60120450401182 0.0323770514404661 -0.51778343528559 -0.154804686632753 0.840766049314796
1461244599.37433  0.162282091353072 -0.238446045658311   1.61478306992796 0.0507346743156031 -0.521534532363561 -0.164639043612279 0.835656454347626
1461244599.49569  0.136740757037155 -0.248242505653319   1.62799124906087 0.060601157763091 -0.517385888937339 -0.168482374138891 0.836811227942608
1461244599.61607  0.113556523697066 -0.254969541008008   1.64070112258316 0.0485618807510556 -0.525923638061221 -0.177085074961757 0.830473929086373
1461244599.69415 0.0982532671260674 -0.258042024912021   1.64928482790592 0.0383536342666458 -0.529322010256135 -0.175566670193155 0.829170400167681
1461244599.77401 0.0815939446123722 -0.261525012872946   1.65743115699223 0.037475413463107 -0.535817139358199 -0.166825262884145 0.826840322081236
1461244599.89414 0.0553439114321208 -0.267934350256223   1.66799819435599 0.0515794202354601 -0.540990822564045 -0.171514447724172 0.821736750749
1461244600.01676 0.0301147915249658 -0.277466591246832   1.68288741266342 0.0584296396242421 -0.555267146468893 -0.161217569086721 0.8138017379457
1461244600.17384 -0.00194217822124143   -0.287923158718914     1.69612581384982 0.0455329951488842 -0.570282736577142 -0.174354388628627 0.801439263999959
1461244600.29409 -0.0265144256331886  -0.293899322451529    1.70419633985955 0.039710781047986 -0.577821083225544 -0.179455695058589 0.795199033676259
1461244600.41578 -0.0534829407074549  -0.297574007104044    1.71208504744912 0.0429614904429832 -0.584752105159749 -0.183512874526586 0.789013504785026
1461244600.53375 -0.0822059323456232  -0.302402974001016    1.71970326937214 0.0502876598212765 -0.589373835929668 -0.18975625505758 0.783646729373492
1461244600.6538 -0.109009263181871 -0.309844170021099    1.7248228755598 0.0523620946908685 -0.58631844016565 -0.187455511976277 0.786351911545344
1461244600.77357 -0.134034347570372 -0.318789642869792   1.73315709144072 0.0422115936432633 -0.583285958496139 -0.19232946126444 0.788038736556184
1461244600.93368 -0.167150677331189 -0.328931458846917   1.74084937013899 0.0444339177756362 -0.589257091789174 -0.191304605443753 0.78371184415146
1461244601.09532 -0.202126859787702 -0.336762231207782   1.74948350348471 0.0552351311245444 -0.599684249278007 -0.18687634869807 0.776147609514327
1461244601.21535  -0.22863088698986 -0.344724297536978    1.7556431563044 0.0660295885216459 -0.607416519463432 -0.197793356421414 0.766526616288139
1461244601.33338 -0.254828220873635 -0.351111650805684   1.75911093702096 0.0643107655270727 -0.627606723610294 -0.206545304313379 0.747872290690441
1461244601.45332 -0.278829611182425 -0.358164540911682     1.761686020107 0.0646270463548213 -0.645585784471626 -0.218713067881867 0.728839443022473
1461244601.57314 -0.302924796535266 -0.363378180319223   1.76147500630398 0.0683638006760774 -0.667183392509301 -0.21872252889903 0.708768768265727
1461244601.69313 -0.328845948449966 -0.366549522661399   1.76621031174619 0.0818183329219201 -0.677027275783788 -0.22342958319464 0.696433090537871
1461244601.81311 -0.354598170105755 -0.370354315927461   1.76848419406194 0.0985494104783963 -0.687572660874571 -0.226357237246866 0.682857416199157
1461244601.93315 -0.378221970337002 -0.374820462706044   1.76965016000635 0.100599057046457 -0.697496494385685 -0.23150955536002 0.670657733734615
1461244602.05429 -0.401489538859513 -0.380211917987791   1.77296030130851 0.0957168242695842 -0.709911252582936 -0.2370012570959 0.656273347883971
1461244602.17294 -0.422714334620243 -0.385070756088915   1.77461286770478 0.0926510285060327 -0.722384843780413 -0.237332077080901 0.642844778762019
1461244602.29302 -0.444716352724551 -0.387559948752692   1.77535322746507 0.0933965647818318 -0.738875876560495 -0.242098796812191 0.621874338838646
1461244602.41526 -0.466535047166543 -0.390142915319805   1.77610236456574 0.100692491348898 -0.753442703295299 -0.250228480972585 0.599642245298959
1461244602.53284 -0.487396645622799 -0.393887542323796   1.77471308355575 0.109452997608247 -0.777041638137362 -0.260892119648655 0.562282523132816
1461244602.6547 -0.505416997589746 -0.398311611796945   1.77237691559856 0.11464503193486 -0.791301122368721 -0.275528336361696 0.53365080928676
1461244602.77277 -0.522531094101281 -0.400658973720431   1.76744568847928 0.113086531763776 -0.808817556650911 -0.285536836857406 0.501492084867107
1461244602.89341 -0.540824338582023 -0.400983422229861   1.76113047770826 0.122704533040462 -0.823866000754123 -0.287830678299165 0.47259063787021
1461244603.01447 -0.561510317826504 -0.400119286522166   1.75440042602008 0.135263247553201 -0.835870781666073 -0.289120518396412 0.446579462201857
1461244603.13441 -0.580278908100105 -0.400259244680581   1.74525922554881 0.134513299615866 -0.847896674587726 -0.293076001474807 0.420813330122831
1461244603.25253  -0.59687555805654 -0.402750600729961   1.73453344397875 0.141286208275735 -0.857120483007034 -0.29486525461205 0.398041664381287
1461244603.33343 -0.606187016727028 -0.404219014003657   1.72624620016026 0.143538845248557 -0.865840185700323 -0.299410163978887 0.37426050611476
1461244603.41648 -0.616098135893299 -0.405618566284899   1.71802747913836 0.149941575751379 -0.871973944338139 -0.304402456750067 0.352871235128489
1461244603.49358 -0.626569675804204 -0.406648862211563    1.7092282009749 0.148972688228371 -0.881141868503204 -0.296081486975595 0.337241603013352
1461244603.57214 -0.637460194066628 -0.408750006159241   1.69996505519338 0.152405131360239 -0.889557744657052 -0.285534730676284 0.322381160171231
1461244603.65243  -0.64809217110215 -0.409864487365982   1.69006695129654 0.162517866114137 -0.89728663406732 -0.285873100646155 0.294518606958544
1461244603.73234 -0.659387142734093 -0.411088495061386   1.68062215488603 0.160330444615084 -0.906460333354166 -0.284652373548657 0.267575856194276
1461244603.81424  -0.66994783052617 -0.411742227738057   1.67174950718524 0.161086686456146 -0.911644120511527 -0.29434550437098 0.237311611683747
1461244603.89273  -0.68113897539041 -0.413435346666604   1.66251899749854 0.155274000039422 -0.915647350115914 -0.29436115964714 0.225458250744241
1461244603.97191  -0.69104294175101 -0.414323015198614   1.65242481990798 0.160341399926807 -0.917432916264115 -0.297589611304495 0.209875922554905
1461244604.05212 -0.700618949255218 -0.413976985269651   1.64194248923724 0.157209731379762 -0.920381460894122 -0.298628551092472 0.197494443654288
1461244604.13206 -0.709769081549835 -0.413289207060868   1.63053857647491 0.166609184804223 -0.923936011328693 -0.293608219604287 0.179938433609104
1461244604.21412 -0.718455133917854  -0.41208501336998   1.61870834849339 0.177588098224582 -0.926594032589086 -0.285283214924167 0.168817811328672
1461244604.2935 -0.727215878447801 -0.410395404202798   1.60627647170269 0.183780427595348 -0.927879970854477 -0.281077250262966 0.162046578194591
1461244604.37615 -0.735827127716266 -0.408683281483705   1.59286384340591 0.186195764641937 -0.928286601547945 -0.276099730123808 0.165481302996841
1461244604.45182 -0.744482881447756 -0.407714421112266   1.58004783049828 0.191112111276104 -0.926813089241355 -0.280065111227222 0.161422402434636
1461244604.53184 -0.752564127572646 -0.405481957723291   1.56636532782709 0.185281200509094 -0.925670304033916 -0.290554422325071 0.156152145790603
1461244604.615 -0.759341326564707 -0.404748312074896   1.55299501365218 0.181569415863075 -0.928581448711615 -0.286567202360977 0.150493451228891
1461244604.73194  -0.76980182411162 -0.402242999287872   1.53291244411745 0.176773167632873 -0.931125535374159 -0.282290209350366 0.14855545188297
1461244604.85194 -0.779341746736284 -0.399715481313362    1.5111570435894 0.175853158171693 -0.937014253520316 -0.266800158323992 0.141058962774788
1461244604.97161 -0.788056109747701  -0.39741967308937   1.48842907282544 0.174525699588833 -0.942033896032488 -0.257629712619733 0.125458559231145
1461244605.0517 -0.791163667901708 -0.395827088478128   1.47306041426848 0.175098843422433 -0.943355168678329 -0.25804345009523 0.113291652927115
1461244605.13168 -0.796823944405318 -0.394911283469655   1.45842572038212 0.172200487999373 -0.943976555958011 -0.259418737979276 0.10934885513653
1461244605.21687  -0.79986831830414 -0.392917919752694   1.44424614633241 0.174051980198911 -0.942883214356677 -0.266263055746261 0.0988996330525212
1461244605.29154 -0.803195511382136 -0.390083190058614   1.43057802235959 0.176379048515176 -0.940150081655947 -0.275413361553607 0.0956856075119894
1461244605.37155 -0.806580242187683 -0.386528144255118   1.41693548349592 0.173396604208687 -0.939575614423439 -0.277948508166866 0.0993776093369493
1461244605.49142 -0.811268979973814 -0.379674284433985    1.3951728875574 0.171976818052676 -0.939881826597881 -0.275141079326442 0.106505927302606
1461244605.61456 -0.816223440983346  -0.37191084029376   1.37109714826155 0.176714880836356 -0.937746057791329 -0.276672084066765 0.11338756495298
1461244605.81344 -0.819496276615225 -0.363435537105399   1.32975257868983 0.18526473022299 -0.931003681263487 -0.286588714675029 0.129522329465434
1461244605.9717 -0.824297384069966 -0.358214631806424   1.29807307838572 0.179154442931767 -0.931546320404778 -0.284043071615222 0.139444153644093
1461244606.13237 -0.827040777903951 -0.350106752442298   1.26650951621307 0.175667408325958 -0.933115943038592 -0.280283531809001 0.140984893857153
1461244606.29109 -0.828767910937898 -0.344605624369207   1.23240872868314 0.176579930225125 -0.940036740651535 -0.260403812370013 0.131682606938396
1461244606.41399  -0.82963063654133 -0.342665936678173   1.20688855112032 0.173201136065264 -0.943883122781657 -0.252368546621003 0.124081157594742
1461244606.53105 -0.830864263887271 -0.340435275211348   1.18148496283116 0.175239701940982 -0.942172169520121 -0.257505392307648 0.12366738768919
1461244606.65373 -0.831035170993717 -0.336621704840116   1.15560997266241 0.175709005791614 -0.94268058391121 -0.257232533223055 0.119628950727626
1461244606.77092 -0.834555567017748 -0.330725040704416   1.12989467430323 0.174637250979137 -0.942352425077583 -0.254220620166773 0.129790653757771
1461244606.89082 -0.837971508397333 -0.324512377597357   1.10377579165461 0.177713138820765 -0.941258770558332 -0.250354241446207 0.140615507421418
1461244607.01348 -0.840177801052841 -0.319772242466286   1.07749655681026 0.177321182494216 -0.940250259167605 -0.247540664120159 0.152349164687753
1461244607.13077 -0.843053001018418 -0.316972175889734   1.05167940717225 0.171036626304485 -0.936659756280996 -0.25165518201418 0.173449251342909
1461244607.29067 -0.848797365094359 -0.311494937228846   1.02015622705343 0.170591093859283 -0.93469132845724 -0.252079039187361 0.183594545684532
1461244607.41241 -0.855018465036926  -0.30488808431253  0.997546760054264 0.166683543228836 -0.932666354521342 -0.253271041264419 0.195458044647409
1461244607.5305 -0.860400287646333 -0.298820991433691   0.97336443314236 0.17140341615141 -0.932140743643206 -0.257593250784983 0.188096305444692
1461244607.69079 -0.867824481830653 -0.293569949927812  0.940064957984196 0.161396894294236 -0.929418138622624 -0.273791457231095 0.187539873250211
1461244607.89038 -0.876055272883651 -0.288561898280612    0.9002408837234 0.128707875957047 -0.931993389371436 -0.280284325293465 0.19042925675787
1461244608.05028 -0.885140822360293 -0.280757218395584  0.868309981052855 0.114879175251748 -0.92995031709636 -0.279318453446659 0.209705470577245
1461244608.17054 -0.893689282989467 -0.274867917713513  0.845601435707994 0.12546039103399 -0.920215833660584 -0.283510007894428 0.238923806234656
1461244608.33014 -0.904330018130642 -0.269363293136586  0.815862409463279 0.148305956390917 -0.90377177824712 -0.301739291785244 0.264868488001035
1461244608.49001 -0.916924305284096 -0.264561849021723  0.787505911853537 0.121965268847025 -0.899836637120876 -0.305033652270507 0.287006917464685
1461244608.612  -0.92696129845154 -0.259317502773414  0.769028345727081 0.112242171813992 -0.894399013702318 -0.31005968423983 0.302183870125287
1461244608.73004 -0.938118342391595 -0.252687985518946   0.75222790419595 0.101393219591127 -0.888506288422901 -0.31317872172566 0.319679650137739
1461244608.84983 -0.949770449746818 -0.246660738796608  0.735492805065085 0.0917390354179165 -0.882808918199091 -0.319291590751891 0.332092221233603
1461244608.96969 -0.962216595725932 -0.242225762118892  0.718676162834676 0.0800197156065138 -0.873425402919321 -0.327917115657372 0.350991845928682
1461244609.08966 -0.973021543871182 -0.239426423698458  0.701957828520231 0.0737554287610669 -0.86814840032687 -0.33648233164509 0.357292782223279
1461244609.21185 -0.982261602371381 -0.236873679466694  0.687509932864746 0.0651867214174505 -0.864358093788955 -0.340759463193376 0.364031269668596
1461244609.32959 -0.991098518561628 -0.232720519592038  0.676177840481773 0.0555431086506272 -0.851347946012191 -0.351627421927199 0.385330759284903
1461244609.44966 -0.999465139137682 -0.229017666462147  0.664677417145024 0.0430093280709656 -0.842014565590986 -0.347142753094169 0.410674540245324
1461244609.56992 -1.00609235394264 -0.22619298617131 0.653608005010349 0.0381967769169188 -0.829895666155618 -0.34201955178559 0.439131888759705
1461244609.72953 -1.01255558546921 -0.22335210521798 0.640104996436394 0.020577310509841 -0.816042127060725 -0.337891507764169 0.468488153676531
1461244609.92945  -1.01739561447281 -0.219413451040211  0.628385021366184 0.000908267151048791 -0.802776546397763 -0.339473456332837 0.490210938321352
1461244610.1695  -1.02219069053649 -0.212113404423647  0.621277383259321 -0.0350056644480915 -0.782835132640615 -0.34129738869806 0.519095223468666
1461244610.52912  -1.02736542610994 -0.204632150314982  0.621151659731238 -0.073080624869728 -0.768120209365088 -0.33755121706839 0.539175056998405
1461244610.88899  -1.03215694028639 -0.200859958577744  0.629329023560624 -0.0754100968245019 -0.760592426363223 -0.351207008759437 0.540801363953599
1461244611.04907  -1.03339973415634 -0.197144948297378  0.636294072281569 -0.0860306878855895 -0.753719625787607 -0.370108944611347 0.536213404870857
1461244611.25129 -1.03349312950329 -0.19300476729578  0.64560023996611 -0.107699422515281 -0.747481618491073 -0.376722815966317 0.536425189880425
1461244611.44874  -1.03266134111171 -0.191078992191028  0.655234310749536 -0.12573218913265 -0.747347775336284 -0.380907201933573 0.529690874785431
1461244611.6486  -1.03223899824513 -0.190267663217647  0.667343951870795 -0.143078805532661 -0.743221277512796 -0.384708148037026 0.528346693841758
1461244611.8492  -1.03077646467805 -0.190109919811831  0.683275564646943 -0.160320758720464 -0.736847119282024 -0.385741426705039 0.531561030223848
1461244612.01336   -1.0293185843152 -0.190653113132145  0.699089086389279 -0.181252733892776 -0.722884900603667 -0.386257208212614 0.543498147227217
1461244612.16842  -1.02912918493368 -0.192417476563403  0.717418774411097 -0.201805545641316 -0.703807456257316 -0.380136565927331 0.565177651283198
1461244612.32827 -1.02885160129084 -0.19418844851383 0.734359934503329 -0.216878953093946 -0.696703302267886 -0.364888795560067 0.578294211616043
1461244612.48819  -1.02710301753064 -0.194343102174299  0.750112372237854 -0.231068251840352 -0.685929195128937 -0.362788468731174 0.586935370562129
1461244612.6481  -1.02489273104158 -0.193027017099839  0.766452945774138 -0.256605908354458 -0.666897134223769 -0.355356230483518 0.602597352813844
1461244612.76809  -1.02372590182186 -0.193167953554275  0.779481158468607 -0.274027329963685 -0.650845393303086 -0.341879947423808 0.620022094766485
1461244612.88832  -1.02338268082006 -0.193341466203783  0.793270979763918 -0.290531479558037 -0.635635709266297 -0.329147933845395 0.634996332380476
1461244613.01089  -1.02284657788756 -0.194743803210156  0.808005776326251 -0.301990969935551 -0.61733566425006 -0.316475090358433 0.653866690469047
1461244613.12803  -1.02209891826759 -0.196280154791432  0.822887221311521 -0.31444493526412 -0.599220420443156 -0.303113583887682 0.670955606335797
1461244613.24778  -1.02077977104289 -0.198159254460164  0.839320241061994 -0.321318616733129 -0.5792684067456 -0.291748287042804 0.689989417668642
1461244613.37055  -1.02072560057113 -0.201107829718732  0.854705718752373 -0.323145121089626 -0.564001824359295 -0.28245287304793 0.705478240162181
1461244613.48778 -1.02036837178764 -0.20352766695197 0.868990586307542 -0.328365695668901 -0.555365358952088 -0.276934748180598 0.712076142862578
1461244613.6106  -1.01879412895678 -0.205918128773294  0.883227360307247 -0.333764934293741 -0.543415863675577 -0.268578973823401 0.721917933397966
1461244613.72849  -1.01893796124285 -0.207982017520613  0.896834227599314 -0.338095643650415 -0.533838713623868 -0.253416304534718 0.73245323412283
1461244613.84737  -1.01752369445393 -0.209623218809534  0.910299804395097 -0.342256152087169 -0.524124665393192 -0.23935878126228 0.742200401049202
1461244613.96756   -1.0157638275152 -0.211954597749868  0.924973155929018 -0.348496156720954 -0.507026166923007 -0.230984976956031 0.753737908842795
1461244614.08864  -1.01352257989095 -0.214671245310089  0.939071192851114 -0.350115685738099 -0.496145065663282 -0.218653320568553 0.763838861162788
1461244614.2096  -1.01059172467867 -0.217370762198534  0.952866003199233 -0.35131095296422 -0.48736861267921 -0.205110300044771 0.772646241509048
1461244614.32735  -1.00634160742248 -0.220230032278577  0.966497391166523 -0.356851895567238 -0.482655917574065 -0.197608583408851 0.775016669255542
1461244614.44738  -1.00125149513024 -0.222261728081383  0.981302077204172 -0.363244253897792 -0.474689547812749 -0.186233634266026 0.779769503555783
1461244614.5273 -0.997123224660662 -0.224412411574485  0.991775833546196 -0.364681721286105 -0.465238333597265 -0.176106334994908 0.787113139190361
1461244614.60905 -0.991201945181037 -0.226407297244553   1.00182438878324 -0.361846866343901 -0.455879707053344 -0.174365220803344 0.794252672509358
1461244614.68724  -0.98696460719861 -0.229139149363953   1.01327093126435 -0.3634037900221 -0.438573395800462 -0.165875649099581 0.805031881933515
1461244614.76721 -0.981807708038524 -0.231269459253435   1.02385744738806 -0.367114381341753 -0.422948189203566 -0.156343031800019 0.813571580544125
1461244614.84715 -0.977101432470054 -0.233197624234924   1.03402841047555 -0.368847394278248 -0.411526998221328 -0.149718423928262 0.819866771497374
1461244614.92707 -0.972421685806085 -0.233590652511935   1.04416107573813 -0.375991670725464 -0.398830465774511 -0.141883586002297 0.824277605627067
1461244615.00954 -0.968375700798052 -0.235119019292005   1.05477624740214 -0.377385559014397 -0.387085194780984 -0.135028789879995 0.830368844389229
1461244615.08699 -0.964644907328873 -0.235790528489008   1.06575285942593 -0.378364407776814 -0.379421192870037 -0.130559391091479 0.834166757145477
1461244615.16699 -0.958768385839678 -0.235368405994366    1.0778518103228 -0.379722812115451 -0.369666709633241 -0.125609259717569 0.838677186777649
1461244615.24696 -0.956146423609621 -0.237013826493205   1.08926089698524 -0.382007848792625 -0.355097515237724 -0.122833187500497 0.844326812425907
1461244615.32686 -0.952312706915271 -0.238648038532911   1.10127302779752 -0.382212091364679 -0.343655075244705 -0.118366363768616 0.84959078996973
1461244615.414  -0.94809130060748 -0.240092182449702   1.11358574740339 -0.382133467805155 -0.329858577324884 -0.110024728049585 0.856190335711648
1461244615.48678 -0.944965615386686 -0.242948132001084   1.12470423391341 -0.381624006768648 -0.3211454346732 -0.108245037771734 0.859948683959805
1461244615.56685 -0.941802353302527 -0.245607851660502   1.13600590148109 -0.377934635069126 -0.314705175149683 -0.0980679934573032 0.865163991974026
1461244615.64669 -0.937796673567869 -0.247281131706211   1.14729694519134 -0.379237056004639 -0.306301731995992 -0.0916835090008871 0.868304461871799
1461244615.72678 -0.935668562848359 -0.250283892402618    1.1578619044654 -0.37381836496108 -0.296070401089342 -0.0870577070993893 0.874655991376734
1461244615.80865 -0.93266301489286 -0.25223270413995  1.16920375315914 -0.373276460856316 -0.285921529573116 -0.0780601097382602 0.879101917848439
1461244615.88667 -0.925915290429559 -0.253884051243302   1.18114746209831 -0.377039551820481 -0.272252233623291 -0.071977060946794 0.882348684108273
1461244616.00875 -0.924264404830689  -0.25796183196534   1.19851682375254 -0.376392696717408 -0.253960991122716 -0.0711175337953499 0.888129860568055
1461244616.08724 -0.920740992632881  -0.26199018021059   1.21103763296916 -0.373182159967135 -0.240127655598231 -0.0620049893951197 0.893996177726321
1461244616.16654 -0.916172700147858 -0.266733741240082    1.2231857492725 -0.369401318988699 -0.226504053067415 -0.0493327943630505 0.89989157951043
1461244616.24649 -0.913524890433596 -0.271105451246946   1.23527635033265 -0.3703007110714 -0.214212589398413 -0.0402083858323244 0.902980418188569
1461244616.32744 -0.910001153593978 -0.277019724642658   1.24756198409964 -0.35732706512681 -0.198298483602119 -0.033756682512182 0.912061163691741
1461244616.40836 -0.904417103319483 -0.282009577781787   1.25969777651195 -0.353824537734715 -0.184729054281098 -0.0320943825970854 0.916325991995719
1461244616.48632  -0.90447421128923 -0.286845892985356   1.27126321064527 -0.350207353145898 -0.170486533053678 -0.0296618530930829 0.920548383476374
1461244616.5664 -0.902323647723936 -0.291012361215531   1.28362507180803 -0.345088874735112 -0.155632679169933 -0.0226569752652131 0.925299302485566
1461244616.64634 -0.900801824588741 -0.294486855997711   1.29646864748326 -0.343548775205492 -0.141667281852679 -0.0207626796795579 0.928155984433546
1461244616.72603 -0.898642891547556 -0.296954955425084   1.30995585533764 -0.348222667215633 -0.125053252748785 -0.0174090641148679 0.928870056843703
1461244616.84619 -0.897136657034971 -0.301548370952672   1.33112835315825 -0.343865621506684 -0.0860344644917252 0.00443518475659514 0.935058733129432
1461244616.92643   -0.8955375510129 -0.304886110495308    1.3438576747141 -0.351733674309767 -0.0679437439159812 0.00499018876562104 0.93361778476811
1461244617.00901 -0.892323301541038 -0.308861641564626   1.35735798147078 -0.353536791624347 -0.0379078505604953 0.0136500500865209 0.934552517500478
1461244617.08615 -0.890930065918134 -0.313466255045747   1.37149873359796 -0.339162548936992 -0.0203956872290444 0.0410574327322093 0.939610061971698
1461244617.16642  -0.88863478512807 -0.317790425804122   1.38643814915478 -0.327968574381601 -0.00940854320298737 0.0466237086101252 0.9434904998612
1461244617.24604 -0.886214271125784 -0.321319611084554   1.40242337049072 -0.318638105638673 0.00746365048016633 0.0483005413192923 0.946615607976528
1461244617.326 -0.881716093900018 -0.323535028018277   1.41708441543356 -0.314861621094273 0.0181305182231449 0.065788000586576 0.946681246697993
1461244617.40814 -0.877302469194964 -0.326356940802364   1.43204920598575 -0.306420290053932 0.0318904823574259 0.0717742300292893 0.948650653761424
1461244617.4859 -0.872576470380719 -0.329435782548427   1.44687885128157 -0.298365057934689 0.0423388756651241 0.0801477559830148 0.950137910527693
1461244617.56582 -0.868323678899941 -0.333090078739763   1.46061907010607 -0.292455820531856 0.0456374699765282 0.0896522367117439 0.950972812873093
1461244617.64861 -0.863241598640683 -0.336681261513787   1.47339636029584 -0.293723224821764 0.0531366380407474 0.0873478944783036 0.950407023452708
1461244617.7257 -0.858076496158195 -0.340232240408521   1.48543380071482 -0.29099670328005 0.0613054356264035 0.0825441347025108 0.951182962457283
1461244617.80834 -0.852451903730869 -0.344209629367157   1.49725468351665 -0.283700664283556 0.073115995596339 0.0893525171192512 0.951937031508639
1461244617.88567 -0.847470671965975 -0.347715664409905   1.50962987449978 -0.282243915398772 0.0790710172280032 0.0867471623807925 0.952135009478057
1461244617.9657 -0.845337961703439 -0.351181585379817   1.52334115673847 -0.277407293464931 0.0894316536952082 0.0892957405709533 0.952404033782768
1461244618.04574  -0.83627923887509 -0.353124133812761    1.5365799516138 -0.27206707928493 0.102259525782342 0.0936214613644035 0.952238161243358
1461244618.12568 -0.830820104494814 -0.355557745783606   1.55071705271633 -0.268795942742942 0.11458661153342 0.0975785835213209 0.951365896834754
1461244618.20775 -0.824831209021713 -0.358496938825334   1.56518098195942 -0.26187339719699 0.132272385333293 0.0962936510561854 0.951132941646444
1461244618.28553 -0.820300337014556 -0.360546175684244   1.57885490562975 -0.274514680182425 0.135122539604457 0.0931668882678939 0.947472174042943
1461244618.36543 -0.817478156379815 -0.363947805512451   1.59281395115813 -0.27207180141634 0.151199711885902 0.0986049577729969 0.945194500778688
1461244618.48546 -0.807529606364548 -0.365768929635971   1.60988853182885 -0.279246650223892 0.157887306033474 0.112053777131916 0.940498196682321
1461244618.60796 -0.799118967209464  -0.36614366579897    1.6274146115472 -0.282765842068242 0.169816871751581 0.126754470900054 0.935488649174747
1461244618.72535 -0.788709772575481 -0.363642085054574   1.64453774597586 -0.293029532904308 0.180162760371494 0.133247372958866 0.929473082031302
1461244618.84594 -0.777888926894336 -0.362235639167978   1.66205841564076 -0.300035509061698 0.201501983808493 0.149794456670005 0.920291945294681
1461244618.96527 -0.763358917733493 -0.360331464909459   1.67509251513547 -0.31126810508387 0.217191860622932 0.170289620448399 0.909363132969545
1461244619.04525 -0.753740705628143 -0.361145630762735   1.68459071296526 -0.312048754388235 0.24228988460262 0.185204818715859 0.899789065186072
1461244619.12506 -0.742961266698663 -0.364573303084938   1.69314261549158 -0.295629379990295 0.267569946543951 0.188339940354495 0.897517498581664
1461244619.20508 -0.731931829708623 -0.366338768436571   1.70069186452482 -0.296028771080958 0.294251482902167 0.189613078122124 0.888723754665772
1461244619.28531 -0.721619995172501 -0.367839748169314   1.70861120474986 -0.288668868332075 0.322424992926984 0.195409287770116 0.880072507606669
1461244619.40743 -0.704553047241664 -0.366397148014245   1.71844757469425 -0.279955275926996 0.365022382970592 0.22129551420746 0.859890690031451
1461244619.52469 -0.689534936553912 -0.365198668540659   1.72953151691035 -0.282306143999522 0.405977706822888 0.236274322079939 0.836456685877168
1461244619.64526 -0.675483782495981 -0.364231095277025   1.74083122494996 -0.29386065680568 0.435439254901875 0.253203955504634 0.812358496348159
1461244619.76483 -0.659827351063905 -0.363975911265191   1.74984925709611 -0.292384019355527 0.462971579725011 0.27392302820401 0.790654840124299
1461244619.88491 -0.643755904628342 -0.363868068713728   1.75936692617742 -0.290504610989845 0.489479717200695 0.282551183413208 0.772127907923656
1461244620.00481 -0.623523105648039 -0.359272405265928   1.76552970096268 -0.283247560593664 0.517014303283135 0.294357704734355 0.752210456775173
1461244620.12476 -0.602641969043923 -0.355884058511415   1.77197648273127 -0.270468019122232 0.54224666764224 0.301865599475678 0.735997800211503
1461244620.24458 -0.582493482114042  -0.35385670809941   1.77638357831246 -0.268312885190695 0.565209171163123 0.305744693305656 0.717681664102665
1461244620.36452 -0.558625661739344 -0.351708953481508   1.77731791736565 -0.271006860394762 0.581351847874455 0.308138079402623 0.702592509648369
1461244620.48439 -0.538076578031316 -0.348510803302339   1.77708852979851 -0.275481152470052 0.601357890115266 0.321763274035837 0.677456432629898
1461244620.60684 -0.516376226777387   -0.3430432187729   1.77761424770894 -0.271473511852318 0.614201441598231 0.330440845308157 0.663225127127475
1461244620.72449 -0.491760736482721 -0.337743294979304   1.77676727339291 -0.267900916538303 0.638809137041836 0.329168763185269 0.641716378700811
1461244620.84428 -0.463884037779559  -0.33463106509353   1.77556247520875 -0.276183102245492 0.655597015806865 0.31697232930825 0.627251137386048
1461244620.96463 -0.434402627200128 -0.332781243278123   1.77317771771015 -0.278108298478908 0.664888708538269 0.313032049981375 0.618538370078961
1461244621.08556 -0.406150445721392 -0.330694796028637   1.76902322215741 -0.274410830977435 0.67093425685811 0.317689074828888 0.61124428058747
1461244621.21011 -0.374967298251609 -0.326614192699309   1.76537517361106 -0.251759703924812 0.68433558107413 0.322077170327995 0.603794799836116
1461244621.28414 -0.353351264916369 -0.323750297560317   1.76101320988602 -0.229233508926014 0.700817291289705 0.316847873511228 0.596585742090977
1461244621.36725 -0.332211965602928 -0.320875731446802   1.75647775381181 -0.209012945659553 0.710042578072767 0.308871739219137 0.597286677050677
1461244621.48407 -0.300988175494278 -0.318496013654416   1.75191710723501 -0.203689087385486 0.713662861620824 0.28977390750951 0.60434026686124
1461244621.60649 -0.272083514870737 -0.315759986320509   1.74416947082355 -0.201886776103022 0.713435104041235 0.29976089537161 0.600329482503076
1461244621.72398 -0.243175273602477 -0.310613012942063   1.73637230999076 -0.206232086735938 0.716551054667561 0.298819745121142 0.595591867289239
1461244621.80606 -0.223945353169884 -0.304347215962053   1.73196639709178 -0.208482391098755 0.7210324285561 0.294670670122592 0.591452893933018
1461244621.9239 -0.193565121794444 -0.296402556098576   1.72317088485932 -0.19894804609019 0.732415329543684 0.287622900759958 0.584175082457939
1461244622.04374 -0.164064020498982 -0.292002205362059   1.71469432653435 -0.2049301279462 0.738742280980845 0.275762054110329 0.579843750043083
1461244622.12419  -0.14526124428934 -0.289297833959264   1.71086538850401 -0.204365666227881 0.741746343246889 0.282220237703729 0.573060881737319
1461244622.2438  -0.11845605683141 -0.283434072828711   1.70029187509959 -0.209501331668773 0.736237680555659 0.299606933115855 0.569472523821779
1461244622.36361 -0.0893903527599194  -0.274913306243144    1.69281678190937 -0.206898277715386 0.736932958985654 0.294637814281015 0.572111418374744
1461244622.4836 -0.0588825146710046   -0.26673865022211    1.68668979427386 -0.196198966158438 0.735022508346353 0.283658760488111 0.583768434827496
1461244622.68351 -0.0122680202481522  -0.257155651655546    1.67607904702423 -0.222273378922224 0.725746208035223 0.283115384075943 0.586287187174105
1461244622.8434 0.0252668120912503   -0.2498488905846   1.66966177176458 -0.215563636975361 0.723585133005352 0.288412769458718 0.588876004028637
1461244622.96335 0.0572810557754975 -0.243059898088509   1.66654423608026 -0.196339940861183 0.733688087892043 0.28055180998837 0.586892749333466
1461244623.08332 0.0874744995901258 -0.236708587501772   1.65980253870521 -0.182405500326137 0.743965707983866 0.271856127589486 0.582526827439635
1461244623.20586  0.117731708819563 -0.232298440144365   1.65392027786055 -0.183803541858204 0.752625092181608 0.275334853127445 0.569176991165573
1461244623.32319   0.14651205696664 -0.225699855252373   1.64892294711647 -0.196453428924305 0.747034910323446 0.2970357683783 0.561350732898638
1461244623.44307  0.175972824811289 -0.215920641916062   1.64373446707046 -0.210256861141074 0.753198331453366 0.298991586808717 0.546889711785268
1461244623.60572  0.218926423217642 -0.204496901480975   1.63759254851399 -0.194710941592497 0.763916787810859 0.29495484315193 0.539926319997574
1461244623.72296  0.250879410397286 -0.199065912549752    1.6327053082845 -0.197014196371671 0.758420709180904 0.302730798705912 0.542528799077468
1461244623.84319  0.281997622109366 -0.197155558681994   1.62644543293293 -0.196922796352395 0.75942077784052 0.305368797218576 0.539677118420017
1461244623.96289  0.312162154888903 -0.191692771723922    1.6216950193242 -0.195659437134551 0.759632138065392 0.305635247841669 0.53968833112747
1461244624.08293  0.341386183750226 -0.182956347993584   1.61639135383919 -0.192259662326631 0.770257710192404 0.302770005408436 0.527323056537622
1461244624.24275  0.380844682124437 -0.174462068810954   1.60737775849782 -0.190379106663325 0.785200136045101 0.289705937147699 0.513115008630816
1461244624.36267  0.408828959757799 -0.170813556070977   1.59938444154315 -0.192447716960193 0.793471743901655 0.292485160064191 0.497814120941441
1461244624.48257   0.43447098553352 -0.167064453222705   1.58970726769257 -0.18540270883774 0.797810083761957 0.304337653189665 0.486316253742742
1461244624.60486  0.459664675689935 -0.160733481802153   1.57984463771802 -0.173633841279185 0.807260828584531 0.306806308569792 0.473340398463334
1461244624.68271 0.476955169069992 -0.15527949759163  1.57381957120159 -0.161970447100231 0.815782591736497 0.30907308653594 0.461235476156141
1461244624.80494  0.500877444348086 -0.147097588880184   1.56143828336027 -0.1515618447856 0.826558332434969 0.30625126826865 0.447258863491102
1461244624.96255  0.533655426809907 -0.139681819651836   1.54794746623646 -0.16047145464381 0.825253543430332 0.319070941412378 0.437491983522442
1461244625.08236 0.557726833216482 -0.13500092671202  1.53851742542748 -0.171553365227161 0.823905176437169 0.322635966723076 0.433192493120483
1461244625.20489 0.582709310169264 -0.12697763035779  1.52735591401885 -0.167059752837049 0.830355162315446 0.328201060913716 0.418193026021747
1461244625.32325  0.604006260216932 -0.117410340285339   1.51848791590859 -0.164594245046407 0.840220395997497 0.327422879008629 0.399665708998301
1461244625.44224  0.626261670928999 -0.110693824288681   1.50967661192697 -0.168672150576731 0.850227055527577 0.328582225797602 0.37509649499645
1461244625.56214  0.647167444231637 -0.105349316522863   1.49909505330676 -0.160758654190316 0.860337864051043 0.340154174279256 0.343904859668203
1461244625.68226 0.667762929119205 -0.10180235032124  1.48682741555522 -0.160267644699228 0.866373548161897 0.346631303540932 0.321804127558117
1461244625.80453   0.688196628603725 -0.0955935512486122    1.47179953323531 -0.156867031326173 0.877472660959265 0.344959940388559 0.294001876319017
1461244625.9219   0.706223090819857 -0.0885129639269264    1.45702824069157 -0.142973538729657 0.891760785059972 0.340487752411286 0.261513594121324
1461244626.0042   0.718806455664044 -0.0842099262552843    1.44594616883031 -0.137659459981511 0.898837350131405 0.339552805849961 0.240510255760066
1461244626.08213   0.730349781710723 -0.0811148435294573    1.43455171396867 -0.13232096169877 0.905122947193453 0.339714305080725 0.218718550842105
1461244626.16181   0.741078058473746 -0.0793905709117843    1.42260215718789 -0.137935743941439 0.910161320587014 0.341135454565727 0.190280589364389
1461244626.24225 0.750093601208866 -0.07838255760701  1.41164547256628 -0.134175111538887 0.915012004884137 0.342688760871667 0.165270939773694
1461244626.32183   0.758308455610781 -0.0767560581211411    1.40152918162323 -0.124487152006421 0.92110890645528 0.343389470147049 0.13470338980968
1461244626.40409   0.766886122461621 -0.0740718583231606    1.39231937024031 -0.127623710199078 0.923313744792167 0.341501098198123 0.120751468737913
1461244626.48178  0.774543022484633 -0.070843646516873   1.38352152622879 -0.127692414366007 0.926820046855835 0.340030986490496 0.0952794641348682
1461244626.56166   0.781846729301248 -0.0664787181974822    1.37501628448555 -0.121907495849795 0.9319186922259 0.335262479151093 0.065308373192587
1461244626.64162   0.789769446621077 -0.0625390125197797    1.36655305915349 -0.125719234355545 0.932260679895991 0.336025455048575 0.0466003475557672
1461244626.72167  0.797545737804143 -0.059490290468879   1.35791159894496 -0.139750060100859 0.930935462501288 0.336354480104534 0.0263580931201082
1461244626.80164  0.804624527820248 -0.056106146006772   1.34946790043303 -0.142461685559641 0.928137368442792 0.343861607866632 0.00498879574330394
1461244626.88158   0.810177605634687 -0.0534353611040485     1.3408748829042 -0.127342013192259 0.92928622785013 0.346191784357103 -0.0190359356970665
1461244626.96152   0.815189076210055 -0.0501135685338492    1.33110519667679 -0.12024435695274 0.927159436919748 0.352191736364161 -0.0433319049716901
1461244627.04145   0.819225994796613 -0.0472164938330021    1.32108180885993 -0.116436224192737 0.92688791390868 0.350856480483485 -0.0649702304790143
1461244627.12153   0.821021673241872 -0.0437651399379864    1.31113779688472 -0.109469050267599 0.926230506567441 0.349633861608969 -0.0887115469019185
1461244627.20358  0.822054330981488 -0.039940048603707     1.301041069665 -0.101142081723815 0.926076529505567 0.345805106992954 -0.112122115486153
1461244627.28133   0.822817678233403 -0.0362684374664344    1.29022310927151 -0.104768969265828 0.922718120970622 0.348666973453199 -0.126673098700583
1461244627.36122  0.821842142059219 -0.033699737822305   1.27928209677102 -0.107185885264049 0.919143876495982 0.347778430751226 -0.150784227969359
1461244627.48123   0.821445203108474 -0.0308843916849998    1.26197357706228 -0.0988117536143038 0.914586705681182 0.348806999130569 -0.179167721692377
1461244627.5612   0.820083867865838 -0.0300807735999368    1.25106160253633 -0.0947434681908535 0.911787576330617 0.347684246932348 -0.196933377870267
1461244627.64137   0.816580655580974 -0.0293162217468947    1.24050452748699 -0.087622658802489 0.90708436017445 0.349297230942966 -0.217971735889927
1461244627.7611   0.813766761725264 -0.0267533022425455     1.2247303831962 -0.0691101377399041 0.905694121248415 0.337019553424774 -0.247709039413176
1461244627.84109    0.80962462399097 -0.0244740967286788    1.21431831732406 -0.0661536505971042 0.899722681476974 0.332974554616973 -0.274318677683802
1461244627.92377  0.805151251527081 -0.021907894632203   1.20371541025662 -0.0651753858661978 0.89212625104629 0.331318075308515 -0.300152051875621
1461244628.00372   0.800413550346254 -0.0198219065577888    1.19331431203905 -0.0635948775528097 0.883741883239611 0.326577351475854 -0.329094528760607
1461244628.08168   0.795199432506771 -0.0182345646698422    1.18447785795648 -0.0571254945268957 0.871463579525124 0.329059176663935 -0.359176788907034
1461244628.16102   0.788691584976392 -0.0161274928893859    1.17639873194196 -0.0417956697887018 0.860561825912909 0.327856198181976 -0.387552292061362
1461244628.24149   0.783537731039957 -0.0153484180237229    1.16825948346449 -0.0312396343143932 0.858048068140563 0.320202786784015 -0.400309596867101
1461244628.36126  0.773864811694136 -0.012247081450908   1.15587301139009 -0.0298119132711143 0.844736987958366 0.329057403470509 -0.421012940684
1461244628.44079    0.766006295048647 -0.00847350955358084     1.14758129538179 -0.0218717649708829 0.839872429411742 0.330181067136614 -0.430251544001417
1461244628.5212    0.758863394914235 -0.00519606386645777     1.13874442381045 -0.0205725891142174 0.834389388370417 0.334611300013773 -0.437500165777194
1461244628.60401    0.750281274089577 -0.00284873632705229     1.12977577874031 -0.0227500766102445 0.831153830230231 0.33322363240521 -0.444553433587596
1461244628.68078    0.740786123085334 -0.00168229890131688     1.12153154984348 -0.0216849529601925 0.826771346051146 0.326008069898 -0.457927551611902
1461244628.76069    0.729712310155103 -0.00188884353621588     1.11350215774656 -0.0255608193105101 0.817867826447166 0.333664366953012 -0.468088616828705
1461244628.88085     0.718799113876069 -0.000592593398272112      1.10422006281261 -0.0165488446363843 0.812087351487761 0.33482045667913 -0.477635353678906
1461244629.00263    0.70849560532511 0.00160532573145666    1.09423160181896 -0.00996183919967181 0.805798494354679 0.343507520608797 -0.482278064544397
1461244629.12049   0.698695588815102 0.00353321210032753     1.0839247201831 -0.00506891716265227 0.803892248374091 0.3508100297433 -0.480274798541785
1461244629.24038  0.687625979106419 0.0061404438692394   1.07327110657178 -0.00291302878266535 0.806206824049568 0.349828866943884 -0.477118260991946
1461244629.36023  0.673453580979687 0.0078419112001934   1.06113070607809 -0.00620258104379992 0.808666074912302 0.353339301170206 -0.470289321081052
1461244629.5203   0.656924533197246 0.00828998587379226    1.04415070025739 -0.0248618390068551 0.813690537735741 0.351856201755672 -0.462046329978487
1461244629.68033   0.641153071960472 0.00573430534291341    1.02578170201504 -0.0450227020564245 0.818423531579327 0.360086648854742 -0.44552607619905
1461244629.88024    0.619390854036929 0.000991009475800775     1.00060692813054 -0.0653291983664019 0.837740144607423 0.344973369840108 -0.418230701951803
1461244630.00438     0.605245845839615 -1.58986325190513e-05     0.984403726361077 -0.0857563289847321 0.852409340964112 0.340297251729683 -0.387610562216016
1461244630.12002    0.590131046833227 -0.00206293259316725    0.967900032248862 -0.107792485878691 0.864448088483373 0.347495141204874 -0.346925653627027
1461244630.23996    0.577692081503638 -0.00530856179279993    0.951903635911205 -0.120977140385741 0.878023760770105 0.351934560864054 -0.300966562755127
1461244630.35982    0.568519172687619 -0.00938310648482876    0.936299160940108 -0.133457027579477 0.890289560588461 0.357427685098825 -0.248634611471836
1461244630.4799   0.559880686762434 -0.0112395785534899   0.922852360319988 -0.142591586844612 0.896124953492025 0.368231402521202 -0.202566881022838
1461244630.59972    0.549102301409956 -0.00933922664162024    0.910521327811021 -0.149628185465679 0.897853097182246 0.379766065703705 -0.165072582019023
1461244630.71982    0.536706576542323 -0.00507091035389329    0.895806024773216 -0.16309763254308 0.901652049628891 0.379902511883401 -0.1268732640218
1461244630.79975    0.526946044102647 -0.00340683793648811    0.884420542112346 -0.181732253861541 0.903572570515554 0.374502405007188 -0.10138020695457
1461244630.87978    0.516708865649978 -0.00470146866039828    0.872442372900869 -0.197019932943929 0.909405434308918 0.356173234284337 -0.0854723888259418
1461244630.9597    0.506939669073458 -0.00639613383596194    0.860137424297421 -0.211620146631309 0.909273532198593 0.352490656786151 -0.0647216660887649
1461244631.03966   0.498690806020329 -0.0101807532584134   0.848290363292928 -0.224183916760198 0.910749326854615 0.345024534849844 -0.035146912404533
1461244631.15954   0.486067820538079 -0.0177194913909422   0.830976266955893 -0.212403657769537 0.920472493229486 0.328039630829113 0.00225299345654701
1461244631.27953  0.471286895548187 -0.021526800750343  0.815993178592569 -0.200899755318346 0.927601402756867 0.314088077027948 0.023315355142215
1461244631.40171   0.454842249064034 -0.0227340997341861   0.801367008359509 -0.186251116349976 0.936410820040469 0.292979856457223 0.051069574893753
1461244631.52039  0.436632988867297 -0.022931735627093  0.786150722456345 -0.185402201627766 0.936606689392751 0.284751978538049 0.0854999633625288
1461244631.63936 0.417491071310573 -0.02784878810875 0.773491640816185 -0.18831838002466 0.935197399117926 0.272197788913576 0.125898276948158
1461244631.75922   0.399332136836338 -0.0323317556382932   0.761370804972891 -0.202428763924669 0.925923630609769 0.275776861531582 0.160109801255716
1461244631.88026   0.381949194152646 -0.0345089370162993   0.746751388072732 -0.193621267315374 0.923938330430778 0.274855109107334 0.182492288608507
1461244631.99922    0.3632752859848 -0.034975098880569  0.730637659873675 -0.169846203570242 0.926608411900092 0.259183563061235 0.213009386571693
1461244632.12071   0.342244714921524 -0.0336484378862642   0.711827609737502 -0.172573585345886 0.925453140970833 0.252458479967394 0.223650525151716
1461244632.24084   0.317909132791472 -0.0337838669527686   0.693226306468613 -0.172503836733725 0.925293280637626 0.251412653309222 0.22553591482294
1461244632.35905   0.293975702372054 -0.0374219413513411    0.67483709269403 -0.175874232976739 0.924307748465278 0.254046102956186 0.224017896326761
1461244632.4789   0.274013044785845 -0.0408386110673202   0.657145799644753 -0.158539818152825 0.921069419624908 0.254769880886057 0.248170421455115
1461244632.60096   0.253819675032907 -0.0437628237540621   0.641531182154504 -0.153219802643206 0.920422178141375 0.248672856751603 0.259824010396384
1461244632.71925   0.233465176554821 -0.0460219368733126   0.627377834471604 -0.150903453676586 0.917800512855241 0.232207757722202 0.284517000414318
1461244632.83882   0.212496545999271 -0.0492425978353203   0.617649465420988 -0.16719904032973 0.912915519058845 0.23334149149318 0.290140456196781
1461244632.95878   0.196179205004513 -0.0559205457456525   0.608997797610686 -0.155321264259439 0.909274506762901 0.21618944991586 0.319933271112915
1461244633.12151   0.177512881494466 -0.0632596040975458   0.591673179410708 -0.148207526946691 0.915217378529911 0.223680245539325 0.30063071491225
1461244633.27952   0.161424791119694 -0.0686944707571456    0.57262811730261 -0.145740290570887 0.921820307162255 0.198644319024969 0.299244922307307
1461244633.43835   0.146532310501005 -0.0691832287361751    0.55359641022635 -0.170874568294534 0.924799321739809 0.185255294362591 0.285006267177366
1461244633.71867   0.132533422731655 -0.0743547585366352   0.534283356086777 -0.165709000010373 0.925904680886604 0.186530555263426 0.283632510796906
1461244634.27796   0.140077958393719 -0.0856851839112742   0.545581782878472 -0.13974663050346 0.915634091774163 0.223144179537477 0.303795596384113
1461244634.5178   0.158881463248458 -0.0798130061669281   0.549789372767264 -0.169364804541824 0.910362373022829 0.229707764380679 0.299650222342624
1461244634.67778    0.17947082295661 -0.0736358476748473   0.549052716397524 -0.175050741521002 0.910147920493452 0.234249236185457 0.293454078282996
1461244634.79982   0.197154480425299 -0.0715000687478217   0.544685251740548 -0.168306829970123 0.916101549823335 0.233048806190747 0.279497791278855
1461244634.95787  0.219046544614867 -0.071216291362993  0.536975657620768 -0.164667238608182 0.923682982531064 0.225922322284152 0.262018229528806
1461244635.1577   0.242545404617058 -0.0704783698310064   0.525653339447878 -0.164731686850371 0.928019654997708 0.230126112110638 0.242249796305814
1461244635.31763   0.261065946293858 -0.0681004869443639   0.513371948398862 -0.176338143752361 0.932563042897736 0.221696061844167 0.223789826046841
1461244635.47754   0.280616578374016 -0.0642580042955351   0.499055706049386 -0.177078573472888 0.937048055878252 0.223894137782984 0.201135613102228
1461244635.59747    0.29767994148354 -0.0642797580449799   0.485924269376208 -0.193807496777169 0.944152771125059 0.204216689099201 0.171200884528089
1461244635.75741   0.316329387454794 -0.0644811995868474   0.472296660841838 -0.172623700172639 0.951738961254226 0.207134875553867 0.146591783871803
1461244635.87744   0.330460814712083 -0.0658255221752045   0.463302799199428 -0.176046805059431 0.95574726538836 0.199170463630459 0.126038936635735
1461244636.00019   0.345522748316264 -0.0656977860274096   0.455350727421648 -0.176333126958852 0.960854238045276 0.185773026989998 0.105613181044407
1461244636.11759   0.362309495650744 -0.0614991064969785   0.447373240416144 -0.175502242014432 0.963308107046888 0.186832441959697 0.0795618789184038
1461244636.23719   0.379365368918854 -0.0572781809861968   0.439681625475927 -0.160355440186677 0.968242002410665 0.185052077767062 0.0504904553793758
1461244636.31785   0.390729419970743 -0.0549294935836167   0.434760403139387 -0.154550146587304 0.970450452601933 0.183524310527749 0.0256709695932993
1461244636.43711   0.407353431924217 -0.0508738296702498   0.429410531208068 -0.139969380519026 0.972254488987879 0.187424884723043 -0.0013014401997255
1461244636.55708    0.42313527559997 -0.0452679468394772   0.426711774726769 -0.141846817831997 0.971680113033322 0.187973335077462 -0.0195771169058186
1461244636.67702   0.438563791767832 -0.0374747310509836    0.42723964595981 -0.14001511490939 0.971152754026256 0.190082203086564 -0.0335686165024215
1461244636.7995   0.455906162448112 -0.0283573057690955   0.431174118482953 -0.137454140348014 0.971086508521654 0.192759752398031 -0.0306762143013307
1461244636.91746   0.474028259623854 -0.0177377686726172   0.438258242447078 -0.115349092024336 0.970681432244263 0.20918844606301 -0.0266896627766408
1461244637.0369    0.489657896493849 -0.00886319583596304    0.445774136874774 -0.0784272577928243 0.972274702711441 0.21772921318732 -0.0335418757273248
1461244637.15686   0.503340526717943 0.00208971004284764   0.454323268509788 -0.0699802584531579 0.9707950724845 0.226897642466986 -0.0343096270683156
1461244637.27682   0.51562217012464 0.0134298260743781  0.463338162042332 -0.0750079998402709 0.968810491784064 0.234099586752751 -0.0312636282487029
1461244637.39911 0.526319485748908  0.02626082797268 0.473133314799254 -0.0791780918997995 0.964975955619419 0.247856181399669 -0.0334596500500327
1461244637.51914 0.533815169641714 0.040697819529492 0.485574253286307 -0.0795560467837265 0.959552044485116 0.268319740611384 -0.0305814673097787
1461244637.63787  0.538756564673829 0.0529781039866194  0.498913551883915 -0.0602001281281163 0.955479289783018 0.286085616981337 -0.0398784544021588
1461244637.75654 0.539796912358232 0.063048124591785  0.51323654696219 -0.0452142116929045 0.951570764712232 0.298901088371694 -0.0559186388978137
1461244637.91651   0.53807738432629 0.0737437383529068   0.53308274460355 -0.0688224718692125 0.944191347413365 0.31661512141338 -0.0593382821451367
1461244638.07631  0.534481884113245 0.0793655357983747  0.552679378853166 -0.114367485223637 0.936637631527937 0.328747085715619 -0.0394382956381816
1461244638.23646  0.525477891132299 0.0799185559279416  0.573189830383638 -0.119878784757467 0.935592234737919 0.331320876340827 -0.0228631617219991
1461244638.39964  0.513038630961475 0.0761676891303611  0.593459068729463 -0.128563736775486 0.933035614513089 0.335826604232302 -0.0116790207768898
1461244638.59883 0.499407921984955 0.068096035551011 0.609671781882281 -0.121703615986489 0.9368802665345 0.327737550462636 -0.00562974695768631
1461244638.83596  0.491639567146269 0.0567016211958696  0.607644158963709 -0.12647009435447 0.946229647010327 0.297202158175211 0.0180457066550628
1461244638.99817  0.489501723710059 0.0508429224847115  0.595639563995911 -0.139049612785605 0.950170787806874 0.273888139697326 0.0531598167394874
1461244639.11579   0.49018631741565 0.0467814814353097  0.583728931487498 -0.135681493090994 0.954673061722523 0.249343903967247 0.0895404668756788
1461244639.23574 0.491378925707152 0.043659761086479 0.572750660745865 -0.157921692092621 0.949222292279262 0.233811133355915 0.139176624925053
1461244639.39845  0.491178471106712 0.0439330381901222  0.558792866260139 -0.149411659696056 0.944306294805582 0.231774626941326 0.179561409672658
1461244639.55561  0.491678815419282 0.0484648749317452  0.543586420859014 -0.161969613470625 0.930911186866925 0.245349870536498 0.216734047869534
1461244639.71558  0.494548463120584 0.0549424814205964  0.527124608613721 -0.179620370170403 0.915491355424256 0.247565357063041 0.261387633115179
1461244639.83559  0.497613371651955 0.0581782314076428  0.513072398190612 -0.17100613133668 0.904823385126203 0.2416387958139 0.306042868127373
1461244639.95554  0.500301700506672 0.0578890109769187  0.499700207412629 -0.153442855027247 0.898388254006582 0.221236028402713 0.346999214755144
1461244640.07723  0.504759932189147 0.0577034484428521  0.489411482755572 -0.154154425215526 0.87352824920886 0.214086381050059 0.409086583096371
1461244640.19815 0.508988472432904 0.058219086840741 0.479579102751382 -0.152909156426721 0.853095922699408 0.211596999054877 0.451744226908862
1461244640.31535  0.516024130128163 0.0620484564717172  0.470260854519499 -0.149884830753812 0.830974760506603 0.218545924463985 0.48913511815354
1461244640.43523  0.526461013730548 0.0708698062848564  0.462557941888833 -0.150036504229908 0.800850798405598 0.226790819905266 0.533566275263235
1461244640.67524 0.550233396855279 0.086968761444574 0.437946852058134 -0.13481270401241 0.77748957603397 0.212912269612142 0.576197760707196
1461244640.91508 0.576306765648635 0.095810842434719  0.41289657527919 -0.144856290898886 0.749695878256139 0.188228592412801 0.617691461905594
1461244641.15506 0.594133206501797 0.108205241297775 0.395287823301847 -0.159527993908889 0.708087911624026 0.195751426746276 0.659426802229125
1461244641.27679 0.600609948126073 0.114383845625891 0.386052483417183 -0.141154000906917 0.689799998497937 0.206696604160623 0.679358538570528
