1461245212.23861  1.49985621073215e-05 -8.89491148168889e-06 -3.40116232398961e-05 -4.52025336418451e-06 2.25404124054088e-05 2.13885128615864e-06 0.999999999733461
1461245213.27926 -0.00880001313096188   -0.022838144948644  0.00196898153256289 -0.00438412372605706 0.0228036350397739 -0.0142939432787333 0.999628159304084
1461245213.31813 -0.00889852921531649  -0.0250194596462954  0.00387573787649573 -0.00906678428928246 0.0299465773177558 -0.0120384896975328 0.99943787735677
1461245213.55797 -0.0185997781650364 -0.0444132939607406  0.0224372361626895 -0.0323745804295568 0.0554482922391175 -0.0246959646318716 0.997630935146198
1461245213.76072 -0.0363102012788981 -0.0568053951647451  0.0504717615130041 -0.0599018961020692 0.0526592256320057 -0.0319337686513217 0.99630266647186
1461245213.95777 -0.0629342097923648 -0.0660048828607436  0.0845454124696595 -0.0786556248230163 0.0430877128366412 -0.0403280366074992 0.995153451056465
1461245214.15767 -0.0918093500893102 -0.0798620558825094    0.11827795694699 -0.0740590199353704 0.0466009100673965 -0.0479113662350429 0.995011616883238
1461245214.31761   -0.11893423068032 -0.0882958136572341   0.147019738556932 -0.0809360774029255 0.0640098185661539 -0.0542252669592321 0.993182619121456
1461245214.47744 -0.152197914381185 -0.097830135211344  0.177497534180765 -0.0782769335860715 0.0839123559688891 -0.0478236394088128 0.992242076157733
1461245214.63738 -0.194182426120489 -0.109386111200327  0.208787707152234 -0.0654058024896515 0.0811894498048517 -0.0343690063218586 0.993956299665895
1461245214.83735 -0.251839415519911 -0.123336964409169  0.247431939669562 -0.0535392262825165 0.0627779815802044 -0.02900875418351 0.996168142663931
1461245214.99729 -0.304009095992781 -0.131188365373919  0.281476638124668 -0.0549543870803206 0.0402503740780547 -0.0420632305720322 0.996790152118813
1461245215.19722 -0.368511617085277 -0.139955345633659  0.332715709400936 -0.0427532344382178 0.0328318683053848 -0.0504303503005334 0.997271782984566
1461245215.35711 -0.419045757370823 -0.144956991789409  0.376528769724888 -0.0396439833182969 0.0615508645165107 -0.0392120162771998 0.996545163775032
1461245215.51703 -0.47588455966713 -0.15078654872255 0.415945366902672 -0.0305069723760724 0.0770731211241275 -0.0258821090903971 0.996222452600655
1461245215.71923 -0.555523626387885 -0.156341310970314  0.452016132216444 -0.0344474345299137 0.0805358249598325 -0.0221213026112466 0.995910640129489
1461245215.87684 -0.628013901516635 -0.159462774242156  0.472743546431872 -0.0304139902610285 0.0686781434830652 -0.0394170020960797 0.996395805766905
1461245216.03779 -0.708445735010302 -0.163092959950215  0.487259819321243 -0.0262506869332732 0.060731538833997 -0.0380727108860447 0.997082268577761
1461245216.19776 -0.782781702758159 -0.163663997565857  0.497677459130884 -0.0299404301481092 0.0754910494466958 -0.000344741758958254 0.996696821129225
1461245216.3586 -0.855633988940816 -0.162412959934318   0.50405817111457 -0.0413228842287731 0.0840310677411262 0.0100878006146509 0.995554837852773
1461245216.51884 -0.934371624098286 -0.161438933768585  0.506667234939902 -0.023420677755652 0.0637926168588657 0.00349570632084658 0.997682190842897
1461245216.6765  -1.02089926572613 -0.160049862704085  0.510120766555164 -0.0122303265033863 0.0490440333005979 -0.0202255574659534 0.998516914597055
1461245216.79807  -1.09437885260723 -0.161060129243915  0.512931725074029 -0.00763976352338978 0.0299682622651989 -0.0244864597384876 0.999221672382854
1461245216.91691  -1.17003363631361 -0.165737400899284  0.516054025569916 0.00251029918133098 0.0196767219440219 -0.00623308192645698 0.999783813482323
1461245217.03703   -1.2416117914559 -0.176130252311122  0.519472416689634 0.0145836699152473 -0.00436071294344361 0.0153515365531456 0.999766288229347
1461245217.19631 -1.32603564426057 -0.19731352705002 0.525057196705736 0.0288666483258318 -0.0204823557159319 0.0248794792579474 0.999063662251116
1461245217.31941 -1.38524568777958 -0.21845305868227 0.531598319407649 0.047276387167266 -0.0412269116098672 0.0139847307555601 0.997932719315895
1461245217.47599   -1.4607238737457 -0.235457028185436  0.548976682947544 0.0468697506566408 -0.0593667817227831 0.0199721671585129 0.996935265822338
1461245217.59615  -1.52151588974432 -0.254944591342545  0.563834969029909 0.0612053506565497 -0.0695726724377407 0.015010392043361 0.995584369318635
1461245217.71631  -1.58290201480415 -0.273854805928564  0.578636149009981 0.0655171303421378 -0.0804167187407739 0.00493664221307113 0.994593528303075
1461245217.87605  -1.66268131727362 -0.298171646216133  0.595174930923554 0.0747104932635233 -0.0958625085457149 0.0248640641301112 0.992275415379509
1461245218.03581  -1.74129208018235 -0.321144381144799  0.601751298519938 0.0806696694010162 -0.111864755411188 0.02767466211391 0.990056965034036
1461245218.15577  -1.80237747567724 -0.329195853758946  0.604172388923832 0.0838903255405061 -0.122981513245014 0.0383675385728376 0.988112287477762
1461245218.3157  -1.88221499504476 -0.331725712737297   0.60254895545529 0.0913268029689992 -0.122928973068162 0.0552775839759442 0.986657119444061
1461245218.43568  -1.94181497161712 -0.332985545139706  0.597208301252961 0.099085137943544 -0.125016802785165 0.0704890870772197 0.984674678796558
1461245218.59555  -2.01246195292723 -0.320199266137895  0.587372641777779 0.0826912278933252 -0.11669853449922 0.0805521868572213 0.986435480945281
1461245218.75547  -2.07697852872827 -0.294642468527932  0.572794438715437 0.0587229659640495 -0.124378588120271 0.0764880715827091 0.98753792584951
1461245218.91586  -2.12830356800864 -0.265411104888528  0.547368199354111 0.0425873449981186 -0.121987596148078 0.061616948141699 0.989701316627258
1461245219.11539  -2.18122029893641 -0.234021491973662  0.506555292071319 0.0276737930560498 -0.12362910216047 0.0784379076754992 0.988836437898795
1461245219.3152  -2.21663508649875 -0.209859716786184  0.461502325838775 0.00955396355000148 -0.113917500604737 0.102968118260918 0.988093665326451
1461245219.63507  -2.23823006513124 -0.176456977841933  0.408154882566651 -0.00772407972600007 -0.100882058206545 0.104516150552939 0.989363190743416
1461245219.87501 -2.22088119510218 -0.15153319853862 0.385566454416821 -0.011340659621139 -0.0566538703443468 0.0917276069961931 0.994106520715519
1461245220.11493  -2.17633621615918 -0.127101066024406  0.376044927521068 -0.0291836996805182 -0.0200691163178955 0.120251933129037 0.99211139234559
1461245220.23489  -2.13395123348556 -0.118133799003716  0.373877647436512 -0.0377139293532586 0.0174919072346832 0.122312070173853 0.991620618081238
1461245220.39478  -2.06679985117473 -0.114392675448257  0.376586464870224 -0.0215270306206536 0.0264281304891877 0.115801890779581 0.992687293644569
1461245220.55468  -1.98392663195194 -0.114751017577974  0.383229864709159 -0.0112544199063981 0.0377607271658047 0.0913581648254886 0.995038266217033
1461245220.67462  -1.92020825721109 -0.115116516581165  0.391585783354481 -0.00926502160038864 0.0503995851509374 0.0952794860465573 0.99413070605935
1461245220.79459 -1.86036380529095 -0.11334138231718 0.409398343142137 -0.0266165520372554 0.0748663999821916 0.0815912794669588 0.993493555301845
1461245220.91729  -1.80296737541696 -0.111448546579955  0.433801910952949 -0.0256535251857112 0.0967590373482639 0.0858382081061083 0.991267565981111
1461245221.03449  -1.74711056736708 -0.109177522945196  0.464721562015648 -0.0264406366831283 0.110877216240904 0.0781194580183283 0.990406222683087
1461245221.15435  -1.68876663082394 -0.108741780941783  0.501574810336254 -0.0229597939678013 0.129261715531452 0.0682870891869129 0.988989954554242
1461245221.2747  -1.63264885034632 -0.113163630248434  0.538797463327589 -0.0141969786181278 0.149687428085593 0.0532453462072062 0.987196562381835
1461245221.43432  -1.5657678450671 -0.12080347671867 0.594763972321897 -0.0198069818728437 0.172803381040309 0.0518765856673106 0.983389798009736
1461245221.63412  -1.49209362738763 -0.127543309501264  0.673597815857298 -0.0228959090954112 0.170577132720244 0.0714900277099137 0.982480735219613
1461245221.7939  -1.42862364684441 -0.127578787874073  0.743305734881771 -0.0232101614298722 0.189092338984718 0.0644658299432115 0.97956599191347
1461245221.95407  -1.36423232636617 -0.139343464450939  0.814039343034672 -0.00608751138836335 0.199083861339356 0.0655161978620087 0.977771029524303
1461245222.11441  -1.30475407134951 -0.155074386342757  0.883806005630676 -0.0163857687789318 0.218390813964423 0.0579023012197758 0.974004251772514
1461245222.27384   -1.2484635156403 -0.164418990305542  0.958826310947521 -0.0242598911916377 0.230838212909067 0.0614984488659009 0.970743590206707
1461245222.43386  -1.19200897957864 -0.163574651198003   1.03356777025188 -0.0125545534792473 0.248857646445121 0.0727257394787084 0.965724195518579
1461245222.5538  -1.14944464291295 -0.163635723683743   1.08836397770146 -0.00342612444582836 0.271633129302485 0.0679348546854409 0.959994041781244
1461245222.71632  -1.09555791080303 -0.165437966875566   1.15973496648546 -0.00371638874369679 0.29147450383456 0.0723880251832602 0.953828483470257
1461245222.87403  -1.04355447977681 -0.165781946519082   1.22800120346203 -0.0113703377816672 0.303235560582069 0.0855957127660406 0.948995407877869
1461245222.99421  -1.00055494968119 -0.162974689808627   1.28127674727735 -0.0208108347233419 0.307716494541069 0.0847864577626779 0.947464365939708
1461245223.11758 -0.953865944963097 -0.163096080651098    1.3319924253991 -0.0125565397095044 0.30928390505567 0.0824740481998764 0.947303452309535
1461245223.23349 -0.910599245729154  -0.16946603720722   1.38131515969034 -0.0103924778607012 0.309888624515038 0.0662190084546946 0.948407127619447
1461245223.35356 -0.868568912599603 -0.176883428017826   1.42848638063754 -0.0121103524815945 0.308552092685816 0.066557547859251 0.94879873433987
1461245223.47637 -0.828164946233377  -0.18105837932309   1.47526650369307 -0.0209876354218897 0.308967037142978 0.0681662249795706 0.948394567092475
1461245223.5938  -0.78749206958787 -0.182388527142581   1.52508494537557 -0.02250948800254 0.308311738606022 0.0679373648442216 0.948589325918028
1461245223.71844 -0.749398495069395 -0.180938766281895   1.57772955355258 -0.0137942055161512 0.301327254182633 0.0746589690669373 0.950493368792647
1461245223.83563 -0.710752201480943 -0.182564913038383   1.63112678115888 -0.00965744020141367 0.31758530337449 0.0595862783676184 0.946306390319534
1461245223.92006 -0.687892631547823 -0.186803014122988   1.66720953224557 -0.00857846186969088 0.324577355058372 0.0565987366020927 0.94412527430967
1461245223.99295 -0.667287533687856 -0.193269171353019   1.70361629553434 -0.00556286663544389 0.325440432596688 0.0583227901961841 0.943745745150572
1461245224.07314 -0.646444548355323 -0.200266119607222   1.73726087584034 -0.00342820871993871 0.326768959687539 0.0617926595030957 0.943075798438933
1461245224.15393 -0.626444469333552 -0.206920259228653   1.77013231092003 -0.00490563816522222 0.322596585841918 0.0574100854076532 0.944781170224521
1461245224.23543 -0.605693670753377  -0.21113553137385    1.8014737993715 -0.00423172411414942 0.323049940814008 0.0582279387840254 0.944579448959192
1461245224.31556 -0.585730547945852 -0.212999006410604   1.83248460708927 -0.00509050592941276 0.318187259329047 0.0535290410136092 0.946501767836815
1461245224.39385 -0.567352406588375 -0.213068168585143   1.86225923670255 -0.00634064626205438 0.31339696723239 0.0505628615197216 0.948253939706795
1461245224.47293 -0.549821546443226 -0.214894385526881    1.8901801668381 -0.00264044811193512 0.309936761213645 0.0430085089347845 0.949780237866303
1461245224.59293 -0.525966479639595 -0.219946507186409   1.93042924399199 0.0063043800705404 0.299370289353511 0.0447776961166159 0.953064867978465
1461245224.71596 -0.507410965147906 -0.223544371050156   1.96661618675841 0.00326865436947396 0.298407887825817 0.0459276630632953 0.953327172668173
1461245224.87567 -0.485118865740381  -0.23198401941652    2.0056925985443 0.00600603310081512 0.299445058705715 0.0405720308146678 0.953231606011203
1461245225.03266 -0.461366425437514  -0.23411908095304   2.04190229514266 0.00500438868975998 0.30301220155804 0.0428885070440239 0.952007950473275
1461245225.15267 -0.442045963999414 -0.231559257898905   2.07245891778259 0.00119379982046144 0.302039108089181 0.048832219408704 0.952043258667536
1461245225.27289 -0.420177360867368 -0.230048451455696   2.10620015014762 -0.00251517293296426 0.306176645718146 0.0371696577472101 0.951245474136333
1461245225.3924 -0.398095872790999 -0.230770684877713   2.14029148650304 0.00574248421904717 0.324211288332999 0.0388437282585048 0.945169418235393
1461245225.5145 -0.376439459076482 -0.236756328212493    2.1745563665869 0.0181355220500869 0.333707186494508 0.0422427814962093 0.941555183689917
1461245225.67236 -0.356008623818385 -0.245672856688381   2.21361898059675 0.0338733271105047 0.343028946865509 0.043771831144092 0.937692788775246
1461245225.91403 -0.323362606763488 -0.248824454885606   2.26620788249223 0.0297571186153979 0.352656989712838 0.0374126778981808 0.934530819733023
1461245226.07212 -0.298756305582824 -0.247255005156977   2.29466098340031 0.0317977774042436 0.373631508324936 0.0343818150075226 0.926394240124458
1461245226.23204 -0.274886785689248 -0.254911240205504   2.32553624402263 0.0361397082575111 0.389056996340027 0.0293665573232422 0.920035966903968
1461245226.47195 -0.249649879634043 -0.266888502555238   2.37512244598281 0.0396717847081973 0.392839399725959 0.0366134866191404 0.91802113707616
1461245226.67469 -0.225238838007528 -0.265020010814255   2.41992256208344 0.0360888422750007 0.414788181562803 0.047131756881264 0.907979601859182
1461245226.83168 -0.202924768700797 -0.261222600539881   2.46726159643017 0.0306996200502219 0.445533195474184 0.0553205853663976 0.893027064480161
1461245226.99201 -0.173821296861419 -0.261292438209396   2.51236103562641 0.0250365269477701 0.486158418769975 0.0623176990998653 0.871286215061601
1461245227.15157 -0.144648293961646 -0.260835964726546   2.55386605680828 0.0263346732275482 0.516747751402648 0.0797028022511754 0.852012740350528
1461245227.35155 -0.100154350033875 -0.253622469700667   2.59947580845014 0.0153841740394334 0.544478686923019 0.0828055449485078 0.834535516560853
1461245227.55154 -0.0439722553891437  -0.248135851681989     2.6440510389441 0.010538220233879 0.569424304828715 0.0810778164807076 0.817967783387193
1461245227.75137  0.018831053636172 -0.259857973226402   2.69556170495704 -0.000724893762725487 0.580190616188008 0.0807518267327488 0.810467436665864
1461245227.91398 0.0740727577776066 -0.272400407192551   2.72718947661387 0.0115069702508575 0.586952969476507 0.0876206578070074 0.804783462543698
1461245228.03099  0.121291558465292 -0.274286449367885   2.74633814067726 0.0107229354518642 0.597322617521684 0.0916392627119506 0.796676191926149
1461245228.15108  0.170369608872316 -0.275209377924607   2.76345578773964 0.0186092725576536 0.607569574979654 0.0868547666845955 0.789283951463656
1461245228.271  0.223240255497032 -0.277527346092203   2.77516963390849 0.0260221345809073 0.625197235435036 0.0769731335290583 0.776225741669883
1461245228.3911  0.278665202578626 -0.281173558453398   2.78563808102549 0.0282167646508144 0.640941733824448 0.0735904710152468 0.763532547184798
1461245228.55145  0.353075722992112 -0.285292214696205   2.79880280199532 0.0235280725667929 0.653275507945163 0.0812265310820937 0.752382742471311
1461245228.75088  0.443440888263519 -0.281373827903757    2.8116382564459 0.0198289898962223 0.662240602066277 0.0739644020025845 0.745368005330918
1461245228.99085  0.560471360285944 -0.273687533294816   2.81513460175383 0.0246752388838109 0.669278661940845 0.071793738984497 0.739123037321477
1461245229.23064  0.675272075892714 -0.277348124333098   2.81332487963887 0.00907097387369587 0.671270129180797 0.0850773424620086 0.736258091230366
1461245229.43058  0.772394013414188 -0.271312337786792   2.81508198856702 0.0155516231530637 0.674497719278096 0.088244966534133 0.732819076981039
1461245229.59044   0.85754361028072 -0.266246827452873    2.8137256414382 0.0156154206983131 0.685681093821176 0.0753729346287445 0.723820776807396
1461245229.75036 0.939490738249299 -0.26478871941623  2.81458164247443 0.00551959784187787 0.691132061413972 0.0928829193613898 0.716713869697136
1461245229.87032   0.99813426278163 -0.268293114723033   2.81823422109418 0.00723225206147631 0.691463293819559 0.0948461337384306 0.716121790441541
1461245229.99029   1.05522276088409 -0.265488555884014   2.82353962715299 0.0107649609972813 0.687595148750309 0.0974243542353727 0.719448067779453
1461245230.1125   1.11517140192162 -0.258824130614269   2.82842724764071 0.00510410271742928 0.685234368788025 0.0984135285360689 0.721624961713637
1461245230.23023   1.17899779960483 -0.259871089806909   2.82964728296839 0.0185725677118611 0.684783868547509 0.0966199697163289 0.722073884417455
1461245230.35021   1.24311016305127 -0.265571778460091    2.8333094169836 0.00673629434190666 0.678212561511478 0.0945245606792153 0.728730026261428
1461245230.43013    1.2860450635284 -0.269969943738846   2.83450494729335 -0.000242174666503462 0.679345981712091 0.0941369636312683 0.727754911052719
1461245230.5501   1.35009758085971 -0.271189851839103   2.84051422141171 -0.0106142303272262 0.675775949160546 0.0958118070372713 0.730776506384118
1461245230.66999   1.41188583138581 -0.267575788538242   2.84624186822001 -0.009922875891209 0.677065895844314 0.0930580419979971 0.729947607735023
1461245230.79024   1.47733353009152 -0.263630744086371   2.85357471443235 -0.010585671596501 0.679789521060304 0.087667447686529 0.728071815983549
1461245230.86986   1.52080527171877 -0.263040453667865   2.85734861720345 -0.00746819976316288 0.686761318412424 0.0866997682716743 0.721655227727455
1461245230.94986   1.56514777181739 -0.261369932465724   2.86075289366058 -0.0250564774369306 0.690679013795714 0.0950201314894142 0.716453660366369
1461245231.02981   1.61053833013028 -0.261879947640499    2.8630642959978 -0.0271436122288276 0.69667112908131 0.105561631340021 0.709062271037303
1461245231.1118  1.65451280322912 -0.26383796639549  2.86559220627376 -0.0293476528535827 0.695508332567745 0.107909742544914 0.709762186978646
1461245231.22982   1.71883887642471 -0.263970065649063   2.86669906666563 -0.0287694928029358 0.699764902084017 0.102870020041982 0.706342096346926
1461245231.34961   1.78375581020245 -0.261588526089796   2.86695019464397 -0.0171792867575169 0.702425688535954 0.100145019142236 0.704467174062991
1461245231.46944   1.84777846261779 -0.262277720566792   2.86777557755485 -0.0116241011349737 0.699755573220674 0.0940501214753511 0.708068918022732
1461245231.58951  1.90885527590325 -0.26966003584512  2.86894990574273 -0.00190772686775637 0.688851942711673 0.0970695036250678 0.718370985679778
1461245231.70954   1.96688923780504 -0.281034563150532   2.87149446082657 -0.0036947524757635 0.67292675797897 0.0911155886445935 0.734066670477557
1461245231.82943   2.02035390370667 -0.289082487394235   2.87503959287919 0.00361650005233907 0.659080260970488 0.0895054518759529 0.74671875871102
1461245231.94946   2.08016105187106 -0.287501218356354   2.88140373538454 0.00460899199401172 0.640081453404083 0.0937946244503897 0.762546430471697
1461245232.07372   2.13841036663409 -0.283624343908458   2.88500519242271 0.00861205194989278 0.630485993916619 0.0878625315543608 0.771163678854914
1461245232.18933   2.19539663805397 -0.283563019026826   2.88556385826653 -0.00310492537181222 0.628639337276176 0.0837567071033193 0.773167353865005
1461245232.31166   2.25046256590053 -0.286537602734452   2.88231769966246 -0.0042503731033771 0.626724984838695 0.0885640840346979 0.774179650163006
1461245232.46921   2.32298499554497 -0.284545278937189   2.87279545843154 -0.0161384065987426 0.635300625453134 0.0848829078417211 0.767416157692581
1461245232.58912  2.37675735406594 -0.28015205930559  2.86586812337351 -0.0195958913339323 0.632632605217929 0.0858877070483083 0.769425298281769
1461245232.74902   2.44417914590452 -0.279132351041508   2.85745520768854 -0.0222752534011108 0.621186001370505 0.0841049934062751 0.778818409432757
1461245232.86895   2.49128534704867 -0.280772612714412   2.85536307475992 -0.0272581871802537 0.604157288744633 0.0858987799872605 0.791752714731741
1461245232.98884  2.5350712276348 -0.2803847682436   2.854658102607 -0.0342932379900744 0.599411518715087 0.102741107638292 0.793078854755998
1461245233.14891   2.59159931690278 -0.280750996880116   2.86083930155418 -0.0274841756133162 0.596383672170207 0.102443370287177 0.79566104060953
1461245233.26868   2.63623645577077 -0.276044827505531   2.86985246040881 -0.0320116173158132 0.599975289588819 0.100198011171309 0.793073304806658
1461245233.38868   2.68375314731489 -0.273103984853323   2.88272603623804 -0.0254341892873015 0.607200064054572 0.101057485838277 0.787685577361594
1461245233.51102   2.73419805994846 -0.271788554156237   2.89889109321984 -0.0349336277536133 0.616083405407935 0.102848999695108 0.780155729642902
1461245233.6287   2.78175020733909 -0.272578126230903   2.91409478162055 -0.0373228382581844 0.628527612242574 0.114513477013655 0.768405303193077
1461245233.78929   2.84760763376939 -0.276661284388291   2.93228796844302 -0.0275245223469403 0.646676616800616 0.125637932584627 0.751842313153991
1461245233.94852  2.91495619765589 -0.27467795449774  2.95318873465608 -0.0269814646044614 0.654579195687978 0.127152658777876 0.744735039128679
1461245234.11045   2.98791956656619 -0.272334105737464   2.97100696691078 -0.0216072562631779 0.66369859815541 0.123412131149999 0.737432534655433
1461245234.26827   3.06078813633579 -0.275197054430739   2.98715242656826 -0.00860372780715149 0.659257921248591 0.133861715512295 0.739855398208942
1461245234.38834   3.11639713334969 -0.278224873202385   2.99738546801621 -0.0270597105946565 0.667468062451533 0.139812688834579 0.730894362894238
1461245234.54823    3.1894212572949 -0.280535837032312   3.01130565417139 -0.0152437843301663 0.671047609073925 0.153330726801417 0.725225772855608
1461245234.66898   3.24926333099798 -0.276661367513915   3.01906657687738 -0.0109963438668108 0.684131484513121 0.152797732508251 0.713089086482028
1461245234.78808    3.3101122913426 -0.273324356486393   3.02376564727166 -0.00864858771570171 0.702148420416283 0.151198396559852 0.69573834342745
1461245234.91081    3.3709550856622 -0.273384145582647   3.02787363699258 -0.00399439560735289 0.714552782568659 0.152091532838155 0.682837119206374
1461245235.02807    3.4321514804988 -0.274150293556582   3.02999020909773 -0.00646628422391881 0.723592805730458 0.160951257863163 0.67116788604322
1461245235.11317   3.47266511891088 -0.273257362604261   3.02930922197202 -0.0116322432802243 0.733434204939906 0.166091379648946 0.659054331255586
1461245235.18786   3.51509638436523 -0.271871707456188   3.02966066568036 -0.0113914422419531 0.738513129259542 0.164145538050287 0.653853833278593
1461245235.31285   3.58027876140963 -0.263737878402102   3.02774575177977 -0.00516145374528662 0.743422500473011 0.167161248637847 0.647575062938288
1461245235.38776  3.62599627192902 -0.26100697468455  3.02835011494355 -0.00283306146414214 0.741729596499581 0.161356774663142 0.650993986692364
1461245235.51033    3.6932605131721 -0.263859874132864   3.02911535463672 -0.00621573344559931 0.73565875631372 0.152442565237283 0.659946075994517
1461245235.66776    3.7790383100208 -0.271916025660694   3.02720698122609 -0.0158394212517296 0.727533517521159 0.152299242061472 0.66876680127321
1461245235.8285   3.86223750591718 -0.272753592881675   3.02584505238252 -0.0199257679541307 0.718945531709701 0.153688007614032 0.677569393141191
1461245235.98753   3.95069807268875 -0.264504147398218   3.02415148914217 -0.0219905670244163 0.717222131160959 0.145684428033717 0.681090946176328
1461245236.18733   4.06253110110897 -0.265347536693035   3.02195512210884 -0.0227422797767678 0.718530709259907 0.148304317148231 0.679118721635773
1461245236.38731   4.16654838692961 -0.269416682749078   3.01547703656474 -0.0392619744510251 0.715977278649014 0.14935593196844 0.680828788614581
1461245236.58727   4.27346161048504 -0.262672179623794   3.00867341904584 -0.0429451234508689 0.712562685437065 0.145045988992118 0.68510714254911
1461245236.78718   4.37872515527762 -0.264369692958519   3.00703693549699 -0.0502595849329098 0.68949182748378 0.15146941293207 0.706492753608601
1461245236.98698   4.48177267184957 -0.270270320598981   3.00752896891778 -0.0802301262990138 0.669261091746465 0.15561329428827 0.72210610061758
1461245237.18701   4.59004502959342 -0.257040677616434    3.0112210447159 -0.0857003737354171 0.650571721835113 0.17880997658817 0.733102225451979
1461245237.34681    4.677048636719 -0.24810313921653  3.01199969036831 -0.108035904373565 0.649327532637061 0.177713434832167 0.731518922383971
1461245237.46676   4.74141536129348 -0.245305332246834   3.01193768420176 -0.132579011051713 0.65121691188784 0.190401192004086 0.722555690298843
1461245237.58677   4.80240782517727 -0.246660925716181   3.00864937037708 -0.125500912912271 0.653590106616914 0.203720269742554 0.718030323236212
1461245237.70924   4.86522187178031 -0.244126986524363   3.00508949310514 -0.122874385701155 0.65799737023406 0.20958834716419 0.712751058109778
1461245237.82661   4.93039624035988 -0.238523034272492   3.00047128478934 -0.127588102468597 0.664859638123775 0.208656473128497 0.70579417249221
1461245237.94668   4.99577308740235 -0.241550211002683   2.99874842829157 -0.110000881759875 0.665443457678782 0.201955166583308 0.710140071630143
1461245238.0669   5.05766545927284 -0.249037309894453   2.99941377975421 -0.10761971842773 0.658297744632719 0.199101642942447 0.717927998753796
1461245238.18654   5.11633569054755 -0.255613803363625    3.0000445874563 -0.11685995100619 0.65573132331647 0.200954216762299 0.718315798404792
1461245238.30983   5.18057369278875 -0.258338285249105   3.00481893089814 -0.109472445472557 0.6500569472754 0.19693133736358 0.725713302444869
1461245238.42627   5.24387902562371 -0.254664983692469   3.00714220966216 -0.109242854917713 0.650673457654125 0.191131389521394 0.726745376382592
1461245238.54632   5.30962993849529 -0.253641447825139   3.00725943626484 -0.10678873774028 0.658031298057889 0.182255972290232 0.722754271403933
1461245238.70858   5.39339680674775 -0.257105229941879   3.01041459086556 -0.116209799594916 0.65338841972063 0.187623815603761 0.724138218347419
1461245238.90871   5.49429322808274 -0.259109514954933   3.00904015846614 -0.126701298531065 0.651054269582846 0.190284564958137 0.723786503982481
1461245239.14609    5.6217443401188 -0.255147362541924   3.00523520606244 -0.124465307192006 0.640750269143684 0.174834112953111 0.73714348185804
1461245239.34595   5.71905209224864 -0.259864685432679   2.99877791095329 -0.130573683866644 0.618553287428881 0.179613303941473 0.753711751759017
1461245239.5458    5.8137251658565 -0.261897239143257   2.99943662831909 -0.122196912355236 0.596635294256202 0.182337284107242 0.771911494332775
1461245239.7092   5.89313851034643 -0.252001537946521   3.00118390077893 -0.134015659069796 0.58920387342688 0.169220934723097 0.778615999009968
1461245239.86573   5.97334087249582 -0.249163982755074   3.00471149397099 -0.134391163801354 0.576607099723953 0.167623094556079 0.788267572472377
1461245240.02706    6.0462512193246 -0.252295193132985   3.00813928932355 -0.14212539737237 0.562645019462434 0.172641922593738 0.795880468449252
1461245240.18707   6.11938013380683 -0.252128209431033   3.01888439742712 -0.147091488658764 0.543770339647906 0.167297268356158 0.809128874582978
1461245240.34556   6.19490553425521 -0.250442354042624   3.02753357851743 -0.143195917298955 0.523897438692568 0.156555615313184 0.824934386672169
1461245240.46549   6.24842312046664 -0.253994227589042   3.03470583899362 -0.139141396536288 0.49228204233033 0.151737408101908 0.845738624843117
1461245240.58576   6.29749593081088 -0.259443155149436   3.04437926940874 -0.14860065739019 0.465340922184447 0.143567510183438 0.860676501819041
1461245240.70815   6.3409920257855 -0.26099759567955  3.05592515522903 -0.161860945280036 0.440398034312803 0.141147239506415 0.871738528772356
1461245240.82695   6.38439579120096 -0.256744511493245   3.07399508143288 -0.169426186713952 0.406774310913168 0.130541194677341 0.888137615310206
1461245240.94519   6.42916925080058 -0.250527782359428   3.08858299466655 -0.174097057233002 0.386953458636186 0.118655560703755 0.897707131210608
1461245241.06519   6.47498733245446 -0.246653924655679   3.10924060509632 -0.169433227712527 0.363913179059711 0.117882092222501 0.908274953847576
1461245241.18511  6.51420056559816 -0.24879306283669  3.12946012978897 -0.177057036274188 0.332219308126101 0.115206488204816 0.919243494559265
1461245241.30709   6.54773142202531 -0.253624533896115   3.14794433133612 -0.187762180712375 0.294466127309655 0.109477712557455 0.930617909678604
1461245241.42494  6.58060859817605 -0.25525717168764  3.16763129292877 -0.189375777416791 0.262488286399827 0.104956559351376 0.940330173438984
1461245241.54495   6.61185051959609 -0.254658575416076   3.18602784250645 -0.187555694222022 0.223929766265191 0.0961681434754811 0.951540860670624
1461245241.66495  6.64484916596758 -0.25424972710675  3.20121171019248 -0.189319559063411 0.185487609400035 0.0899233240897899 0.960034503077748
1461245241.78483   6.67617150259228 -0.260425062960845   3.21393965518207 -0.190827507362929 0.135232315090919 0.0781569860023452 0.969117417513394
1461245241.90892   6.70560797818703 -0.268804526921577   3.22440169352975 -0.191815051027861 0.0918786525287855 0.0650964215151222 0.974950129655153
1461245242.02682   6.73292915413131 -0.277219130281184   3.23727432405437 -0.193254046006176 0.0603561469327231 0.0552716195057829 0.977729542003762
1461245242.14474   6.75583330708922 -0.278412391143483    3.2532582942091 -0.188202067494838 0.0207572316793192 0.0451907001146409 0.980870490812538
1461245242.26453   6.77919718522873 -0.274234081508246   3.27098181355329 -0.188579532148453 -0.0100488422763128 0.0272969949529555 0.981627044701864
1461245242.38583   6.79909904871192 -0.272318696308297   3.29026682428418 -0.186411445412228 -0.0453710090560223 0.0136666186513542 0.981328420097574
1461245242.50756   6.81396177843761 -0.276397161840851   3.30678129079499 -0.184013654117025 -0.0820067583983242 0.00135384024594709 0.97949580590837
1461245242.62444    6.8243309851296 -0.284134663696547    3.3201598398234 -0.184966365386147 -0.112046319594975 -0.0113891806086289 0.976270122715083
1461245242.74442   6.83140179912979 -0.298363056514276   3.32717129481198 -0.168211167889271 -0.138469319801698 -0.00703525190048756 0.975951717915225
1461245242.90659  6.83883139182854 -0.31613037187056  3.33605504927617 -0.150589618444501 -0.152038740861477 0.00221647430145458 0.976832675198607
1461245243.06419   6.84726616974315 -0.339797419380033   3.33645928191994 -0.136074129042801 -0.145645477997847 -0.00707996399175801 0.97990872036833
1461245243.18424   6.85339211688663 -0.372612720412711   3.32848419822656 -0.0953873776342021 -0.139947027448497 -0.007859958766302 0.985522348171056
1461245243.2641   6.85818717603681 -0.396300912052959   3.32072657891289 -0.0718982155187633 -0.136094382898057 -0.0105823330774266 0.988026811263466
1461245243.34401   6.85994175205945 -0.418718492254905   3.31173903580611 -0.046002734709142 -0.141515228067201 -0.0119181810771602 0.988794794476681
1461245243.42415   6.86157738001817 -0.437881754300989   3.30114151870885 -0.0292143474008685 -0.152747384389459 -0.00694890825413402 0.987808924409066
1461245243.54391   6.86977760293457 -0.462046169185227   3.28325603816749 -0.0179743576090073 -0.157960691129425 -0.00980010289017743 0.987233154077495
1461245243.66679  6.87841247702933 -0.48362360256744  3.26131264949709 0.00323007635454154 -0.181503829033827 -0.00381518292057469 0.983377532299821
1461245243.74392   6.88411769912569 -0.496227175996634   3.24464948893136 0.0144377221710726 -0.202698061398266 0.00251590476140687 0.979131614394678
1461245243.86418   6.89778694783993 -0.508607366052041   3.21823026947095 0.0285014940720099 -0.211472156006285 0.00147170573061786 0.97696725950871
1461245243.98381   6.91112483647815 -0.514574514013099   3.18998112753341 0.0443864721463526 -0.227825888580814 0.00698484739131333 0.972664596605471
1461245244.10631   6.92506595746062 -0.509523781681813   3.16247725032542 0.0411088843847748 -0.253224354980426 0.0102515123607468 0.966479380102702
1461245244.22359   6.94470787147326 -0.497443514175015   3.13666682408821 0.0329455855697102 -0.264824971280318 0.0140970550272936 0.963630425016461
1461245244.34354  6.96696433664097 -0.48205115592396  3.11026092721648 0.0255588280257545 -0.275225932690358 0.0158179021994465 0.960909582767641
1461245244.46349   6.98987330146749 -0.461342448056674   3.08349279398351 0.00708027479489129 -0.291778798884618 0.00155242278494931 0.956458358849864
1461245244.62351   7.02004310802864 -0.432387478852261   3.05093114035118 -0.0236687148458703 -0.324278730488679 -0.00975780824378379 0.94561508134572
1461245244.78347   7.05881993855088 -0.405214205928886   3.02524207129904 -0.0527855486163057 -0.344624625680933 -0.0184881719160912 0.93707296446475
1461245244.94343   7.10697867081159 -0.384636644052954   3.00263446953389 -0.0643446106896275 -0.371802308714976 -0.03137764331238 0.925547544867132
1461245245.10677   7.16616560912937 -0.371318852973396   2.98716690245337 -0.0686363161938555 -0.391561161021674 -0.0349744567009388 0.916921861805667
1461245245.26314   7.22762817245281 -0.358387305411761   2.97647167951256 -0.0843649032355287 -0.417786125754231 -0.0515527805395264 0.903149836432457
1461245245.42316  7.28582185197868 -0.35139539480364  2.96782889938369 -0.0931782423584197 -0.43520984871169 -0.0716729297274295 0.892621528913364
1461245245.62304   7.34865464438526 -0.340899102805449   2.95892274495485 -0.10500420737352 -0.464582765943579 -0.0766983911963984 0.875930549079068
1461245245.82292   7.41192792605554 -0.336565144978078    2.9531903610125 -0.0968914039494977 -0.487238882948319 -0.082001928938755 0.863994218981986
1461245246.06282   7.49171520579456 -0.338583475105947   2.94723555862481 -0.09194133477069 -0.516371058844467 -0.0845541362491417 0.847206184226479
1461245246.26278   7.56004260098386 -0.342776296326188   2.94729544384396 -0.0951611310136712 -0.537007101405054 -0.0892264791234215 0.833430481568786
1461245246.46266   7.62877074842443 -0.342942668479911   2.95438772567096 -0.0857916084011556 -0.563801371687773 -0.100176445688873 0.815311285914817
1461245246.62259   7.69023644818948 -0.344679198792656   2.96350384953502 -0.0875871903635962 -0.591023110575701 -0.102982017292132 0.79524516406205
1461245246.8227    7.7676189305655 -0.354671105364595     2.974151605807 -0.0835828287727985 -0.612261413490443 -0.108678099021514 0.778677688827728
1461245246.98238   7.82493605415531 -0.360771363084453   2.97816136136516 -0.0849830815024968 -0.631758221563262 -0.0891132659215366 0.765322318492256
1461245247.18236  7.89583665788673 -0.36385608364988  2.98308157829891 -0.0604921430332914 -0.638956823752191 -0.0867468172133831 0.7619382309053
1461245247.38215   7.96209533752581 -0.365003351326988   2.98291745125633 -0.0477018676011593 -0.642839444988247 -0.0939934859727622 0.758714178323598
1461245247.58205   8.02529567313695 -0.368964151328716   2.98374365947832 -0.0502629852097798 -0.655921989942742 -0.105472020926993 0.745731606027887
1461245247.82268   8.09818676801913 -0.375190860812522   2.99367251156011 -0.0419160772761366 -0.674327430416037 -0.10903698666693 0.729134071754215
1461245248.02192   8.16251907698873 -0.375073317085069   3.00548503026888 -0.0456521277024825 -0.701318015649691 -0.103054614823433 0.703881148010806
1461245248.22475   8.21685506671303 -0.378665500273306   3.02063795393336 -0.0597472162670164 -0.726853746085294 -0.103909386199411 0.676251980706733
1461245248.54222  8.28000274708161 -0.39383507644102  3.04095896094578 -0.0626410926065353 -0.738675133154746 -0.0944682675742122 0.664462856446773
1461245248.82152   8.28812338061824 -0.429287365187448   3.04701139320397 -0.039164273953373 -0.739253335018913 -0.0620529045083793 0.66941773456579
1461245249.06141   8.25916742348433 -0.458651195790495   3.04653690831899 -0.023425761565118 -0.742657870935948 -0.0343033325080049 0.668381479254792
1461245249.26126   8.21370674215816 -0.471328379349127   3.04622951240616 -0.0132218334697402 -0.737686210282854 -0.0298330793378997 0.674354673488246
1461245249.42125   8.16575785175872 -0.479741333345847   3.04589053305686 -0.00565088448664122 -0.732157458034282 -0.0108890144505256 0.681024928702021
1461245249.58113   8.10808616322929 -0.482995443416174   3.04492819407767 0.00109697911230583 -0.723178232964707 -0.00561915839506628 0.690637723456953
1461245249.74109   8.04722358155754 -0.477154212797718   3.04494482605678 -0.00352836750560685 -0.713801711795665 -0.00343015189665378 0.700330565460547
1461245249.90377   7.97855353233665 -0.469110198161012   3.04641059068701 -0.00725595309217812 -0.707690023560951 0.00906148556886516 0.706427682906262
1461245250.02177  7.91890695883435 -0.45861965577061  3.04706945898845 -0.0147429287604777 -0.705539961737474 0.0154844576292737 0.70834754182885
1461245250.10329   7.87711651172792 -0.451633232144829   3.04509018093116 -0.0132369326997732 -0.705152981174595 0.0137850854482515 0.7087975932327
1461245250.18089   7.83332098514678 -0.444947791040372   3.04069508421164 -0.00988091279176685 -0.710567140821473 0.00349262402005306 0.703551353864559
1461245250.308     7.767838269638 -0.437704982188798   3.03371738472267 -0.021004676841408 -0.715160684827303 -0.0012529719361564 0.698643276994389
1461245250.42117   7.70444185519944 -0.431682820074772   3.02345032194465 -0.0206438820535381 -0.71854910082395 -0.0202609763508536 0.694874458212534
1461245250.54051   7.63770016223273 -0.419941220711138   3.00824172577517 -0.029139717378751 -0.729905739046693 -0.0153709016060142 0.682753414024131
1461245250.62103    7.5898764080454 -0.409093042733306   2.99720409757709 -0.0366863820894412 -0.732496970568264 -0.0145249544610237 0.679625870001583
1461245250.70292   7.54269612208249 -0.400651819350302    2.9886072927125 -0.0310367865185577 -0.72431744520205 -0.0257381265522828 0.688286644720175
1461245250.78068   7.49078148982096 -0.394898878462515   2.98060317244245 -0.0255723610053707 -0.710649344007494 -0.0359995999999418 0.702159236223646
1461245250.86069   7.44241835938862 -0.392317207004128   2.97428799208882 -0.027485084522933 -0.698760570017246 -0.0436580701957255 0.713492963402391
1461245250.94165   7.39506811402138 -0.390978973208225   2.96887751114682 -0.0322676323689648 -0.690464608229544 -0.0414075051546405 0.72145882987222
1461245251.06054   7.32277769360584 -0.383711294099924   2.96143758812467 -0.0441504679984583 -0.689920611195215 -0.0428661192287403 0.721264710245694
1461245251.18061   7.24669624340254 -0.372744750247954   2.95470526627629 -0.0475142073623213 -0.691685878496712 -0.0358289275220254 0.719742546706517
1461245251.30244   7.16808866749047 -0.364538377600176   2.94777370598239 -0.0468672738544579 -0.69625332560204 -0.0363671150555051 0.715340616889668
1461245251.38045   7.11514743986438 -0.364577575063485   2.94447239023445 -0.0431390807599152 -0.697789583376657 -0.03725365145943 0.714031429626988
1461245251.46032   7.06501798168737 -0.365913018357655   2.94182285251657 -0.041301925937159 -0.696228204365993 -0.0374998424555771 0.715649495336225
1461245251.54033   7.01653992569211 -0.365329228617207   2.93917885636197 -0.0375192666951383 -0.696793869040197 -0.0515774334350247 0.714430106486917
1461245251.62129   6.96776505679889 -0.359975015830337   2.93723001268389 -0.0557075230344605 -0.696516995111687 -0.0558027137698442 0.713194787231281
1461245251.70227   6.91821606934034 -0.355530065289473    2.9359189274219 -0.0538163115503326 -0.697476341973618 -0.0519294392851201 0.712694808690053
1461245251.78013   6.86833229001054 -0.352003969105095   2.93605929126989 -0.0468410878673032 -0.689699587004961 -0.046225246819059 0.721098896635621
1461245251.86015   6.81684955922079 -0.348496479501481   2.93498511728841 -0.0376286791646071 -0.682200268383191 -0.0532565908351253 0.72825175032735
1461245251.98013   6.74024890782727 -0.345599768055549   2.93319481865575 -0.0405701846344422 -0.668441755492201 -0.072360288431282 0.739123581203693
1461245252.10262   6.66517924610781 -0.350119010791763   2.92849389079268 -0.0404431597048119 -0.673265570924493 -0.0723244791205665 0.734742806402857
1461245252.22   6.59416924230015 -0.352929028093392   2.93174381468936 -0.0435600019678297 -0.664986998678927 -0.066628051452296 0.742600512103396
1461245252.37999   6.50169441377354 -0.348078944647601   2.93902849128972 -0.0319179302361244 -0.666554655281254 -0.0525691757440952 0.742914947362023
1461245252.50224   6.43404459550299 -0.341618829474659   2.94426874788608 -0.040140744651683 -0.676528805211176 -0.054873537193563 0.733271021692671
1461245252.61982   6.36975089835077 -0.344267884004736   2.95099380901614 -0.0528581998917384 -0.67067781558475 -0.0367978862818993 0.738947355331797
1461245252.73974   6.30662887232871 -0.345813166659136   2.95619858503348 -0.0542256944857519 -0.668858029038825 -0.0572421997031206 0.739196754336073
1461245252.85957   6.23872840566017 -0.342970222887493   2.96315483082134 -0.0472399348438702 -0.666863795501117 -0.0475573836477685 0.742158582828745
1461245252.9794  6.16452980541789 -0.33460438961398  2.97069789054913 -0.0449654405466145 -0.658425178048049 -0.0458837250924376 0.749899378477197
1461245253.10163  6.09056176026237 -0.32731820566195  2.97449983462971 -0.0484775518250305 -0.649574960310492 -0.0653098250814815 0.755934471137876
1461245253.21948   6.01969744887209 -0.323931960475837   2.97606333458651 -0.0572038988863788 -0.643901511907294 -0.0733125734094108 0.759436517093949
1461245253.30276    5.9741715861295 -0.319578101400721   2.97600814361479 -0.071737986582954 -0.63795721702341 -0.0877633469710698 0.761683559923152
1461245253.37945   5.92887885453188 -0.318610066895014   2.97462585969909 -0.0688439194907085 -0.636875104324768 -0.0836340384506716 0.763319044602521
1461245253.50275   5.86829978166898 -0.318851767020868   2.97041454116278 -0.0626234031742168 -0.645843283917915 -0.0710692763808437 0.757571065938837
1461245253.57949   5.82777153898833 -0.319627319580627   2.96628783333781 -0.0632284826549175 -0.653653192140592 -0.0646176271325321 0.751374890217482
1461245253.70236   5.76851092372686 -0.322528780886852   2.96051996377938 -0.0606917468661592 -0.658304994272976 -0.0652948892863728 0.747454094784872
1461245253.81927  5.71187090183841 -0.32085671506507  2.95271028271667 -0.0686455508444162 -0.664616641113606 -0.0774652907956593 0.73998083585055
1461245253.93921  5.65580986733083 -0.31532484725692   2.9444726819266 -0.0735793167195158 -0.661085194163192 -0.0809273581873252 0.742295906567
1461245254.10468  5.57535082155611 -0.30790525110617  2.93074606842749 -0.0536984917913186 -0.659467270377877 -0.0884320091074285 0.744579862100039
1461245254.21903    5.5142518064133 -0.302287286307492   2.91984753431507 -0.0565663145643903 -0.655805787370394 -0.0835525918936776 0.748156391201698
1461245254.33899   5.45122375783448 -0.300368121121214    2.9096269444678 -0.0636024164410733 -0.643274118120478 -0.0943977285599823 0.757127605111512
1461245254.53893   5.33967054898017 -0.302488661323999   2.89426350179376 -0.0731595114829336 -0.647562201915334 -0.0885043592883018 0.75331126296977
1461245254.73856   5.22487382797435 -0.303210098678208   2.88609354825942 -0.0621748467574052 -0.651946349599115 -0.0655789937915028 0.752860970729905
1461245254.90128   5.13527441537304 -0.306318469118291   2.87960708075519 -0.0561948074405337 -0.664436827722256 -0.0775008474864847 0.741187873768846
1461245255.05903   5.04886694832371 -0.302997377692864    2.8677799984567 -0.0661132405546631 -0.673181282704216 -0.103469653935924 0.729211924446143
1461245255.25856   4.92709651669245 -0.293984331737195   2.85261179962822 -0.0646993866306257 -0.680208915732385 -0.0874622595894166 0.724900112757135
1461245255.41847   4.83039158114382 -0.292172804015571   2.83969156367577 -0.0557982824619174 -0.676434760148078 -0.0950782283709006 0.728205120434869
1461245255.57838   4.73440674446259 -0.294190769660349   2.82138716775673 -0.0635292577414367 -0.68676960495789 -0.091920754952802 0.71823541957057
1461245255.73833  4.64130784585039 -0.29018969064745  2.80752000259916 -0.0652381368263407 -0.695670956302424 -0.091382038254565 0.709531697068665
1461245255.85828   4.57126406149669 -0.287040422977778   2.79900975606963 -0.0539174075333173 -0.706309016393439 -0.0823712739099532 0.701024578571015
1461245255.97827   4.50149651853732 -0.282962796565646   2.79370657792242 -0.0584484029544983 -0.716316781163879 -0.0888287901269527 0.689625622537091
1461245256.05815   4.45473450516563 -0.284167191772215   2.78963512286818 -0.0656971230574236 -0.726985816485941 -0.079454753983123 0.678868509153083
1461245256.17811   4.38518981601219 -0.288315131143298   2.78396382465739 -0.0600445240314465 -0.730477473459095 -0.0894847613352209 0.674381044656086
1461245256.25814   4.33593647153698 -0.287925712239177   2.77993254829238 -0.0585267669805771 -0.732611449276488 -0.0929389115623251 0.67172720702188
1461245256.33783   4.28447683929899 -0.285502062076571   2.77565373953216 -0.05802226278294 -0.737381496628578 -0.0793439855487012 0.668286224164911
1461245256.41797   4.23029973978679 -0.282263158377937    2.7731869175156 -0.0545215292453267 -0.736320202329706 -0.0773571318519898 0.669981967400262
1461245256.53788   4.15071290716255 -0.282233579594803   2.76816140390099 -0.0405925958398483 -0.727751763712101 -0.0893269235014616 0.678785910515733
1461245256.61802   4.09758659239049 -0.285436753886919   2.76234600336934 -0.0451080249887877 -0.73072030985117 -0.0833554556823773 0.676065797730225
1461245256.73796   4.02173224807443 -0.291359026246347   2.75510325172111 -0.0437442143938533 -0.734016420352591 -0.0892218095767724 0.671822749730671
1461245256.85786   3.94858355897186 -0.288457001669667    2.7518975920736 -0.0490164708997127 -0.734918133023795 -0.0883728011599805 0.6705840524114
1461245256.97782   3.87825513020818 -0.287044043411778   2.74851479465935 -0.0384636752065811 -0.73762000613944 -0.0798317335722322 0.669375953069206
1461245257.05789   3.8326560701512 -0.28866819700905  2.74535872976651 -0.0283256173551436 -0.738396374527855 -0.0752397734552781 0.669557637530906
1461245257.13772    3.7889328755814 -0.288726586072212   2.74251090372969 -0.0244327467594709 -0.742547011902437 -0.0763766482334735 0.664976378230964
1461245257.21772   3.74783456655661 -0.285952880841025   2.74124074891616 -0.0434152188103242 -0.744161888170671 -0.0820317701052751 0.661520212588632
1461245257.29999   3.71008784523512 -0.288012426098294   2.73885014786848 -0.040725245680843 -0.744176743928835 -0.093056887244893 0.660214240906695
1461245257.37763   3.66860192830693 -0.289671311358793   2.73481232243837 -0.035314071388151 -0.746726205973327 -0.0931360109119064 0.657631031161159
1461245257.45755   3.62392563886134 -0.286422516309048   2.73118761739168 -0.0332337965368872 -0.74671588526508 -0.0892848822921737 0.658284977236003
1461245257.57751   3.55417176370383 -0.280702473247897   2.72594853121443 -0.020522452102905 -0.741668326994899 -0.0873402444953625 0.664739500393772
1461245257.70017   3.48193028867199 -0.276130454675226   2.72079587234983 -0.0164142903796481 -0.733467007421106 -0.0938942869893503 0.673008605418104
1461245257.81732   3.41170565844489 -0.275297907083002   2.71838536415487 -0.0350531121988065 -0.725758088592458 -0.091981105250459 0.680871465435808
1461245257.97728   3.31823403872502 -0.276926048671292   2.71672893873555 -0.0425543115325924 -0.718793052739426 -0.099311605703848 0.68677717119605
1461245258.09728   3.24381095213135 -0.273345334261312   2.71999949996686 -0.0390244016209433 -0.711560030295887 -0.0939239143015026 0.695224940350768
1461245258.21714   3.16693270193106 -0.273770348906755   2.72364956074535 -0.0326708949984003 -0.711743116153547 -0.0784682862874957 0.697278335584253
1461245258.33717  3.08833141182632 -0.27578261899992   2.7276139055776 -0.0331188513394898 -0.715210657331862 -0.0842234173334013 0.693024727767749
1461245258.41713   3.03729183424867 -0.276310330127228   2.73330159633856 -0.0373484577907075 -0.705307940788945 -0.0996644337905916 0.700865751765568
1461245258.49973   2.98683249842173 -0.276826074214344   2.73768334807735 -0.0454908240791002 -0.699599856810894 -0.103465272937396 0.705539199882453
1461245258.577   2.93447685706352 -0.276900737938852   2.74019356843207 -0.0418437225299132 -0.703090784400479 -0.101490411904377 0.702575368247022
1461245258.65695   2.87990596462087 -0.275462620140995   2.74473612756678 -0.0315733549805502 -0.699854193353293 -0.0945681277978324 0.70729350379167
1461245258.73692   2.82474277575864 -0.273801532919648   2.75069366065648 -0.0239414669061278 -0.690836034727068 -0.0889219730177671 0.717122905783654
1461245258.8169   2.77007109217978 -0.273240136732388   2.75697943992258 -0.0195120547132647 -0.675128294799995 -0.0912097254988403 0.731779919959372
1461245258.89951  2.71606202060053 -0.27338490092739  2.76107355059799 -0.0272761235284672 -0.660886704667919 -0.0969062507436694 0.743702867579011
1461245258.97683   2.66377685232549 -0.274615036801452    2.7642447844577 -0.041085252307874 -0.654075570975372 -0.0912218869829834 0.749783780053492
1461245259.05679   2.61285482591612 -0.275664852252226   2.76672279733255 -0.0546526861762977 -0.649765531082616 -0.0859075823123766 0.753284624701635
1461245259.13666   2.56396364819397 -0.277698827172536    2.7688431127097 -0.044172356711801 -0.644213917601361 -0.092364005234998 0.757961820811696
1461245259.25838   2.49252370066377 -0.275100926686689   2.77477885231478 -0.0246026585513234 -0.634620321147278 -0.0954921468326891 0.766507016975329
1461245259.33661   2.44522252719497 -0.274014983354421    2.7778189700097 -0.0185304892440622 -0.634533160051269 -0.0837413361921183 0.768122176724826
1461245259.41667   2.39774406793966 -0.272854848607168   2.77846003975049 -0.019764049115895 -0.638782189171395 -0.0795470264455383 0.765009129189723
1461245259.49875   2.35024985876028 -0.271922453314581   2.77815083827672 -0.0285042317259595 -0.640308880371641 -0.0840704838496369 0.762970641791816
1461245259.57657   2.30207742916317 -0.271984152313293   2.77471678699103 -0.0320929115340896 -0.649481458920726 -0.0931493580680074 0.753967556754923
1461245259.6565   2.25198271281567 -0.268219299146704   2.77164665244382 -0.0451998159353391 -0.655115611780954 -0.102498786966225 0.747177696743372
1461245259.73621   2.19766337686646 -0.264368960679959   2.76964716007013 -0.0460598323613584 -0.657772993012003 -0.0989973028960384 0.745260166335344
1461245259.81637   2.13905254702475 -0.260625298979676   2.76696363413569 -0.0427498499613164 -0.661998998606782 -0.0909711292484934 0.742734158239109
1461245259.93635   2.04712274815031 -0.259559948125085   2.76287682770127 -0.028613234730568 -0.663003610916831 -0.10027455044782 0.741318089110191
1461245260.01641   1.98631735485353 -0.259955741795039   2.75920657884812 -0.0373219244979111 -0.668315423870317 -0.103657281846395 0.735674341056576
1461245260.09945   1.92684076344301 -0.262507796308158   2.75812484398817 -0.0430254614303035 -0.666915456023684 -0.102860156280199 0.736744441740448
1461245260.17661   1.87071275633978 -0.263583577409103   2.75971266738903 -0.0520491360780903 -0.665016358034539 -0.110275319738838 0.736806273613695
1461245260.29871   1.78924206206484 -0.264745212863776   2.76562406574495 -0.0548032281298926 -0.664616250036433 -0.085864281318252 0.740208870230392
1461245260.41622  1.71033940942691 -0.26578189179805  2.77399066079451 -0.0356880798781239 -0.662604895462626 -0.0856293022150599 0.743201679267301
1461245260.5361   1.63548318435781 -0.269516047151987   2.78046790258515 -0.0316014508723877 -0.665475657100746 -0.0930345440195796 0.739924368924392
1461245260.69839   1.53865695160366 -0.276128152875494   2.78199204604542 -0.0381125702682552 -0.679342275987902 -0.0994006736940643 0.726058544548778
1461245260.89596   1.42075504074132 -0.276487301660807   2.78302129979994 -0.0312203399458437 -0.692950034218215 -0.0921576012542845 0.714389611473807
1461245261.0562    1.3287365544897 -0.277244004905763   2.78626061314568 -0.00421139097531469 -0.691253273341708 -0.0857228959343073 0.717497568910908
1461245261.17573    1.2571024531645 -0.278267797649433   2.78550694315555 -0.000311291044211287 -0.693437146414327 -0.103106552766492 0.713101581716975
1461245261.29771   1.18406118530062 -0.280905513736325   2.78428738976522 -0.0146087124964091 -0.705091221873074 -0.107892736100509 0.700708292981808
1461245261.41566    1.1086130773182 -0.284420913372451    2.7868514029298 -0.0141764187711343 -0.709747565768167 -0.0985777278951587 0.69738070922561
1461245261.53563   1.03357320524101 -0.284480394833482   2.79358934369954 -0.00593582677587569 -0.709417508505718 -0.092732522508488 0.698635988090536
1461245261.69828 0.939014373555166 -0.28700749409118  2.80299761571292 -0.00236905072320953 -0.710979314095564 -0.0911401963959942 0.697277754648585
1461245261.85542  0.851358072246426 -0.296347493623244   2.80307358738827 -0.0080238949917758 -0.722889030170816 -0.0897239663302992 0.68506691427467
1461245262.01739  0.759965790646973 -0.295848922777625   2.79816165318328 -0.00144215240093559 -0.729680371493638 -0.0964271805394183 0.676953672348838
1461245262.13538  0.687020399457916 -0.288869801626104   2.79911062769018 0.0022900432453903 -0.72483657963021 -0.0914905124862329 0.682814890476854
1461245262.25517  0.616033611507872 -0.286253531051645    2.7953335624079 0.0101099058249636 -0.717424722717945 -0.0940166070866295 0.690188694944512
1461245262.3752  0.543960735491619 -0.289580102974845    2.7932091020206 0.00147010246628201 -0.70596204090558 -0.0913283830913144 0.702335078179279
1461245262.49797  0.472338221637361 -0.293404430228242   2.78716141444182 -0.00574242445088467 -0.706946304448443 -0.0945507514130418 0.700895215132294
1461245262.61515  0.394769918709537 -0.289651822092377   2.78207290959865 -0.00294814728908195 -0.701574689692011 -0.104616273531038 0.704868568261913
1461245262.73525  0.315817496638665 -0.285114859209447   2.77278247111299 0.00455925728811018 -0.707778882593595 -0.103255197231943 0.698832333805567
1461245262.8162  0.266748939087962 -0.284784895599016   2.76682095166258 0.00672962511962629 -0.710326178983748 -0.0925362215653468 0.697730950506359
1461245262.93492    0.1970349405639 -0.286356710154314   2.75942051273693 0.00524493560978515 -0.715552485730547 -0.0998510093802699 0.691365971639497
1461245263.015  0.155536535003125 -0.289523870802938   2.75165376491454 0.0063098183594473 -0.728269940315829 -0.097128191538433 0.6783429771385
1461245263.13473 0.0979150719520065 -0.289286949359159   2.73496636353499 0.00257895813923208 -0.753444438361371 -0.0888693155674507 0.651473001764316
1461245263.25483 0.0489502640171882 -0.280720101430912   2.71600474368595 0.00921278464111181 -0.767715298007705 -0.0989195185788829 0.633042869518503
1461245263.3748 0.00857135002754861  -0.271099390861401    2.69584038169014 0.00590158782305319 -0.785575330213681 -0.091137917265086 0.611988931155961
1461245263.49473 -0.0232200725814753  -0.269891915982398    2.67281026699558 0.00647922606685892 -0.812281047776434 -0.0995424865556662 0.574672787265161
1461245263.65711 -0.0598818042610252  -0.273416100543019    2.64340653924261 0.00597548314855253 -0.837946144725718 -0.105429225008196 0.535439287552398
1461245263.77451 -0.0860841309660323  -0.274453258103008    2.62020616296274 -0.00464561951725665 -0.860170879574075 -0.0948898667420022 0.501079224615976
1461245263.93439 -0.120263761161759 -0.268335745772069   2.59163680848899 -0.00322072102167616 -0.880391105052029 -0.106710182197392 0.462075822908717
1461245264.0972 -0.149338220998959 -0.270525469775839   2.56377373139912 0.00917963614472768 -0.904218907996458 -0.101642276188266 0.414695971035664
1461245264.21437 -0.168064775212802 -0.268951457606685   2.53945389360968 0.00645068540043219 -0.923357907855112 -0.110615375764854 0.367604136679248
1461245264.33431 -0.181525083699673 -0.268648891810208   2.51645305172098 -0.00089873721367056 -0.937778323426826 -0.107366097855901 0.330217397199768
1461245264.45432 -0.190420186084372 -0.263653237615243    2.4905003701646 -0.0139839336397646 -0.949000984476148 -0.115010371834404 0.293213566251244
1461245264.57424 -0.198326877163747  -0.25441796594611   2.46061804583739 -0.012266889158613 -0.955331403072312 -0.131833594123733 0.264218351358639
1461245264.69653 -0.207910696148096 -0.241517580042529   2.42734766745858 -0.016081212213888 -0.958954253517681 -0.147757649194638 0.241486669152882
1461245264.8147 -0.218775129280969 -0.228684005230314   2.39027887605107 -0.0204899629960259 -0.959845290660099 -0.1586176495253 0.230472602868801
1461245264.93404 -0.231447896116538 -0.216414218830502   2.35044472699985 -0.0189606978880807 -0.954453562644745 -0.176251230967175 0.239988316950862
1461245265.01395 -0.237244323423204 -0.209442410442696   2.32196659523889 -0.0246570159093802 -0.953569526908789 -0.180045362350329 0.240168391786955
1461245265.09657 -0.243234039118728 -0.201433321905874   2.29145939256509 -0.0319162660828842 -0.950024784372801 -0.195392947636275 0.241362501335122
1461245265.17396 -0.249375348214089 -0.194253741616548   2.26008692839402 -0.0340477125053954 -0.94781193656332 -0.204640976402461 0.242106086165313
1461245265.25391 -0.256722730254496 -0.186678662501038   2.22827664235126 -0.0417798601382501 -0.944477688377016 -0.213828221867599 0.245954936884335
1461245265.33389 -0.264789026240993  -0.17593539025083   2.19601848642368 -0.0483085410579112 -0.941531209059276 -0.229537928134124 0.241862785016892
1461245265.41607 -0.276692568605094 -0.162114814278337   2.16629193571368 -0.0573794037913288 -0.934438442599697 -0.24788765002632 0.249166839641301
1461245265.49704 -0.292640758192726 -0.146649342233629   2.13917761477965 -0.0722994649127756 -0.926787515227932 -0.259837381653989 0.261385202500375
1461245265.57367 -0.310403773273642 -0.131384730976685   2.11417861519519 -0.0748840904978723 -0.917260112048219 -0.273084492138009 0.280091270819568
1461245265.65472 -0.325651325324031 -0.117122280173749    2.0880130236022 -0.0799149725799399 -0.914108883852345 -0.279724141143878 0.282441056649148
1461245265.77366  -0.346315965175898 -0.0952129430251999    2.05737656798255 -0.0908575156738638 -0.902192439183299 -0.299526939505501 0.296778245558078
1461245265.85345  -0.358585227393644 -0.0834769363808816    2.04019403787709 -0.104518446272291 -0.891572785883663 -0.309334187621546 0.313825145947532
1461245265.97458 -0.371428052347559 -0.071673600927968   2.01547099203684 -0.113809258926608 -0.884138309532119 -0.326220154183115 0.314527126342082
1461245266.09699  -0.383874859572359 -0.0600839535812725    1.99166263071791 -0.125637738725562 -0.873523223360915 -0.346268236452143 0.318230490810366
1461245266.21351  -0.399153939589405 -0.0476907265836674    1.96448768071705 -0.141675369034658 -0.863500954221229 -0.354631153738577 0.329440338553077
1461245266.33332  -0.417634456097897 -0.0380178366910496    1.93246979281618 -0.146359628648383 -0.855353962425795 -0.353815933547915 0.348945186572356
1461245266.41341  -0.432131536148241 -0.0332381610587203    1.90851682510512 -0.149913110910175 -0.848811412079971 -0.347991185060705 0.368710429768519
1461245266.49571  -0.445716822308241 -0.0308553333957718    1.88420514313963 -0.15094130326959 -0.843317120497445 -0.341443326367028 0.3865868752591
1461245266.61314  -0.461422687360497 -0.0290690521021587    1.84906783498397 -0.163215441608537 -0.835263036878003 -0.339072371163067 0.40090685446837
1461245266.73316  -0.475072515776688 -0.0311855817105447    1.81905220050346 -0.180816460180656 -0.831989547982518 -0.316521353401829 0.418226054444551
1461245266.85319  -0.486386983095418 -0.0302970978174806    1.79481552042397 -0.185845044234077 -0.821825590706969 -0.317425152536991 0.435092622931766
1461245267.01299  -0.499850398905001 -0.0251101228899724    1.76069705104122 -0.175786918851462 -0.824100252217279 -0.319589535557293 0.433382351069354
1461245267.17282  -0.512033527072891 -0.0192243796173195     1.7270543283832 -0.158699667777187 -0.826387373631625 -0.335835177982567 0.423217505993138
1461245267.29844  -0.524337939882059 -0.0124283374607195    1.69764501067064 -0.161417808299581 -0.832085300750234 -0.340177009886848 0.407256608766014
1461245267.41281   -0.540851281442613 -0.00681077231462646     1.66154164460005 -0.138853245069176 -0.844780100843133 -0.349381041766605 0.380787664200545
1461245267.4952   -0.552791696092454 -0.00250737053502115     1.63414307751626 -0.128568163512725 -0.85268727869132 -0.357045185100103 0.359045077790784
1461245267.57537   -0.564141465975696 -0.00225791619307247     1.60372483150615 -0.120538109720593 -0.862825029326452 -0.360688137999875 0.333027926725336
1461245267.65437   -0.574984056368531 -0.00371482476286206     1.57103421832827 -0.104829386978147 -0.874531396177495 -0.36242156906452 0.304723223602071
1461245267.81274 -0.444185246681213 -0.162562853704887   1.96218306742544 0.0062361835115619 -0.901028785276365 -0.295952272224658 0.317049665957354
1461245267.89507 -0.320363158332416 -0.293517882669593   2.14324384661956 0.0847984862255329 -0.900566196034814 -0.287748243175597 0.314627862470254
1461245267.97245 -0.162683206314199 -0.341651962590772   2.27398560775126 0.117648869436281 -0.896527703343168 -0.269246282401407 0.331516606026924
1461245268.05252 -0.0597396063332938  -0.899429330415712    2.66284422708134 0.187347671769476 -0.897312558254032 -0.304747776601137 0.258572650020888
1461245268.1725 -0.0936022666877872   -1.21603230407405    2.74169816965191 0.18835869521975 -0.90475640213997 -0.32178210341944 0.205895926722243
1461245268.29246 -0.0436824574282335   -2.10845568747994    3.39201034706612 0.165718192579178 -0.91652051352577 -0.314110012818924 0.184017740399247
1461245268.37245 -0.0670127807679362   -2.13167700975756    3.24708771390442 0.174237217827704 -0.925906346371554 -0.292140618637521 0.164294517908017
1461245268.45227 -0.0829626101157959   -2.17228930602082    3.11082555197393 0.198565179935323 -0.925740824363091 -0.289081349700801 0.141448820002009
1461245268.57231 -0.116219866997085  -2.22094762817424   2.93512045622388 0.229690331835616 -0.925172719379609 -0.283597103554259 0.104261563543899
1461245268.69556 -0.158722853522653  -2.27277474359761   2.75551812278691 0.217269505845558 -0.931732572275579 -0.280851255391458 0.0760982781369018
1461245268.77261 -0.211258232087931  -2.32361153851194   2.57412755649884 0.198433169982159 -0.939292891927898 -0.275677919681986 0.0485265373210349
1461245268.89478 -0.250102472440394  -2.33568118076584   2.40334045480505 0.221436773522483 -0.938324983063038 -0.264829097378564 0.0194301485675597
1461245269.01206 -0.319456166362055  -2.37707917315004   2.14914835838442 0.230116231339499 -0.937801237386121 -0.259738210865996 -0.0105556168601541
1461245269.09557 -0.386823814065043  -2.41315933213786   1.94888835845334 0.19941413726019 -0.943415164435377 -0.262083858160165 -0.0389086194310242
1461245269.21199 -0.385873134419512  -2.44919503965002   1.74551786420943 0.210958760972264 -0.942331248721074 -0.248455400296615 -0.0760140310487342
1461245269.37197 -0.414146296094134  -2.46108124832434   1.44196719905246 0.218424390613775 -0.933961425863408 -0.258633219450165 -0.114523789585539
1461245269.53182 -0.453228648513351  -2.40158080606932   1.10341443587036 0.226912820245574 -0.926559681051789 -0.257530475584677 -0.153869371879325
1461245269.69194 -0.451598210353941  -2.29335512163959  0.766378920098607 0.232637721470365 -0.924438172702233 -0.244763192711981 -0.177157373240494
1461245269.81171 -0.400885173571238  -2.25248434446373  0.526299626615344 0.23150789684679 -0.91345204446101 -0.252315266401043 -0.219878290216538
1461245269.97166 -0.324986945018887  -2.18876358052881  0.201642597002527 0.23001101497611 -0.901349541943158 -0.275565464803495 -0.242337803151206
1461245270.09158   -0.257307991527709    -2.10248120772421 4.06181046406218e-05 0.22714491201145 -0.891413026657603 -0.280702767166174 -0.273850253528629
1461245270.2115 -0.175475886071618  -2.00522036058976 -0.211980957651592 0.242747392506267 -0.877665896397389 -0.276831922728843 -0.306823017863114
1461245270.33198 -0.0875974557390511   -1.93009498898267  -0.408296670497278 0.235205524758326 -0.87162333113492 -0.272672552148272 -0.332566999339043
1461245270.4514 0.0380639749188353  -1.87995178490991 -0.561448662198921 0.214568528613281 -0.851823697528973 -0.281527396601342 -0.386133474098881
1461245270.5714 0.148057113802047  -1.8367497529567 -0.69951111289103 0.229472754333469 -0.829155918233488 -0.290850848444512 -0.418626924881928
1461245270.6914  0.268929175404467  -1.77475938483552 -0.786036519983536 0.221892855794258 -0.806464920621554 -0.304506263112124 -0.455690495928792
1461245270.81123  0.386156129673908  -1.69042039274891 -0.858761639296877 0.21530578499022 -0.778709237879021 -0.312134757444845 -0.499827205128399
1461245270.9312  0.484766687747351   -1.6046975665695 -0.920777848991894 0.216874974597162 -0.754578840835637 -0.312365430513075 -0.534793283593772
1461245271.09338  0.588708289091048  -1.54356010853578 -0.968015787861975 0.186445313515833 -0.735662723197333 -0.306986520122805 -0.574280227091929
1461245271.29375  0.617601444775859  -1.56254562849136 -0.942547543954408 0.187417090651509 -0.688440135970178 -0.302474050665818 -0.632008276837336
1461245271.45106  0.565796093466529  -1.64974487035972 -0.874678049991482 0.163797149351096 -0.651686742542312 -0.299830673782388 -0.677182730522748
1461245271.57096  0.463350482017372  -1.73061668418475 -0.803661363888512 0.158371456550112 -0.616906351105164 -0.299424787122947 -0.71041525361769
1461245271.6939  0.311349767042236  -1.83417552075085 -0.740500997860785 0.140133179547619 -0.588678475635165 -0.297896167500545 -0.738294126823599
1461245271.81083  0.120563907848298  -1.95261837075532 -0.670543157021197 0.126736805609215 -0.554502307317049 -0.299404323672747 -0.76604309555671
1461245271.93115 -0.101201812772525  -2.08362087745296 -0.595301524082653 0.119916489625208 -0.519988047068728 -0.305863868495583 -0.788466714814604
1461245272.05076 -0.333075179085873  -2.22260745139587 -0.515853991228928 0.11662228967102 -0.486837373126908 -0.309486774327462 -0.808459368301935
1461245272.17071 -0.572497348990923  -2.36361565794035 -0.417617447308532 0.112510103282427 -0.457586773269856 -0.307694286295032 -0.826607553660895
1461245272.29068 -0.825559447350087  -2.50847858338659  -0.29655125777474 0.108304347273136 -0.430048294169346 -0.298554420423918 -0.845099929646852
1461245272.41055  -1.08925498186536  -2.64715774225373 -0.162081035079997 0.108277066292943 -0.404339151318938 -0.289095063855348 -0.860935521209427
1461245272.53057   -1.36231206584586   -2.79727832619966 -0.0333534109080627 0.0966308638211838 -0.386639200355743 -0.292061132689753 -0.869409512069786
1461245272.65045   -1.6484292617734  -2.95395970382801 0.0689297019526812 0.0931123188260897 -0.368438679489307 -0.308568787112786 -0.871991020113595
1461245272.77029 -1.94996131287038 -3.11859651622968 0.137519088617325 0.0822418527978348 -0.342606951642121 -0.314826238314835 -0.881329219987289
1461245272.89036 -2.26187719464427 -3.27418818137151 0.199349546627467 0.0798713615818905 -0.308836419932408 -0.299921221526165 -0.899048325842745
1461245273.01028 -2.60227794197109 -3.42332644803582 0.225982054893806 0.0784008312817512 -0.268326238853332 -0.289562155274715 -0.915427822075458
1461245273.0902 -2.84503400485969  -3.5295209497372  0.22396669398358 0.0828569286250902 -0.239801312052747 -0.283248541491551 -0.924878545463947
1461245273.1702 -3.07737360532758 -3.64522249655298 0.242509696574964 0.0782617369283115 -0.209655917811835 -0.2814516278542 -0.933115468652011
1461245273.25019  -3.3160244032538 -3.75724109878816 0.234532284565447 0.080493520711006 -0.174414339714646 -0.282379945767452 -0.939873394374914
1461245273.37 -3.65608576430494 -3.91778594110118 0.216339759198328 0.0702176116152347 -0.126532161691527 -0.284658849233441 -0.947643624275399
1461245273.45007  -3.8678803102269 -4.00132783280173 0.217009364338346 0.0710988639144282 -0.0933031002318348 -0.276637636923032 -0.953787765110691
1461245273.56996 -4.16646702528201 -4.13061529441062 0.197160606589614 0.0644018058963097 -0.0633839441109359 -0.274896850770387 -0.957218159283849
1461245273.69236 -4.43600413667297 -4.25728235624669 0.191300557377752 0.0524148105961891 -0.0484123483221877 -0.277732311469873 -0.958005060177501
1461245273.81 -4.70921823977469 -4.39008446732673 0.159505593003452 0.0588282621996849 -0.0180608502442197 -0.275472712800318 -0.95933718043108
1461245273.89239 -4.86895548259061 -4.48608549693376 0.141874720585462 0.0590295120094465 0.0117925603037699 -0.275314916397151 -0.959467638350892
1461245273.96983  -5.0145315299479 -4.58238488229771 0.106362547958727 0.053259697794261 0.0456113118943045 -0.273468097116176 -0.959321746171639
1461245274.09242  -5.19916556644197  -4.70462253111899 0.0609962836432539 0.0409001649562537 0.089899752872416 -0.266635756182094 -0.958723413954845
1461245274.20978  -5.33377388446326  -4.76685905967257 0.0222958127201483 0.0359658091860397 0.131938860973306 -0.266499791908088 -0.954084094012476
1461245274.32978    -5.42292956260072      -4.802613281403 7.84975348692707e-05 0.0329297169825429 0.172193882131258 -0.259046198726919 -0.949821018729924
1461245274.4896  -5.45933258669408  -4.80706323638165 0.0119020828116843 0.0305465367269522 0.223455181336929 -0.241107363225953 -0.943928985901957
1461245274.69168  -5.3107520987078 -4.76153680381125 0.103318223355357 0.0124456941827814 0.260226262461907 -0.216580848338995 -0.940861378288097
1461245274.80959 -5.13374222449354 -4.69979166805762 0.195584322363569 -0.0034410158121351 0.281449698492131 -0.203157570126383 -0.937817268090758
1461245274.92947 -4.91463174047024 -4.61878323888587 0.309001668201161 -0.0123463409008022 0.288341791953963 -0.201027592561021 -0.936106022792428
1461245275.04933 -4.70394288252217 -4.53542071724263 0.424891523272085 -0.0106532052982858 0.297085395076631 -0.189916074128221 -0.93571291646357
1461245275.16926 -4.47924315121857 -4.44000916788193 0.561657404598499 -0.00362633464786173 0.305189829957905 -0.182498690264488 -0.934633749358022
1461245275.29199 -4.24748793846894 -4.35195729073007 0.721566655501954 -0.0144513950641632 0.316889306124485 -0.181727701256947 -0.930777829259221
1461245275.40914 -4.01533462623121 -4.24918712923531  0.90496737035308 -0.0285433427613704 0.32535831972034 -0.169302278837549 -0.929873098736154
1461245275.52901 -3.75766955658957 -4.13669514827528  1.09958232430489 -0.0437321412370908 0.328580518449692 -0.152192740765026 -0.931106713742619
1461245275.60903 -3.58127409708699 -4.07135243718088  1.23061581443779 -0.042368496726408 0.329575405393719 -0.143845678898757 -0.932144507738401
1461245275.69134 -3.40879470073398  -4.0112897606738  1.35265994030317 -0.0309521747515418 0.337897290173447 -0.140290687026641 -0.93015370090388
1461245275.80896  -3.1471831238669 -3.94072813385886  1.52094091636638 -0.0453349917514486 0.349331529077197 -0.133134339098115 -0.926384082909671
1461245275.89137  -2.9709595628494 -3.88077868453053  1.62256125181257 -0.0592415588556254 0.362572290560671 -0.106912573145864 -0.923905554440103
1461245275.9713 -2.79192736007332 -3.79928979457724  1.72457106438622 -0.0637325313259408 0.372017177781452 -0.0950976898982752 -0.921139410329578
1461245276.04888 -2.60573849605006 -3.70210130347367   1.8158398784971 -0.0645529149796138 0.387864146924414 -0.0881265151590501 -0.915220215043436
1461245276.12886 -2.42833963830854 -3.61501745306238  1.88960503107331 -0.0625465494339673 0.403814716676687 -0.091982996892124 -0.90805326497512
1461245276.20887 -2.27400196098234 -3.54197411872637  1.95904507735766 -0.0561432677299676 0.425396318966097 -0.0900440713783596 -0.898764691400538
1461245276.29324 -2.14310408770425 -3.48249851620377  2.02858307236532 -0.050141481103214 0.454797241323044 -0.0809438477720377 -0.885490482538114
1461245276.36985 -2.01878854106228 -3.43845407625309  2.10121863244934 -0.0569167843791923 0.48286919345993 -0.0727084952322437 -0.870810712143777
1461245276.52859 -1.79335439877094  -3.3521969302618  2.27568169314164 -0.0878088108479775 0.526402877174573 -0.063341471729287 -0.843313394651694
1461245276.65037 -1.64263433846264 -3.30872848090517  2.42009088356962 -0.137084823050066 0.551878737590688 -0.0473394702408179 -0.821216527379935
1461245276.80843 -1.45824070820057 -3.27796618202161  2.60848299565647 -0.137133885478316 0.584576116695365 -0.0341112972064692 -0.798937720129598
1461245276.96964 -1.31500462879525 -3.28503613782774  2.79112930393096 -0.136161917497039 0.617111446871904 -0.0282782899501388 -0.774489336712063
1461245277.12834 -1.22874048286605 -3.28045914812151  2.96299978084719 -0.155473953944881 0.651158216628396 -0.00958085333914129 -0.742784648341204
1461245277.24829 -1.19342143859489 -3.26415840882845  3.07149508605384 -0.16539389783008 0.686448802573992 0.0186802865022667 -0.707872832436377
1461245277.36855 -1.17176780159345 -3.27588339453245   3.1732617495453 -0.161001446031769 0.717219676140852 0.0201800844533509 -0.677692581281179
1461245277.49311 -1.19657521313429 -3.30332247298957  3.25416945008333 -0.157645448131802 0.747393931184662 0.0398434619514298 -0.644176003008018
1461245277.64815 -1.33000758769074 -3.37822513435113  3.38007969339784 -0.149038122748486 0.777919624445493 0.0330788816805257 -0.609536285595005
1461245277.80813 -1.55859708531836 -3.50911040723725  3.50066745225506 -0.164805398652878 0.795483419772955 0.0416742292721079 -0.581642990205991
1461245277.92792 -1.75036689859914 -3.63255667920433  3.57448266784414 -0.177161492469596 0.806965648205872 0.0427153043336094 -0.561779005461497
1461245278.09037 -2.04888164712652 -3.82296275289998  3.64207139109817 -0.19168754837057 0.81124092137838 0.0603846012200753 -0.549088108791595
1461245278.2479 -2.39932782878445  -4.0232695642455  3.66299904033158 -0.191106300589771 0.821871028987095 0.056322334947106 -0.533698593002354
1461245278.36896 -2.67010456044566 -4.18853373446011  3.66022722636061 -0.203264492166904 0.82882335673024 0.0432290598998768 -0.51948689872096
1461245278.49015 -2.91846921918983 -4.35135101822583   3.6272947348369 -0.210998135985125 0.842692969919173 0.0292311325942176 -0.49446323012623
1461245278.64764 -3.23561950024414 -4.55914292489507  3.54988173352198 -0.228901589332843 0.851803047014672 0.0490643887132712 -0.46864519335806
1461245278.76757 -3.49669140999097 -4.69422852293111  3.45856049394843 -0.223613923115347 0.865732813021964 0.0498165980088787 -0.44499642291693
1461245278.88973 -3.76832476326125 -4.83322291336381  3.34958292337203 -0.235236892391359 0.873388758247179 0.0424072162456143 -0.42433160315466
1461245279.00921 -4.02572573110383 -4.95534427440526  3.22825465489824 -0.229842150158288 0.884740693785347 0.0189213876754309 -0.405028976567447
1461245279.0897 -4.17174826165011 -5.03379052254423   3.1349123850602 -0.238615944069944 0.896168672447434 0.01410625763339 -0.373825032943212
1461245279.20729 -4.37707964238305 -5.12171268292438  2.96908952051529 -0.240225063229561 0.905800535769829 0.0361437838926643 -0.347146849735619
1461245279.28962 -4.51660935090923 -5.16630979525376  2.85319072832538 -0.241724788036695 0.908700527588006 0.0594796152037264 -0.335103944150335
1461245279.36726 -4.65239427844419 -5.21937010749733  2.73716273458871 -0.229123406541628 0.921007450731295 0.0619231322520698 -0.308890378555716
1461245279.4473 -4.77105384311048 -5.22475984063472  2.60430493292471 -0.237131734979265 0.927500783849623 0.0736048360870415 -0.279451542004437
1461245279.52741 -4.87695672712561 -5.25479799927176  2.47125957889411 -0.244933489938573 0.934424185454801 0.0756088545042534 -0.247269747976168
1461245279.60795 -4.94138806006735 -5.30684200671875  2.34594848239203 -0.241615821857855 0.946142158288203 0.0711345631211929 -0.203412597611976
1461245279.72735 -5.00237184904679 -5.36705064819021  2.14341731846248 -0.258735327480101 0.953366079627034 0.0855711437318702 -0.129717878069158
1461245279.80708 -5.05233210528167  -5.4002063099533  2.01135119696073 -0.256817972388992 0.956498131306589 0.104755968077367 -0.0904546351337707
1461245279.9271 -5.08557424403235 -5.42582168513403  1.81286091397638 -0.245340739735764 0.961797762666593 0.115782730557987 -0.0367061910306924
1461245280.00703 -5.13575138212115 -5.44076613498219  1.68991692802376 -0.243139888970786 0.96258360834271 0.11961187650135 0.00296485092849316
1461245280.12701 -5.16307897074758 -5.39824254149727  1.49272602506483 -0.237208770421144 0.962579520384232 0.122060656035374 0.0476850335049286
1461245280.20689   -5.180979843808 -5.35612482058015   1.3798212901891 -0.248921988602849 0.955072203658196 0.137497338975648 0.0834829992519219
1461245280.32689 -5.18092944651313 -5.33431564571129  1.20735497210872 -0.243756884575974 0.948702196487131 0.154238371016009 0.129449791458453
1461245280.44681 -5.16958153824879 -5.28255264099182  1.04054147406602 -0.246835641899333 0.936021010238467 0.187706991647766 0.166441940528367
1461245280.56666 -5.13351977485191 -5.19996184308132 0.838086370579664 -0.232861222055845 0.928030070392821 0.199038181289319 0.211942544333114
1461245280.72668 -5.06403426906048 -5.11843084756281 0.562138894948088 -0.244545603976225 0.91313045936203 0.20359711781181 0.254830189302438
1461245280.84938 -4.97599779695678 -5.06238044507574  0.37484968509478 -0.233704758264547 0.900111638763597 0.205176196518921 0.305096463612497
1461245281.0096 -4.81001658035644 -4.95787735075401 0.153552001695721 -0.228507241878258 0.88152286947839 0.222043707689352 0.348422821972589
1461245281.16641   -4.64432956615379   -4.79887003384936 -0.0547238404647121 -0.220305052824541 0.864881535405896 0.236631433866006 0.383993721199232
1461245281.28827    -4.480775391617  -4.67601829233002 -0.196495201551757 -0.20765191581179 0.860129946902445 0.231727547644864 0.404177559945858
1461245281.40637 -4.27485116906082 -4.56910773598216 -0.32574590281154 -0.21081758211542 0.851251546870165 0.209353236203617 0.432548232585954
1461245281.56608  -4.01053198669873  -4.39795338950682 -0.467785063002237 -0.203520458632673 0.832253801611073 0.22897453812644 0.462064598851337
1461245281.68929  -3.78788972649827  -4.23616590670616 -0.563960227113715 -0.213022201928172 0.816470410925524 0.242220591097564 0.478880773071048
1461245282.00601  -3.12587769879116  -3.83095860767241 -0.741387277202198 -0.179209358842636 0.77500311709782 0.257654444373969 0.5485146866641
1461245282.12594  -2.87884910388279  -3.70923983744269 -0.763162189022237 -0.15684588294382 0.751036434630899 0.265529428815008 0.583813125318074
1461245282.24597  -2.63564646185534  -3.57075324351197 -0.765231896393411 -0.179289408598928 0.721446433147436 0.275194968034685 0.609621260809921
1461245282.48857  -2.11481226190309  -3.26776208509873 -0.760055029658722 -0.160319782190258 0.683798594353328 0.272628742353362 0.657564155532907
1461245282.60584  -1.86071545651399  -3.12841534887059 -0.766045667347459 -0.158525463294011 0.67757402578747 0.253415684809648 0.671969945576465
1461245282.72575  -1.60101188181008  -2.99180254909245 -0.760813030068133 -0.172126245198728 0.655898369521672 0.260243549403907 0.687345022216831
1461245282.84588  -1.33897444462082   -2.8597858262339 -0.765892000384664 -0.172846056575578 0.643071305763829 0.271850461377137 0.694752375367306
1461245282.96583  -1.07548642790014  -2.70598987109913 -0.745988479271855 -0.166900506225626 0.625519557868415 0.281060875829291 0.708430863122016
1461245283.08968 -0.812047613877811  -2.56004810754606 -0.735930958618131 -0.158259928504735 0.613698412704733 0.279554322848737 0.721233272838928
1461245283.20553 -0.565162754827821  -2.43799710978382 -0.726916238987432 -0.13400116254866 0.597614843600774 0.285091035433644 0.737308136845785
1461245283.32554 -0.332884360613099  -2.32561429059729 -0.705731456394258 -0.134815509367994 0.571777075126979 0.291842726590355 0.754800356206456
1461245283.56527 0.112296901096384 -2.05264151239499 -0.69474625524219 -0.143223638752414 0.525115936408417 0.315287185312278 0.777389370528239
1461245283.6853  0.328625239950442  -1.90239600206593 -0.720201363068714 -0.136952305651951 0.516009003061702 0.299158267728751 0.790874898821183
1461245283.8063  0.529485002344902  -1.75015657377623 -0.788190969934605 -0.14113775652427 0.523426338868227 0.281840726985477 0.791625420305966
1461245283.92526  0.725796485238209   -1.6263932091282 -0.843050208791066 -0.137910168118056 0.50828363774535 0.275046969057465 0.804349236303675
1461245284.04504  0.910462919329454  -1.49842368946001 -0.909539338900279 -0.148319629054511 0.50201727265648 0.282908892313182 0.803705483521054
1461245284.28749  1.22044577352859 -1.20392188558718 -1.04319352755128 -0.147666754516317 0.466368884874302 0.300755677182704 0.818682243287401
1461245284.40689  1.35053932318037 -1.04190044564253 -1.12973667930395 -0.161980403021322 0.454278547041631 0.306440876518504 0.820662744331291
1461245284.52494   1.47915649043975 -0.914646946003251  -1.19916972643491 -0.142524501388058 0.431881724367966 0.319470234923508 0.831326477179066
1461245284.64477   1.58646020518097 -0.802400357941214  -1.26297146506287 -0.147871586943828 0.409288939567723 0.323721778760837 0.84013139905503
1461245284.80536   1.69450505974205 -0.675489846494635  -1.34921437055016 -0.162593700186895 0.398964507696263 0.335309704466122 0.837829345600317
1461245285.00526   1.80105436956172 -0.551894367816603  -1.41788627261112 -0.177771662607689 0.410995886977789 0.330324010778566 0.830882461461427
