1463226057.02432 1.31808076380276e-06  7.8183810093427e-06 1.73612187455524e-06 3.20358319584298e-06 -1.42694095297501e-06 1.58450909309814e-06 0.999999999992595
1463226057.40328   0.0413723817088606 -0.00152432326596316   0.0559894011078347 -0.00584830798059291 0.00290101718516381 0.0175828738807107 0.999824096498554
1463226057.44871   0.0471157544929854 -0.00357499834583708   0.0649411462328184 -0.0038961495255612 0.00492832183960276 0.0182254672466176 0.999814164735809
1463226057.68532  0.0806351691115134 -0.0162698365228448   0.115298147046318 -0.0058157053633372 0.00467794255856451 0.00891238112280155 0.999932429660758
1463226057.87493   0.103408829213402 -0.0369359345596268   0.152797792748015 0.0162120340194544 -0.000514861859967664 -0.00163285721503786 0.999867110493956
1463226058.06462   0.118494583350807 -0.0529982885330543   0.178814095032704 0.0427264161581121 -0.0113260295596421 0.000560843666670109 0.999022452135626
1463226058.39685   0.149428983705063 -0.0480732252774433   0.218701906896632 0.0234970482427092 -0.0304465069892485 -0.00968479162377835 0.999213242379842
1463226058.63572  0.179494800276491 -0.047519624449505  0.249582588528601 0.0164295246134557 -0.0509002498161342 -0.00302124753179738 0.998564022661032
1463226058.82401   0.211598672447438 -0.0525156324993602    0.27823811302076 0.029765241729009 -0.0671814005966072 -0.00856771197637103 0.997259887948062
1463226059.013   0.243747210787949 -0.0550824147018059    0.30238724967127 0.0349175495914523 -0.073475509112452 -0.0136548928663306 0.996592021938769
1463226059.2975   0.268811648248248 -0.0547337729635784   0.332142930444802 0.0250344386400936 -0.0911088133422445 0.0138806213231909 0.995429449717571
1463226059.582   0.275598063134037 -0.0562709377604385   0.372410440649383 0.00149997116397819 -0.0820719040077767 0.0323421411762314 0.996100365707785
1463226059.77182   0.271925359548257 -0.0696888945464136    0.41303304853163 -0.0140484114325575 -0.0772478805471121 0.0133031640901248 0.996824173519278
1463226059.9141   0.269083721106114 -0.0858450231675676   0.446244050718199 -0.0163874193222992 -0.0835873862906608 -0.000608646314495717 0.996365510689082
1463226060.05832  0.264153256476245 -0.103695974288083  0.479283329533622 -0.017094761113038 -0.0924293617667611 -0.00870628280581359 0.9955344207337
1463226060.19847  0.259225597327251 -0.121419999164133  0.507443218311225 -0.0157852521071444 -0.0900174330123143 -0.00558335079163709 0.995799434506631
1463226060.3882  0.251187061038799 -0.139063253458114  0.536831431685097 -0.0282735464612246 -0.0800080952681411 -0.0138854212348632 0.99629639482395
1463226060.58093   0.23849220769674 -0.154708165383755  0.564417052965957 -0.0356483160016719 -0.102922092252163 -0.0178435465115072 0.993890259707063
1463226060.72015  0.229869612829667 -0.169848280948833  0.589901670564762 -0.0306174259504939 -0.115110292948227 -0.0168862135905135 0.992737150244774
1463226060.86308 0.222422775410909 -0.18806040848029 0.619138529253984 -0.0231734015042201 -0.124069759451455 -0.0160692432696419 0.99187270739401
1463226061.00468  0.212953276317746 -0.208080150929984  0.646441808259087 -0.00777766243030284 -0.134782144228534 -0.0234925107334928 0.990566193398359
1463226061.19459  0.197622558493529 -0.233039177991672  0.671558028437759 -0.00256532752938175 -0.124819492984113 -0.00455382883096643 0.9921656998248
1463226061.38409 0.170923306572321 -0.25452230138519 0.691407681632973 -0.00986238021153981 -0.113432713638852 0.0279714193478124 0.993102891261907
1463226061.52915  0.141956213594749 -0.267726683602497  0.702854919823606 -0.0223227623891377 -0.106576799487448 0.0402277255765243 0.993239553272659
1463226061.66853  0.109332800569933 -0.280690024014087  0.711069986113798 -0.04448364236184 -0.083636924430489 0.0702015154755383 0.993024580591523
1463226061.76433 0.0858000510711111 -0.290520052435099  0.714355917711734 -0.0575467412199065 -0.0700453346486471 0.0868053215059238 0.992092162970347
1463226061.90589 0.0506372889324565 -0.302171430536421  0.717273673494378 -0.0800373841283405 -0.0499468184263029 0.114977889105809 0.988877857719423
1463226062.04787 0.0187792674380149 -0.311241935311555  0.714551765283384 -0.0905858591277582 -0.0243607880843214 0.145569740934056 0.984890960794335
1463226062.19036 -0.0104555410825507  -0.314057507943973   0.705294818536984 -0.0974516904524081 -0.00814309831045021 0.154285241046007 0.983174919520046
1463226062.3323 -0.0396215976664725   -0.30814912899493    0.68952086264382 -0.114579984604275 -0.00949599033731601 0.155272762372415 0.981158306574855
1463226062.47462 -0.0614283774716547  -0.301071929837308    0.66532425524083 -0.115555681408057 -0.00395848928722875 0.154165459191663 0.981256452742659
1463226062.61692 -0.0779541823319768  -0.289709818806317   0.634126206863061 -0.114534721445789 -0.0200442490056364 0.144791463614353 0.982606461269999
1463226062.75923 -0.0904134295849456  -0.274080618639445   0.598679661492521 -0.113765653367793 -0.0485148889297479 0.126162177780464 0.984269671667081
1463226062.9016 -0.0952556940755361  -0.253300513429592   0.560775136965182 -0.113958833809672 -0.0750128541426017 0.10741367740423 0.984808995600985
1463226062.99627 -0.0977654363064364  -0.238329925346101    0.53621968795545 -0.118725255028168 -0.0974508335228595 0.0955575440311908 0.983502112170037
1463226063.14093 -0.0980406615059457   -0.21743732342215   0.503424866484492 -0.115254433814683 -0.120526115957018 0.0674295247492171 0.983688533048173
1463226063.28075 -0.0956451774632479  -0.197615564675075   0.474708936425692 -0.107624841311244 -0.139458856312472 0.0475932859337357 0.983210557338954
1463226063.42392 -0.0927186478730226  -0.174987249099863   0.451129705556329 -0.105055482883451 -0.159114311707984 0.0202199777645734 0.981446449799998
1463226063.6154 -0.0787470139377916  -0.142715936648971   0.429305125109622 -0.106281724186938 -0.165185516723632 0.00389146135780024 0.980511497483379
1463226063.80231 -0.0601744715335652  -0.111036907508036   0.414977739007257 -0.112561340788036 -0.153153437987934 0.0161014610096406 0.981638788937067
1463226063.99222  -0.038029557072486 -0.0852483989343344   0.403104509377916 -0.111839458423082 -0.147246103540421 0.03122903491006 0.982260285214862
1463226064.18169 -0.00782939214890485  -0.0615410223558578    0.396484932345581 -0.114027677313753 -0.136330669935862 0.0394619766205665 0.98328754168985
1463226064.32726    0.01926378600329 -0.0474211003153518   0.399836547177593 -0.127455988301778 -0.119714411663287 0.0439238588385435 0.983612792368451
1463226064.46628  0.0504396915563165 -0.0413284037784953    0.41303875249592 -0.135747087512814 -0.100031124174745 0.0615590619040496 0.983756567614986
1463226064.56101  0.0714423598427204 -0.0435934153055101   0.426832838987717 -0.135607388346272 -0.0837809423567597 0.0861697306180111 0.983446067381906
1463226064.70349  0.0978244281188647 -0.0554027608757187   0.454171009108407 -0.127587761688701 -0.0717977164707034 0.116468080319266 0.982344968554125
1463226064.79851   0.115491211343011 -0.0683034743520934   0.474621610732505 -0.12078438909672 -0.0619317697175416 0.128017323297139 0.982439388555865
1463226064.89296   0.132055285650996 -0.0823623239978957   0.495647409485524 -0.1092228296703 -0.0556912910330261 0.133530420732056 0.983431990694327
1463226065.03521  0.149226661160606 -0.105481331889234  0.521187909962046 -0.0934922830370728 -0.0691235513832704 0.129139084370837 0.984786385235165
1463226065.17757  0.161977080434956 -0.129721756590584   0.53967033394619 -0.0786471432753679 -0.0824306987267925 0.127495329347454 0.985273945538306
1463226065.32011  0.170699148105774 -0.152899604157958  0.554270940786016 -0.0694485292239258 -0.0921980606936285 0.12493232564369 0.985427995036789
1463226065.51108  0.176612367722014 -0.182777264650979  0.577988027287258 -0.0627759574100115 -0.0864471089452686 0.132648489468463 0.985388479112678
1463226065.6524  0.174910564708019 -0.209547823388193  0.599055362527477 -0.0584484983931198 -0.0766871443489793 0.131924830105413 0.986559017053134
1463226065.79396 0.168685501734214 -0.23753650695489 0.624018936942288 -0.0527430983709473 -0.066408739708177 0.126630912139136 0.988318095025794
1463226065.93632  0.158475779613716 -0.269553814286162  0.650611149643922 -0.0409054318578067 -0.0554896057070659 0.119452697094979 0.99044368969656
1463226066.03144  0.150084037771328 -0.290810767782346   0.66915726018286 -0.0464089193457873 -0.0454471677331335 0.125699210219408 0.989939632351594
1463226066.12604  0.139604932158789 -0.315270819222184  0.686905095361803 -0.0504370647646356 -0.0421323411533206 0.129603278776085 0.989385646983701
1463226066.22084  0.128725092377282 -0.342114256856665  0.702967815200638 -0.0526796907267395 -0.0385086220616452 0.139534990392868 0.988064736071433
1463226066.31685  0.118951008257364 -0.370428656394035  0.715908369514869 -0.0527665286781834 -0.0309040848227985 0.144722546146098 0.987580890676561
1463226066.41039  0.111400758361145 -0.398426700221628  0.724229282941187 -0.046135759539733 -0.0182754337924703 0.154305386667263 0.986776240014349
1463226066.55439  0.098662407622431 -0.432729328179855  0.729911771643732 -0.0462802351711423 -0.00819809944029966 0.169279408321222 0.984446754739172
1463226066.6968 0.0814537184608043 -0.456717698858295  0.729776832614157 -0.0519500236987369 -0.00210970018595681 0.186751034023047 0.981030476332998
1463226066.83977 0.0570721837172265 -0.469723019011462  0.722336909066147 -0.0712664337853301 -0.00381396692875734 0.17856304880893 0.981336734598194
1463226066.97962 0.0256528077802952 -0.473872586752411  0.709438410591984 -0.091304996409284 -0.0267177143507341 0.156110357632166 0.983147556377236
1463226067.12174 -0.00365938991140261   -0.470037173372045     0.69031890658665 -0.0969809321124729 -0.0427797928392924 0.1414613759639 0.984252644010481
1463226067.26466 -0.0267575112905485  -0.456861929150994   0.666667437199425 -0.102516702622205 -0.053386227570411 0.126960820841463 0.985150336933675
1463226067.40635 -0.0442457996128016  -0.435471990977027    0.64306754497629 -0.107915578961497 -0.0710807983769949 0.11074524976246 0.985412217082042
1463226067.54952 -0.0525890066362404  -0.411093392091371   0.622491957695387 -0.101832119767411 -0.0797361848649813 0.0986853825656831 0.98667804043402
1463226067.6927 -0.0492329389274471  -0.384022629809463   0.606091301867181 -0.0932331434432334 -0.0819401600753501 0.0932635776432777 0.987874129743104
1463226067.83455 -0.0383434809594913  -0.354746738609663   0.592863211069155 -0.0852087966706028 -0.0831019956412428 0.0783435854906606 0.989795838495423
1463226067.97523 -0.0221096974580568  -0.320609686495709   0.582551118162286 -0.0907058945702485 -0.0818870043560942 0.0701318746864034 0.990024484222873
1463226068.11747 0.00295544362072098  -0.290259570634849   0.569972345904841 -0.0889020268907874 -0.0713112591837578 0.0568006310765831 0.991859275420479
1463226068.2598 0.0341660315317709 -0.263568215812244  0.552244165808151 -0.0666212114517121 -0.0662117345024407 0.0567426673342621 0.993960708530613
1463226068.40204  0.065769934271951 -0.240110211656079  0.529025559170406 -0.0397233115361548 -0.0718558409717225 0.0485214743699546 0.995441843185133
1463226068.54726 0.0922298319722066 -0.219690159403934  0.506021462491154 -0.0142174425573337 -0.0656014733627324 0.0556001611908858 0.996194224584401
1463226068.73403   0.12132674276783 -0.197293257579813  0.485982179008805 0.00823181993084746 -0.056567582813002 0.0642959159340768 0.996292316998138
1463226068.92359  0.139240702905785 -0.184696513140817   0.47517494874532 0.0453832498400022 -0.0414129632417963 0.0725517294473576 0.995470528777066
1463226069.16071  0.129365985834193 -0.187308663163125  0.439021735541923 0.0810644919584355 -0.0305403959803589 0.0852282236204084 0.992588526155422
1463226069.30528 0.111039934333453 -0.19497440141661  0.40005057631519 0.108903998434633 -0.0196350151257692 0.103164917202974 0.98848944615735
1463226069.44528   0.07827083438228 -0.198410948410971  0.357992525821007 0.116633082194779 -0.0286521050280798 0.107516080290957 0.986922526591664
1463226069.58752 0.0402967265222303 -0.205510751486041  0.314202527172361 0.097295956006623 -0.0331861717232653 0.0932968648966293 0.990317055266429
1463226069.68625 0.0110904161009213 -0.216648381393791  0.283875300722999 0.0952810177609908 -0.0553766913339048 0.080523012461686 0.990641708275719
1463226069.8246 -0.0293746637621554  -0.236094495044077   0.241595567970117 0.101908016105104 -0.0752316937267315 0.0658149832527566 0.989759231577038
1463226069.96721 -0.071226046302776 -0.254800603575554  0.203333971181056 0.100762892411699 -0.103402158139876 0.0497344613863711 0.988271883924385
1463226070.10908 -0.112503892944674 -0.282527717417412  0.162768364217737 0.111572300592055 -0.131483131157728 0.0579780707485115 0.983311929793307
1463226070.20419 -0.142553301303355 -0.303335109595032  0.133919561547753 0.120682488111323 -0.155882644241254 0.0702810911639317 0.977853213172827
1463226070.29882 -0.174374021760846 -0.325523314560582  0.103285078976948 0.130079345633899 -0.184792402293597 0.0878287906201685 0.970163509637534
1463226070.39415  -0.20387791497295 -0.348843499879494 0.0724921398455748 0.151743218000738 -0.204651561912628 0.100891639432136 0.961723770679605
1463226070.49139 -0.232345978682191 -0.369642220781966 0.0434620425818562 0.164641913443074 -0.227754159727735 0.10440091313008 0.954002899577419
1463226070.58335 -0.261153717717971 -0.389621492631227 0.0144745978372787 0.185136113344621 -0.247582341728474 0.103345885200675 0.94538205589697
1463226070.67818  -0.291088254626161  -0.407113619450872 -0.0133601604924985 0.211239350412699 -0.272892548886719 0.109774824198499 0.932125035374289
1463226070.82051  -0.337152414107445  -0.413574605525971 -0.0479993632399802 0.227546726715628 -0.291306439591576 0.121509846368186 0.921194009234245
1463226070.96435  -0.391878722622264  -0.408580624887093 -0.0765439126790427 0.225890971144901 -0.293744601694446 0.123999595545069 0.920495235422348
1463226071.05752  -0.437526679482405  -0.404128499248225 -0.0944294322272317 0.223249356130137 -0.311294634323609 0.120836234864533 0.915780530461624
1463226071.15323 -0.487296501541498 -0.399581887823745 -0.112720182534943 0.224125979366352 -0.324899571245484 0.107143158762026 0.912539400523654
1463226071.2473 -0.536636880286962 -0.391959724086677 -0.128003375165629 0.211597242036672 -0.346213350363866 0.0922181964623099 0.909317726338566
1463226071.38943 -0.608489842941547 -0.375220584964671 -0.146311368326965 0.197530499820327 -0.367494768289137 0.0665829856115128 0.906364166849011
1463226071.53174 -0.680069392244962 -0.352402014243999 -0.156994339264328 0.195576275769815 -0.386287472657546 0.0441085536524892 0.900325687914402
1463226071.67607 -0.757429959936241 -0.326553605963306 -0.164003814890353 0.177407982482502 -0.406217025217246 0.0206476227578078 0.896151667883061
1463226071.81631 -0.836659464340263 -0.312867376113162  -0.17010485642708 0.167918401602882 -0.420369218365724 -0.00302809046287996 0.891674806934609
1463226071.95885 -0.907307696458894 -0.304255213724244 -0.177149331561327 0.176443233674541 -0.433113077379433 -0.0273526999805807 0.883477604298581
1463226072.05343 -0.952273066954116 -0.298437323555573 -0.183436020352467 0.183768833541038 -0.453997755870269 -0.0499291847945546 0.870414918294417
1463226072.19616  -1.01851094241595 -0.287980019319729 -0.186795587854732 0.197785032368799 -0.460708770210156 -0.0859832983621944 0.860950278718276
1463226072.34077  -1.09346030961824 -0.276166438038553 -0.185865247274735 0.196227548051864 -0.46208042028746 -0.0981107794298638 0.859273361353756
1463226072.48003   -1.1755238290034  -0.28083309396708 -0.195309184589167 0.209697223398555 -0.459194149895794 -0.100861067235187 0.857318407778927
1463226072.57656  -1.22622388025583 -0.294147120514086 -0.205651422858494 0.198330860399486 -0.465902392567517 -0.107234412643882 0.855628781165047
1463226072.66976  -1.27250952481264 -0.319576042506829 -0.220112741080194 0.187154533800939 -0.47228630159718 -0.101775948560654 0.855313092438079
1463226072.76488   -1.3185748213258  -0.35204981619409 -0.237076956472267 0.199730211757486 -0.478111721736977 -0.0984157228802936 0.849606596925284
1463226072.85941  -1.36622745969814 -0.385413398244732 -0.250324730739521 0.207571030624997 -0.478110884614029 -0.0724755479783281 0.850336136009818
1463226072.95433  -1.41950646512948  -0.41564797855517 -0.260210285227067 0.204729706904201 -0.477624968377275 -0.0494421672583307 0.852945255447456
1463226073.05226  -1.47663708076487 -0.443055865092237 -0.266905435717583 0.19630763583242 -0.477512447963699 -0.0452417634117843 0.855218309554346
1463226073.14473  -1.53279843038247 -0.479034836730358 -0.276725166372336 0.205381754559646 -0.473831730883812 -0.0376472752701708 0.85550248881367
1463226073.2389    -1.584960049707 -0.519523889918858 -0.288895950310047 0.206865315388581 -0.479174838343888 -0.0176379467758404 0.852811302939182
1463226073.33671  -1.63514136667103 -0.561331382268254 -0.303629239116034 0.211613695796248 -0.484245112212263 -0.00616490565367221 0.848933630496676
1463226073.42873  -1.68616576754359 -0.599280799780983 -0.319569049511654 0.212002192665602 -0.492898881496546 -0.00964396766406907 0.843808483491441
1463226073.52601  -1.73785253858059   -0.6360196390132 -0.334301156151527 0.232810958019561 -0.490031744462108 -0.00999871047643529 0.83998093611358
1463226073.61939  -1.78836781389577 -0.668883509534589  -0.34546248638131 0.249095722348436 -0.48346556291689 0.00240437117628687 0.839170179153438
1463226073.76151  -1.86113430850965 -0.719959577232562 -0.363671363105447 0.263240915742774 -0.466863520013923 0.00638274686632878 0.844216758008011
1463226073.90269  -1.93222705064758 -0.777636872058906  -0.38697264838273 0.255892010848691 -0.468198033657741 0.0229616422939113 0.845448190633823
1463226074.047  -2.00030299855948 -0.827464018400589 -0.406342090193735 0.246903790293351 -0.472584622329027 0.0359900278518734 0.84522601176971
1463226074.23542  -2.10847834789105 -0.862598922791862 -0.420714007260603 0.247120551526934 -0.483580725302552 0.0437174476636035 0.838552264261842
1463226074.37811  -2.20932039131048 -0.867601031520306 -0.419972431819932 0.228176777098506 -0.493031388694081 0.0499316149857329 0.838070547138033
1463226074.51908  -2.31026040290899 -0.874623967349792 -0.421237806677974 0.211195077551443 -0.505115452503758 0.0500462735006712 0.835314545167663
1463226074.66133  -2.40465091495311 -0.881206457564717 -0.425270340221095 0.232073008520323 -0.508318801559517 0.0296655981126737 0.828778659827845
1463226074.80377  -2.50273085523564 -0.869907881000472  -0.42090795649311 0.230298461826011 -0.511566643014643 0.00608323706412905 0.827783294384541
1463226074.89985  -2.57448672101303 -0.856589875867544 -0.418401870228082 0.217153905333861 -0.515423562801754 -0.0160930989690021 0.828808629583798
1463226075.0001  -2.64691011225057 -0.847628166548807 -0.422202802549396 0.212528728614024 -0.522449867362735 -0.0298793815193877 0.825218091274292
1463226075.09295  -2.71736815544402 -0.840792610440326 -0.430790009999472 0.205749538762372 -0.541560877458674 -0.048531274886358 0.813648363031087
1463226075.18348  -2.77997561451007 -0.838084958390018 -0.439069959661388 0.20418435411109 -0.548534696151432 -0.0649223689972836 0.808210073346079
1463226075.32705  -2.86541639195966 -0.834079553908404 -0.446024208826556 0.248718267769059 -0.538604406605095 -0.0794156690188973 0.801085306305024
1463226075.41998  -2.92577644613261 -0.827673239049519 -0.446975238091124 0.254853892015148 -0.544115830609455 -0.0951480289383521 0.793684010922521
1463226075.51539  -2.98799758697582 -0.821005731796917 -0.447362193385177 0.232953186113067 -0.558536445996746 -0.118226758402937 0.787268877303446
1463226075.61314  -3.04378214319172 -0.825820467722961 -0.454730376187631 0.227685991075092 -0.571776235889028 -0.139973206512959 0.775653612767457
1463226075.70449  -3.09637209021508 -0.846961937910865 -0.469574717795301 0.222105444192602 -0.582747554236674 -0.143676469211397 0.768395426773304
1463226075.79937  -3.14916317740274 -0.876079235969783 -0.489464332216426 0.232779975418108 -0.590446979246555 -0.140555931576566 0.759888069284948
1463226075.89427  -3.20678388921694 -0.904304329416407 -0.509514701604399 0.242383137850723 -0.597064189922331 -0.128935026902412 0.753750971101001
1463226075.98907  -3.26952030660627 -0.931409539045193 -0.528642912357284 0.246187484703126 -0.601345149346856 -0.106145987736936 0.752667764036634
1463226076.08403 -3.33354078354209 -0.95868712139247 -0.54835738603691 0.251003755504946 -0.599536215105088 -0.0792332883886626 0.75582771020319
1463226076.18214  -3.39206171543372 -0.987550788538898 -0.569221513577785 0.25512626188303 -0.598612261574993 -0.0656601194102793 0.756480468689504
1463226076.27366  -3.44427537028226  -1.02019098482302 -0.592087338130531 0.246746615505356 -0.600118236992657 -0.0472360708535833 0.759435950542106
1463226076.36878  -3.49547016243236  -1.05438526422879 -0.617577101173054 0.250450126358091 -0.603555593541001 -0.0355492117907602 0.75612937600231
1463226076.46329  -3.55013904867891  -1.08463009994943 -0.643050192894561 0.258868809287738 -0.609931963613656 -0.0185295278472159 0.74875002232928
1463226076.55808  -3.60841603174972  -1.10912791794583 -0.666104073652275 0.260356264315214 -0.620480228642602 -0.00367423190763437 0.739733331353495
1463226076.65502   -3.6670876137755   -1.1352748122928 -0.690172236506172 0.272804966615646 -0.633462894772188 0.00952177997529715 0.72402454850839
1463226076.79565  -3.74647666155466  -1.17895181433407 -0.729347050643717 0.278834279869615 -0.649753637117824 0.0216823113415233 0.70682496616676
1463226076.89228 -3.79310350103962 -1.21203269919558 -0.76148996532364 0.302322196311153 -0.659710122990024 0.0213451160701014 0.68769777465253
1463226077.03236  -3.86384638775165   -1.2533886825902 -0.809391283409772 0.321595634431641 -0.676341679375278 0.0219160173684589 0.662312515990031
1463226077.12997  -3.91275703106826  -1.27030933713344 -0.836943389078337 0.342461801914483 -0.67350731368781 0.0295764599642223 0.65439517545173
1463226077.31689  -4.02428280387328  -1.28421131512894 -0.885394191799416 0.341107159542499 -0.677634636318663 0.0479870485940398 0.649734136810861
1463226077.45916  -4.11759164269665   -1.2814701745625 -0.920504216742049 0.317302152959008 -0.687736926645534 0.0307875644921271 0.652218820127399
1463226077.64926  -4.23860258742677  -1.26237048055354 -0.957200811237036 0.312249579354874 -0.702650816172216 -0.00976772464621339 0.639286025406828
1463226077.7912  -4.33913071471514   -1.2269458863324 -0.977959710663204 0.292251162359392 -0.713283632493122 -0.0630446787778088 0.63390936749255
1463226077.98082 -4.45618030503715 -1.20104645726365   -1.020776120508 0.300847712371831 -0.726116990736218 -0.0934612522418163 0.611154451881198
1463226078.12301 -4.52965143497882  -1.1892435569706 -1.05831028304797 0.326234388113227 -0.734541166098265 -0.12694231005535 0.58129686842198
1463226078.31507 -4.63310384636602 -1.16471060412626 -1.10259587933085 0.328778194095126 -0.740373047305324 -0.154621525707889 0.565548259390072
1463226078.50223 -4.74522915401601 -1.14357906402368 -1.16082944742518 0.322071562992821 -0.748511104306449 -0.165081124279195 0.555652101092058
1463226078.64478 -4.81372921082295 -1.15288106049536 -1.21718151086167 0.316377614163601 -0.757753120045663 -0.146880457704418 0.551490294984192
1463226078.78895 -4.87547096924269 -1.16571654758319 -1.27829717123506 0.321465382045187 -0.775687808907576 -0.130544424070217 0.527187428342977
1463226078.93046 -4.94807058484721 -1.16849673886168 -1.33654210402901 0.313077651763213 -0.787947229174679 -0.113712374329197 0.517871648120261
1463226079.07135 -5.02650208831711 -1.17584702254796 -1.40346327556816 0.308001202774088 -0.806566028976208 -0.0976485385708323 0.495026527477312
1463226079.21369 -5.09529643233232 -1.19680396056519 -1.47358616199587 0.311401875342402 -0.82050890446619 -0.0993554902852368 0.468958949456248
1463226079.35598 -5.15946300331088 -1.22169813436197 -1.54106867643101 0.305326754636072 -0.82691077340498 -0.0963111015445186 0.462296785030422
1463226079.50302 -5.22660488453424 -1.24072198481687 -1.61158556061349 0.323030367039363 -0.825263072850579 -0.0770431138012218 0.456789449501022
1463226079.64104 -5.29616916027001 -1.25690358893701 -1.68423464166156 0.319522659137124 -0.827890681720304 -0.0502362098727224 0.458234233374433
1463226079.83002 -5.37127435828159 -1.29152771958435 -1.79189283085235 0.301312352426249 -0.843748583249808 -0.0210248630349152 0.443685868237501
1463226080.01968 -5.43650591553065 -1.32631176071526 -1.89532561163008 0.307075120836384 -0.850823481220157 0.0227461363896993 0.425777978818861
1463226080.30453 -5.55854296101641 -1.31953839605236 -2.03475554771467 0.292999144440014 -0.867120811141525 0.0421694539111619 0.400592982214513
1463226080.44866 -5.62436465614516 -1.28939525428181 -2.11065016825156 0.278337878902752 -0.880857236638356 -0.0062657252739205 0.382856754565657
1463226080.58877 -5.68886620796748 -1.24302062071459 -2.18053519219325 0.270774643721963 -0.890220076047913 -0.0622765987655113 0.360986057576594
1463226080.77845 -5.77886950450268 -1.16814787188612 -2.26794085775788 0.26503541727493 -0.88843817011449 -0.125480357843757 0.353112624057713
1463226081.01548 -5.87110223675855 -1.10723997664893 -2.38926360683941 0.260335192229499 -0.88857354493211 -0.162926058498125 0.340760535267626
1463226081.20669 -5.94531620657399 -1.05394486225967 -2.46537935274285 0.261684809883951 -0.885517274343383 -0.204580617039809 0.32484917769186
1463226081.34749 -6.01359271006124  -1.0025724430922 -2.52321394146478 0.242830734237005 -0.881548163062878 -0.252963123570549 0.316094493504416
1463226081.48967  -6.07106157730033 -0.976369497562159   -2.5917335770526 0.244211251322718 -0.887644175582394 -0.25554391025762 0.295205000317219
1463226081.58593  -6.10146783608155 -0.971006873251325  -2.64088600850559 0.263009007773873 -0.891378280117998 -0.249120722313785 0.272414921172723
1463226081.72675  -6.14563761180973 -0.965169829908002  -2.71062554358782 0.272564521067299 -0.893186324693088 -0.24792648234326 0.257796878548801
1463226081.82161  -6.18204855257907 -0.960155490317547  -2.76531526471251 0.273127813618332 -0.897766495792305 -0.231934018065011 0.256170114816492
1463226081.91797  -6.22213921068641 -0.952886050988031  -2.82462977329391 0.272140263641392 -0.900997468543134 -0.216797285807157 0.259118072412382
1463226082.01228  -6.26023823379137 -0.949773136701885  -2.88871535411909 0.276877129098596 -0.903146219191322 -0.202167190167324 0.258446105334148
1463226082.15366  -6.30834706057132 -0.957359648059806  -2.98342551702543 0.251026698936655 -0.908595453522887 -0.202035177530657 0.265747408827747
1463226082.29592  -6.35033508570079 -0.971882449768612  -3.07901933334301 0.232754920037229 -0.914934310146607 -0.200121609860936 0.26205285074138
1463226082.39073  -6.38020882694146 -0.979466495847485  -3.14421011435519 0.238176924934646 -0.920215096809041 -0.175413631967959 0.256331788417303
1463226082.4856  -6.41173317077428 -0.985234727148733  -3.20976848433352 0.235375815305231 -0.929137619647285 -0.142620974937999 0.246902342705187
1463226082.6278  -6.45378568572953 -0.998071147314007  -3.30258029930647 0.232557812421327 -0.937216419826098 -0.119074829779212 0.23100526228467
1463226082.7701   -6.480270640824 -1.01074660158175 -3.39299139891603 0.232060286787454 -0.946252950679464 -0.101631025224578 0.201058477409766
1463226082.9598 -6.52076746265464 -1.00772387793138 -3.50903409077547 0.238478241506184 -0.950286423386829 -0.0722935696306305 0.186701584473318
1463226083.24451  -6.62160271439348 -0.927465756192976  -3.67688576644661 0.223437183069636 -0.951522148974706 -0.0963918221198622 0.188122411904794
1463226083.48136  -6.70124003261521 -0.856998982238249  -3.80698300368367 0.212695836030743 -0.950757072663751 -0.131823343599989 0.182877216178389
1463226083.76865  -6.80663644802042 -0.749515777141952  -3.95020415299746 0.238961612480135 -0.938995892241507 -0.170396849190383 0.179301354987798
1463226083.95546  -6.85472151638375 -0.717063896058786  -4.05913390499604 0.252742862555377 -0.932332904461731 -0.191616129783751 0.173665366414731
1463226084.14682  -6.90501519976079 -0.665161857942296  -4.17291253716259 0.258162563230424 -0.931813354974525 -0.197333796588111 0.161664266804817
1463226084.33491  -6.95200474901389 -0.616828116900348  -4.28720964520756 0.26381176704172 -0.930986336331218 -0.190416738929682 0.165557418046689
1463226084.52456 -6.98880968975377 -0.57432504735544 -4.39477800901687 0.25539424018445 -0.926785577578611 -0.228153157724755 0.154234924362517
1463226084.6668  -7.02603772493511 -0.537543353478729  -4.48133519230618 0.250376048682662 -0.931663577341542 -0.215730020052763 0.150915113057811
1463226084.76175 -7.05193921960673 -0.52420482059431  -4.5496225417743 0.246766383926922 -0.939131925519519 -0.191789597004137 0.142668597507026
1463226084.85654  -7.07158933887301 -0.521593118706582  -4.62010904226695 0.253728877532228 -0.942997921459441 -0.179008857005345 0.11971802680904
1463226084.99904  -7.09696028590147 -0.524379630400746  -4.72408082819016 0.257766237797605 -0.945150765981954 -0.173067032875109 0.101461314535145
1463226085.14152 -7.12711245503675 -0.51855468029292 -4.82541851397318 0.246640634591689 -0.950408469274559 -0.156896374926786 0.106186940977847
1463226085.28648 -7.15620461663189 -0.50151267080722  -4.9304439833128 0.246356477667331 -0.954100179499782 -0.136076326780273 0.102394173075516
1463226085.47303  -7.19124504390185 -0.492816797120104   -5.0780298932385 0.234910995061541 -0.958543181189568 -0.11270171827604 0.11536947989745
1463226085.6644  -7.21404896871806 -0.491801247596262  -5.22064571991679 0.221081715984999 -0.962625438983467 -0.10688529705568 0.114239539356277
1463226085.85229  -7.23849927458289 -0.476179181192655  -5.35821365116755 0.221593557934217 -0.966316105748017 -0.0912389099042645 0.0938346427153823
1463226086.08968 -7.25908492411736 -0.45256065641965 -5.52055438179169 0.20718146208222 -0.973438843720401 -0.0784881722123439 0.0577257839143643
1463226086.32663  -7.28381096338845 -0.398093390841791  -5.66940508483182 0.195578645335563 -0.975771314339157 -0.09446008824946 0.0263936986692747
1463226086.56413   -7.3306154276079 -0.282751277786655  -5.81213605861427 0.208521804610012 -0.968090314253444 -0.138234107072457 0.014530385154287
1463226086.85128  -7.38167731590542 -0.167180726505048  -5.97143673025944 0.217712419518621 -0.960591669350384 -0.172640693836059 -0.00775486903792328
1463226087.08715   -7.43098174129524 -0.0641331645227272   -6.10102968145997 0.222806427964329 -0.953924469129432 -0.197065322832009 -0.03937843814861
1463226087.22742   -7.44728759957007 -0.0236489021929767    -6.1805013610679 0.236319165209141 -0.941643517232491 -0.228471658419625 -0.0725357836372156
1463226087.36973  -7.46038828800675 0.0175558355932477  -6.25285765447363 0.246598757681353 -0.928753937672424 -0.259494651860969 -0.0962689026816791
1463226087.56491  -7.48092793874459 0.0934217643624393  -6.34821932019721 0.257349948931562 -0.919639320978076 -0.272310378850778 -0.117820119954326
1463226087.70158  -7.4848684060372 0.146472959719431 -6.43624954883123 0.266369767826517 -0.919586602875269 -0.256003600044977 -0.133677909036542
1463226087.84385 -7.47913446875852 0.179285429851074 -6.52170150789423 0.260696169692556 -0.917291368073384 -0.258303940045198 -0.154574020206553
1463226087.98609 -7.47697755940985 0.212100318788126 -6.60480097102023 0.242704978887665 -0.91948029761456 -0.265549191344643 -0.158536754407252
1463226088.12863 -7.48166206442588  0.25234670311482 -6.69681449399693 0.227339431370877 -0.927054711838594 -0.251693224630459 -0.159802580945833
1463226088.27353 -7.48136288628574 0.279362801094797   -6.796606445667 0.217060532921116 -0.932631813063719 -0.231666463730948 -0.171502990912339
1463226088.41307 -7.47065438980127 0.288880086581333 -6.89804607752375 0.220258307658211 -0.93159721320738 -0.216416685077139 -0.191772596248802
1463226088.55529 -7.46293733863896 0.300559838311118 -6.99508974269497 0.213341783014987 -0.936296676470435 -0.205321807273139 -0.188882960344482
1463226088.74705 -7.45088548781931 0.334132947206442 -7.12943848309696 0.199140810118825 -0.941946958547512 -0.197420806290375 -0.184672386327702
1463226088.88718 -7.43880695814828 0.355500660973664 -7.23584861326217 0.203412458946002 -0.941031992704549 -0.212304410140886 -0.167358888878893
1463226089.07683 -7.41531809136386   0.3676119648487 -7.37838668168595 0.167782193845252 -0.947804078759634 -0.215218233788232 -0.164917177880746
1463226089.22141 -7.40676187359538 0.382781865934957 -7.48048172791169 0.156664071580693 -0.956793266624196 -0.192900953656892 -0.150970976338569
1463226089.4584 -7.40513527704544 0.409560159933398 -7.63860919558016 0.138125926069446 -0.960491816704893 -0.181060824245432 -0.159980237885673
1463226089.69557 -7.37943792213651 0.428988746258069 -7.79794618155565 0.133458200793798 -0.960611205311385 -0.164930762488021 -0.17947942627558
1463226089.93271 -7.35447176494653 0.493946100266296 -7.93673285097285 0.139168732796149 -0.959965480331001 -0.126231783073901 -0.207759181088993
1463226090.30978  -7.3370271682396   0.6615242074139 -8.15291951833294 0.159706576352305 -0.953407966420875 -0.135480953757648 -0.217145044161629
1463226090.45224 -7.34221100472871 0.752535478600724 -8.22728180201791 0.15916528999984 -0.943111988122311 -0.17932121159096 -0.230326054524447
1463226090.64789  -7.3417858407409 0.851082183910377 -8.33172257315574 0.155004394285614 -0.930703363019123 -0.220736356849657 -0.247063450517848
1463226090.83123 -7.32733593862028 0.925268167527512 -8.42356171500046 0.171306935296061 -0.911624776337508 -0.254353227122756 -0.27367615339905
1463226091.06843 -7.31846981673299  1.03612837953135 -8.54481252079746 0.183443933609077 -0.896334812276597 -0.274914761041555 -0.295557273103829
1463226091.25813 -7.30546313960528  1.11470398827688 -8.65330551566354 0.196843201009297 -0.887859686737721 -0.2901494967221 -0.297944962089177
1463226091.40057 -7.29217285659289  1.15985366475744 -8.73497578282529 0.194555935907811 -0.880313055467281 -0.314900022986433 -0.296706736863254
1463226091.59016 -7.27229935070509  1.22695820591728 -8.85767082736984 0.18912322332676 -0.884914200897647 -0.291022702556253 -0.310588232302883
1463226091.73228  -7.2523616272814   1.2606076296954 -8.95316070723205 0.178462104037174 -0.888803041847362 -0.263857134316946 -0.329484207353784
1463226091.83285 -7.23030168819648  1.27447271624353 -9.01673635879911 0.169276234240646 -0.886619536010612 -0.24163911656873 -0.356176771041453
1463226091.92205  -7.2050856660478  1.29046021231639 -9.07415449761608 0.171619592078977 -0.873300487077243 -0.2304245607106 -0.393443130206417
1463226092.11159 -7.16413205998954  1.34185027728621 -9.18340160595118 0.16246741870669 -0.862733338844015 -0.230202354339234 -0.419883793403027
1463226092.25504 -7.12916797669182  1.38124754268924 -9.27421181898284 0.141356569531464 -0.87351316869981 -0.200946544991545 -0.420254149788286
1463226092.44501 -7.07225169119209  1.40855163253692 -9.40034740125007 0.115726799526029 -0.872931000156889 -0.185615650421424 -0.436056885228507
1463226092.63331 -7.01286471584642   1.4409160887814  -9.5238030555659 0.0934004845602668 -0.868049848428338 -0.162439439015059 -0.459759979532712
1463226092.87041 -6.94898319515025  1.49203884091818 -9.66528820764452 0.0644914682019832 -0.863009579939749 -0.133989235329328 -0.482806586820471
1463226093.10736 -6.88445420583568  1.55477333010002 -9.77891348545804 0.0583674049152021 -0.845610850618925 -0.130524108290883 -0.514294655342511
1463226093.25193 -6.85300444422718  1.63263807536897 -9.83382573168776 0.0664541756760764 -0.825413870645366 -0.171504310812971 -0.533724700621974
1463226093.53717 -6.77383322398065  1.76687262500568 -9.94782203918785 0.0887815754887592 -0.807267537583042 -0.191976237163153 -0.550982830025603
1463226093.72574 -6.71701888623981  1.84383368090886 -10.0162005226545 0.0918886179338482 -0.780502723082813 -0.218129265721967 -0.578611790918676
1463226093.91362 -6.66091281271416  1.93518709166676 -10.0870348291115 0.0879061708936048 -0.75794163137215 -0.222061519852536 -0.60703020514018
1463226094.10324 -6.60061376806604  1.99514495777153 -10.1650676902524 0.0776734732796609 -0.738090768813508 -0.210172169395921 -0.636409072650894
1463226094.24552 -6.55804374074533   2.0408608206562 -10.2136637655378 0.0893869070582709 -0.710084242403963 -0.220149739671529 -0.662815541201852
1463226094.38799 -6.5172648533168 2.10672265017382 -10.258642197654 0.103229725739866 -0.675870824794241 -0.251644047462826 -0.684994543987141
1463226094.52996 -6.45991275916395  2.15894839754994 -10.3156081056698 0.0959632224909155 -0.681746647387218 -0.229514131666011 -0.687994063979512
1463226094.67423 -6.38706727615615  2.19383627162308  -10.384030744754 0.0752199546568112 -0.696048785902754 -0.218523119700685 -0.679783562776425
1463226094.815 -6.32031876541314  2.22625783692061 -10.4468186228537 0.0714244384300852 -0.680113546015944 -0.218889893285413 -0.696011011937359
1463226095.0042 -6.24644201896469  2.29607505690035  -10.532287729727 0.0652725573017534 -0.681824975303472 -0.207613979194349 -0.698391460399394
1463226095.14836 -6.19258611995574  2.34264673071576 -10.6017549858899 0.0446043269000017 -0.674669036803556 -0.208003149711743 -0.706800420564642
1463226095.24261 -6.14935883496482  2.36486489750274  -10.643675609306 0.0391138386047026 -0.644075745813221 -0.193774709341217 -0.738977606767942
1463226095.38549 -6.09273768176135   2.3993964532412 -10.7083086227063 0.0417644632355273 -0.619667962257957 -0.192744948190471 -0.759681993408276
1463226095.52575 -6.04064324766209  2.44827304173496 -10.7684880531253 0.0440762291145814 -0.599458446261699 -0.187983014509134 -0.776768461955433
1463226095.66805 -5.98201000629573   2.5066251117156 -10.8296280169472 0.0614940698817664 -0.595473227266854 -0.18110872488698 -0.780275428773447
1463226095.81088 -5.91465955444037  2.54467130605372 -10.8894174016919 0.0461488582386906 -0.59447010801029 -0.176594259377765 -0.783128368226
1463226095.95265 -5.84793411100773  2.57287277682699 -10.9482688007742 0.0176198857176213 -0.584279856871382 -0.174644922734609 -0.792341933413017
1463226096.09698 -5.78869292191892  2.61733196935248 -10.9989288706566 0.00297471257045923 -0.56675496183496 -0.165335848028394 -0.807120822230047
1463226096.23991 -5.73144753426071  2.67011542231818 -11.0536607803356 -0.00818853278956437 -0.548782126049202 -0.159502400419123 -0.820566944447685
1463226096.33506 -5.69201966709672   2.6960812653745 -11.0876637252214 -0.0197523260190967 -0.52051920887905 -0.161776527688233 -0.838151510106557
1463226096.42675 -5.65055749490454  2.71667153424209 -11.1236029995483 -0.0408446492177298 -0.50353188063938 -0.15150905048103 -0.849607184193016
1463226096.57138 -5.59221623333326   2.7558404675102 -11.1695019614796 -0.0365791812916703 -0.465348856591114 -0.15127540285166 -0.871336994312443
1463226096.71133 -5.53196329689144  2.81096499676473 -11.2096300136191 -0.0409978950874784 -0.434462983730571 -0.143051429563156 -0.888311531427046
1463226096.85469 -5.46087141391103   2.8627724978407 -11.2531046379071 -0.0514842593847344 -0.421613679174986 -0.128532940559497 -0.896142042178173
1463226096.94897    -5.41150453498  2.88550818501332 -11.2834210086363 -0.0576473415839291 -0.406888229688844 -0.12740112173957 -0.902711308629998
1463226097.04932 -5.36567399792656  2.90536993071963 -11.3143180597979 -0.0738012986522141 -0.383427892827292 -0.134088501128226 -0.91080002919656
1463226097.18556 -5.30025520378173  2.94813102682659 -11.3638046248296 -0.0820909498572306 -0.375184553857067 -0.125829753708569 -0.914693664338095
1463226097.32787 -5.23602492694919  3.00923548924566 -11.4150613279038 -0.0783185567229712 -0.365439295679802 -0.11693549363162 -0.92013391154495
1463226097.42263 -5.19304322086993  3.04060582772494  -11.448443693605 -0.0896812181365016 -0.343670924371681 -0.116491552235732 -0.927511343926735
1463226097.51951 -5.14741552203264  3.06207088628505 -11.4813658758861 -0.103087394721619 -0.313032961459628 -0.107354710402341 -0.938007633361133
1463226097.65971 -5.08142778090929  3.09492924582935 -11.5280939989257 -0.108305970718003 -0.279902798727775 -0.100641849345039 -0.948575488894585
1463226097.80369 -5.01822643609603  3.14580965444359 -11.5658922769115 -0.110618649479989 -0.254383731414044 -0.0989690914387383 -0.955645096528456
1463226097.94428 -4.94759232886547  3.21046373330465 -11.6048239335079 -0.0938174156337264 -0.237771575740429 -0.0822981008157154 -0.963270467156472
1463226098.039 -4.89979330637381  3.24506315310213 -11.6314540094975 -0.0675695047260145 -0.219332812629083 -0.0879465987503202 -0.969325990110421
1463226098.13392 -4.84588713511967  3.26584951361927 -11.6619853704642 -0.0888675652352599 -0.223773957330982 -0.0890696549735194 -0.966485575905035
1463226098.23128 -4.79295531436107  3.28598357408622  -11.693483047701 -0.111048122283496 -0.228994925920771 -0.0917099881162526 -0.962714348350313
1463226098.37142 -4.72098411232277  3.33381889904235 -11.7339137901864 -0.107801868092334 -0.222708615903586 -0.0775416265135601 -0.965798594840427
1463226098.51329 -4.64965471219277    3.394250510512 -11.7774237884704 -0.0888103890997843 -0.213050802177668 -0.079143147105426 -0.969772361302201
1463226098.65549 -4.57533385263118  3.43364903930962 -11.8236662401523 -0.0993399023034548 -0.202142271459821 -0.0830443200950294 -0.970759355761951
1463226098.79817 -4.50251916182119  3.46824762453244 -11.8635531237817 -0.0982862181095507 -0.192975497299662 -0.0900808649738313 -0.97210375708421
1463226098.94007 -4.42821886282279  3.51879474258139 -11.8941530146974 -0.0929903437715674 -0.191637487581407 -0.091336137940754 -0.972772110632701
1463226099.08226 -4.35099180143562  3.57774255001463  -11.912759968884 -0.0779747832535451 -0.17399611694496 -0.0717476380813614 -0.979028886649615
1463226099.22459 -4.26677855529488  3.61548890192534 -11.9356155955601 -0.0921380094474308 -0.166611435620901 -0.0730399822760216 -0.978987424701935
1463226099.36683 -4.18086256557974  3.64055139993851 -11.9662087004219 -0.104976302414126 -0.15537598461142 -0.0807677120734621 -0.978935572968879
1463226099.46174 -4.12374191409046  3.66328388958249 -11.9886903602828 -0.117114761697349 -0.168656000728625 -0.080281011726313 -0.975394404929103
1463226099.60414 -4.04311229564502  3.71537860607417 -12.0188325476465 -0.121039845727354 -0.168257935538862 -0.0629119456012395 -0.976258526198448
1463226099.74617 -3.96155455461446  3.76459605759522 -12.0484633895453 -0.115259610549466 -0.143066288528493 -0.0608605626682497 -0.981092886109349
1463226099.89021 -3.87946780624213  3.79521817929847 -12.0813309254537 -0.123892991076404 -0.12285387391019 -0.0522864476067823 -0.983271874826116
1463226100.03066 -3.79987752459475  3.82993302750309 -12.1104757311163 -0.134329961270904 -0.104776165140859 -0.0505527538850044 -0.984084262549694
1463226100.17322 -3.72364896435488  3.88237464990278 -12.1263153057073 -0.140493639345229 -0.0941043367799389 -0.0394778161995009 -0.984808312886756
1463226100.31519 -3.63890841027319  3.93312738156805 -12.1350627110661 -0.136717294203051 -0.0747362440427474 -0.0290685615330714 -0.987359050205434
1463226100.4575 -3.54779617044076  3.96247613507163  -12.154717699022 -0.121508524672846 -0.0652493859262885 -0.0269306882011367 -0.99007723643213
1463226100.55226 -3.48556620255951  3.97593727976838  -12.172580039531 -0.136165539292208 -0.0795550877466129 -0.0302853868627715 -0.987022152368154
1463226100.69443 -3.39868918464157  4.01080737311944 -12.1883074063656 -0.152358860792385 -0.0731587370694187 -0.0129372853395842 -0.985528895251933
1463226100.78928 -3.34045601086626  4.04090092701789  -12.196883167069 -0.171499651685954 -0.073003594109691 -0.00551849724768942 -0.982460121789577
1463226100.93162  -3.2566374973496  4.07786523007932 -12.2071332350085 -0.164658173578718 -0.0331139567538239 -0.00969253726860281 -0.985747029649658
1463226101.02637  -3.2027622247948  4.08760893276568 -12.2153135534032 -0.205906898265056 -0.0195462876451055 -0.00784395545708936 -0.978344910677694
1463226101.16876 -3.12259789039791   4.1171247352342 -12.2219434423275 -0.18572224602878 0.00691194753054796 -0.00956105116651753 -0.982531454260856
1463226101.31352 -3.04089292445279  4.16608796577737 -12.2178972341385 -0.18518345229929 0.0265452787897185 -0.00363477784657929 -0.982338651157786
1463226101.45322 -2.95405325059692  4.21336337821212 -12.2071616564211 -0.175791417517012 0.0524768497436115 0.00374244317138586 -0.983020626379454
1463226101.59578 -2.85913799068987  4.23739858991602 -12.2055960606514 -0.177731127766371 0.0667511024312454 0.00498796318655627 -0.981799906686875
1463226101.73792 -2.76269647362602  4.25976834172295 -12.2076288095598 -0.188893244063904 0.0634150736489708 -2.95234927694633e-05 -0.979947891425597
1463226101.88095 -2.67074878998943  4.30351468230835 -12.2034106382544 -0.195519795633948 0.0657962938260794 0.00673930237419018 -0.978466881931893
1463226101.9749 -2.61036468034333  4.33466068855108 -12.1979423553536 -0.182003923972963 0.078807026617903 0.00887641667265513 -0.980094502301254
1463226102.11708 -2.51967665028651  4.36016623453506 -12.1970997132946 -0.189023689785183 0.106389164069327 0.00553052788090089 -0.976176625273308
1463226102.21204 -2.46426993170433  4.37066097957275 -12.1972003059556 -0.191196921328959 0.131998922330309 0.0084604349105919 -0.972598808769108
1463226102.35513 -2.37506686423508  4.39614393825489 -12.1910870410553 -0.198507598195145 0.134939258740009 0.00645726041858235 -0.970744267918888
1463226102.44903 -2.31222869882684  4.42262153455386 -12.1800101965311 -0.209911309823921 0.126650605150117 0.0156943606721279 -0.969355741338652
1463226102.54387 -2.24627952251907  4.44836775649429 -12.1658717922106 -0.20904969595404 0.124922873770867 0.0284844955517769 -0.969474668954023
1463226102.63874 -2.17732079534664  4.46911519245411 -12.1543642432083 -0.180683590654715 0.124304759909545 0.0259201211577748 -0.975310163000015
1463226102.7355 -2.11320188779209  4.47466429777156 -12.1492381639395 -0.205914091932019 0.128203273259612 0.0197235932473503 -0.969935197494527
1463226102.87579 -2.01670271059822  4.49001832117716 -12.1418725221784 -0.212036385465765 0.117149215756632 0.00631088342826058 -0.970194210061354
1463226103.01818 -1.92477369950894  4.52696136449508 -12.1339708997975 -0.22661227322499 0.114961213583293 0.0136966128294675 -0.967079727733065
1463226103.16068 -1.83392983896637  4.56195905824759 -12.1310501854893 -0.226253119064912 0.13484405889882 0.0250521668516473 -0.964364554942335
1463226103.25557 -1.77773688323846  4.57241675803445 -12.1319584492842 -0.234554090264069 0.162451711550218 0.0414220637541374 -0.957537483751497
1463226103.3976 -1.69149506999282  4.58957891344414 -12.1320034264314 -0.241576291013158 0.183712300344854 0.0384922881172506 -0.952055161257911
1463226103.53963 -1.60646403106675  4.62235486920208 -12.1205393772841 -0.246138798249424 0.185961341337633 0.0318719165627824 -0.950693563909451
1463226103.68198 -1.51927808943477  4.66291396081832 -12.0970978383387 -0.239839148756874 0.190595937747498 0.0431219033634867 -0.950942097442342
1463226103.82643 -1.42455373988094  4.68604476149782 -12.0762587391487 -0.22628500588289 0.194394480639672 0.0437639442951516 -0.953462426731722
1463226103.96675  -1.3245641807882  4.69469481465369 -12.0611279428194 -0.245369434460278 0.190029804788895 0.0307438335723685 -0.950124902642706
1463226104.1087 -1.23234283148452  4.71991724712235 -12.0425069650706 -0.247767911880031 0.177805227223668 0.0246617654577242 -0.952044200832638
1463226104.25102 -1.14037899129179    4.757991213075 -12.0194966460903 -0.243808649413806 0.176191982011903 0.0253179504043887 -0.953348167949703
1463226104.39327    -1.04296613691   4.7795921375269 -12.0003627341575 -0.239120990885462 0.182268486690072 0.0158213346436332 -0.953597942451514
1463226104.5355 -0.954806884137606    4.7880396005033  -11.9827451166028 -0.23998827676492 0.190059852791361 0.0157918277542637 -0.951857918782268
1463226104.67768 -0.862295186938183   4.81249253104056  -11.9599353907293 -0.232909846828987 0.188840364621266 0.014378106006552 -0.953879232401812
1463226104.77273 -0.800655238710451   4.83986835926292  -11.9359068663664 -0.224395665548677 0.170322973269601 0.0140848020945082 -0.959394751085041
1463226104.87018 -0.738609191287649   4.86291229653034  -11.9067955730044 -0.212717000472053 0.161493248807994 0.0253581257122157 -0.963342293144018
1463226104.96235 -0.672868449865852   4.87783079331035  -11.8823833603225 -0.190802816877996 0.156256258167653 0.034563820679133 -0.96849553904751
1463226105.05717 -0.607473658708632   4.87949090597485  -11.8615145901556 -0.205583421638963 0.146452864262156 0.0252835676357455 -0.96728886921345
1463226105.15253 -0.545416137194546   4.88517435984084  -11.8408293442044 -0.188615233809755 0.142602100425665 0.00877933558360192 -0.971602726321716
1463226105.24671 -0.485761898106964   4.89702670761331   -11.817101468047 -0.179599296970089 0.126778941332272 -0.000182627996257822 -0.97553634438166
1463226105.34356 -0.425864681322265   4.91309147454156  -11.7895711391504 -0.170617599475553 0.113451913517272 0.00484647823516457 -0.978772092837339
1463226105.43651 -0.368927083826781   4.92717959143804  -11.7630233745216 -0.167695674164178 0.112811490997563 0.0103862660500741 -0.979307844267095
1463226105.53148 -0.314443817455304   4.93341604806676  -11.7402116611115 -0.170646740981562 0.126801238724564 -0.000157881817356873 -0.977139248379482
1463226105.67354 -0.234433094884387   4.93156714855427  -11.7062113441902 -0.170225194316499 0.132986140863163 -0.0103130402331003 -0.976335859609481
1463226105.81761 -0.157157347265773   4.93425206547154   -11.661845317162 -0.157665369613693 0.115070439972757 -0.0208858406219785 -0.980542812288463
1463226105.95889 -0.0849615774417374    4.94707725881456   -11.6055389482133 -0.155631275782908 0.093931400398086 -0.0242981841062873 -0.9830388579637
1463226106.05526 -0.0346092793893241    4.95103204834364    -11.562383091253 -0.147407441621743 0.0702920578080449 -0.0256081605505988 -0.986242513217139
1463226106.19564 0.0389486880005436   4.94197861615739   -11.502993794578 -0.13333832288592 0.0526522927722075 -0.0410773108808425 -0.98881812394727
1463226106.33746 0.102028178110432  4.92265589991027 -11.4442295145974 -0.132636390971292 0.0528784741549474 -0.0602704164967007 -0.987916459857041
1463226106.47965 0.160607608429587  4.91654515171222 -11.3781278368944 -0.122207942404807 0.0311484985483459 -0.0619494811235526 -0.990079416834776
1463226106.62191 0.221320158893918  4.91038199020426  -11.304295894763 -0.12437489997677 0.00561448516850344 -0.0673009369475123 -0.989934313829988
1463226106.81176 0.297656464057277  4.88447342184682 -11.2154837961341 -0.130428102235736 0.00606969863393556 -0.0598986398362979 -0.989628123009567
1463226107.00364 0.362702796407012  4.85966750919796 -11.1276749221452 -0.116466135414406 0.0226349450823948 -0.0557180503227009 -0.991372179068481
1463226107.19099 0.412762110345851  4.84832127568127  -11.018773112744 -0.116392422714609 0.0268999806282446 -0.0381789604876457 -0.992104612403806
1463226107.38076 0.456015243611305  4.80780565354673 -10.9182776598592 -0.126967499120122 0.040619611416725 -0.0287874274404305 -0.990656643523324
1463226107.52287 0.480153251382662  4.77205864388899 -10.8505830101174 -0.124591923826593 0.0675292091683443 -0.0297585192620829 -0.989459998664734
1463226107.66523 0.499282508099605  4.74508865485701  -10.777341140775 -0.136501971673016 0.0880949198046996 -0.0133365614607503 -0.986624869422207
1463226107.80748 0.520029341256561  4.71727732007673 -10.6959247495892 -0.157868583223524 0.0978611123834767 -0.00805112767784951 -0.982565973590161
1463226107.95213 0.539534638582547  4.67911217806017 -10.6211941164062 -0.168659927102762 0.126270882196065 -0.00119043625510207 -0.977552083605084
1463226108.09239 0.555433042982726  4.63986315684884 -10.5495614260056 -0.167744009400949 0.149207444328116 -0.00382320796631369 -0.974466248234393
1463226108.28176 0.568778540500307  4.60631612513761 -10.4395019304749 -0.158875196047433 0.153388825785601 0.00248937621198903 -0.975307307063307
1463226108.42608 0.571704480171646  4.57563810354813 -10.3443092618667 -0.172264326242468 0.142028408701738 0.000343001330576717 -0.974757823962428
1463226108.56604 0.574322433179956  4.53202609350481 -10.2583532561619 -0.185161710343707 0.13105341163362 -0.0113961291664037 -0.973863580057189
1463226108.75586 0.575210969886706  4.47099296918201 -10.1561023779719 -0.184256752352436 0.139622786416434 -0.0111440958237947 -0.97284671755324
1463226108.89814 0.566754597581514  4.43552399140694 -10.0744923849013 -0.199513161268053 0.151066348016807 -0.00318606009729447 -0.968175245499878
1463226109.04035 0.557153582607546  4.40215001000049 -9.98217360311028 -0.216877784814756 0.152243780383773 -0.00695640754756381 -0.964228949048064
1463226109.18259 0.541907806080685  4.36050509948139 -9.90187137884494 -0.20932243463453 0.174497713561923 0.00617462855203635 -0.962131248989751
1463226109.37519 0.520424427350207  4.30344211046038 -9.80823509232573 -0.214671883498333 0.199037475723616 0.00567985158579772 -0.956173522420911
1463226109.51442 0.495693529401224  4.27053908270154 -9.72547848911608 -0.227316026004004 0.201212528512473 0.0155903328487218 -0.952679318665536
1463226109.61161 0.484343811899106  4.24556524319635 -9.66752926544359 -0.2502778833449 0.17903126604571 0.0175134796420939 -0.951315964817838
1463226109.75163 0.467975339612887  4.20287768369474  -9.5774681781705 -0.238344077889165 0.156555778261862 0.0268582073808138 -0.958102826174871
1463226109.89396 0.458916278743515  4.15862891777774  -9.5003632548931 -0.239984834941344 0.141313453458311 0.0116592513401252 -0.960365476643163
1463226110.13305 0.429656244562765  4.11827268110896 -9.36435089253525 -0.214796693696362 0.142452095508517 0.0165759805501573 -0.96607195266768
1463226110.3227 0.416605440845811  4.07481877197915 -9.24980631931245 -0.208370882818433 0.134464872770606 0.0129396856770722 -0.968676074711681
1463226110.4628 0.413027131080139  4.02746123326947 -9.17756608888853 -0.196406986114364 0.124648147998613 -0.00425987029010048 -0.972557961517513
1463226110.6052 0.417606129679034  3.97835737838091 -9.11012493856926 -0.200559213996609 0.097601766126637 0.0203042920570787 -0.974596138230644
1463226110.70013 0.426111649047908  3.95326989735977 -9.06009973615355 -0.199442607708451 0.047844802049257 0.0536813464688919 -0.977267534602786
1463226110.88976 0.437687668619652  3.90507405326807 -8.96577075572734 -0.209587684129916 0.00525712144797249 0.0949791730483375 -0.973151746657321
1463226111.27105 0.435159673069688  3.81137454747072 -8.77700552755182 -0.210330339563098 0.0203246812064002 0.158789055370898 -0.964434596791067
1463226111.50862 0.435799939277973  3.78583296849895 -8.64306532674569 -0.195330560894594 0.0297675620636786 0.248082633699456 -0.948374857894351
1463226111.74512 0.448228176744704  3.72680678186004 -8.52632832930648 -0.194425768665171 0.0595093824205668 0.256750933058712 -0.944847189897055
1463226111.93286 0.446278857945215  3.69304164861106  -8.4330578147576 -0.194927011050221 0.0930670409348366 0.247929925469661 -0.944390140943492
1463226112.07509 0.448828595523369  3.66500903446915 -8.34907904051148 -0.203776584321055 0.0836991901614003 0.258487004861522 -0.940560480546833
1463226112.21947 0.458055193476803  3.62021408188634 -8.28124214271622 -0.203389256159161 0.0837193790951558 0.233709483636766 -0.94710282087067
1463226112.35966 0.475439657241997  3.57549120986852 -8.21682087466833 -0.2154418322012 0.0821205251239175 0.214240280474012 -0.949179718764354
1463226112.54936 0.496461655264619  3.55150209190126 -8.11797472103491 -0.214447763895414 0.0948984146907521 0.204021234433981 -0.950463983194247
1463226112.69757 0.521224457312381  3.53813418136087 -8.03129620664464 -0.212198443220955 0.093676650078179 0.20668656848761 -0.950514159984769
1463226112.83386 0.554298859114319  3.50980659814893 -7.95517881618538 -0.210325563486601 0.101529789901932 0.205408995805374 -0.950400969879946
1463226112.9763 0.579581672796142  3.47676826136239 -7.89230514847319 -0.207059861354351 0.10905823915318 0.209169193337179 -0.949463407850665
1463226113.11836 0.593139356267066  3.45205775095595 -7.82673608920017 -0.216321107216408 0.129163421686416 0.195838269921151 -0.947717975510233
1463226113.26076   0.6022629363716  3.44044511447753 -7.74130001539858 -0.206056671503376 0.131188833808153 0.211519413929182 -0.946355998313564
1463226113.35552 0.608827621895386  3.42379499006154 -7.68192310485853 -0.207888986738167 0.126794498421304 0.227462440348154 -0.942850021262094
1463226113.45031 0.622090275093094  3.39526336958597 -7.62547997140716 -0.211320832427174 0.11308301114797 0.232584833398263 -0.942581579304994
1463226113.54517 0.638813655181576  3.36456572162958 -7.57757916228686 -0.223954403803393 0.0941186640263902 0.22636352437591 -0.9432633020165
1463226113.68931 0.662539526962574  3.33095733390754 -7.50623893201093 -0.209284117473834 0.0815351146668525 0.210427982094614 -0.951457958924645
1463226113.82972 0.679423069479623  3.31846181699521 -7.42247781363032 -0.191062524663437 0.0622753737912799 0.216826995782308 -0.955302540239692
1463226113.92464 0.690160512342659  3.30740998007087 -7.36097238644764 -0.193443386756683 0.0412175967945096 0.221082490025094 -0.954988637858532
1463226114.06673 0.704733577990196  3.27162266752508 -7.27196324877061 -0.19309158150486 0.0310129843019311 0.249559362275827 -0.948406010449703
1463226114.20913 0.707752787930923  3.23006868159122 -7.20151616591639 -0.187611765435468 0.0520706514416533 0.290565648652647 -0.936836205828797
1463226114.30384 0.705850843932438  3.20647231711692 -7.15748052546706 -0.195528502426544 0.0700773573208586 0.297077200936632 -0.931988683092994
1463226114.44797 0.702975829283703  3.18923214949011 -7.08116376170836 -0.183969176637511 0.0825504033698095 0.309952291795098 -0.929123430853923
1463226114.54261 0.702576072158198    3.181009181237 -7.02199977398115 -0.157068394826784 0.075972228536177 0.349469696657119 -0.920558890542134
1463226114.63578 0.706357890255739  3.16319540168054 -6.96122126062396 -0.147960893509485 0.0621821996321264 0.345520332253437 -0.924584581333833
1463226114.73119 0.715085495258446  3.13387602128587 -6.90381699191657 -0.149899371659803 0.0460170878986881 0.329642123180963 -0.93099338162098
1463226114.8729 0.723116099573202  3.10056392615277 -6.83169789243131 -0.122647147502534 0.0562573221761253 0.326591676538508 -0.935484188924019
1463226115.01513 0.724087404546141  3.07476518870284  -6.7573424485654 -0.107735848943077 0.0688553612459706 0.31142479304803 -0.941629717221793
1463226115.15737 0.721030624731972  3.05730013414109 -6.67458411655111 -0.108100608958861 0.0732853760218851 0.314851598125535 -0.940112750238955
1463226115.25238 0.720078681285799  3.03600882152568 -6.61637795696565 -0.117611131540689 0.0757414824555784 0.316741803834469 -0.938139370923552
1463226115.35028  0.71834802499292  3.00398304740889 -6.56217206293576 -0.142746166778157 0.0902167337463559 0.315119285955995 -0.933908083507615
1463226115.44194 0.713892249438766  2.96998428836816 -6.51660132929583 -0.163706549631992 0.0970429082037396 0.303847714341097 -0.933519901268655
1463226115.53862 0.704380636779806  2.93978814676973  -6.4757892311911 -0.170069439717361 0.117488950346928 0.290255367238175 -0.934357829747272
1463226115.63155 0.691667048193574  2.91783789598283 -6.43228433712205 -0.174389628387352 0.141068610329708 0.287533873823707 -0.931134886090355
1463226115.72636 0.679380243825601  2.90038551673005 -6.38464443247998 -0.189138910310533 0.160442827632314 0.284343458535363 -0.926084968702138
1463226115.82139 0.669015693802166  2.88140604470621 -6.33073697488811 -0.205630430476336 0.169371653769633 0.285277048043652 -0.920677128433718
1463226115.91615  0.66189682943616  2.85466526059075 -6.27655306466131 -0.211740603284918 0.177660367847388 0.28690132216551 -0.917218808113174
1463226116.01201 0.658179384130669  2.82073315968498 -6.22765284446088 -0.224439477497098 0.184665133661213 0.272344435493415 -0.917253627851364
1463226116.10576 0.656119886107603  2.78855185510651 -6.18282302403357 -0.225597479450278 0.194339780237222 0.271119852470549 -0.915331553416235
1463226116.20062 0.653840995783529  2.76030358450745 -6.13654406128081 -0.231536486703847 0.203795423970872 0.246876791078481 -0.918645813423304
1463226116.29542  0.64827811715181  2.74157218695032 -6.08601603333676 -0.24326007142325 0.21542934235293 0.24795764531456 -0.912650942164965
1463226116.3903 0.643272066087686  2.72520172504732 -6.03141616552211 -0.257068467918028 0.221325166165609 0.243840698536376 -0.908555274796936
1463226116.48891 0.638995331746007  2.70756590526456 -5.97953668377588 -0.263707023629793 0.240606939250301 0.254823881075539 -0.898683312466921
1463226116.57997 0.638621949541599   2.6798427645153 -5.93439407692238 -0.270718729981059 0.265002757229735 0.231699437778339 -0.895991226760219
1463226116.67684 0.638320615150485   2.6532371586324 -5.89350452055313 -0.274378015022839 0.28190602998973 0.254147087079396 -0.883546803093427
1463226116.7698 0.636769182430799  2.62971324907451 -5.85391379886852 -0.275447970487693 0.302257373548539 0.256486948590575 -0.875775850827394
1463226116.86467 0.631863612640436  2.61325087725552 -5.81173731349325 -0.281886530410832 0.319711714106749 0.263576158564127 -0.865362359056855
1463226116.95934 0.624086574827488  2.60140435916408  -5.7647746868314 -0.29959298663593 0.337026250227438 0.272820008753087 -0.849839156452656
1463226117.05412 0.617866873562662  2.58657317138388 -5.71310661075503 -0.313316445402771 0.345944347391416 0.277108250596229 -0.839860899792101
1463226117.14956 0.614753569813063  2.56651816911556 -5.65927997466491 -0.320708253118277 0.355541234641465 0.285106365977312 -0.830331865539711
1463226117.24677 0.616108478714752   2.5395187579179 -5.61415524990462 -0.326366300845274 0.377139701520046 0.256073671078537 -0.828056132270213
1463226117.33941 0.621832154989709  2.51871942591832 -5.56768201925645 -0.310135892791542 0.388135840240722 0.267515634498693 -0.825591716783656
1463226117.43357  0.62784660510353  2.50177713603473 -5.51879052579162 -0.308288815673724 0.39794161015366 0.264616151606429 -0.822544085960022
1463226117.52836 0.634446689154425  2.48991647602396 -5.46724265634173 -0.316101756468297 0.404467555221646 0.274666752185563 -0.813046032875456
1463226117.6233 0.644682704376132  2.47574890989292 -5.41247843577988 -0.334133402066859 0.405064163234993 0.266690458157279 -0.808179492943135
1463226117.71805 0.659775796445023  2.45802440102183 -5.36016390051783 -0.345017945331673 0.410727089426607 0.266994146693409 -0.800612266357266
1463226117.8129 0.679910737809732  2.43565934841847 -5.30942450136832 -0.34206513686984 0.416217030180317 0.26810495407439 -0.798670494964516
1463226117.9077 0.696148257606167  2.41251065083295 -5.26431476919708 -0.341535749006446 0.418770441546628 0.278178414851107 -0.794104161271287
1463226118.00487 0.711912263480872  2.39187572595604 -5.21898613702063 -0.340544886583971 0.426405272085199 0.267337460064129 -0.794190409540381
1463226118.09745 0.724728013620478  2.37859708243737 -5.16993589959874 -0.338994510485153 0.436177195096212 0.25368176192336 -0.794026284203736
1463226118.19235 0.735862041832135  2.37035323811947 -5.11330904865414 -0.335019572222591 0.433060833368419 0.25647587853475 -0.796517623508653
1463226118.2872 0.749675043687938  2.35998097990455 -5.05077869998084 -0.338666028059257 0.419490616676746 0.262948984445363 -0.800119225826928
1463226118.3848 0.766903224182538  2.34395378943935  -4.9867258610197 -0.335074877223685 0.40216093749879 0.281736164132207 -0.804124456053724
1463226118.47664 0.789725897899423  2.31942930531189  -4.9295263366324 -0.33123174175306 0.390149213551822 0.262344444570302 -0.81807366222317
1463226118.5715 0.816528160579648  2.29841367993205 -4.87346596180347 -0.31601807484102 0.376644107863681 0.257286569487262 -0.831910700464193
1463226118.66642 0.842078265059718  2.28164787729212 -4.81731400666609 -0.305657817583855 0.366381655763349 0.245621815303631 -0.843805489859441
1463226118.76193 0.86830510485944 2.27130143155121 -4.7596220201724 -0.305428233548581 0.358560042384872 0.23947864207 -0.848998392312177
1463226118.85833 0.896346306911462  2.26612064976633  -4.6951664075614 -0.308506663783039 0.341541733430117 0.2463504652348 -0.852926920084955
1463226118.95379 0.929980821199138  2.25723712363819 -4.63427303387739 -0.320022125604237 0.330440626104602 0.244355835711262 -0.853630515678297
1463226119.04576 0.966124375387361  2.24361968600765 -4.57661498935402 -0.323635707933234 0.322828531601639 0.232674018589818 -0.858431400175779
1463226119.14066  1.00484068188204  2.23144754658285 -4.51991210564416 -0.296657917171914 0.308585626294628 0.243783606061876 -0.870252000767043
1463226119.23543   1.0406555844071  2.22038634227288 -4.46810268640847 -0.283427570572629 0.307321183608203 0.237082945140605 -0.876934535451996
1463226119.33225  1.07513539426317  2.21647727617132 -4.41145379360017 -0.271352754832318 0.297681554716822 0.232505021789753 -0.885265377877636
1463226119.42511  1.10830816485099  2.21717940824139 -4.35081005833751 -0.268671545663686 0.284375546384706 0.235327049896888 -0.889700696164679
1463226119.51988  1.14444002792472  2.21477000007345 -4.28919503952809 -0.273994380026208 0.26507388899705 0.239807863866716 -0.892835428012193
1463226119.61477  1.18586157161507  2.20565057734198 -4.23148162086878 -0.260495224404387 0.248927556071017 0.253172829255828 -0.897820042334553
1463226119.70963  1.23025299270919  2.18929108666858 -4.18190393708766 -0.257275749992331 0.238788740173005 0.235836042108929 -0.906184576824649
1463226119.80747  1.27446125599792  2.17485421145667 -4.13285058622621 -0.244453905462494 0.227465623916996 0.227550585439426 -0.914725318938073
1463226119.89942  1.31572247388086  2.16740870585987 -4.07916847470458 -0.240353205675284 0.215372942843706 0.222876923390806 -0.919875376902929
1463226119.9942  1.35412751567743  2.16524623901649 -4.02486242241703 -0.242244563738038 0.20511643967933 0.220905251240571 -0.922196122029899
1463226120.08911  1.39720080139792  2.16251340568636 -3.96764619250498 -0.240339986647972 0.198561922512757 0.22696866251534 -0.922656534135042
1463226120.1842  1.43882756031027  2.15500216334325 -3.91724145687934 -0.232806521386117 0.199893407444521 0.23757924438875 -0.92162891225047
1463226120.28223  1.47879787576168  2.14128444141846 -3.86910590872142 -0.227342954643858 0.195669614391836 0.241393290277299 -0.922907288077546
1463226120.37363  1.51497533797634  2.12802591508328 -3.82193017727623 -0.215777760513432 0.199202936291771 0.23532989206573 -0.926486907700738
1463226120.46837  1.54611993032048  2.12055765089233 -3.77098924575961 -0.209009063469927 0.200507037076059 0.232902860375193 -0.928368675203692
1463226120.56318  1.57183096928834  2.11745401514125 -3.71646060602887 -0.200474336798922 0.19277825931145 0.237354789205571 -0.930757372822294
1463226120.66186  1.59778702194671  2.11096452451644 -3.65798094289994 -0.203858382901998 0.180890276576742 0.251422355889785 -0.928712693204633
1463226120.75529   1.6201226936804  2.09651178657655 -3.60345996765865 -0.205910923672339 0.181514562066404 0.261093109376455 -0.925463961214255
1463226120.8477    1.641829196817  2.07427475352736 -3.55274935526841 -0.216416319108858 0.184933301922905 0.24734911423063 -0.926165247864865
1463226120.94397  1.66241947519657  2.05591053964056 -3.50382169762768 -0.198777710311872 0.186980751284864 0.248878939680318 -0.929292684742389
1463226121.08484  1.68546574425279  2.03438804560073 -3.42496965077019 -0.198250127020845 0.195465747710782 0.244451211705208 -0.928834556691308
1463226121.1796  1.69964525427998   2.0205496921025 -3.36803548160147 -0.21215976732777 0.193797150859571 0.237197427227452 -0.927991529036131
1463226121.27458  1.71298295423462  2.00343200625352 -3.31120186847756 -0.221640141406891 0.193632444375271 0.24463517176751 -0.923869989195813
1463226121.36994  1.72442428467265  1.97843539530934 -3.25999652318788 -0.225431233805961 0.203584031192752 0.24690089336168 -0.920203374219653
1463226121.46664  1.73171248025169  1.94959040938725 -3.21430513322601 -0.239174376268747 0.220388930572861 0.241703832470215 -0.914222945668406
1463226121.55886  1.73283710351122  1.92579526938714 -3.16965449527029 -0.241241353682253 0.246558170793023 0.231121029153048 -0.909722346417844
1463226121.65393  1.73045532078841  1.90765133948293 -3.11666820649593 -0.252847175894215 0.26560641676367 0.221687354115091 -0.903535419362038
1463226121.74885  1.72426636172416   1.8948725338272 -3.05873801205473 -0.254948943818405 0.26524882556705 0.239181095230986 -0.898574704888406
1463226121.84343  1.71723407205274  1.87750377567476 -2.99810028190154 -0.245404995865139 0.251936382760565 0.270046900920577 -0.896314185065229
1463226121.94017   1.7107094344488  1.84838947600441 -2.94300821877413 -0.243000005076506 0.252751149286524 0.271869575137862 -0.896189035963684
1463226122.03332  1.70599646163269  1.81342642908511 -2.89377591058726 -0.253394558879524 0.25338384194456 0.255537666702263 -0.897935591826067
1463226122.12808  1.70222081184476  1.78158133493597 -2.84789812284215 -0.255434725790225 0.257046196134783 0.239918570576378 -0.900621692724364
1463226122.22369  1.69551968093335  1.75708856650259 -2.80004709741758 -0.250637319689776 0.259689314425646 0.239786648356961 -0.901246224525572
1463226122.3177   1.6858676964021  1.73857240807585 -2.74908918249243 -0.257918772514638 0.257738470593469 0.241735087649776 -0.89922907813284
1463226122.41463  1.67450654335693  1.72044563335237 -2.69334289957636 -0.267877447308836 0.256082579833477 0.252926236958137 -0.893695532151375
1463226122.5074 1.66392724788258 1.69745441482463 -2.6384189787289 -0.270519774543399 0.261452980498497 0.26050304241668 -0.88915665406108
1463226122.60229  1.65482374805628  1.66853277200251 -2.58921525239873 -0.269939671975837 0.271527926891263 0.256732779477485 -0.887408270388256
1463226122.69713   1.6450536004107  1.64036996693768 -2.54758695662669 -0.262721309341509 0.282152985996201 0.261344003418216 -0.884910457610628
1463226122.79194  1.63136697723613  1.61427256911906 -2.51019707987854 -0.260532128465725 0.302864418114941 0.261454589742017 -0.878656731482694
1463226122.88949  1.61382923521446  1.59563198254369 -2.46650767387229 -0.253016543448296 0.311262307564879 0.262323623471799 -0.877658658704789
1463226122.98172  1.59231339899345  1.57861615315882 -2.41938955320064 -0.261038973607352 0.312274921275577 0.262241507467211 -0.874969953519364
1463226123.07636 1.56903545215463 1.55793983690689 -2.3721447046677 -0.269838560997454 0.306159186038253 0.274664045071009 -0.870639630472016
1463226123.17119  1.54622556166779  1.52655048549542 -2.32026542313533 -0.275458113388798 0.29687447306582 0.278494274895252 -0.870878472498169
1463226123.26612  1.52619237494916  1.48937607039019 -2.27663481954059 -0.287813821606853 0.291127808900033 0.269669009843611 -0.871599924338622
1463226123.36276  1.50471038593601  1.45836603918294 -2.23674436717716 -0.282322846192349 0.293001845372136 0.278573484774693 -0.869965828470784
1463226123.45926  1.47944635953829  1.43373496496293 -2.19588958746679 -0.274429128353558 0.297012355614315 0.284078200697378 -0.869351419169534
1463226123.6002  1.43462437273383   1.4005638004156 -2.12902071498852 -0.288197589068201 0.296562717554977 0.287559032754289 -0.863888017565414
1463226123.69291  1.40340379428897   1.3724235858382 -2.08370786790932 -0.298726865738353 0.294264297447591 0.278309749345726 -0.864126418039013
1463226123.7879 1.37211819909204  1.3358410320351 -2.0417054331588 -0.310477519608195 0.301188197821124 0.270584933263471 -0.86004254150711
1463226123.88328  1.34072018214438  1.29701799716064 -2.00251255223004 -0.320877674561344 0.303954438201888 0.261791604839811 -0.857971079408202
1463226124.02514  1.29115634379892  1.24911525460327 -1.94850740428655 -0.316955039897251 0.32882661137123 0.257170243307903 -0.8516313922671
1463226124.16784  1.23336373370251  1.21517952288935 -1.88595882497446 -0.320562032189801 0.321611548423842 0.273552348191628 -0.847923999092849
1463226124.31235  1.16821336308006  1.17603215378104 -1.82235776455351 -0.343631208540021 0.309118030935396 0.283613159629064 -0.840194745968556
1463226124.40425  1.12859762636722  1.13957139314563 -1.77773160552547 -0.341231174447518 0.293946503181198 0.276231760022871 -0.849030478609208
1463226124.54642  1.07353458127576  1.08799735390953 -1.72484723529659 -0.331726158438595 0.308513613972546 0.272397586689623 -0.848867869910765
1463226124.68961  1.01643442504996  1.04777113926854 -1.66641627647939 -0.320974599836969 0.3162484833494 0.265417148283235 -0.852359044321052
1463226124.83104 0.955255917626902  1.00793779595238 -1.59839681249313 -0.329275111176048 0.315404674794696 0.25227451628627 -0.853495964085468
1463226124.97594 0.899337247170244  0.95584468993877 -1.53492004123212 -0.326824063689681 0.311910590432448 0.248496639662471 -0.856823923012136
1463226125.11543 0.844185915623052 0.901244904933835 -1.48162099399734 -0.319341990406359 0.328296411768347 0.239211078164292 -0.856165999831113
1463226125.25759 0.784473198838776 0.858647718624938 -1.42518391942405 -0.304952313409096 0.335511987273546 0.231612891840554 -0.860692315101891
1463226125.39988 0.719947828554484  0.82037565413066  -1.3631152295304 -0.300807887748529 0.327198877444559 0.238244540289745 -0.863536361880272
1463226125.49481 0.677965972849415 0.789281314483756 -1.32254687254455 -0.305822440181362 0.309968760783355 0.244777409896264 -0.866300191633607
1463226125.58973 0.638804005268498 0.752803271915148 -1.28362822973176 -0.305144579194013 0.296207933506729 0.237211894989956 -0.873428968372045
1463226125.68475 0.601380666263194 0.718326251160054 -1.24862416626074 -0.296965655240362 0.297391822987245 0.236798342794986 -0.875954364152342
1463226125.77935 0.565354532442939 0.688390373836271  -1.2137246956446 -0.285685930525694 0.298760260539931 0.237853635720555 -0.878949090560025
1463226125.9216 0.507485986599224 0.651871310774201 -1.15205730990612 -0.282540663015515 0.296996923829275 0.225174117469239 -0.883889256525188
1463226126.01723 0.468450858420374 0.626408736025388 -1.10788352482543 -0.285461752751972 0.28910289281893 0.223077061820679 -0.886096907549593
1463226126.15852 0.415108785055374 0.579037540490777  -1.0497169760743 -0.276980814339487 0.297371045922691 0.212852324722846 -0.888563997354586
1463226126.25353 0.383452889552852 0.546407621575843 -1.01523196887018 -0.264824847655143 0.297836696537613 0.209294716725869 -0.892948388100136
1463226126.34831   0.35064006378631   0.51689882921039 -0.981278567262915 -0.252169324679616 0.306824750179101 0.206110454992406 -0.89430849526938
1463226126.44313  0.317113989080792  0.491554256194411 -0.944692078306209 -0.241902359243953 0.303135278528169 0.197514568624651 -0.900322301559212
1463226126.53802  0.282432872930728  0.466584729840363 -0.907389358662765 -0.243779984728119 0.28891836412818 0.197523229793796 -0.904478895059073
1463226126.63294  0.248609496120009  0.438064364188249 -0.870210557725001 -0.25097734667127 0.26959641859227 0.195559332121838 -0.90889201237558
1463226126.72765   0.21810000650992  0.408017053667861 -0.836744683284982 -0.240617180999872 0.257005413090395 0.195718738642357 -0.915284526906336
1463226126.82249  0.190794507542678  0.377766569457486 -0.805120051307969 -0.235636947882419 0.246602676046084 0.187195084574464 -0.921205921209111
1463226126.91752  0.167008252637727  0.351686050547533 -0.775166293850668 -0.225300075233913 0.242235877213796 0.180784931698035 -0.926217287876335
1463226127.06218  0.132562666223489  0.322147466383566 -0.725789636046454 -0.212434746298828 0.232561413082928 0.173179375068208 -0.933164279085312
1463226127.20192 0.0979882941255785  0.295758983784585 -0.669664127064877 -0.207319644850609 0.221708179417168 0.164254861542424 -0.938554414244705
1463226127.29722 0.0787574041697966  0.272040870013969 -0.631320575470371 -0.209892081554303 0.204652251119498 0.154392510914304 -0.943517738458637
1463226127.43906 0.0547716831108103  0.230210028451255 -0.580992630652015 -0.207589637250781 0.189673656974675 0.146729801500047 -0.948367445512392
1463226127.58352 0.0320646456491415  0.195617188743491  -0.53898487057743 -0.203248660828538 0.180757280992405 0.134588547683614 -0.952839288690414
1463226127.72344 0.00581873010149362   0.170198403015394  -0.499107398514446 -0.181511786426967 0.17512825428526 0.116620426867108 -0.960616074181784
1463226127.86933 -0.0246112348541868   0.148370671595567  -0.457902294081288 -0.152683739227865 0.168394582385587 0.116846362580966 -0.966787395423719
1463226128.00797 -0.0538877516506446   0.121394841162847  -0.414452573209913 -0.138659405462249 0.135417031806704 0.121543722346114 -0.973479799652653
1463226128.1037 -0.073416153264762  0.102963473778981 -0.386892340417613 -0.111553223859647 0.118919296967315 0.126684271857422 -0.978450394409075
1463226128.24506 -0.101424841634067 0.0766793410473517 -0.354845059108313 -0.0968661511358297 0.113521493414448 0.0826515212857488 -0.985341841863135
1463226128.38731 -0.125049018120817 0.0655941120993433  -0.32700660914686 -0.0819995719480241 0.117469315121406 0.0581406180206663 -0.987976061826107
1463226128.58389 -0.151133798840896 0.0665438589547874 -0.297099267682299 -0.0561991064767325 0.12745022083848 0.0636955271361566 -0.988200881128066
1463226128.81419 -0.175459105246739 0.0727304831247059 -0.269330148835868 -0.0344927926368506 0.159122908071348 0.0788302519731808 -0.983501875319449
1463226129.09873 -0.188959353944245  0.076404999540628 -0.244188404414987 -0.0184166937815319 0.194132947574418 0.0832313085929987 -0.977264433675002
1463226129.5728 -0.169484003103014 0.0799733729274396 -0.217814963056174 -0.0250119080386439 0.213962934837608 0.0668902194579367 -0.974227881715984
1463226129.8099 -0.140567037086447 0.0906089966658363 -0.222619217876705 -0.0379731033086393 0.218302677510115 0.0694497387681265 -0.972665779290124
1463226129.95216 -0.115288410513671  0.103807960709827 -0.233606988037834 -0.0452757498458099 0.223561936183136 0.0759673548845669 -0.970669422696414
1463226130.0946 -0.0845394780046368   0.116630094607675  -0.245649354246762 -0.0476144856623516 0.221663750931502 0.0829764815031239 -0.970418953749075
1463226130.23806 -0.0509248627582645   0.123895487834211   -0.25786277762185 -0.0504919073322135 0.216300826461726 0.100090839320202 -0.969869240490752
1463226130.42644 -0.00567800620261259    0.127240508366032   -0.270631972666624 -0.0545421324785686 0.202166128661978 0.12014029776287 -0.970422753783096
1463226130.5687 0.0272322562473153  0.126690649048783 -0.276387318656791 -0.063971636756959 0.173840958881199 0.136258838950516 -0.973201150592085
1463226130.71357 0.0571299619976545  0.124144268444406 -0.277259963481603 -0.0832807003430851 0.158738228500225 0.121115722230656 -0.97631833004995
1463226130.85376 0.0873867222806228  0.123915234360456 -0.276956535481562 -0.0918051137392265 0.141013690563414 0.131299304071912 -0.976958265697796
1463226131.04283  0.122678296617509  0.124479291315588 -0.277497919451296 -0.10652810934903 0.126791684010143 0.130522663412729 -0.977516989683576
1463226131.37488   0.14995733225615  0.117619553793507 -0.276952843012064 -0.135794994768694 0.130506536604334 0.101762398699152 -0.97681737162599
1463226131.70804  0.138256692556063  0.106836592715208 -0.251862411292817 -0.132311128921513 0.109458662652538 0.0294689613103325 -0.984705106442088
1463226131.84907  0.123153327295487 0.0979841617935838 -0.233661913641349 -0.10965359662582 0.0816179503909687 -0.027236265049446 -0.990238751406526
1463226131.99207  0.102069665521949 0.0843848278629549 -0.212441408583421 -0.0784406168303651 0.0620963600533268 -0.0627285795336811 -0.993003644005945
1463226132.08603 0.0920177919905722  0.071591656792579 -0.200150506038043 -0.0507049711907981 0.0380619993656604 -0.0837966216965276 -0.994463883855557
1463226132.22823 0.0792143888959302 0.0536615467710752 -0.180735893751122 6.60848531197245e-05 0.0221488784033366 -0.0973773442691013 -0.995001043035314
1463226132.32312 0.0736250873384727 0.0417365187462867  -0.16693487837809 0.0329265997705593 0.0163795463120876 -0.0877989772309156 -0.99545913481537
1463226132.4683 0.0697550935109991 0.0203788305325665  -0.14407334741293 0.0589574201779893 0.00428065302945812 -0.106908745824999 -0.9925100597383
1463226132.61071    0.069437352850965 -0.00205952928300994   -0.117846702276783 0.0858245135738471 -0.00802656988601818 -0.121426098719048 -0.988850559789268
1463226132.70309  0.0707814701039416 -0.0206049010904331 -0.0984803019137533 0.0955343936482864 -0.020048789275397 -0.126432547154602 -0.987160593165491
1463226132.79742  0.0729900859892744 -0.0395378732693062  -0.078994840956746 0.111121050781581 -0.0214311781108214 -0.12295895662892 -0.985938087134637
1463226132.89215  0.0772013252465548 -0.0589001058028068 -0.0595143827506389 0.115323464623135 -0.022414463036938 -0.139876722461595 -0.983174751947732
1463226132.98698  0.0819347600615257 -0.0781397511830874 -0.0419860447210623 0.121065528633908 -0.029719601158762 -0.148207656577341 -0.981067976042134
1463226133.12976  0.0849485343818783  -0.102647655008889 -0.0209430233059671 0.140424203358343 -0.0340369145019481 -0.148218960828596 -0.97834230779071
1463226133.27158   0.0815324826875293   -0.123674348801445 -0.00584159822748036 0.161285508451517 -0.0392096851592395 -0.153893153983524 -0.97404644781974
1463226133.4138  0.0668330075950396  -0.143310288311922 0.00327872178489064 0.159098992765357 -0.0207733587706128 -0.152540405869087 -0.975185829800521
1463226133.5561  0.0420716115788675  -0.156434607880324 0.00249258342706513 0.164528567141289 -0.00508944908134189 -0.144169199700153 -0.975766206609094
1463226133.69869  0.00962856981044963   -0.166311471159889 -0.00337216594822468 0.154789628584237 0.0099346098475049 -0.136595132198215 -0.978408526265835
1463226133.8406 -0.0249207860276575  -0.169068758835887 -0.0153386884377178 0.140138896069913 0.01773391979288 -0.131255338951405 -0.981233220948943
1463226133.93614 -0.0482301189484835  -0.165261329654804 -0.0260000614352993 0.123450486606388 0.0277892105061962 -0.13694251141024 -0.982463478051344
1463226134.03253  -0.071088934765718  -0.157774260500858 -0.0396662604322011 0.114257182643571 0.0407090986047077 -0.136494094979566 -0.983187381703435
1463226134.12519 -0.0920852523512222  -0.146289038648279 -0.0554339046360577 0.0914521434053291 0.048558715163129 -0.135390325670601 -0.985366945032705
1463226134.21991  -0.112049188716719  -0.130660551450665 -0.0731399874653643 0.0766516373291089 0.0573331488635294 -0.141880444884615 -0.98524483043328
1463226134.31476  -0.130991656708409  -0.111532259325328 -0.0915075307626284 0.068955598912039 0.0708309809017054 -0.141770775944606 -0.984951341240393
1463226134.50468  -0.156529477043361 -0.0664583153785606  -0.130354701161626 0.0459417755637714 0.0997213032992133 -0.122423214347733 -0.986386116850356
1463226134.59931  -0.161988409164148 -0.0411520564814679  -0.151060618575947 0.0446914637875658 0.113112129012177 -0.106373520795952 -0.986860169126473
1463226134.69412  -0.162246015884835 -0.0197363864206165  -0.172550018266534 0.0185898218441044 0.129987958547118 -0.102477715799672 -0.986030358011881
1463226134.78918  -0.155675547670205 0.00182488005523329  -0.195100973770319 -0.00455344041233949 0.140761232307995 -0.101624285161416 -0.984803557225997
1463226134.88391 -0.143872707447327 0.0261365189059162 -0.218388792876953 -0.00753755874176903 0.145548712419498 -0.0988117607251612 -0.984375433187782
1463226134.98526   -0.1283528653359 0.0496071176756128 -0.242953412660122 -0.01230572752087 0.147981700908632 -0.0988425555180371 -0.983961449694567
1463226135.12088  -0.10536000020507 0.0800517454215262 -0.277333825739388 -0.0229430770241088 0.152773605793918 -0.0915025458399606 -0.983748506832003
1463226135.26314 -0.0848946335105263   0.106218765987068  -0.308157771891948 -0.0293361218977449 0.155657612958639 -0.0783230037341826 -0.984263992314092
1463226135.40533 -0.0665054603369566   0.131704292212294  -0.334752103284094 -0.0316876212517743 0.161656148655829 -0.0707969109957098 -0.983794176469161
1463226135.78531 -0.0107916606477798   0.185192923694788   -0.39674920074006 -0.0678661758339968 0.151294852466659 -0.0532958902172885 -0.984714983069064
1463226135.92888 0.0104796206926478  0.209844241739595  -0.42300397647429 -0.0569812275053989 0.160938997559031 -0.0485814683834309 -0.984119718177815
1463226136.11686 0.0390729876446116  0.240191174951419 -0.446111526000903 -0.0403375243978181 0.152811252638878 -0.0545456080608378 -0.98592412579958
1463226136.30639 0.0691159229603522  0.259232330915396  -0.44871374927468 -0.0177251264852203 0.135482961623149 -0.0660352951992683 -0.988417688423699
1463226136.49912 0.0987466429571274  0.264282345501079 -0.430145988590854 0.00335570609403106 0.126379864851392 -0.0762670631056024 -0.98904004169801
1463226136.68566  0.127102002806565  0.251776427258321 -0.400028365897875 -0.0111102220364518 0.120091151140446 -0.0901111666041872 -0.988602375091875
1463226136.87549  0.144180347669021  0.233018634096742 -0.373053603795368 -0.00588161584394569 0.128794324655844 -0.0886132506101591 -0.987686752137443
1463226137.06508  0.149113674495906  0.206015351128166 -0.345378276753591 0.00566016135001586 0.11987107691818 -0.0949586527237592 -0.988221504403166
1463226137.20814  0.144679509324714  0.177400486869367 -0.322005797953045 0.0030096197168367 0.115104696295216 -0.108871110938751 -0.987364639980037
1463226137.35046  0.132174749251907  0.146679771103615 -0.294533563467353 0.00351116997167608 0.113801215394354 -0.110819934905152 -0.987297268854632
1463226137.49201  0.114002458123729  0.118114281891546 -0.261708378069828 0.000697086305266689 0.127363762564626 -0.10462250743693 -0.986322521791769
1463226137.63415 0.0977700820032195 0.0873028092137711 -0.227687530847105 -0.0183758493478075 0.126464231331418 -0.097728349563924 -0.986974313772153
1463226137.7766 0.0828252882781053 0.0624107025991787  -0.19790652140547 -0.00427950788882198 0.128093684741419 -0.0810851118863381 -0.98843254619219
1463226137.91867 0.0695738893077646 0.0430528081306006 -0.168952451907438 0.0196748957705131 0.135965452195878 -0.0728376667644095 -0.987836509036747
1463226138.06092 0.0596696447857956 0.0235449767282696 -0.138703473440981 0.0281419902396417 0.139210286195219 -0.0781644292904943 -0.98677193241219
1463226138.20313  0.0523424860517017 0.00248752191773098  -0.107106609839162 0.0354572659738227 0.148507809827761 -0.0744130537000061 -0.985469893070744
1463226138.44029  0.0484606561042142 -0.0424497733393792 -0.0645391981206455 0.0410034832311396 0.141043121396569 -0.0614810126380052 -0.987241428098837
1463226138.62993  0.0368674737552082 -0.0648126191567978 -0.0493603907382817 0.0279231448356182 0.157705112632622 -0.062513497151088 -0.985109871083405
1463226138.81961  0.0176031338114005  -0.071924366623724 -0.0584343785034354 0.00565764225765395 0.180305022036567 -0.0604180275497547 -0.981737109444007
1463226138.96189 0.00386847861324943 -0.0648880110808023 -0.0811064420309876 -0.0104655426911841 0.188361712694233 -0.0623661558486285 -0.980061630823153
1463226139.10429 -0.00750720877723869  -0.0465272917993901   -0.115053592888811 -0.0169154058739329 0.198351641618627 -0.0665795265438127 -0.977720646174825
1463226139.19894   -0.01385280235433 -0.0303627819996311  -0.142830884515425 -0.0207696494159715 0.20460840442573 -0.0633918317924462 -0.976568225042927
1463226139.29413 -0.0183772740058248 -0.0116368082339957  -0.172400549363604 -0.0192727391521653 0.209061519829873 -0.0595654762501113 -0.975896406639093
1463226139.43595 -0.0195622640880113   0.018905818017718  -0.217281816903388 -0.0180467401773527 0.210427479923059 -0.0583464198378399 -0.97569989553874
1463226139.57826 -0.0192765692494631  0.0500299850585299  -0.258535666913143 -0.0124607425799377 0.209634463612195 -0.0622055367057477 -0.975719525664796
1463226139.72252 -0.0190407430208029  0.0771956504178175  -0.297440034910555 -0.0227054698722846 0.217625205337428 -0.057464377937053 -0.974074728605577
1463226139.86288 -0.017118366498844  0.104460591063368 -0.332350987417815 -0.0364669922421377 0.229079891959743 -0.0388929883281819 -0.971946447617063
1463226140.00512 -0.0100810764068921   0.132750445768144  -0.363756437513758 -0.0320722269741536 0.234702014580377 -0.0244342349611079 -0.971230819512384
1463226140.19775 0.00727111092403048     0.1669114953498   -0.40695026724642 -0.0361933979954546 0.232279291405768 -0.0126253068683623 -0.971893497432747
1463226140.38444 0.0312318048678945   0.19818308116091 -0.452213822631683 -0.0361930749240891 0.230893982372343 -0.0217134705981327 -0.97206304087048
1463226140.76387 0.0724598564518072  0.256099752119093 -0.541286502811589 -0.0139018267392007 0.217635628395087 -0.033309421245021 -0.975362473607997
1463226141.04826 0.0854815218963946  0.291099925928983 -0.583049929181427 -0.0154809039681298 0.205964661113955 -0.03447443589003 -0.97782943975655
1463226141.28537 0.0973481901236879   0.32142287044164 -0.609638209006601 -0.013151597168906 0.176342279526415 -0.0423560594522904 -0.983329243016299
1463226141.57039  0.117007058315683  0.345018203532596 -0.632818692504846 -0.0236177498317037 0.151827455571153 -0.057916867003808 -0.98642600439371
