1463226057.02432 -1.41539065724846e-06  1.03683479402574e-05  9.91833876377408e-06 1.42496784757457e-06 2.79273383501526e-07 2.00534869451441e-06 0.999999999996935
1463226057.40328   0.0413572370470485 -0.00156659555046966    0.055955361911831 -0.00586421885188748 0.00290794631506089 0.0175800872668932 0.99982403217625
1463226057.44871   0.0470897487643006 -0.00356404138698417   0.0649114583581545 -0.00389941939620149 0.00494014603565065 0.0182242114301722 0.999814116525301
1463226057.63784  0.0736804913085991 -0.0125654686606754   0.104926231360734 -0.00565476997714369 0.00727575384908981 0.0118003487410392 0.999887913094274
1463226057.82783  0.0987048047831364 -0.0317136753362091   0.144414521895206 0.00895467360686637 0.00121193086583461 0.000265511434402163 0.999959136439009
1463226057.96977  0.110751975746038 -0.047132338659072  0.167825802211428 0.0376615691248079 -0.00817260683917859 0.00111075317802745 0.999256514082289
1463226058.30172   0.141211976451355 -0.0533287333194944   0.206742267985568 0.0364598053169679 -0.0208742727707488 -0.00463708021749886 0.999106323080581
1463226058.54056   0.165334108615815 -0.0457268698762223   0.236618968854802 0.0132872892007381 -0.0442954493786541 -0.00432370249568484 0.998920750964143
1463226058.77603   0.203218188074717 -0.0518868103307722   0.270955596939294 0.0265000994812738 -0.0625682742889999 -0.00690445024074895 0.997664915864466
1463226058.96543    0.23626332515615 -0.0546222231809774   0.297209747759949 0.0354115528072903 -0.0713354219443324 -0.0151542395273375 0.996708396938718
1463226059.20269  0.263075444476178 -0.054597761118553  0.321573439625327 0.0363658029521702 -0.088623580453527 0.0054641243402207 0.995386122421061
1463226059.48914   0.276360567617054 -0.0554867461907346   0.356947004598486 0.0126040604295525 -0.0848621480999735 0.0378610485533691 0.995593337906088
1463226059.67774   0.273495859233391 -0.0612781621391675   0.391330657254451 -0.00551621075168854 -0.0798044965441442 0.0211053294839005 0.996571813176379
1463226059.86666   0.270391980075614 -0.0802585050268692   0.435056067767688 -0.0172647963327481 -0.0778922295390107 0.00143596589838056 0.996811248625822
1463226060.0088   0.265751981196176 -0.0971903972426974   0.468574115708614 -0.0211022994214237 -0.0928796549503225 -0.00788353493485813 0.995422479418849
1463226060.15103  0.260518342494009 -0.115696717018617  0.498649209496679 -0.0162504437239368 -0.0921214295083288 -0.00337362250441351 0.995609453538542
1463226060.34089   0.25344123258088 -0.135522469411383  0.530089795300324 -0.0244013411698131 -0.0827650619508653 -0.0143105437249956 0.996167519751411
1463226060.53122  0.241569050449429 -0.150301093648846  0.556967268309154 -0.0383451625730635 -0.0962233112624556 -0.0195634946227061 0.994428475333989
1463226060.67445  0.232179467525526 -0.164051691234276  0.580884363783097 -0.035574895012232 -0.112465211562151 -0.0198926901140888 0.992819361169581
1463226060.8149  0.22490274764603 -0.18207334454317 0.609248241643145 -0.0225713946304375 -0.119842573304255 -0.0132881674568839 0.992447335818828
1463226060.95963  0.216212122779112 -0.201196239696729  0.638358819162649 -0.0133584294391654 -0.130583757826888 -0.0200841265741544 0.991143815202658
1463226061.0995  0.206755172891217 -0.221632642397556  0.659734200873132 -0.000306691515958209 -0.127278316544972 -0.0158975109516393 0.991739585386877
1463226061.29018  0.186340504369163 -0.244402489490259   0.68169115047634 -0.00445954785364382 -0.115187892177465 0.0129053188687976 0.993249875244668
1463226061.43139  0.161554051433077 -0.259297724073414  0.695600714949334 -0.0133476430765786 -0.111758692621872 0.0339081392493694 0.993067003348916
1463226061.57364  0.131488916402248 -0.271734266565636  0.705908534348436 -0.0312967973859162 -0.0966008704193617 0.051058949888224 0.993519887039972
1463226061.71789 0.0981306596284892 -0.285222540676906  0.712753018059106 -0.0526055543365269 -0.0735695416696999 0.0810988790175809 0.992594151712345
1463226061.85881 0.0614922349776923 -0.298578152901976  0.716488868452812 -0.0741239583985029 -0.0597137763806911 0.103238416052371 0.990091780166208
1463226061.95509 0.0391867053562922 -0.305674642752438  0.717114880826807 -0.0839692268901124 -0.0436863142901089 0.12956936452398 0.987042276022701
1463226062.09542 0.00867470553961892  -0.313382550346112   0.712086616778893 -0.0904403239813931 -0.0174958425244269 0.151929359101535 0.984089382696256
1463226062.2378 -0.020639406292916 -0.312540434020545  0.700953314137671 -0.103285737577509 -0.00821288008087025 0.152305957253401 0.982887328435448
1463226062.3797 -0.046838961545413 -0.305851024817787  0.682104531414625 -0.116075789402961 -0.00016064889474644 0.155646094205789 0.980969254699093
1463226062.52223 -0.0680592136352579  -0.297707694847518   0.655709646301054 -0.116535566989046 -0.00968618723443171 0.149972180132271 0.981750469615256
1463226062.66427 -0.0825811489127132  -0.284650315570522   0.622632953817825 -0.116473065060194 -0.0240575997765697 0.141360492585811 0.982788109484629
1463226062.75923 -0.0906425728462722  -0.273984323527804   0.598785995969971 -0.113744631753353 -0.048331958337425 0.126222396287086 0.984273380329931
1463226062.85409 -0.0947346186395572  -0.261091820904446   0.573624872157293 -0.111245989297586 -0.0691897695922846 0.111581783776167 0.985082032715193
1463226062.99627 -0.0981104979007722  -0.238333661370331   0.536429593370407 -0.118780971429048 -0.097197471618535 0.095601211278131 0.983516212748672
1463226063.14093 -0.0986290802228212  -0.217436538677091   0.503647177217486 -0.11530313578414 -0.120133596812835 0.0674738039999461 0.98372780359657
1463226063.28075 -0.096206551023871 -0.197530810193368  0.474913147769349 -0.107637360118671 -0.139079755773939 0.0476120822332037 0.983261974178786
1463226063.42392 -0.0926845277135093  -0.175025534514265   0.451183480419929 -0.105113259233248 -0.159140274340259 0.0202950975916384 0.981434503586468
1463226063.6154 -0.0793313121792774  -0.142751769312741   0.429392296324108 -0.106402014840585 -0.164799549546327 0.00383518428944404 0.980563619082749
1463226063.80231 -0.0604898447668942  -0.111113894930917   0.414992523284388 -0.112694541924593 -0.152934580597691 0.0160912029039145 0.981657795500509
1463226063.99222 -0.0382581238276575 -0.0853534365073067   0.403051160357631 -0.111975017486416 -0.147077364071852 0.0312188934014582 0.98227044398749
1463226064.18169 -0.00788774149832051  -0.0616324805661172    0.396440394742186 -0.114137376225158 -0.136285797990367 0.0394228002643438 0.983282606087326
1463226064.32726  0.0192663826951317 -0.0475660113029996   0.399748363768006 -0.127580264721765 -0.119692834944464 0.0438647545135509 0.983601944196913
1463226064.46628  0.0504379253497294 -0.0414418579783235   0.412976967521783 -0.135846073272495 -0.100009909453453 0.0615229886513683 0.983747317279676
1463226064.56101  0.0714091927226593 -0.0437296565218187   0.426810037787055 -0.135708274600475 -0.0837617413027122 0.0861618340886029 0.983434478369244
1463226064.70349  0.0976540399250032 -0.0556288677172145   0.454119460431121 -0.127699016718064 -0.0716811113844123 0.116434979506375 0.982342951798039
1463226064.79851   0.115217475144517 -0.0686035513983407   0.474534493373501 -0.120938568137154 -0.0617648160046386 0.127990820944781 0.98243438457473
1463226064.89296   0.131771309087202 -0.0825729125651948   0.495592164936333 -0.109321669378326 -0.0555147811743793 0.133496750119248 0.983435559344432
1463226065.03521 0.148945805299051 -0.10564339616616 0.521139536602147 -0.09357494160809 -0.0689597810178339 0.129131615181167 0.984790995524288
1463226065.17757  0.161783979091096 -0.129903539731708  0.539643324473253 -0.0787521677344054 -0.0823031071706343 0.127487058471468 0.985277293227386
1463226065.32011  0.170584965513994 -0.153013473989586  0.554249734987792 -0.0695145566613273 -0.0921319845853199 0.124923050611166 0.985430695307666
1463226065.51108  0.176530116273874 -0.182826083647266  0.577997763719969 -0.0628046897309887 -0.0864010607628784 0.132655527305676 0.985389739505185
1463226065.6524  0.174826691337026 -0.209594643135348  0.599029827584144 -0.0584791477860938 -0.0766325754069217 0.131929452435434 0.986560822879563
1463226065.79396  0.168533356177686 -0.237570997983612  0.623995826483121 -0.0527563840973227 -0.0663088631648539 0.12662502243537 0.988324846543889
1463226065.93632  0.158275740268152 -0.269555596522064   0.65052238114596 -0.040896880327282 -0.0553272754782436 0.119463048525959 0.990451875562127
1463226066.03144  0.149855446191596 -0.290780655702592   0.66908400700271 -0.0463742607205548 -0.045256035092314 0.125715004219214 0.989948007192554
1463226066.12604 0.139265097422989 -0.31533557245375 0.686854198141684 -0.0505082364846949 -0.0418476081562974 0.129557419659765 0.989400106503889
1463226066.22084  0.128490618418208 -0.342140017182096  0.702962693123382 -0.0527320125429687 -0.0383128627840379 0.139500805760877 0.988074382114285
1463226066.31685  0.118703230121517 -0.370415044612514   0.71589659401291 -0.0527738677798886 -0.0307200032893141 0.144665386291474 0.987594616371816
1463226066.41039  0.111230802192879 -0.398409888875822   0.72413556905014 -0.0461069759164504 -0.0182005894575352 0.154295871451878 0.986780456519151
1463226066.55439 0.0984115276859787 -0.432561874567409   0.72991847668098 -0.0461656959870127 -0.00805470815783745 0.169201262674865 0.984466750530336
1463226066.74234 0.0739291543757057 -0.461945352444652  0.728011658076222 -0.0579516424532024 -0.00205522642597423 0.183303450905906 0.981344602098213
1463226066.8848  0.046751438435298 -0.471557827365068  0.718480420235713 -0.0825591672863858 -0.0107934134986385 0.168530406763997 0.982173603859311
1463226067.02694 0.0147881441182981 -0.473448840663999  0.703895295508143 -0.093307124571599 -0.0356557253872838 0.152207948578599 0.983287948741762
1463226067.16916 -0.0116896022444727  -0.466647767933922   0.682639928605996 -0.0976318675513384 -0.0438712942986647 0.136558979047768 0.984832459465278
1463226067.31144 -0.0335579987760643  -0.449990510063309    0.65851226959641 -0.105580494891877 -0.0614783336784885 0.12012949574178 0.985211691891305
1463226067.45377 -0.0483874687636722  -0.427630180103856   0.635692361817382 -0.105029702558113 -0.0748222393536378 0.102675338468938 0.98632052039332
1463226067.59698 -0.0529018260570894   -0.40250805865709   0.616562836257063 -0.096755494386341 -0.0816816008807121 0.0954756558694351 0.987345374992925
1463226067.73837 -0.0461584095327053  -0.374599219495231   0.601413483290952 -0.0899114527747055 -0.0806652345350859 0.0898642481661924 0.988601773971131
1463226067.88042 -0.0335928872773486  -0.343567226329082   0.589039611911857 -0.0867537152537427 -0.0834130211745781 0.0806606797215411 0.989449299123033
1463226068.02268 -0.0148353505967338  -0.309451138052122   0.578982174085704 -0.0949267433146497 -0.0792639769751574 0.0633833738346042 0.99029727015634
1463226068.16493 0.0127863680533324 -0.280700395121678  0.564407626349419 -0.0873802513381777 -0.068836152642054 0.0590084571868179 0.992040461748385
1463226068.3073 0.0452010413279108 -0.255875501598414  0.544977256123362 -0.056576570360699 -0.0688616328199523 0.0607621476755105 0.994165543871568
1463226068.44951 0.0755583253885748 -0.233915412289243  0.520868310712386 -0.0214743815449895 -0.0681274734867288 0.0504354850221821 0.996169543875014
1463226068.59168  0.100357557849871 -0.213956329556787  0.499617494200351 -0.00780942496006164 -0.0623131895764987 0.0545639330126958 0.996533419660767
1463226068.7815  0.127970675883394 -0.192464665050907  0.483075159121221 0.0106641631663736 -0.0458761748660546 0.0666150284499923 0.99666648894614
1463226069.01848  0.140755803569522 -0.181305695267547   0.46563328835419 0.0478967473142895 -0.0336932263768504 0.0859453803582211 0.994577327153656
1463226069.20841  0.125010734929419 -0.190465365281746  0.426872778527653 0.090187717015825 -0.0264264087648611 0.0879257723894437 0.991683860496371
1463226069.35046  0.101639331717171 -0.196982190303817  0.385863040903157 0.117444643703333 -0.0235623778020438 0.110343799627635 0.986648780418568
1463226069.4929 0.0667627280128136 -0.199598392520962   0.34372559624259 0.106467363631008 -0.0301653916612948 0.10542239422353 0.988251419641562
1463226069.63495 0.0260390197904605 -0.210710851027921  0.298867008864042 0.0945326760397057 -0.047535117414079 0.0937477186241666 0.989957247069774
1463226069.77981 -0.0155211393517696  -0.229911395186518   0.254566338901421 0.0994419550903566 -0.0682012239462892 0.0772165144470595 0.989695660552618
1463226069.92214 -0.0568299899526754  -0.247944856526944   0.215670607702059 0.0993374397755696 -0.0937573102984316 0.0476870599137043 0.989478440463068
1463226070.0617 -0.0987296138425415   -0.27241891414885   0.176772391999408 0.105846063907812 -0.123579131028552 0.0491944127499712 0.9854464566295
1463226070.15692 -0.126672992530694 -0.292761393719287  0.148429169714479 0.115973575447751 -0.140690394530538 0.0656701287883211 0.981042189138485
1463226070.25405 -0.158652325909014 -0.314811379275325  0.118722955592225 0.126823216854393 -0.173548189699275 0.085830306643707 0.972846368128214
1463226070.34623 -0.188743158763995 -0.337280148689524 0.0880428586429351 0.138897239008785 -0.194049336475365 0.0992052636683722 0.966028326535871
1463226070.44113 -0.217171343218328 -0.358940495308323  0.058127051012374 0.155636851240299 -0.215961232269043 0.106415385217315 0.95802592996322
1463226070.53592 -0.246524202783607 -0.378931390844391 0.0291678455645089 0.171775467301119 -0.241503844610413 0.106336541493481 0.949137303984559
1463226070.63076    -0.275905987113298    -0.399797572707718 -0.000343460249708466 0.204785254138312 -0.260301060211958 0.107875152200395 0.937373623096884
1463226070.72777  -0.306453013518208  -0.411399658878096 -0.0260017321480188 0.216874476923763 -0.281582955519627 0.117341126324287 0.927312008168138
1463226070.86779  -0.354064818610347  -0.414644923123782 -0.0582393370771456 0.22823575514495 -0.290755536127165 0.126161383502309 0.920572084954569
1463226071.01002  -0.413879414272564  -0.405867376906311 -0.0858825824032009 0.218312363068084 -0.303415830196227 0.123500225347878 0.919253088358688
1463226071.10567 -0.461410391443112 -0.403211762239175 -0.104281648580117 0.230472479133657 -0.309921976082208 0.118162630722705 0.914805114657748
1463226071.20286 -0.511965829277009 -0.396810620142195 -0.120874778037499 0.216868224068561 -0.337208775972106 0.105402551675708 0.91002676713215
1463226071.29513  -0.56055259065689 -0.387926573771134 -0.134840798659103 0.203147005161367 -0.357188952611899 0.0869518249394327 0.907516791340901
1463226071.43689 -0.631604228348843 -0.369546163626028 -0.150780736775333 0.198671666018255 -0.37083916650187 0.056474887939247 0.905438274396427
1463226071.5792 -0.706227505501573 -0.344994005789676  -0.16020378432488 0.19228247920743 -0.392997016911079 0.0378338686627429 0.898414932684696
1463226071.72156 -0.784550278910917 -0.322151477207914 -0.166035365485166 0.165900914556219 -0.411443704115398 0.0166528753755288 0.89605448865286
1463226071.86676 -0.861693745192268 -0.311001002615602 -0.172068500732804 0.172164311312685 -0.426648276680654 -0.00166579491370568 0.887878326710908
1463226072.00593 -0.929334218998174 -0.304308427933179 -0.180076990134288 0.182463417202564 -0.437999063825734 -0.0319187207688272 0.879684668921214
1463226072.15437 -0.995163264815268 -0.294152138630121  -0.18656085277087 0.201506958915335 -0.458945705491276 -0.0773970495624539 0.861843072513109
1463226072.2903  -1.06655469829378 -0.281036122694364 -0.185933909195433 0.19603247120016 -0.463804781400574 -0.0988262679549601 0.858306334444305
1463226072.43282   -1.1472218154972 -0.277852254894797 -0.190746304444973 0.201235064593064 -0.462907317896798 -0.106770566326898 0.856633708175234
1463226072.57656  -1.22561910525578 -0.295706894897722 -0.205113984188026 0.19842712342209 -0.465846531638234 -0.106759955839084 0.855696206302388
1463226072.66976  -1.27184283966801 -0.320923295470598 -0.219681175464595 0.187299260542073 -0.472145518100106 -0.101436256632981 0.855399487127893
1463226072.76488  -1.31767485387722 -0.353712622218011  -0.23682011250275 0.19976488041773 -0.478073834017701 -0.0979685173111444 0.849671449087917
1463226072.85941   -1.3657829957846 -0.386888010645846 -0.250086160546578 0.20764917443113 -0.477972250330797 -0.0720036604979837 0.850435077561289
1463226072.95433  -1.41750487940616 -0.416830947060907 -0.259507264795629 0.204808031134152 -0.477643759794895 -0.0490604505323054 0.852937970373881
1463226073.05226  -1.47566978670151 -0.444398535862001 -0.266881029953724 0.196413030631117 -0.477519906784365 -0.0448820014660251 0.855208901945808
1463226073.14473  -1.53133737668107   -0.4802165244979 -0.276768825209957 0.205482513507407 -0.473911567227767 -0.0373155933879927 0.855448601366851
1463226073.2389  -1.58294003915962 -0.520625325585234 -0.288732153429182 0.206919747677945 -0.479333886647063 -0.0173506766097894 0.85271460474997
1463226073.33671  -1.63233301776855 -0.561882231965542 -0.303154607762179 0.211810399131485 -0.484438342509008 -0.00588900106580916 0.848776276054728
1463226073.42873  -1.68371343171104 -0.599437505921364  -0.31894034343102 0.212311042376677 -0.492686213020122 -0.00937669402698689 0.843858041612417
1463226073.52601  -1.73455395806571 -0.636119174968686 -0.333360977477555 0.233096617735582 -0.489843031866445 -0.00976183487580354 0.840014569821249
1463226073.61939  -1.78461992341561  -0.66904508234645 -0.344440755536537 0.249325378165243 -0.483309008026729 0.00270523349252445 0.839191241776706
1463226073.76151  -1.85700431424154 -0.719665890823727 -0.362600786359564 0.263552946606802 -0.466592315607641 0.00665156756593829 0.84426726337084
1463226073.90269  -1.92736396409628 -0.776911091051864 -0.385605124732414 0.256263012813595 -0.467878381635143 0.0232626464057375 0.845504546140575
1463226074.047  -1.99632338217091 -0.827309073788798 -0.405430842646704 0.247161357944767 -0.472456127312972 0.0362475091609676 0.845211564629208
1463226074.23542  -2.10378163445385 -0.862441763645468   -0.4194749366308 0.247336347378015 -0.483480805508282 0.0440620546131471 0.838528220940734
1463226074.37811  -2.20443384705138 -0.868054656728187 -0.418865778012706 0.22826871043733 -0.493007514904893 0.0502730412505206 0.838039144316066
1463226074.51908  -2.30459310545363 -0.874450517718724 -0.419943311107957 0.211392607062842 -0.504990796504123 0.0504172679481282 0.835317640312925
1463226074.66133  -2.39961926135783 -0.881171266947186 -0.424588672672767 0.232359388101118 -0.508219436085251 0.0299357748766207 0.828749641887706
1463226074.80377  -2.49715510374213 -0.870108144957503 -0.420432945986536 0.230481395880317 -0.511475868914611 0.00637676858921893 0.827786263774329
1463226074.89985  -2.56871017935007 -0.856906232519307 -0.418092576072151 0.217365069083063 -0.515346510439077 -0.0158249881894251 0.828806352937516
1463226075.0001  -2.64080982080539 -0.847990483056136 -0.421592357339385 0.212735157108538 -0.522382061459653 -0.0296204698382907 0.825217160850238
1463226075.09295  -2.71085196610705 -0.841116125660119 -0.430508321194124 0.206019232143767 -0.541407429298246 -0.0482729987300431 0.813697602971255
1463226075.18348  -2.77364562847282 -0.838247272989441 -0.438464087336276 0.204564201365483 -0.548307609802051 -0.0648716729485687 0.808272181014365
1463226075.2777  -2.83033983608773 -0.835124984019927 -0.443429399397319 0.220395225071431 -0.546938883552193 -0.0749459937929783 0.804156017473461
1463226075.37268 -2.88819326526838 -0.83184401381257 -0.44645299397123 0.256353089541741 -0.541885612218047 -0.0898903171291085 0.795338171874018
1463226075.46943  -2.94980324304924 -0.824588803362651 -0.445663526423051 0.246481857439452 -0.553091433234702 -0.102687446427374 0.789171621880695
1463226075.56237  -3.00949173132295 -0.823054457541665  -0.44892836554579 0.235389890273713 -0.563306471324558 -0.126963752213846 0.781765709496512
1463226075.65714  -3.06243185605948 -0.834604199549269 -0.459221401088958 0.214851738667171 -0.575342240734152 -0.142071792941 0.776296104633553
1463226075.75202  -3.11484804659174 -0.861742016550627 -0.478752494615059 0.230081368249775 -0.58898154462465 -0.147398005875082 0.760550545289346
1463226075.84685  -3.16905404303903 -0.890926294274343 -0.497998577362912 0.232935374634111 -0.591918346516206 -0.135003431493861 0.759702478465399
1463226075.9435  -3.22906452986904 -0.918584171635525 -0.517538011577908 0.244734437706431 -0.597367136662471 -0.113537983481224 0.755226247784871
1463226076.0365    -3.292772702355 -0.945813657268995  -0.53707827616961 0.254155998314465 -0.597382606386323 -0.090637666820459 0.75519769826265
1463226076.13156  -3.35524034303834 -0.973136085242406 -0.557104166256654 0.256242457379348 -0.596583098986377 -0.0745740396116201 0.756879859459881
1463226076.2262  -3.40942497425353  -1.00398670953791 -0.578820651335338 0.250736271175438 -0.595508634224863 -0.0560813026702704 0.761154173851449
1463226076.32393     -3.46028009755  -1.03803254114895 -0.603432641595685 0.24813816304745 -0.600972840696264 -0.0397612233045074 0.758734566173328
1463226076.41995  -3.51288351032347   -1.0702821289813 -0.628980175054378 0.250683656888197 -0.606580922785696 -0.0244896185100909 0.754067335764416
1463226076.51068  -3.56917224480679  -1.09701430912596 -0.653470923902113 0.259823382092874 -0.61483532262963 -0.0107062396087028 0.744550006781398
1463226076.60564  -3.62860721529893  -1.12191662979036 -0.676635614039092 0.265917698361119 -0.629044582716412 0.00302057802422046 0.730466677379509
1463226076.70049  -3.68477428850475  -1.14966626209432 -0.700501824655375 0.279133497319316 -0.635228055921783 0.0205161483410699 0.719825600615431
1463226076.84255   -3.7607800611503  -1.19572848066841 -0.743273420778038 0.288393088401726 -0.656609858241777 0.024042312541781 0.696501893629495
1463226076.98673  -3.82972631376557  -1.24085810241535 -0.791754969084252 0.313313057023724 -0.670315604660664 0.0245798732334111 0.672240840977909
1463226077.12997  -3.90258490380462  -1.27023541611121 -0.835896329819508 0.342871018948352 -0.67322848029713 0.0295311362959701 0.65446985390559
1463226077.31689  -4.01413534635926  -1.28414111880359 -0.883821991765007 0.341559731509087 -0.677460817379487 0.0479448625955076 0.649680753045413
1463226077.45916  -4.10705685023344  -1.28271906902399 -0.918400371665956 0.317646420493533 -0.687628560438623 0.0306718667420982 0.652170952287288
1463226077.60939 -4.19807091778618 -1.26938668036964 -0.94873045704481 0.315148560374122 -0.697932488481316 -0.00670931653046649 0.643060348247417
1463226077.7438    -4.293290757616  -1.24010386726464 -0.968588212943079 0.295542371856645 -0.707507075827124 -0.0403973790650953 0.640668787952536
1463226077.93616 -4.41963848147253 -1.20513804540944 -1.00857928285217 0.303476181436377 -0.721518466718952 -0.0885511147971259 0.61601299462959
1463226078.12301 -4.51792928816493  -1.1900306178299  -1.0566555579143 0.32656912570659 -0.73425831193217 -0.126933721011369 0.581468114314072
1463226078.36016 -4.65082060958413 -1.15692406372825 -1.11254756952822 0.326127374732961 -0.739234723138102 -0.161378029313122 0.566683413566812
1463226078.55162 -4.75692008629432 -1.14506615130792 -1.17736275506541 0.324679042886688 -0.750931513326221 -0.167567349375912 0.550096868584894
1463226078.69195 -4.82172082344347 -1.15832790115878 -1.23654812642059 0.322267757723786 -0.765238855287707 -0.138516042599234 0.539783560913344
1463226078.83471 -4.88637568968692 -1.16760734229728 -1.29573951031292 0.322080848725435 -0.778737020421933 -0.126511720734933 0.523285165493309
1463226078.9769 -4.96311445509671 -1.16868363033615 -1.35550670944201 0.305349449347329 -0.795520843489508 -0.111905892317828 0.511258616183215
1463226079.11955 -5.03897758811787 -1.18104227304477 -1.42435169424127 0.304525739883469 -0.812797804794554 -0.100240456378028 0.486390432856882
1463226079.26357 -5.10492583664658 -1.20499175121884 -1.49378872321358 0.311216387276683 -0.823252159587006 -0.0971225551389281 0.464722983409542
1463226079.4516 -5.19137905338024 -1.23497957882523 -1.58536656047935 0.318768746936957 -0.82601512930252 -0.0830364867930727 0.45737340762297
1463226079.59326 -5.25979677335567  -1.2509073314604  -1.6566021823118 0.329725656029463 -0.823875952826585 -0.0545444019644926 0.457749182767552
1463226079.78279 -5.34314486491981 -1.28098236321635 -1.76127454201224 0.304123233638891 -0.839479807327782 -0.0284468503336916 0.449414606522782
1463226079.97877 -5.40774210696355 -1.31915932691889  -1.8682242016114 0.300312664057439 -0.851911461682239 0.0110511626444978 0.428878813961892
1463226080.21144 -5.50350115815128 -1.32902687749561 -1.98403248969957 0.304857673957523 -0.857958725117231 0.0485367316947806 0.410624902192759
1463226080.39943 -5.59289448228432 -1.30098076661297 -2.08160713709955 0.276075517198465 -0.878137709564811 0.00969025591912753 0.390592589259051
1463226080.5414 -5.65590362809638  -1.2594291826193 -2.15425823645062 0.274623272413271 -0.886877271820235 -0.0535047326408516 0.36765201830366
1463226080.68591 -5.72381029524401 -1.20238334377135 -2.21947178949659 0.264473418713909 -0.890132408155126 -0.0963956731347359 0.358365708385491
1463226080.87349 -5.80721951684916 -1.13922096831673 -2.31453274767158 0.274661639007669 -0.884916345611676 -0.146445278110797 0.346464754117859
1463226081.11047 -5.89567457668198 -1.08185667653042 -2.42485377565054 0.26131743209071 -0.885958223774553 -0.18380260156844 0.336166371114704
1463226081.25299  -5.9567292833691 -1.03396468418831 -2.48138549661815 0.258292541749317 -0.883216168586924 -0.225845658096983 0.319699704632414
1463226081.39702 -6.02366358971279 -0.99131076341994 -2.54149921105886 0.242342731627213 -0.882572421975883 -0.254595642215219 0.312277087472176
1463226081.53721  -6.07591931701421 -0.972907826672689  -2.61228346193932 0.251055933066588 -0.889703785752844 -0.250326493079457 0.287636470134896
1463226081.63539  -6.10457903444278 -0.968631318708725   -2.6605724437685 0.270362347935119 -0.89220178923904 -0.246770513128949 0.264545803118743
1463226081.77424  -6.15279259064041 -0.962342493806541  -2.73392497872455 0.27314069163112 -0.895413346816985 -0.23954182873534 0.257388448076847
1463226081.87189  -6.19124423815643 -0.955341454195356  -2.79075561965581 0.270275975750121 -0.900162271140622 -0.225424066080428 0.256598466439387
1463226081.96397  -6.23125889501615 -0.948995836542969  -2.85298523568452 0.275690123797818 -0.902312383136031 -0.210278098108579 0.256145350017444
1463226082.11047  -6.28339510988521 -0.952185502410653  -2.94918986835757 0.265505307666027 -0.904868606924816 -0.202738602700035 0.263849947467018
1463226082.24856  -6.32583846817139 -0.965683157546046  -3.04360400354369 0.24015858182757 -0.91227078215267 -0.201106763959534 0.263897603427636
1463226082.39073  -6.37028285460216 -0.978571560877548  -3.14090793608494 0.238400761643248 -0.920084153794814 -0.175513031378527 0.256525637315105
1463226082.4856  -6.40134294728963 -0.984835881576461  -3.20575106874544 0.235539627476195 -0.929050523527432 -0.142729461230698 0.247011152619825
1463226082.6278 -6.44252104970823  -0.9968111105017 -3.29818009858676 0.233021898192042 -0.937030780120982 -0.119097478301151 0.231278841944412
1463226082.7701 -6.47013346007101 -1.00890841270374 -3.38872206812961 0.232463082656813 -0.946124406668443 -0.101626175241505 0.201200504009709
1463226082.9598 -6.51073536939252 -1.00789330750261 -3.50534734329348 0.238796650931329 -0.950149843913744 -0.0725131836525561 0.186904445670082
1463226083.24451  -6.61091714712264 -0.927117960388136  -3.67268586513069 0.223756642304484 -0.951385217563187 -0.0965650839634039 0.18834626990204
1463226083.48136  -6.69030865868242 -0.857499545655691  -3.80358302762252 0.212967707975494 -0.950590907271194 -0.132116902751634 0.183212462404469
1463226083.76865 -6.79567029504259 -0.75033350171263 -3.94626022989595 0.239220575121044 -0.938809664423862 -0.170719827146053 0.179623692875784
1463226083.95546  -6.84366653605266 -0.717805483829951  -4.05502199713877 0.25306310441461 -0.932107712800651 -0.19191186616127 0.174080764440182
1463226084.14682  -6.89425556768805 -0.665481497939095  -4.16924864199276 0.258411265054558 -0.931606939148545 -0.197688136870217 0.162023237728308
1463226084.33491  -6.94091362286174 -0.617750709916434  -4.28234185976136 0.264148922298159 -0.930753419471428 -0.190732517123348 0.165965435867703
1463226084.47904  -6.96832947194595 -0.588745658974331  -4.36286516916406 0.255262524904996 -0.929613410586046 -0.211367034162634 0.161195307335534
1463226084.62203  -7.00248606808311 -0.550088477222416  -4.44610479449467 0.254339736618015 -0.928236897968683 -0.222417857917953 0.155620872975783
1463226084.76175  -7.04056787359192 -0.525039563883568  -4.54455785072141 0.247172996037489 -0.938867430771416 -0.19219566910841 0.143158241964974
1463226084.85654  -7.06005454806674 -0.522229554583682  -4.61539681326985 0.254123909049174 -0.942737570118123 -0.179481550595854 0.120221818872663
1463226084.99904  -7.08593791870099 -0.524495854086469  -4.72037374553517 0.258104650356269 -0.944918990469336 -0.173563885278707 0.101910100784165
1463226085.14152  -7.11581914925294 -0.518640801662454  -4.82097076355334 0.24703381206275 -0.950169632834588 -0.157382338242945 0.106690037706966
1463226085.28648  -7.14616180036119 -0.501596377091272  -4.92641372546983 0.246604603023077 -0.953934232582115 -0.136559266429437 0.102699641810751
1463226085.42785  -7.17054797278966 -0.493594712999879  -5.03369943078434 0.244433908728128 -0.955782116969677 -0.118583564739956 0.112563525701784
1463226085.61509  -7.19765971110373 -0.491932506116683   -5.1782536910766 0.22110346017272 -0.96181299153369 -0.112520901345885 0.115620396024987
1463226085.80496  -7.22217858951593 -0.483005653636207  -5.31678071452783 0.21278425930638 -0.966973002630488 -0.0897670038547327 0.107833001414957
1463226086.04206 -7.24851416312207 -0.45763782249803 -5.48116382085293 0.204989752856916 -0.973099506332187 -0.0783280575740376 0.0701517454978369
1463226086.27914  -7.26454981444854 -0.420770834319968  -5.63181589511231 0.198648728857132 -0.975968023189522 -0.0836173374002673 0.03214406820972
1463226086.46884  -7.30338703432351 -0.328569349946738  -5.74402334798264 0.208632763450702 -0.968770204933463 -0.132348021472544 0.0209919332221539
1463226086.70577  -7.34444920665334 -0.229781011723098  -5.88789097665428 0.216266945636316 -0.964224418058952 -0.1532643275363 0.00315051564996979
1463226086.94297  -7.39182873612255 -0.121629105473022  -6.01141298088937 0.222710381195431 -0.956143153306656 -0.189419760526987 -0.0176213170475092
1463226087.13264   -7.42614447376628 -0.0493144878202341   -6.11791199923287 0.230325278290639 -0.948272035804849 -0.211602544586807 -0.0543578459401752
1463226087.27727   -7.44160701275314 -0.0120232800717623   -6.19587910185422 0.238226808615855 -0.937318687045247 -0.241247244618859 -0.08050735082145
1463226087.46494  -7.46026229033292 0.0524428724867203  -6.28807004760775 0.251802321073837 -0.922859646524298 -0.269952073345936 -0.109779515462156
1463226087.65458 -7.47513802667953 0.129343701912218  -6.3966532363479 0.266039130971805 -0.919881788348824 -0.258595591618737 -0.127157368057423
1463226087.7983  -7.4716610014645 0.167775662382228 -6.48377149782817 0.262644557623019 -0.918289373589403 -0.259228454288525 -0.143398295634827
1463226087.93901 -7.46686303471862 0.198596271674861 -6.56556550423211 0.251185686880562 -0.916500020446087 -0.267871253851923 -0.158677202484988
1463226088.08103 -7.46947880253152 0.238525246202404 -6.65315299691284 0.236065392090661 -0.921919136294967 -0.26059869394276 -0.162562472623765
1463226088.22338 -7.47342839847349 0.272766859875186  -6.7527077604742 0.222300090516074 -0.931626291420493 -0.237385573385636 -0.162182651473628
1463226088.36564 -7.46435919073286 0.286204891693106 -6.85490162983321 0.217816996128541 -0.932787613468608 -0.218454958643785 -0.186387916456568
1463226088.51184 -7.45579901571843 0.293254307653739 -6.95181368252864 0.213442928334888 -0.936963970325798 -0.205582920865198 -0.185138589450385
1463226088.69752 -7.44477281984634 0.324514777929644 -7.08295109779217 0.202572991101018 -0.941097937336779 -0.198152969278512 -0.184483756420329
1463226088.88718 -7.42972514446563 0.355181155204738 -7.22422280030946 0.203483626217265 -0.940981027751123 -0.212729026266631 -0.167019402039295
1463226089.07683 -7.40618729411957 0.368227692371374 -7.36664560935981 0.167862042303808 -0.947778200311208 -0.215509557974915 -0.164603913045524
1463226089.26636 -7.39733074560149 0.386132677498438  -7.5008789793722 0.148590076801049 -0.961374102141554 -0.178511968316208 -0.14769665526224
1463226089.55104 -7.38715382989419 0.419652039745952 -7.69152704565738 0.138461706433957 -0.957297906345788 -0.18508653994164 -0.173643448162607
1463226089.74165 -7.36364157299709 0.435798080088499 -7.81125722899985 0.125254256554575 -0.962243937152283 -0.14778107629792 -0.191203373706801
1463226090.07308 -7.33560458862215 0.550897296142445 -8.00894708615067 0.13809428868471 -0.963163083224257 -0.120637004241076 -0.196706776076338
1463226090.35718 -7.32976598214678  0.69290842495043 -8.16053228567388 0.164161003841669 -0.948763040016211 -0.150519415614704 -0.224151208428376
1463226090.54679 -7.33395572464761 0.801426198655169 -8.26349206192368 0.1504381205003 -0.939705740263762 -0.196170479691163 -0.23630200277063
1463226090.73971 -7.32579388790695 0.883181380077062   -8.358590197464 0.167900583593731 -0.919871841904494 -0.237955964652279 -0.262720664178746
1463226090.92622 -7.31462987711244 0.963267399407946 -8.44894672340175 0.173701913479401 -0.903274394687707 -0.270124402343986 -0.284527363206874
1463226091.21059 -7.29920671487274  1.09476602015673 -8.60593555808989 0.19628046879094 -0.889966083550818 -0.284089773714556 -0.29787136178431
1463226091.40057 -7.28291633768505  1.15609113344036 -8.71458484036178 0.194892293922306 -0.880337199164014 -0.315304350557271 -0.295984080749993
1463226091.54265 -7.26920408782321  1.20656532898836 -8.80434954137622 0.191630293055056 -0.880393349965628 -0.30647823562308 -0.307012167852183
1463226091.68497 -7.25272184130221  1.24837404795906 -8.90315922199116 0.183149130822661 -0.891544939859942 -0.268223138456594 -0.315690297737403
1463226091.78352 -7.23360286320298  1.26520479095864 -8.96522286922254 0.18403128800032 -0.883823038363845 -0.256241285733412 -0.345441348683004
1463226091.87453 -7.20997921133024  1.27590943710727  -9.0245518031216 0.174129323803234 -0.876512729177687 -0.235087934117454 -0.382280103345306
1463226092.01753  -7.1767019253728  1.30750798177011 -9.10705027369616 0.16975751173638 -0.86374784149861 -0.232851913908092 -0.413402999148415
1463226092.20736 -7.13608405556869  1.36305869750471 -9.22462958094519 0.14769232001241 -0.868759282860818 -0.210851186475504 -0.423067446412958
1463226092.39621 -7.08316785103145  1.39869330071688 -9.35176715247053 0.119487019771931 -0.874883114784676 -0.193497434082647 -0.427622649744044
1463226092.58583 -7.02106948639444  1.42505877951278 -9.47242882975204 0.1023096845016 -0.868816692151153 -0.172003844264781 -0.452885152610293
1463226092.77759 -6.96768652963599  1.46900485798744 -9.59396648636383 0.0806317159846407 -0.867235853315826 -0.138129957435839 -0.471508871559928
1463226092.96891 -6.91496908032135   1.5071670705445 -9.69824980402999 0.0552185962326476 -0.85598479113511 -0.121973208147861 -0.499363074795881
1463226093.20236 -6.85667395928226  1.60056797959127 -9.79556270634618 0.0626930061613879 -0.831367596453148 -0.157816270618989 -0.529142259958584
1463226093.44061 -6.79724611326829  1.72498908923121 -9.89013208672635 0.0889468544451972 -0.811379542333545 -0.182120949765052 -0.548255100316985
1463226093.67648 -6.72814170324503  1.81909369594583 -9.98019551717135 0.0850062053063891 -0.791714754806881 -0.21273146580975 -0.56630999950109
1463226093.81863 -6.68634991930762  1.88605188527334 -10.0276369179828 0.0945426013849358 -0.764725118087494 -0.223905652488765 -0.596760797198524
1463226094.05657 -6.61231565274009  1.98038372885703 -10.1223922934201 0.0913109484204589 -0.736405944562251 -0.220892676610523 -0.632909962737019
1463226094.24552 -6.55373542931512  2.03841733335085 -10.1898393709882 0.089033658101308 -0.710210936299576 -0.220896347292982 -0.66247885810658
1463226094.38799 -6.51293783705819  2.10445255174067 -10.2343115411896 0.10281675635936 -0.675971832451114 -0.252289389937954 -0.684719548478907
1463226094.57741 -6.43132081096912  2.17292005264764 -10.3125900117835 0.0852945187945032 -0.689065305889761 -0.222239381844821 -0.684487769386639
1463226094.76739 -6.34001164738823  2.21120222923301 -10.4009417211607 0.0765541436524905 -0.6820741187985 -0.222982372599663 -0.692237835620611
1463226094.95676 -6.26031064625013  2.27372791277199 -10.4869782677877 0.0644475842793871 -0.680469464250865 -0.20622561740253 -0.700199122985481
1463226095.14836 -6.19013916886869  2.34096212854032 -10.5776849983538 0.0442801576198865 -0.674646090971778 -0.208350831007724 -0.706740299400034
1463226095.24261 -6.14760378795703  2.36276485842764  -10.619965430303 0.0386947133102214 -0.644139898825018 -0.194226751995751 -0.738825066380883
1463226095.38549 -6.09155353647285  2.39714527036404 -10.6844862938897 0.0412727404551123 -0.619701945786389 -0.193161849015623 -0.7595752493129
1463226095.52575 -6.03950407171502  2.44434652740832 -10.7424393453372 0.0436953087881293 -0.599512398109804 -0.18853597159163 -0.776614313490643
1463226095.71577 -5.95744365718947  2.51941667353974 -10.8248865120759 0.0480931304753672 -0.599355021538981 -0.178700739686612 -0.778798211729165
1463226095.86038 -5.88888747975879  2.55229735015672 -10.8848290096213 0.0352954672890795 -0.591089401002733 -0.173965708528703 -0.786831292125054
1463226096.00022 -5.82477664642962  2.58236946509256 -10.9394937848185 0.0134878407719922 -0.578045582182947 -0.174091150870418 -0.797103289579651
1463226096.14536 -5.76891027627515  2.63225059499781 -10.9920212102168 0.00491856099214009 -0.559796235931931 -0.163746330655103 -0.812275274270489
1463226096.28499 -5.71252674305521  2.68098366345172 -11.0469406533006 -0.0213508101042855 -0.539559512422467 -0.162457643261382 -0.825849374649081
1463226096.37933 -5.67120228367548  2.70317972384398 -11.0831856840616 -0.031886791147966 -0.516890377260304 -0.159228104639259 -0.840508168395154
1463226096.47423 -5.62979256210877  2.72540020409785  -11.114295996529 -0.024085196336598 -0.484040288678613 -0.155164204843412 -0.860842013257174
1463226096.61662 -5.57194901894762  2.76812743790299 -11.1577717772591 -0.0408945874667911 -0.453968689627219 -0.149968575601573 -0.877353684602796
1463226096.75875 -5.50845765297711  2.82679333047499 -11.1979883644291 -0.0356400645533594 -0.4259189327137 -0.137583002989737 -0.893528827650782
1463226096.90094 -5.43534331359858  2.87284394687205 -11.2420322034581 -0.0402627759738052 -0.408771267620627 -0.129022217489474 -0.902573114508076
1463226096.99585 -5.38780973260989   2.8908124315343 -11.2741979374603 -0.0771010365818443 -0.400910863375616 -0.12596123004002 -0.90413476778201
1463226097.13857 -5.32213477324971  2.92900240399163 -11.3222330253564 -0.0715877418780594 -0.370176445750624 -0.130786409432229 -0.91691848565293
1463226097.28346 -5.25818271370269  2.98600109808707 -11.3731587829764 -0.0745192408270976 -0.371325622849907 -0.120838088647431 -0.91758504831635
1463226097.42263 -5.19359921847832  3.03715675953639  -11.423314289503 -0.0901888380793681 -0.343776447020968 -0.116743896680035 -0.927391282333134
1463226097.51951  -5.1482295631048  3.05903497854882 -11.4563580866972 -0.103861097652868 -0.312908030565048 -0.10775880924347 -0.937917627424005
1463226097.65971 -5.08212718851928   3.0915229025302 -11.5033456726789 -0.108985671969676 -0.279877853192758 -0.100967934579598 -0.948470340487388
1463226097.80369 -5.01855145709559  3.14241572965175 -11.5426506832424 -0.111107941208346 -0.254380503629014 -0.0990601074671868 -0.955579761130635
1463226097.94428 -4.94903898130745  3.20699659656208  -11.580120671563 -0.0942999123011972 -0.238003090085244 -0.08252627910063 -0.963146649741184
1463226098.039 -4.90196357739251  3.24155279146426 -11.6066065570363 -0.0681074780539969 -0.219699903063081 -0.0881849525140134 -0.969183542048305
1463226098.13392 -4.84789244986924   3.2619625460496 -11.6370949193814 -0.0892256964400022 -0.224062752812454 -0.0892474582014474 -0.966369261256525
1463226098.23128 -4.79485662413819  3.28211457107072 -11.6683049235574 -0.111500617022061 -0.229329467101191 -0.0917472201931611 -0.96257885677466
1463226098.37142 -4.72318015000457  3.33015294629593  -11.708208795718 -0.10849006354439 -0.223033290333332 -0.0779749816830746 -0.965611702366301
1463226098.51329 -4.65174773884554  3.39082447657994 -11.7520567509806 -0.0894016546766716 -0.213350179230048 -0.0793126306076382 -0.969638361343896
1463226098.65549 -4.57778645965839  3.43029482591661 -11.7981035029237 -0.099918393481605 -0.202479017956585 -0.083284446118065 -0.970609222584558
1463226098.79817 -4.50371836763922  3.46397961125045 -11.8386346746211 -0.0985833302586264 -0.193131476719654 -0.0900885523403535 -0.972041980797344
1463226098.94007 -4.43139633747106  3.51468113906728  -11.868626007255 -0.093362669807457 -0.192109475467603 -0.091662337047486 -0.972612655320184
1463226099.08226 -4.35472434292793  3.57351847339108 -11.8873702098405 -0.0783773570520616 -0.174530247372024 -0.0720384781441425 -0.978880299281005
1463226099.22459 -4.27014835202663  3.61086450248076 -11.9107867556318 -0.0924509299829934 -0.167057810052943 -0.0731124568617276 -0.978876438728217
1463226099.36683 -4.18484936291635  3.63613467598283 -11.9405424825405 -0.105391637325173 -0.155845557504718 -0.0808744172708733 -0.978807485473553
1463226099.46174 -4.12776928772231  3.65903623201199 -11.9627627386362 -0.117592438366665 -0.169055240029369 -0.0803865452694049 -0.975259118182058
1463226099.60414 -4.04730355771535  3.71109122850855 -11.9927999122324 -0.121505079114956 -0.168592257294261 -0.063033739061246 -0.976135192619164
1463226099.74617 -3.96582291410094  3.76027013697866 -12.0224024912966 -0.115734340634547 -0.143413118166361 -0.0610436676909122 -0.980974979584357
1463226099.89021 -3.88393474988615  3.79073070041034 -12.0553249328571 -0.124355061411927 -0.123127956140362 -0.0525670198137612 -0.983164296313608
1463226100.03066  -3.805752798439 3.82473924517743 -12.084474589379 -0.134653479730643 -0.105409348780725 -0.0506734268577266 -0.983966215576809
1463226100.17322 -3.72849959719685  3.87752652912313  -12.100172892073 -0.140794775331183 -0.0944949549488055 -0.0395476273907288 -0.984725098642473
1463226100.31519  -3.6438193726314  3.92815932423565 -12.1091538951977 -0.136969989335918 -0.0751006417885178 -0.0291632699672139 -0.987293583139833
1463226100.4575 -3.55315662146962   3.9576183163293 -12.1286198913569 -0.121809193260303 -0.0656318703561659 -0.0269534295294027 -0.990014389121405
1463226100.55226 -3.49114444172976  3.97117262808465 -12.1465181329385 -0.136489727080597 -0.0799570440218269 -0.0303844261111144 -0.986941848419984
1463226100.69443 -3.40574148944791   4.0060651251692 -12.1616237745953 -0.152735043679643 -0.0737704244778401 -0.0129667400092473 -0.985424677262585
1463226100.78928 -3.34817546220896  4.03637593726635 -12.1697874483617 -0.171981184820681 -0.0736181993255156 -0.00555901711655401 -0.982329847925045
1463226100.93162  -3.2647373124326  4.07324603161128 -12.1800730675883 -0.16513611437028 -0.0337328593262128 -0.00965747885027174 -0.985646433075583
1463226101.02637 -3.21113705514112  4.08307274782347 -12.1881088777832 -0.206381423646447 -0.0202207463061287 -0.00780213103619946 -0.97823154526103
1463226101.16876 -3.13050682165897   4.1128463240635 -12.1941897377574 -0.186381807800986 0.00647335809006055 -0.00926824568639527 -0.982412345696944
1463226101.31352 -3.05103707739966  4.16048380503904 -12.1908039686968 -0.185698474271878 0.026070127848713 -0.0035393470367837 -0.982254497627576
1463226101.40575 -2.99317013319844  4.19397867382032 -12.1831879079495 -0.176304023045779 0.0418954588808405 0.00582868994842188 -0.983426503789949
1463226101.54977 -2.89880246120132  4.22366447033369 -12.1790229156737 -0.188861584333037 0.0539476546237065 0.00204891702511876 -0.980518615051668
1463226101.69299 -2.80628994764825  4.24400222842737 -12.1802028863516 -0.186563600192603 0.0653405284046058 0.00171685368576519 -0.980266132662148
1463226101.83277 -2.71317522420865   4.2816651651034 -12.1773410777195 -0.190929344988239 0.0660094729601173 0.00389360445715296 -0.979374072837453
1463226101.9749  -2.6205454842322  4.32789174583852 -12.1709090765789 -0.18233062630861 0.0786378106437857 0.0087523784727467 -0.980048485187408
1463226102.06972 -2.56069958877073  4.34939809698574 -12.1686778725666 -0.179985358710427 0.105061600045028 0.00620615086899822 -0.97802291104925
1463226102.16581 -2.50306404401135  4.35697611874927  -12.170575113987 -0.214204488781255 0.116314827434756 0.0036968553413901 -0.969831754050861
1463226102.30681 -2.41728085372879  4.37792280358331 -12.1686891640358 -0.202932678044608 0.132325653071764 0.00502620696333525 -0.970197395875879
1463226102.44903 -2.32548859646583  4.41566427635871 -12.1541217438535 -0.210233136242856 0.125861147438453 0.015833316775713 -0.969386561734197
1463226102.59129 -2.22681912838858  4.45267369380666 -12.1349763689659 -0.20619251645092 0.124948432740987 0.0245862810272207 -0.970189697997489
1463226102.7355 -2.1270156501752 4.46770052144515 -12.124950124579 -0.2062568823115 0.127347979978856 0.0198650378066587 -0.969972149480275
1463226102.87579 -2.02981320041186   4.4834498706585 -12.1179654730523 -0.212240859189352 0.116492241683019 0.00636678536986549 -0.970228240859997
1463226103.01818 -1.94254461391871  4.51887510497458 -12.1104511308807 -0.226778728477348 0.114019506584663 0.013766038488729 -0.967151206695579
1463226103.16068 -1.84827881873797  4.55493356896801 -12.1063565112132 -0.226679075084197 0.134322249494792 0.0251375943462425 -0.964335124093339
1463226103.25557 -1.79137293192415  4.56593989827613 -12.1071569615024 -0.234946869310497 0.161770357331904 0.041635915651997 -0.957547268085354
1463226103.3976 -1.70608051344601  4.58260252321543 -12.1073827275717 -0.241994401351065 0.182928720273094 0.0386439036038032 -0.952093714782452
1463226103.53963 -1.62151565538553  4.61493211012606 -12.0962237284214 -0.246419548911896 0.185243053177988 0.0321255552744247 -0.950752526087449
1463226103.68198 -1.53567688637186  4.65502792610774 -12.0733409891878 -0.240040716890719 0.189702708341442 0.0433992399482662 -0.951057223648727
1463226103.82643 -1.44374854555732  4.67741881129318 -12.0516188890985 -0.226495240372932 0.193408444375111 0.0438726099504672 -0.953608029448652
1463226103.96675  -1.3421726738037  4.68696385955698 -12.0374143969049 -0.245674985117356 0.189063098941657 0.0310403771320344 -0.950229151991069
1463226104.1087 -1.25239480243736    4.711974765548 -12.0185199211425 -0.248097459335688 0.176972119667257 0.0247991871802074 -0.95211003557722
1463226104.25102 -1.16068602063335  4.74903303332591 -11.9937276808079 -0.244030238527526 0.175191280966796 0.0253810254121963 -0.953474205894652
1463226104.39327 -1.06521590313555  4.77121819170023 -11.9763380452475 -0.239428105813829 0.18128293709606 0.0159694925463369 -0.953706272482278
1463226104.5355 -0.975903732045871   4.77997331977351  -11.9598442722246 -0.240299857749897 0.189153084128725 0.0160351141378109 -0.951955862550653
1463226104.67768 -0.884166175938925   4.80396164553094  -11.9342939496518 -0.233259116064537 0.188169437412066 0.0144464668405367 -0.953925441107764
1463226104.77273 -0.823426545870994   4.83078992863764  -11.9122360790383 -0.22457992948945 0.169277443132109 0.0141513127661389 -0.959535691292494
1463226104.87018 -0.759916162537517    4.8545643955171  -11.8832178022065 -0.212922091409686 0.160949441900752 0.0254577252509559 -0.96338536648976
1463226104.96235 -0.694500238301381   4.86809803816004  -11.8585036606883 -0.190882838920957 0.155104148214924 0.0345126232912623 -0.968666776474529
1463226105.05717 -0.628742723082065   4.87112612224254   -11.838089948965 -0.205804118769328 0.145713893864603 0.0253166240426856 -0.96735267321669
1463226105.15253 -0.56687765527417  4.87648519110922 -11.8174244054041 -0.189017380482479 0.142021492985336 0.00886754897429295 -0.971608816335539
1463226105.24671 -0.505918107868089   4.88789346160693  -11.7914901210295 -0.180161786345275 0.126333365585017 -4.10408790679375e-05 -0.975490445774067
1463226105.34356 -0.44806700405575   4.9044389388541 -11.7666658247261 -0.170851741188611 0.112622122223415 0.00485598951598106 -0.978827032465151
1463226105.43651 -0.390123357415489   4.91871218916567  -11.7393382790965 -0.168153724017994 0.112272612739338 0.0103505613924729 -0.979291606931471
1463226105.53148 -0.335448296064761   4.92510445799739  -11.7162008989361 -0.171122609690478 0.126198496686346 -0.000172330837632855 -0.977134055382837
1463226105.67354 -0.254459310904899   4.92343011934398  -11.6819091399502 -0.170673988492127 0.132422563831109 -0.0103709364430456 -0.976333497283525
1463226105.81761 -0.179281706253947   4.92603890210619  -11.6385498741775 -0.158090080151079 0.114252084456459 -0.0211852783593856 -0.980563701008769
1463226105.91158 -0.131116004357864   4.93438211936102  -11.6029374384292 -0.160014034219029 0.102082244700057 -0.0257186431760436 -0.98148523960533
1463226106.00975 -0.0819936413298996    4.94229082839951   -11.5609106142753 -0.151660455837314 0.0829761506722826 -0.026066586166627 -0.984598698780598
1463226106.10041 -0.0318962756122974    4.94247606358563   -11.5198875810198 -0.148572930767814 0.0674214014836021 -0.0299637693594675 -0.986145329751565
1463226106.19564 0.0183806274637071   4.93329000762019  -11.4802488715874 -0.133700886067259 0.0517465202001768 -0.0411256635091114 -0.988814972840186
1463226106.33746 0.0808981821732756    4.9145429922389  -11.4218033955965 -0.133178151402312 0.0523696266217729 -0.0603822070369045 -0.987863852598075
1463226106.47965  0.13973785905141  4.90810445812245 -11.3565448480902 -0.122671015569237 0.0305025599603355 -0.0621074867970106 -0.990032361015961
1463226106.62191 0.200842557889884  4.90195753488001 -11.2827224718356 -0.124856257032517 0.00495846832482531 -0.0673819452941364 -0.989871709930171
1463226106.81176 0.277632434787816  4.87580297085776 -11.1941593920365 -0.1308721004213 0.005438567608281 -0.0599768352956613 -0.989568438533488
1463226107.00364 0.343985915052556  4.85086190860533 -11.1067786352737 -0.116867335256243 0.0218977600497376 -0.055873519855123 -0.991332771491949
1463226107.19099 0.393744083390972  4.83907638898711 -10.9977238310355 -0.116839661334107 0.0261843896777826 -0.038214641638582 -0.992069812281862
1463226107.33416 0.427954337461812  4.81227668688294  -10.919930594323 -0.118814381981304 0.0354507105279336 -0.0270719769861717 -0.991914057678147
1463226107.47833  0.4540332200152  4.7737667558452 -10.850557030005 -0.125527012997903 0.059518255930141 -0.0298069218337259 -0.989854582062263
1463226107.62071 0.475867533597642  4.74367327279441  -10.780876970679 -0.130170896818915 0.0783836123173704 -0.0209282401547305 -0.988166765128976
1463226107.76008  0.49377909601705  4.71699573988343 -10.6996872210616 -0.153897207917605 0.0918681916140404 -0.0117625726189171 -0.983736512817389
1463226107.90232 0.515527459122403  4.68279810043141 -10.6220235531409 -0.1723749547584 0.115778241100957 -0.0111996791924711 -0.978139479341057
1463226108.04637 0.534702148581626  4.64256260725023 -10.5500248933327 -0.170650224319729 0.139911955185686 -0.000199983270349418 -0.97534768454251
1463226108.18857 0.546824929145966  4.61168222448823 -10.4734291115143 -0.160863556990509 0.158217825649738 0.000277638339935682 -0.974212481235989
1463226108.32908  0.55367422757417  4.58662481357118 -10.3832332113262 -0.163603845910119 0.148426235549668 -0.00208984162649278 -0.97529434878192
1463226108.47125 0.556437853321775  4.55047392696889 -10.2892704652275 -0.186667618176866 0.134117686285461 -0.00700997381046969 -0.973200137082187
1463226108.61352 0.557677187743853  4.50448663118714  -10.205347854112 -0.186079207080163 0.127997382013612 -0.0155268248095666 -0.97403804679356
1463226108.80322 0.556777721881739   4.4457055541354 -10.1028962463152 -0.187206038298069 0.141028136517857 -0.00845939969718746 -0.972107711363204
1463226108.99297 0.543319592231652   4.4018769342571 -9.98348413284479 -0.209236337839864 0.151298416574687 -0.00465550111813665 -0.966078294124598
1463226109.18259 0.526588037265359  4.34826309591212 -9.87259736308769 -0.209588361697412 0.173339063994545 0.00628825945911013 -0.962282050818503
1463226109.37519 0.502952838424241  4.29056039390846 -9.77683492051094 -0.215169030295364 0.1981614533316 0.00573123372020692 -0.956243420774912
1463226109.51442 0.47854538562603 4.25683418485162 -9.6941676361315 -0.227729746040804 0.200343618358918 0.0156327731888916 -0.952762936807195
1463226109.61161 0.466873910196813   4.2317502704941 -9.63565275098779 -0.25074476788815 0.178108053977026 0.0175965447694969 -0.951364779723009
1463226109.75163 0.450540463775772   4.1888846271907 -9.54526070090015 -0.238753306444676 0.155789316228767 0.0268436094358985 -0.958126279904252
1463226109.89396 0.441718308150344  4.14432328966968 -9.46755728425571 -0.24046929357117 0.140572096373672 0.0115329106598572 -0.960354620201416
1463226110.08576 0.420393999072349  4.10913157998748 -9.36123564407308 -0.229950550478126 0.138392787785652 0.0123121109566736 -0.963233405020566
1463226110.2261 0.406770672388667  4.08452714808743 -9.27058947069218 -0.20820612155302 0.137319808153597 0.0166587839581882 -0.968254081402987
1463226110.36806 0.399506391900886  4.04297731101359 -9.18971808402956 -0.19994669345203 0.130251198046885 0.0113889192039019 -0.971043890719837
1463226110.55947 0.396901965936936  3.97964140724918 -9.09850272696974 -0.201697234460249 0.114261560291193 0.00359727433575311 -0.972753607584296
1463226110.65553 0.404525748956123  3.94992133902303 -9.05263661531433 -0.199635629169609 0.0686143728794655 0.0405045069496365 -0.976625346956129
1463226110.88976 0.419454140370686  3.89021861703912 -8.92731062600673 -0.21038223490176 0.0040821047023141 0.0949022785610328 -0.972993427101573
1463226111.27105 0.416213215061186  3.79398813339742 -8.73585997382656 -0.210848587629817 0.0194480128037266 0.158833556528543 -0.964332177837591
1463226111.50862 0.419339941371926  3.76919620672722 -8.60340699163643 -0.195620839072953 0.0287782598932131 0.24817745107004 -0.948320753678991
1463226111.74512 0.433224038197172  3.70959972331894 -8.48495604345589 -0.194333332494476 0.0585961632939977 0.256957808406291 -0.944867043677496
1463226111.93286 0.429357036473247  3.67626131456577 -8.38378994284161 -0.195530336367188 0.0918686457790441 0.248147108612121 -0.94432571286093
1463226112.07509 0.432407706385655  3.64726287665054 -8.30211118018149 -0.204345109084818 0.0825654755811865 0.25872677925962 -0.940471409628762
1463226112.21947 0.442344639800759  3.60140314227004 -8.23355017129272 -0.203959814030278 0.0826727082214672 0.233736203039402 -0.947065470263163
1463226112.35966 0.459490592483515  3.55728347948063 -8.16733760927021 -0.216077868501516 0.0810296000515016 0.214416216004604 -0.949089165976307
1463226112.50188 0.476553366923991  3.53525440267002 -8.09711209389788 -0.212923539927937 0.0891565149530398 0.201550094727223 -0.951888775698838
1463226112.69757 0.507762263173436  3.51826123659977 -7.98009409300314 -0.212713938122909 0.0926314470954819 0.206760732677475 -0.950485241842247
1463226112.83386 0.540259486935302  3.48920298117311 -7.90408874714571 -0.210925416600248 0.100503511993571 0.205439619919146 -0.950370493689933
1463226112.9763 0.566705460207398  3.45569053473223 -7.84023252142806 -0.207561259169091 0.108056975035764 0.209188648476404 -0.949464124223173
1463226113.11836 0.580759457706684  3.43061354121545 -7.77380171604077 -0.216818771027223 0.128119241187354 0.196029220557337 -0.947706507973594
1463226113.26076 0.589528240279066  3.41879297657607 -7.68768416218643 -0.206549103100835 0.130130321339347 0.211645914390503 -0.946366511663513
1463226113.40284 0.602797551182217  3.38933799250612 -7.59807492813452 -0.203338968875732 0.119085910508841 0.23539855751083 -0.942899426649871
1463226113.49763 0.617573259138897  3.35626226088512 -7.54625368263629 -0.223632954988511 0.0997756208797857 0.227993226788704 -0.942365224029216
1463226113.64319 0.643257143053301  3.31865414073725  -7.4756522125728 -0.208149414925806 0.0862505801683081 0.219179598703841 -0.949312889409334
1463226113.73486 0.658206001752065  3.30216549690462 -7.42457186738898 -0.199617790154751 0.0713860273796424 0.209981738053026 -0.954444572844813
1463226113.88378 0.673604380079095   3.2911183417895 -7.33565889693079 -0.187507674818269 0.0503124441792776 0.220083418274516 -0.955966954892039
1463226113.97218 0.684404908117456  3.27182013462271 -7.27302698068846 -0.20413167483774 0.0329553296205079 0.224610186940169 -0.95225756468523
1463226114.11583 0.695841751273793  3.23275181830791 -7.18927169514671 -0.198720296668815 0.0388753413327047 0.258693434434863 -0.94449809873203
1463226114.20913 0.696806411220442  3.20535880576691 -7.14304862369591 -0.187966550519929 0.0509343310598251 0.290486104716173 -0.936852225685541
1463226114.35123 0.693745584890484  3.17386914139353 -7.07376660973139 -0.188710393097231 0.0740343539200731 0.305521376750488 -0.930356915557257
1463226114.49352 0.692911696095204  3.15888326840486 -6.98939026359702 -0.164950900346032 0.0721578681992963 0.333956759822111 -0.925233659732007
1463226114.63578 0.695877790014737  3.13708261606825 -6.89974966377849 -0.148303160039695 0.0611018790122844 0.345591121870973 -0.924575313096435
1463226114.73119 0.704789752010391  3.10753694896827 -6.84171941354376 -0.150287958909708 0.0448998065636676 0.329714803631521 -0.930959550702138
1463226114.82596 0.710853453088925  3.08371641202642 -6.79249323664638 -0.138361338385121 0.0486842586898359 0.328557001284248 -0.933025337224666
1463226114.92033 0.714830760664905  3.06496118131713 -6.74531667114526 -0.116181731440037 0.0596169587075365 0.316749093678756 -0.939477320198708
1463226115.01513 0.714375247069428  3.04958349721793 -6.69489398626735 -0.108279007606908 0.0678145678521573 0.311316162088431 -0.941678866769993
1463226115.1099 0.712092899295279  3.03792123270473 -6.63952592409993 -0.105802364650874 0.0736950000834408 0.307933640300652 -0.942630245519511
1463226115.20493 0.709877616042547  3.02043005444887 -6.58117183192602 -0.116729922099251 0.0742824166620926 0.317796361837746 -0.938009445722289
1463226115.29983 0.710461965685396  2.99458586701925  -6.5226775449968 -0.121045926401977 0.0784669074645244 0.323150404238245 -0.935288535359597
1463226115.39461 0.707034993388409  2.95901443896416 -6.47303359887831 -0.156283742550022 0.0912649088217845 0.310542589600226 -0.933171692817938
1463226115.48938 0.699927046524591  2.92584702467539 -6.43020705082229 -0.170379395056133 0.105657942691874 0.294478678066985 -0.934392620395917
1463226115.58493 0.689227567761774  2.89999801236453 -6.38784558676649 -0.166257716894901 0.126794475024791 0.288413509243412 -0.934397763461569
1463226115.67894 0.675992357726494  2.87958977288982 -6.34251168175158 -0.181272270041741 0.150295706519492 0.289364272631579 -0.927803795228344
1463226115.77566 0.664093915250295  2.86206842882768  -6.2906842739258 -0.199262072076087 0.167896027432328 0.284351320007493 -0.922632037929739
1463226115.86872 0.655264422539626  2.83922088260219 -6.23459109161007 -0.213448569874963 0.173518745129811 0.286352300847362 -0.917787182796933
1463226115.96589 0.650280579878723  2.80738421993134 -6.18230704964009 -0.217299861999031 0.179876599048762 0.277252300326537 -0.918453232915807
1463226116.0584 0.647574842947476  2.77344118333499 -6.13431066593449 -0.226083941655044 0.187615348438589 0.274854607181275 -0.915500670271307
1463226116.15607 0.645949674826256   2.7416655499087 -6.08948496793581 -0.229589810225581 0.197956288083772 0.255773938504329 -0.917976862143409
1463226116.24976 0.641902048401049  2.71815270853549 -6.03966209451636 -0.232651879863807 0.20777224249383 0.250634735111532 -0.916452959840544
1463226116.34304 0.635753178364161  2.70084055309715 -5.98600326350665 -0.252845264754008 0.217560438529204 0.242838362251745 -0.910915066017325
1463226116.43771 0.631843125063131  2.68475759445836 -5.93057714757503 -0.255501058384081 0.224397907200828 0.257105781257579 -0.904578026293162
1463226116.53273 0.628841631188045  2.66159575044909 -5.88241556213303 -0.266915860568799 0.253866760413399 0.244707041300209 -0.896898018323221
1463226116.62737 0.629157099223225  2.63376675259938 -5.83853423606934 -0.268061130423239 0.273142951028329 0.245446658968397 -0.890669465211985
1463226116.72228 0.628418216787474  2.60659116417939  -5.7989704287207 -0.279215658479981 0.292761249321509 0.254053074242424 -0.878513803205888
1463226116.81723 0.625547787684233  2.58595785767678 -5.75779497434629 -0.282795473991008 0.311733793048235 0.255079585127057 -0.870507419505067
1463226116.91202 0.619107977285014  2.57298642698506 -5.71272096404807 -0.289616022542137 0.326050310655317 0.27004181295018 -0.858423656283437
1463226117.00704 0.611512950631088   2.5600709194965 -5.66215376300211 -0.308756421149486 0.341123040765564 0.274653228437621 -0.844316378833556
1463226117.1016 0.606197151865458  2.54248389582615 -5.60897855543223 -0.321504474917175 0.351683164633317 0.278851914203097 -0.833783805471776
1463226117.19633 0.605797226799978  2.51799927098825 -5.55729939297279 -0.319843877100094 0.365166153912232 0.277411227503474 -0.829093833756798
1463226117.29223  0.60989637858351  2.49306062287711 -5.51179214415701 -0.318961814841428 0.380463930843371 0.265183189291316 -0.826552136357749
1463226117.38629 0.616579907231157  2.47266630285352  -5.4649517569899 -0.31253655486347 0.396363869469086 0.257980918348676 -0.823809705345561
1463226117.48312 0.622510632130541  2.45909446009101 -5.41303055514249 -0.310966136683772 0.403202686555137 0.267303166726096 -0.818093315245205
1463226117.57572 0.631427037399308  2.44615084391258 -5.35864833418576 -0.32554034367801 0.400820612878395 0.269875616563134 -0.812732103779874
1463226117.67053 0.644348400686996   2.4300970470246 -5.30412336755977 -0.340264117984072 0.403228167180026 0.268497314357767 -0.805938314877649
1463226117.7683 0.661620884689151  2.40999113208821 -5.25257324514411 -0.343474077296183 0.414991665792419 0.269844340560709 -0.798117477202276
1463226117.86126 0.682678018336135  2.38579467327473  -5.2010331487558 -0.341552483887429 0.415583831186547 0.272486979123569 -0.797736063002514
1463226117.95609 0.698084856838517  2.36275105407214 -5.15850598898062 -0.344011871001496 0.422166287263928 0.272113692828891 -0.793338261199385
1463226118.05023 0.712420143798925  2.34569551468368  -5.1104694857389 -0.339370669538487 0.430324355757848 0.262901225349526 -0.794060100501411
1463226118.14695 0.724681458404555  2.33581317585952 -5.05679959811205 -0.333486808965713 0.435988259639009 0.255618429420444 -0.795839182400213
1463226118.23969 0.736797944742845  2.32697248698041 -4.99554706828279 -0.333173479466414 0.425908255388105 0.264010048843106 -0.798684095673856
1463226118.33453 0.752662251290297  2.31356586494563 -4.93048312543451 -0.34214389044493 0.404809664260029 0.273231410786116 -0.802752321773484
1463226118.42927 0.773900687107308  2.29218270413053 -4.86911255901901 -0.333743624672889 0.39537420746589 0.271124982646094 -0.811656129679359
1463226118.52416 0.799545446306653  2.26911391387783 -4.81026036223356 -0.31790223360577 0.378462385845066 0.26994427585904 -0.826337993983008
1463226118.62108 0.826065971903545  2.24862208933121 -4.75545139480085 -0.312204931921351 0.372662786966853 0.248671519685639 -0.83774280241093
1463226118.71383 0.852140137706649  2.23534437404918   -4.697156712212 -0.303572651996668 0.361247706510585 0.243536103239907 -0.847368813397846
1463226118.80862  0.88009136810578  2.22732249624409 -4.63341561056178 -0.310231930806633 0.349304944862661 0.238108172353368 -0.851496742718973
1463226118.90356 0.911441405969628  2.22133916984205 -4.57084416447089 -0.313773102256284 0.330926833554084 0.246733988494106 -0.855076727584212
1463226118.99864 0.947182381415779  2.20994294275367 -4.51069070054424 -0.31762491267225 0.322536494522086 0.243635832777806 -0.857744837080361
1463226119.09761 0.984893422612513  2.19664216643136 -4.45286923151726 -0.30838793322446 0.313729632891493 0.241883334483619 -0.864848572055479
1463226119.18804  1.02315326837899   2.1843064098928 -4.39714042584671 -0.287629430830398 0.306055758270449 0.244468629813171 -0.873976128041809
1463226119.28282  1.05886784444273  2.17603820085671 -4.34376574324793 -0.278148911944985 0.302450133803435 0.235067644161577 -0.88085203185009
1463226119.37763  1.09300015490633   2.1743580257349 -4.28443218706915 -0.274674561745856 0.291475931650397 0.228553290133513 -0.88733255319942
1463226119.47309  1.12756385161849  2.17527628735557 -4.22136875113769 -0.270353233199708 0.27476668302841 0.238942164566867 -0.891245780460211
1463226119.57023  1.16557497468285   2.1699219281859 -4.16012337150716 -0.272828161252973 0.263283833715686 0.249585570367072 -0.89104066147165
1463226119.66223  1.21122903337359  2.15488396515669 -4.10704202293315 -0.264466894235302 0.243431003149682 0.233095479160373 -0.903584587160532
1463226119.75719  1.25663597919465  2.14008835580018 -4.05661203727715 -0.243731588874538 0.230196712001038 0.240951055383294 -0.910794694362172
1463226119.85203  1.29890606488751  2.12713952149162 -4.00556539472152 -0.249260760913746 0.226048234123624 0.218472954338093 -0.915991723292889
1463226119.95068  1.33977316986048  2.12279574847557 -3.94928216714249 -0.24926160357145 0.214371504130503 0.218067166084133 -0.918890756443795
1463226120.04509  1.38104212856577  2.12023912618698 -3.89200324063559 -0.253741054019741 0.204597740745576 0.217173782506115 -0.920103684471888
1463226120.14124    1.423807526077  2.11677457413458 -3.83902668260617 -0.239462978535964 0.202950542901587 0.233101796991429 -0.920397800565604
1463226120.23123  1.46630478846453  2.10449389978172 -3.78911519486616 -0.236704153927263 0.196039092392673 0.237531449776325 -0.921476330751145
1463226120.32615  1.50413284770185  2.09113769093236 -3.74414088600155 -0.224251765877942 0.19418212326418 0.235947983575218 -0.925382622244457
1463226120.46837  1.55520482818239  2.07655580827954 -3.66537581867831 -0.209678453633302 0.199643748346235 0.232772943855666 -0.928436361005416
1463226120.56318  1.58309580475669  2.07336921295352 -3.60931228839432 -0.2010473626751 0.191997593314406 0.237211004912331 -0.930831789998249
1463226120.66186  1.60773585521359  2.06661032442975 -3.55092436796265 -0.204438366283565 0.18009248230905 0.251318068057788 -0.92876847538812
1463226120.75529  1.63052302182807  2.05183101761991 -3.49576769054064 -0.206513379895902 0.18072816284874 0.260971713426949 -0.925517865774774
1463226120.8477 1.65256253941325 2.02929795849328 -3.4444774677066 -0.217073577123563 0.184155846900122 0.247234360441545 -0.926196986166733
1463226120.94397  1.67329646280343  2.01077246903104 -3.39485161075416 -0.199528822728469 0.186256159754762 0.248765374377566 -0.929307634943773
1463226121.03761  1.68969875715776  1.99499735305004 -3.34278310067005 -0.19994398507272 0.193727435213732 0.241525894035532 -0.929600627252954
1463226121.13409  1.70249144007159  1.98205677522456 -3.28867870333921 -0.206348831231724 0.196583333137766 0.23968894400624 -0.928075623590514
1463226121.22712   1.7179104423271   1.9673363061245 -3.22791806106365 -0.216159305261658 0.193182096364196 0.238549944588637 -0.926849370895773
1463226121.32286  1.73045999137343  1.94620137478753 -3.17313937326255 -0.22126256555402 0.199157035223156 0.247020937790694 -0.922149667189975
1463226121.41677  1.74010550007033  1.91731264674239 -3.12433348581248 -0.23447034516956 0.212301367649486 0.244877948651238 -0.916507816002999
1463226121.51182  1.74494229009376   1.8896278631236 -3.07892791349101 -0.243844555215228 0.231907124627513 0.234174669327312 -0.912097112529325
1463226121.60639  1.74323939688329  1.86863931375034 -3.03352569662453 -0.250511205017901 0.258157613260577 0.221049501905804 -0.906496497832881
1463226121.74885 1.73631792999715 1.84720291940249 -2.9449644549749 -0.255686205233588 0.26436209341176 0.239217389077877 -0.898616875416305
1463226121.84343  1.7291552185544 1.82950015409692 -2.8835818593384 -0.246154667859315 0.251063350600358 0.270075671745777 -0.896344914085788
1463226121.94017  1.72260645483355  1.79979587833144 -2.82782658180099 -0.243684580029967 0.251854534757132 0.271966855680544 -0.896226058642085
1463226122.03332 1.71786792670198 1.76422049762582 -2.7779620144786 -0.254065394689699 0.252487255736026 0.255671807417994 -0.897960404362951
1463226122.12808  1.71429280563958  1.73171522419322 -2.73174537747129 -0.256139483479063 0.256179981236082 0.240083396105948 -0.900624419572995
1463226122.27061  1.70331660127083  1.69706341473587 -2.65861325913864 -0.252896438776533 0.25883535069615 0.242620991447209 -0.900101498161914
1463226122.3653  1.69252145951546  1.67876614096587 -2.60427152559819 -0.266836075848398 0.25488373144169 0.242719901093218 -0.897173250652006
1463226122.45996  1.68049712894559    1.659070112339 -2.54717682274466 -0.268894824775481 0.260197531843974 0.259642862343215 -0.890268724411618
1463226122.55474  1.67107686880946  1.63163938102255 -2.49380682011326 -0.274617883172899 0.266064607351704 0.255472262275433 -0.887991309734669
1463226122.65196  1.66180657016245  1.60218274085137 -2.44832431700956 -0.270074020926191 0.277362272860111 0.256444230919613 -0.885644708245175
1463226122.74462  1.65075420089768  1.57498228145428 -2.40902670393073 -0.257046059511967 0.288741655648356 0.265784779743293 -0.883127414612199
1463226122.83937  1.63395474212095  1.55232598180946 -2.37128595028651 -0.258382329410917 0.309483241771779 0.260836678499402 -0.877167556433786
1463226122.98172  1.60380220490025  1.52544446931555 -2.29839011594405 -0.261692744600882 0.311391979674544 0.262346777592346 -0.875057775638008
1463226123.07636  1.58024668553126  1.50353640316617 -2.24888904190476 -0.270310307910546 0.305124414211768 0.274882935682239 -0.870787460267972
1463226123.17119  1.55731168270732  1.47237756162465 -2.19796749762074 -0.276114942796102 0.295970640996756 0.278622387709007 -0.870937129246426
1463226123.26612  1.53701162041801  1.43461099440217 -2.15375223308177 -0.288463984679574 0.290198878838837 0.269836698046176 -0.871642872196521
1463226123.36276  1.51515829429186  1.40320503746703 -2.11328892015391 -0.282990734683069 0.292043587791421 0.278673636308368 -0.87003895966797
1463226123.50323  1.47511279527206  1.36740740495624 -2.05034838573449 -0.278528702214612 0.298064528969521 0.290281288228604 -0.865630447891688
1463226123.6002 1.44419104940576 1.34460454591307 -2.0042009372713 -0.288867654992883 0.295606053102466 0.287664039792062 -0.863957139838896
1463226123.69291  1.41268176977196  1.31608678014584 -1.95847022311118 -0.299418837143527 0.293261204605572 0.278450875231561 -0.864182466797195
1463226123.7879  1.3810533196735 1.27916374710569 -1.9159007969206 -0.311207956013089 0.300229740425845 0.270728754216661 -0.860068400023091
1463226123.88328  1.34934539388459  1.23993493337888 -1.87633672912472 -0.321610168543387 0.302965283814505 0.261953644894468 -0.857997216906438
1463226124.02514  1.29937753659168  1.19152731143785 -1.82187234453032 -0.317660823408127 0.327856976262062 0.257320849854346 -0.851696767997981
1463226124.16784  1.24121989221204  1.15716985779492 -1.76024427600365 -0.32114719767026 0.320623678630298 0.273779226365249 -0.848003460689259
1463226124.31235   1.1749114605516  1.11697511531827 -1.69314233808492 -0.344357969970814 0.308180500679858 0.283644028901248 -0.84023117794269
1463226124.40425  1.13486631038273   1.0802484414129 -1.64912192352366 -0.341897963971503 0.292961368179418 0.276315326467324 -0.849075532179464
1463226124.54642  1.07906741113322  1.02810440805863 -1.59524988381898 -0.332442555811106 0.307509592724952 0.272453028654117 -0.84893412267685
1463226124.64206  1.04160275049629 0.999046843388943  -1.5576259601119 -0.321965528997456 0.313860230039139 0.264682444572162 -0.8530962182969
1463226124.7847 0.980092760012897 0.960762002476083 -1.49065799061018 -0.332459678446978 0.313270826433895 0.252786228255692 -0.852895699553361
1463226124.92581 0.921602418068655 0.913096106012859 -1.42410220144124 -0.330626603937248 0.315844902896465 0.250610107704752 -0.853301013710553
1463226125.06803  0.86648770746604 0.855535056160163 -1.36709785365409 -0.325614378898086 0.321109440721544 0.239711430981163 -0.856389183252144
1463226125.21023  0.80832459428869 0.808473655361331 -1.31265379751745 -0.307375739710969 0.335066957989514 0.238768769580859 -0.858044149781135
1463226125.35257 0.744119839618353  0.76924060780681 -1.25063106340632 -0.306007695508775 0.332314651403404 0.227814101045186 -0.862569996068155
1463226125.44765 0.701006765871732 0.741333830661311 -1.20941666746295 -0.303013920087734 0.317277576988253 0.24057532113419 -0.865818120759036
1463226125.54223 0.660292380681081 0.707066697939929  -1.1687947208682 -0.299939635110274 0.300363536966584 0.248304634391232 -0.870725427152944
1463226125.63702  0.62176685610401 0.669417073400913 -1.13137984491672 -0.302753462575113 0.293138246181361 0.235186324813576 -0.875841139788021
1463226125.73462  0.58508775668001 0.637164146093041 -1.09709565184386 -0.287644539602428 0.297188845388773 0.243501758021863 -0.877294877936522
1463226125.87687  0.52813389156284 0.597308464234739 -1.03834722601123 -0.28063417963991 0.296514131999918 0.23267742220317 -0.882714588040244
1463226125.96905  0.48813377071598 0.573154914124305 -0.99426727698846 -0.283941101778547 0.294724421739114 0.222493397387825 -0.884879457367021
1463226126.06383  0.449725948491326  0.544330329007423 -0.951075822177025 -0.289780895752956 0.287940088154058 0.219836432923169 -0.885883446538011
1463226126.15852  0.414809585837345  0.511202343932219 -0.913147719250495 -0.277655096495082 0.29645435082526 0.212836049728813 -0.888663761612296
1463226126.25353  0.382791657094642  0.478070278758715 -0.878191769220404 -0.265460214688135 0.296929574163066 0.209255972482477 -0.89307090445579
1463226126.34831  0.349735244185397  0.448055918599507 -0.843903927092176 -0.252822881090213 0.305975299093156 0.206063675632016 -0.89442577597424
1463226126.44313  0.315845855339277  0.422299135769571 -0.806873040797538 -0.242616553082345 0.302226488315487 0.197434762808222 -0.90045314834576
1463226126.53802  0.280476734714563  0.397438862011556 -0.769363480357075 -0.244585220970792 0.287938999749457 0.197413489467061 -0.904597764911228
1463226126.63294  0.246484140244397  0.368042329065494 -0.731405983457154 -0.251757363614966 0.268565146571977 0.195490368624711 -0.908996428863936
1463226126.72765  0.215231592254088  0.337458521598586 -0.696893840834761 -0.24139750619264 0.256026892168719 0.195703445631723 -0.915356562143011
1463226126.82249    0.1880322664529  0.306871407943479 -0.665473522105895 -0.236534148067723 0.2457501535218 0.187176840502962 -0.921207516915281
1463226126.91752  0.163892531220365  0.280449822567641 -0.635100010262271 -0.226183233688252 0.241433070746181 0.180763186067145 -0.926215896922121
1463226127.06218    0.1292205896305  0.250471542623656 -0.585252193544878 -0.213183438883458 0.231606184172904 0.173016244033154 -0.93326136539522
1463226127.20192 0.0941934887353798   0.22361083601953 -0.528435775799847 -0.208155492893333 0.220849526939712 0.164153307347812 -0.938589616880356
1463226127.29722  0.074783576274037  0.199542980796918 -0.489647929106925 -0.210718914312463 0.203778431615071 0.154248393039539 -0.943546142594097
1463226127.43906 0.0505918165561361  0.157463414541914 -0.438829395478315 -0.208374568843399 0.188592013077575 0.146557421808175 -0.948437669947591
1463226127.58352 0.0276515121546803  0.122166488469555 -0.396225435401941 -0.20406811589126 0.179694190771299 0.134325250192718 -0.952902371200903
1463226127.72344 0.00121266123799318  0.0964098811909461  -0.355912439806842 -0.182335672993069 0.174022405622655 0.116319326813441 -0.960697516862169
1463226127.86933 -0.029209593341997 0.0742912987281511 -0.314450181885368 -0.15350048248515 0.167389938730351 0.116555770080734 -0.966867603526751
1463226128.00797 -0.0589084126610077  0.0468858458386623  -0.270259893748173 -0.139464833675162 0.134373378273167 0.121156629213419 -0.973557613383542
1463226128.1037 -0.078593673078355 0.0283852745774745 -0.242295801836295 -0.112569033928395 0.117993539400818 0.126231714536606 -0.978504620073531
1463226128.24506  -0.106711972652172 0.00165095693578762  -0.210018678806746 -0.0978693579196312 0.112552491095601 0.0822329257703233 -0.985388893507445
1463226128.38731  -0.130516006625568 -0.0100808679908689  -0.182203644036209 -0.0827768847440743 0.116457097785441 0.0577041753490179 -0.988056658231069
1463226128.58389   -0.156844908752842 -0.00879950728034462   -0.151657890122425 -0.0572580830077464 0.126574893965648 0.0632457893838909 -0.988281477248801
1463226128.81419   -0.181229804663465 -0.00274685306377512   -0.123362952338249 -0.0353964973730005 0.158167818512928 0.0783714449576681 -0.983660482979688
1463226129.09873  -0.194986753346139 0.00105839026743302 -0.0980706231564552 -0.019502285957224 0.193252358068375 0.0827910523453905 -0.977455282145939
1463226129.5728  -0.175277040980192 0.00463039452925246 -0.0714440462935988 -0.0261264283298784 0.21315194885323 0.0664758063540208 -0.974404753484083
1463226129.8099  -0.146070002616055   0.015421932957642 -0.0762964207693942 -0.0391080138279272 0.217428072160936 0.0690558810948989 -0.972844736829583
1463226129.95216  -0.120597119063365  0.0288299175369065 -0.0874483276021916 -0.0463802660158481 0.222638044481612 0.0756290630269587 -0.970856022744551
1463226130.0946 -0.0895861778853358  0.0418342068023281 -0.0996604306104557 -0.0486541339786366 0.220783314391988 0.0826241164189164 -0.970598144815284
1463226130.23806 -0.0558219823666158  0.0490530367671092  -0.112014418210028 -0.0513741475427536 0.215380413135054 0.0998235818220604 -0.97005527013374
1463226130.42644 -0.0096933052430712  0.0525488926544526  -0.125293112063748 -0.0554693625880615 0.201188807059843 0.119751439122921 -0.970621350762439
1463226130.5687 0.0234182884950509 0.0522427804627309 -0.130876126878735 -0.0647851587082399 0.17287475521555 0.135842316973029 -0.973377659051055
1463226130.71357 0.0537315313997935 0.0496893557654754 -0.131806084401692 -0.0841115459442232 0.157856011323186 0.120622272824467 -0.976451225011606
1463226130.90053 0.0940732138713574 0.0491102370078869 -0.131928031200326 -0.0981607410173462 0.134865571605379 0.131550724350393 -0.977174576747352
1463226131.13949  0.132202168690372 0.0518692695859214 -0.131458023510988 -0.108291300701779 0.127365489417613 0.126831193041469 -0.97773456253188
1463226131.42415  0.148037092376863 0.0412275361013266 -0.130596003925437 -0.138710475985572 0.131033441116353 0.0893089927911313 -0.977554880795803
1463226131.70804  0.135860340805634 0.0322642057516887 -0.106318911176466 -0.133157226522039 0.108737331660552 0.0289787080283791 -0.984685523509566
1463226131.84907   0.120949455908197    0.02365780348548 -0.0881104449058155 -0.110682136406429 0.0810635251077843 -0.027793807885436 -0.990154368682397
1463226131.99207  0.0995376204344061 0.00945644494024052 -0.0665305544694684 -0.0793328963260621 0.0615523734671564 -0.0632069157449084 -0.99293629336584
1463226132.13628   0.0846119652894048 -0.00952632682126973  -0.0474731622252643 -0.0316896960230555 0.0306386888876573 -0.0923200350836873 -0.994753258366797
1463226132.27612   0.073673432237436 -0.0269658067242651 -0.0278787266801124 0.0246215652252547 0.0135354549475985 -0.0886007372665926 -0.995670868982836
1463226132.41801   0.0673390093094106  -0.0478038889424468 -0.00565207211512987 0.0555080186117356 0.0106271572366573 -0.0872240151631799 -0.994584282289681
1463226132.56036  0.0662008693508478 -0.0703705774152703  0.0196246762267499 0.0786580048090227 -0.00441373140281919 -0.111683382302837 -0.990616100904869
1463226132.65634  0.0671479741579631 -0.0873717699740978  0.0383508311374102 0.0927248945555061 -0.0167389653293816 -0.120297649315839 -0.988256230204726
1463226132.79742 0.0702461488056724 -0.116175189903925 0.0683010675471652 0.110232647252072 -0.0220088560797066 -0.123444021185806 -0.98596447571266
1463226132.89215 0.0745863598713662 -0.135800860986478 0.0876906670685212 0.114444476006476 -0.0230677955596776 -0.140431842684838 -0.983183216028305
1463226132.98698 0.0794599006923937 -0.155147801127283  0.105420239340663 0.120049682695573 -0.0303031461879191 -0.148772248037431 -0.981089502150387
1463226133.12976 0.0824896332967496  -0.18009000435389  0.126638608380454 0.139671080645238 -0.0345822698419761 -0.148657868524189 -0.978364397333536
1463226133.27158 0.0790622852602378 -0.201328667230466   0.14185647354451 0.160513162992109 -0.0396997829795171 -0.154296806225033 -0.974090317848608
1463226133.4138 0.0641818385212098 -0.221137339610261  0.151067692464758 0.158193496186927 -0.0212862028050254 -0.152946244892274 -0.975258510092402
1463226133.5561 0.0390037211929286 -0.234332800873337  0.150558503453826 0.163570900522247 -0.0056710951350656 -0.144470789512366 -0.975879393244874
1463226133.69869 0.00641066745552746  -0.244251641113513   0.144248267671175 0.153712814732918 0.00936436807390863 -0.137022462615548 -0.978524156031026
1463226133.8406 -0.0284909549392177  -0.247107548891931   0.132334946812262 0.139102274529608 0.0172513406464842 -0.131530040137859 -0.981352534519539
1463226133.93614 -0.0520355516651294  -0.243207507759123   0.121609026401401 0.122222897897517 0.0273234121119244 -0.137320599433017 -0.982577247523802
1463226134.03253 -0.0751524030068438  -0.235405961591959   0.108081657261617 0.112905659344201 0.0402097253940838 -0.136890937073976 -0.983308884033289
1463226134.21991 -0.116505951953987 -0.208077798999162 0.0743346427749851 0.075363926084842 0.0567924302988237 -0.142395973497034 -0.985301113993922
1463226134.31476 -0.135640992507128 -0.188751060468649 0.0558608610658217 0.0676782486895238 0.070319411563108 -0.142326086598594 -0.984996507651305
1463226134.4096 -0.150726924841124 -0.168095266704839 0.0367618060905066 0.0471927187398187 0.0825283207130078 -0.134448450578824 -0.986349602177235
1463226134.50468 -0.161563711485566 -0.143242127022058  0.016723390256129 0.0447364935059394 0.0990775506176276 -0.123010093446328 -0.986433374345541
1463226134.59931   -0.167249725361007   -0.117742618464438 -0.00415652808007654 0.0435367188219777 0.112328971771183 -0.106902453179123 -0.986944082367046
1463226134.69412  -0.167548557968213 -0.0960889697269708  -0.025874326723692 0.017449621808993 0.129189879318657 -0.102954399847731 -0.986106422924193
1463226134.78918  -0.160949789257215 -0.0743525813185113 -0.0486300398992182 -0.00557186730066531 0.139952567482749 -0.102082379616526 -0.984866194425211
1463226134.98526  -0.133364831096383 -0.0261198688960037 -0.0968808966237179 -0.01325399767387 0.147275137229342 -0.0992142716729864 -0.984017730427729
1463226135.07352   -0.117703095848367 -0.00470345499006817    -0.12060255656524 -0.0202146595151439 0.150263956528858 -0.0956436955259431 -0.983800993298503
1463226135.21766 -0.0959252800400737  0.0226833677763853  -0.152957832971588 -0.0286377078251358 0.152006210295534 -0.0845320106796287 -0.984341573282654
1463226135.35808 -0.0770996510781854  0.0487812257788633  -0.181414441822411 -0.0326879185537005 0.159589507243508 -0.068882340262065 -0.984234683578273
1463226135.54762 -0.0533136567295054  0.0782952573631769  -0.212676029576198 -0.0464583109685934 0.168886958166701 -0.0609367708161007 -0.982652293878995
1463226135.7381 -0.0225621494438568   0.104116459346375  -0.243866494060314 -0.0672099358879442 0.153244555020819 -0.0491015216543242 -0.984676582155603
1463226135.92888 0.00655924287828781   0.136615669397159  -0.278971062858397 -0.0581808419351906 0.160266309311831 -0.0487771395384082 -0.984149628049377
1463226136.11686  0.035321289879437  0.167458496018569 -0.302228995664781 -0.0415734856039778 0.152113521173893 -0.0547534032024665 -0.985969161185361
1463226136.30639  0.065582232146299  0.186704018146342 -0.304910868510343 -0.0189386678137118 0.134755149048252 -0.0662731066745529 -0.988478756472859
1463226136.49912 0.0955762343342568  0.191719237221546  -0.28620209400788 0.00218868180361905 0.125729318878066 -0.0765733022499076 -0.989102561633001
1463226136.68566  0.124371227568614  0.179029069165412 -0.255869099278117 -0.0122299337772428 0.119527389592938 -0.0904088471383954 -0.988630301081253
1463226136.87549 0.141716147444908 0.160000397756059 -0.22866610920388 -0.00691406121604989 0.128280555056101 -0.088901353651966 -0.987721035652703
1463226137.06508  0.146724620927083  0.132708364991169 -0.200728284166437 0.00461331786107707 0.11939728391474 -0.0953455182715896 -0.988247053138848
1463226137.20814  0.142342727414566  0.103747203262892 -0.177258680731872 0.00204012203691809 0.114605464976051 -0.10926773314711 -0.987381379099581
1463226137.49201  0.111343446776261 0.0435946217012554 -0.116513737818441 -0.000136562722611662 0.126603745228102 -0.105011047435376 -0.986379314950068
1463226137.63415  0.0950208357469351  0.0123175849194194 -0.0821185734639642 -0.0192986501920909 0.125753651093828 -0.0980411200222522 -0.987016474088512
1463226137.7766  0.0799532013945168 -0.0129012082633616 -0.0521015480015634 -0.0052139190583478 0.127297648763776 -0.0813898522651823 -0.988505850066412
1463226137.91867  0.0665918212132881 -0.0325229235368516 -0.0228987581943876 0.0187379957958209 0.135122759651629 -0.0731113146575946 -0.987950131842049
1463226138.06092  0.0567235010374334 -0.0522574426452623 0.00764561573932951 0.0271517117153716 0.13842646360962 -0.0784318294755511 -0.986888720600544
1463226138.20313   0.049349880673511 -0.0736304606459647  0.0395415073166386 0.0344671899095331 0.147748957378912 -0.0746758458670311 -0.985599196660198
1463226138.29799  0.0474380984739966 -0.0907613307843748  0.0588927671098792 0.0494113732682253 0.142708762181847 -0.0586500315670145 -0.986789186800028
1463226138.44029 0.0455132604696931  -0.11912448099139 0.0825096855077962 0.0400786974523044 0.140224426869468 -0.061797085137957 -0.987376285105181
1463226138.62993 0.0338142012307037 -0.141672925772016 0.0978388348672027 0.0269203222051064 0.156858296820402 -0.0628431019575812 -0.9852520060915
1463226138.81961 0.0143049418618858 -0.148862564199041 0.0886985698305881 0.00466905812620678 0.179400404420936 -0.0607320734520099 -0.981888644421575
1463226138.96189 0.000370287243759186   -0.141706974671082   0.0658613268368253 -0.011466280627461 0.187425903385349 -0.0626587583823544 -0.980211168650276
1463226139.10429 -0.0112304163300135  -0.123029297507248  0.0316565648273482 -0.018001487375978 0.197440967721352 -0.0668710940209239 -0.977865669456676
1463226139.24632  -0.020330338716584 -0.0975321968490594 -0.0112228639067489 -0.0213465210851803 0.207068147957347 -0.0630837356860094 -0.976057145064249
1463226139.38899 -0.0238630713103976 -0.0673945084046092 -0.0567358990923165 -0.0195153957226803 0.209489208931162 -0.0572758170565981 -0.975936935181614
1463226139.53113 -0.0234689096475524 -0.0355531172130042 -0.0996913647227979 -0.0120272891956174 0.209334570875649 -0.0652689156410464 -0.975589232413906
1463226139.67319  -0.0235645604112305 -0.00657617305530075   -0.139733298341018 -0.0124156921559173 0.215330378420137 -0.066349045050239 -0.974205565031658
1463226139.81542 -0.0221700793260937  0.0203337755270594  -0.176376788216015 -0.0291321454392472 0.223401792339258 -0.0517561592302646 -0.972915339206575
1463226139.95974 -0.0173629800868682   0.048920000152974  -0.208960691792251 -0.034698518618697 0.232785366583114 -0.030760121722537 -0.971422050821397
1463226140.14718 -0.00183038948984273   0.0842647875832607   -0.252290668211204 -0.0386976585431016 0.229859240012017 -0.0114079943353191 -0.97238730898219
1463226140.52679 0.0446474978797466  0.148063417173284 -0.345194143227458 -0.0336377747094326 0.227117069758366 -0.027526288754744 -0.97289703471866
1463226140.71639 0.0647356369713629  0.177665987163421 -0.389388950853505 -0.0167883422772524 0.220676800891043 -0.0336566740225429 -0.974621531367852
1463226141.00092 0.0796423847089249  0.212909205737858 -0.435471165778262 -0.0159636597197954 0.208298504590042 -0.0353023436677418 -0.977297620525839
1463226141.24059 0.0910392764763777   0.24372281460709 -0.462441332892839 -0.0152477034394209 0.180526622214815 -0.0395991454896525 -0.982654341000956
