1461243310.0241372585 0 0 0 -0 -0 -0 1
1461243310.6626572609 -0.00106522 -0.0120458 0.0095534 0.0193006 0.00168276 -0.055491 0.998271
1461243310.9425311089 -0.00183247 -0.0247649 0.0192327 0.0654587 -0.00182191 -0.0795172 0.99468
1461243311.3630809784 -0.00473877 -0.0391512 0.0360985 0.0280011 0.00961581 -0.132846 0.990694
1461243311.6226274967 -0.0139001 -0.0530853 0.0517808 0.0249581 -0.015897 -0.15051 0.988166
1461243311.8025178909 -0.0277863 -0.0621034 0.0661342 0.0482787 -0.0394123 -0.14213 0.987884
1461243311.9628217220 -0.0435502 -0.0650443 0.0819922 0.0699928 -0.0865452 -0.127488 0.985575
1461243312.1244311333 -0.0584004 -0.0678106 0.0980352 0.103737 -0.122886 -0.103039 0.981591
1461243312.3031084538 -0.0779969 -0.0679542 0.116432 0.113753 -0.183052 -0.0820673 0.973045
1461243312.4828858376 -0.0945093 -0.0666564 0.137511 0.112641 -0.212048 -0.0510595 0.969402
1461243312.7225010395 -0.112928 -0.0607552 0.165706 0.112056 -0.19585 -0.0232635 0.973933
1461243312.9028201103 -0.125324 -0.0591086 0.186555 0.106381 -0.160817 -0.00695543 0.98121
1461243313.0825004578 -0.139452 -0.0575074 0.209419 0.100154 -0.120154 0.0102173 0.987638
1461243313.2227766514 -0.151931 -0.0570825 0.230975 0.0759868 -0.0783769 0.0290723 0.993598
1461243313.3625319004 -0.166758 -0.0565627 0.252772 0.0388646 -0.063084 0.0572683 0.995605
1461243313.5024106503 -0.181793 -0.0608735 0.27257 0.0297071 -0.0677386 0.066634 0.995032
1461243313.6624169350 -0.196813 -0.0670938 0.292831 0.0307968 -0.0367923 0.0895496 0.994826
1461243313.8024342060 -0.20968 -0.0733591 0.309709 0.0304621 0.00676483 0.0895878 0.99549
1461243313.9224150181 -0.218296 -0.080772 0.323044 0.0486539 0.0580213 0.093633 0.992723
1461243314.0627639294 -0.229926 -0.0881212 0.335903 0.02967 0.11006 0.0870702 0.989659
1461243314.2825193405 -0.248824 -0.102861 0.348595 0.0536882 0.141333 0.0767084 0.985524
1461243314.5824759007 -0.27951 -0.110361 0.354718 0.0698283 0.154269 0.0832183 0.982039
1461243314.7627623081 -0.301609 -0.110906 0.356181 0.0522938 0.129423 0.0851129 0.986545
1461243315.0024816990 -0.32859 -0.116715 0.357126 0.0510566 0.111969 0.0925434 0.988075
1461243315.2026033401 -0.354832 -0.122154 0.361875 0.0552691 0.101379 0.0936446 0.988887
1461243315.3423185349 -0.37604 -0.126056 0.366268 0.0626279 0.0765339 0.0871062 0.991278
1461243315.4823415279 -0.397114 -0.13225 0.371722 0.0877707 0.0594164 0.086685 0.990581
1461243315.6624360085 -0.420135 -0.139681 0.38043 0.0953257 0.0565634 0.131216 0.985137
1461243315.8026630878 -0.44117 -0.149059 0.385251 0.106151 0.0312303 0.145353 0.983173
1461243315.9028244019 -0.456297 -0.157643 0.386854 0.123217 0.00638545 0.156806 0.979892
1461243316.0426132679 -0.47465 -0.168783 0.385759 0.159848 0.00736595 0.164848 0.973252
1461243316.2227742672 -0.498777 -0.167321 0.384718 0.144694 -0.00143123 0.205019 0.968003
1461243316.3246216774 -0.513559 -0.159736 0.385245 0.0999259 -0.0159668 0.231647 0.967522
1461243316.4425995350 -0.529742 -0.149562 0.384993 0.049564 -0.019591 0.222721 0.973424
1461243316.5226590633 -0.541473 -0.140945 0.384317 0.00961648 -0.0405231 0.207214 0.977409
1461243316.6237688065 -0.552696 -0.130191 0.383125 -0.0310534 -0.0560691 0.201008 0.977491
1461243316.7430593967 -0.563171 -0.11534 0.380627 -0.0855363 -0.0626227 0.199405 0.974166
1461243316.9626214504 -0.565227 -0.0997413 0.377623 -0.112339 -0.0281775 0.190364 0.974858
1461243317.1025149822 -0.555439 -0.0955996 0.377011 -0.103911 0.031486 0.20282 0.973178
1461243317.2623441219 -0.542962 -0.0851873 0.373564 -0.117176 0.0635531 0.178132 0.974936
1461243317.3622069359 -0.533106 -0.076161 0.367978 -0.143802 0.0976201 0.171442 0.969742
1461243317.4821951389 -0.519896 -0.0655191 0.358654 -0.178428 0.127471 0.183824 0.958187
1461243317.6222414970 -0.501438 -0.0573191 0.346203 -0.190263 0.146925 0.174597 0.954845
1461243317.7622067928 -0.481171 -0.0533726 0.33465 -0.192832 0.160843 0.153651 0.955687
1461243317.8822057247 -0.462212 -0.0530709 0.326973 -0.17191 0.187132 0.152308 0.955108
1461243318.0224232674 -0.439228 -0.0537435 0.321154 -0.153495 0.198311 0.14772 0.956708
1461243318.1222639084 -0.421083 -0.0543916 0.318153 -0.128392 0.223051 0.143376 0.955619
1461243318.2221555710 -0.402589 -0.053962 0.317119 -0.107617 0.239112 0.138102 0.955077
1461243318.3236439228 -0.383658 -0.0551893 0.317716 -0.0846906 0.258718 0.133673 0.952903
1461243318.4224493504 -0.364661 -0.0581448 0.319314 -0.0476532 0.281535 0.134901 0.948825
1461243318.5425758362 -0.344983 -0.063241 0.322629 -0.0194311 0.277934 0.115614 0.953419
1461243318.6838788986 -0.321847 -0.068655 0.325376 0.0103441 0.294863 0.111454 0.948961
1461243318.8233683109 -0.298859 -0.0708666 0.330339 0.0506983 0.294217 0.0987401 0.949272
1461243318.9623339176 -0.275355 -0.0707704 0.335622 0.0609493 0.301218 0.0820926 0.948058
1461243319.1022043228 -0.251409 -0.0691435 0.341694 0.0705167 0.30974 0.0714775 0.945505
1461243319.2821695805 -0.226037 -0.0670112 0.353093 0.0615092 0.307739 0.0837339 0.945781
1461243319.4424571991 -0.205481 -0.0624738 0.366006 0.0455916 0.315143 0.0956037 0.943115
1461243319.6021842957 -0.18737 -0.0540345 0.384291 0.0443001 0.323085 0.0904496 0.940995
1461243319.7423853874 -0.17362 -0.0479953 0.405148 0.0314065 0.321565 0.0765757 0.943263
1461243319.8821022511 -0.159633 -0.0450239 0.426928 0.0426935 0.324049 0.0869505 0.941068
1461243320.0237188339 -0.14675 -0.0442752 0.447548 0.0533383 0.330443 0.0971525 0.937296
1461243320.1420629025 -0.134434 -0.0432465 0.464588 0.0831695 0.346177 0.118276 0.92696
1461243320.2624135017 -0.123043 -0.0405694 0.482587 0.103035 0.361023 0.140406 0.916151
1461243320.3623814583 -0.114106 -0.0370518 0.49951 0.104462 0.36405 0.150671 0.913156
1461243320.4623346329 -0.106298 -0.0352518 0.516648 0.10292 0.364299 0.152977 0.912848
1461243320.5419988632 -0.100346 -0.0339035 0.529674 0.0914296 0.370954 0.154193 0.911185
1461243320.6230137348 -0.0945552 -0.0328022 0.542037 0.0922662 0.37254 0.164149 0.908711
1461243320.7023031712 -0.088617 -0.0305025 0.553596 0.0956172 0.382037 0.173783 0.90261
1461243320.7823021412 -0.082707 -0.0264166 0.565183 0.0847394 0.392689 0.172688 0.89933
1461243320.8622877598 -0.0759867 -0.0214541 0.57599 0.0874431 0.416193 0.185754 0.885795
1461243320.9437727928 -0.0693377 -0.0164159 0.586707 0.0771491 0.442725 0.183859 0.874207
1461243321.0266008377 -0.062566 -0.0118147 0.59659 0.0699459 0.464792 0.191586 0.861609
1461243321.1026906967 -0.0556039 -0.00887454 0.604515 0.0781152 0.490985 0.197861 0.844798
1461243321.1838848591 -0.0490039 -0.00649999 0.612116 0.0740668 0.50648 0.205122 0.834216
1461243321.2620646954 -0.0420598 -0.00462117 0.619191 0.0756809 0.516732 0.209636 0.826628
1461243321.3623754978 -0.033036 -0.00213417 0.627122 0.0859131 0.528649 0.220452 0.815199
1461243321.4421160221 -0.0253456 0.000116799 0.63307 0.0893722 0.532134 0.217309 0.813402
1461243321.5241682529 -0.0179396 0.00278383 0.63967 0.0834237 0.528937 0.20907 0.818264
1461243321.6020138264 -0.010422 0.00627974 0.646761 0.0646243 0.517945 0.198737 0.829494
1461243321.6820721626 -0.00234693 0.0100584 0.653899 0.0528591 0.509309 0.192436 0.837125
1461243321.7625572681 0.00480047 0.0134365 0.662077 0.0357792 0.49331 0.174261 0.851468
1461243321.8422772884 0.0113162 0.0146358 0.671 0.0436524 0.467003 0.152119 0.869978
1461243321.9221680164 0.0175283 0.0153188 0.67921 0.0409356 0.450222 0.134596 0.881764
1461243322.0022180080 0.0236294 0.0148261 0.68711 0.0488947 0.43351 0.137073 0.889319
1461243322.1024949551 0.0304464 0.0153453 0.697148 0.0594211 0.423775 0.139805 0.892938
1461243322.2243285179 0.0392412 0.0176351 0.709418 0.0608885 0.421557 0.14251 0.893461
1461243322.3818354607 0.0539314 0.0241587 0.725369 0.0868781 0.447516 0.159209 0.875691
1461243322.5242211819 0.0683358 0.0286151 0.738586 0.103128 0.483096 0.160168 0.854593
1461243322.6419558525 0.080309 0.0331894 0.749045 0.0969622 0.512679 0.169033 0.836174
1461243322.7623155117 0.0927932 0.0371245 0.75887 0.0978984 0.534245 0.179679 0.820191
1461243322.8822455406 0.105897 0.0423139 0.768493 0.0940213 0.554439 0.172372 0.808731
1461243323.0018765926 0.120636 0.0461769 0.776708 0.108064 0.573383 0.16987 0.794165
1461243323.1243069172 0.136184 0.0492318 0.784281 0.11218 0.596949 0.168242 0.776378
1461243323.2431232929 0.152658 0.0498181 0.791271 0.113077 0.615175 0.148492 0.765979
1461243323.3618555069 0.169423 0.051319 0.796453 0.122095 0.637219 0.131981 0.749417
1461243323.4631145000 0.184809 0.0553878 0.800415 0.118308 0.653295 0.130175 0.736385
1461243323.5419504642 0.198432 0.0591535 0.802359 0.12527 0.669632 0.124252 0.721431
1461243323.6218812466 0.212954 0.0633795 0.804508 0.119431 0.685077 0.120725 0.7084
1461243323.7019164562 0.228037 0.0668363 0.805651 0.107002 0.706509 0.107883 0.691199
1461243323.7819592953 0.243393 0.0693504 0.806899 0.0913216 0.715376 0.100027 0.685487
1461243323.8624591827 0.258879 0.0707565 0.806986 0.106109 0.724799 0.105769 0.672473
1461243323.9420173168 0.274306 0.0722294 0.805946 0.102097 0.732207 0.0898172 0.66737
1461243324.0238525867 0.289881 0.0746827 0.803374 0.109437 0.75066 0.082089 0.646371
1461243324.1018867493 0.305643 0.0774995 0.800835 0.113421 0.755796 0.0791114 0.640039
1461243324.1818490028 0.321692 0.0793543 0.797748 0.106904 0.766698 0.0579927 0.630383
1461243324.3237843513 0.349546 0.0815652 0.792138 0.122728 0.776461 0.0698549 0.614139
1461243324.4221861362 0.368962 0.0823317 0.788826 0.114448 0.777114 0.0611695 0.615836
1461243324.5218982697 0.388232 0.0843144 0.785699 0.115882 0.778311 0.0696621 0.613148
1461243324.6017808914 0.404045 0.0861923 0.783532 0.112585 0.77777 0.0573705 0.615717
1461243324.6820194721 0.420609 0.0888116 0.781358 0.112855 0.777422 0.0467078 0.617007
1461243324.7617883682 0.436867 0.091014 0.778174 0.109674 0.788943 0.0362881 0.60351
1461243324.8420591354 0.453563 0.0923865 0.775832 0.104347 0.789606 0.0239093 0.604205
1461243324.9241478443 0.470317 0.0928666 0.773558 0.110971 0.785831 0.0354683 0.607368
1461243325.0018362999 0.487104 0.0914209 0.770973 0.128663 0.773138 0.0411403 0.619686
1461243325.0820860863 0.504287 0.0888378 0.767784 0.163273 0.755797 0.0353841 0.633135
1461243325.1618447304 0.520164 0.0878208 0.762747 0.186221 0.755209 0.0341876 0.627545
1461243325.2425708771 0.535884 0.0882775 0.758514 0.185689 0.751405 0.0265677 0.632617
1461243325.3235874176 0.551082 0.0892567 0.754687 0.177619 0.735766 0.0189693 0.653253
1461243325.4020988941 0.565774 0.090949 0.750699 0.154716 0.721334 0.0197154 0.674798
1461243325.4818046093 0.578875 0.0917718 0.747677 0.118991 0.709688 0.00736679 0.694356
1461243325.5617046356 0.590261 0.0932037 0.743851 0.0876413 0.71873 0.00166719 0.689741
1461243325.6617536545 0.60431 0.0953392 0.738967 0.0836198 0.720659 0.000745774 0.688228
1461243325.7430400848 0.614892 0.0990674 0.732858 0.0725123 0.752935 0.00212102 0.654084
1461243325.8240785599 0.625945 0.105458 0.728953 0.0298574 0.758738 0.0293554 0.650048
1461243325.9019322395 0.637378 0.109606 0.724943 0.00261251 0.769122 0.0246623 0.63862
1461243325.9816625118 0.649017 0.111968 0.719822 -0.0249137 0.789643 0.00484667 0.613041
1461243326.0616555214 0.660201 0.112818 0.715406 -0.042628 0.799444 -0.00025869 0.599226
1461243326.1619613171 0.673919 0.112752 0.710924 -0.041559 0.807782 -0.00757674 0.587966
1461243326.2429761887 0.684949 0.112396 0.709814 -0.0356272 0.790613 -0.0458017 0.60956
1461243326.3239543438 0.694607 0.112527 0.705396 -0.0356006 0.801958 -0.0971523 0.588352
1461243326.4016156197 0.704307 0.115176 0.700186 -0.0395726 0.819262 -0.12789 0.557573
1461243326.4820153713 0.715934 0.118961 0.696213 -0.0610125 0.813004 -0.147958 0.559831
1461243326.5616343021 0.728766 0.121607 0.692357 -0.048852 0.807862 -0.129879 0.572803
1461243326.6416263580 0.741264 0.122426 0.687342 -0.0706353 0.800033 -0.155804 0.57505
1461243326.7419111729 0.754766 0.122728 0.681639 -0.0949391 0.800818 -0.152624 0.5713
1461243326.8418464661 0.76698 0.120095 0.678681 -0.0672449 0.813071 -0.156402 0.556715
1461243326.9229898453 0.779277 0.121798 0.679502 -0.0817033 0.788752 -0.161773 0.587387
1461243327.0034229755 0.791476 0.123932 0.680589 -0.0826572 0.775069 -0.155129 0.606935
1461243327.0817210674 0.803147 0.126051 0.681478 -0.0856245 0.756132 -0.160006 0.628754
1461243327.1820302010 0.817027 0.129649 0.679483 -0.0988657 0.757785 -0.159101 0.625039
1461243327.2818219662 0.830943 0.130422 0.676185 -0.10067 0.778249 -0.172233 0.595424
1461243327.3819019794 0.845164 0.129892 0.673743 -0.0966603 0.78756 -0.175524 0.58275
1461243327.4619700909 0.856125 0.129345 0.672462 -0.0850664 0.786601 -0.180805 0.584236
1461243327.5618860722 0.869366 0.132157 0.669481 -0.0979831 0.790146 -0.174416 0.579352
1461243327.6418979168 0.879796 0.135326 0.66616 -0.0956135 0.797314 -0.174046 0.569961
1461243327.7241778374 0.891215 0.14024 0.6633 -0.105073 0.797515 -0.16395 0.571008
1461243327.8017766476 0.903278 0.144411 0.660932 -0.112835 0.790839 -0.15779 0.58047
1461243327.8816063404 0.915863 0.146823 0.658057 -0.105941 0.793325 -0.158185 0.578265
1461243327.9623908997 0.92908 0.147913 0.655576 -0.110487 0.791237 -0.160019 0.579768
1461243328.0821189880 0.94767 0.148314 0.652747 -0.112621 0.785878 -0.157093 0.587396
1461243328.2615954876 0.974055 0.149378 0.650082 -0.101394 0.775931 -0.155873 0.602789
1461243328.4420537949 1.00102 0.155553 0.645716 -0.109084 0.770963 -0.150704 0.609101
1461243328.5816302299 1.02344 0.157134 0.64394 -0.0968251 0.774442 -0.154444 0.605814
1461243328.7233581543 1.04483 0.158818 0.641775 -0.0817907 0.77954 -0.141435 0.604669
1461243328.8620932102 1.06491 0.164519 0.639518 -0.0800633 0.783677 -0.118004 0.604579
1461243328.9616346359 1.07962 0.168696 0.638107 -0.074007 0.776635 -0.109529 0.615926
1461243329.0618195534 1.09329 0.171906 0.633398 -0.0619993 0.793851 -0.110198 0.594821
1461243329.1815235615 1.11116 0.175092 0.628093 -0.0696109 0.802053 -0.0939168 0.5857
1461243329.2815470695 1.12494 0.174663 0.621541 -0.0486782 0.824469 -0.095532 0.555657
1461243329.3816261292 1.13808 0.174625 0.616298 -0.0359473 0.845378 -0.0949861 0.524425
1461243329.4617180824 1.14878 0.178635 0.613165 -0.044555 0.861848 -0.071677 0.500095
1461243329.5815055370 1.16458 0.183883 0.6104 -0.0606545 0.871715 -0.0665595 0.481668
1461243329.7416729927 1.18419 0.18879 0.605749 -0.0847287 0.889396 -0.0598937 0.445206
1461243329.8614943027 1.19546 0.188017 0.59962 -0.0824239 0.916902 -0.0618141 0.385586
1461243329.9614872932 1.20023 0.188249 0.592096 -0.0659686 0.949453 -0.0355894 0.304828
1461243330.0614051819 1.20389 0.188272 0.584294 -0.0565491 0.968524 -0.0290548 0.240666
1461243330.1828272343 1.20779 0.189104 0.574905 -0.0561061 0.982183 -0.0322141 0.17644
1461243330.3239216805 1.21083 0.191045 0.563606 -0.0579789 0.991631 -0.0361403 0.109544
1461243330.4618973732 1.21543 0.192243 0.551623 -0.0593417 0.996269 -0.0300296 0.0549922
1461243330.5656290054 1.21939 0.191165 0.543031 -0.0666392 0.996924 -0.0302197 0.0280897
1461243330.6815049648 1.22417 0.190072 0.532723 -0.0701663 0.997067 -0.0305413 0.000865187
1461243330.7819657326 1.22737 0.18951 0.522873 0.0657154 -0.99695 0.0314092 0.0280363
1461243330.8816218376 1.22997 0.189239 0.512161 0.0590436 -0.995823 0.0367163 0.0591885
1461243331.0014691353 1.23445 0.191029 0.497941 0.0620781 -0.995158 0.0238904 0.0723637
1461243331.1020851135 1.23836 0.190279 0.485412 0.0501146 -0.99453 0.0299439 0.0866126
1461243331.2014293671 1.24223 0.188769 0.471833 0.0487883 -0.993513 0.0325489 0.0974263
1461243331.3415327072 1.24813 0.186274 0.452337 0.0507511 -0.993551 0.0304146 0.0967203
1461243331.5414304733 1.25322 0.183001 0.424499 0.0458838 -0.993265 0.0555085 0.0907679
1461243331.6818621159 1.2558 0.178579 0.402773 0.0242652 -0.993966 0.0764166 0.0748603
1461243331.8016867638 1.25828 0.172935 0.383049 0.0245984 -0.994176 0.0858298 0.0603438
1461243331.9013454914 1.26094 0.166849 0.3662 0.0505096 -0.9937 0.0865058 0.050264
1461243332.0019600391 1.2631 0.158801 0.351562 0.0328076 -0.992724 0.10882 0.0397577
1461243332.0814139843 1.26221 0.151766 0.340492 0.0217152 -0.989048 0.137453 0.0491894
1461243332.1616361141 1.25891 0.145078 0.330473 0.00463672 -0.984435 0.163263 0.0648914
1461243332.2415442467 1.25255 0.139449 0.320965 -0.0338328 -0.977243 0.19037 0.0872372
1461243332.3233132362 1.24356 0.132027 0.314975 -0.0493039 -0.961299 0.236858 0.131805
1461243332.4020326138 1.23245 0.123698 0.311365 -0.0593702 -0.936695 0.294602 0.179686
1461243332.4816596508 1.21964 0.119684 0.306743 -0.055192 -0.920669 0.303233 0.239524
1461243332.5617661476 1.20541 0.118658 0.301774 -0.0766504 -0.905272 0.300253 0.290613
1461243332.6412742138 1.19048 0.119299 0.297713 -0.0796916 -0.892789 0.287649 0.337394
1461243332.7215092182 1.17416 0.121899 0.295562 -0.0895775 -0.867439 0.285007 0.397865
1461243332.8213777542 1.15548 0.125136 0.293408 -0.121683 -0.843066 0.287489 0.43793
1461243332.9232370853 1.13751 0.128611 0.291426 -0.148953 -0.818901 0.287291 0.474002
1461243333.0617880821 1.11477 0.130981 0.287719 -0.164876 -0.804097 0.275684 0.500242
1461243333.2030134201 1.09569 0.128184 0.285712 -0.150956 -0.796138 0.264076 0.523107
1461243333.3813614845 1.07066 0.123916 0.286659 -0.14408 -0.793375 0.275384 0.523412
1461243333.5411834717 1.046 0.124447 0.288959 -0.095047 -0.799519 0.242758 0.541114
1461243333.6812813282 1.02394 0.125939 0.290808 -0.0581538 -0.807035 0.192793 0.555107
1461243333.8413147926 1.00029 0.125142 0.293987 -0.0458151 -0.815698 0.173223 0.550029
1461243334.0015444756 0.977233 0.123371 0.299298 -0.0277159 -0.826741 0.178152 0.53291
1461243334.1233971119 0.959738 0.121804 0.30393 -0.0123569 -0.841466 0.188274 0.506296
1461243334.2616550922 0.938103 0.120053 0.311027 -0.00163326 -0.8482 0.190215 0.494341
1461243334.3817303181 0.9194 0.116902 0.317391 0.00361873 -0.849567 0.183629 0.494473
1461243334.5013504028 0.901851 0.112668 0.322768 0.00414016 -0.854238 0.176624 0.488942
1461243334.6019620895 0.886401 0.110232 0.327603 0.00932186 -0.852417 0.174482 0.492803
1461243334.7020616531 0.869706 0.110011 0.332792 0.0161079 -0.847045 0.166021 0.504671
1461243334.7818865776 0.855839 0.11016 0.336659 0.0203869 -0.843605 0.162777 0.511291
1461243334.8626949787 0.841756 0.110458 0.340568 0.0238608 -0.833887 0.143556 0.532404
1461243334.9429359436 0.827725 0.110554 0.3434 0.0149382 -0.829518 0.131088 0.542671
1461243335.0219330788 0.814514 0.109071 0.346187 -0.000551191 -0.823752 0.131976 0.551375
1461243335.1018779278 0.801742 0.108603 0.348893 -0.0215002 -0.818991 0.122741 0.560113
1461243335.1813287735 0.788942 0.108308 0.350603 -0.0251954 -0.817534 0.115282 0.563661
1461243335.2614378929 0.775504 0.109622 0.352547 -0.041774 -0.811896 0.0977197 0.574047
1461243335.3414196968 0.761795 0.110401 0.354616 -0.0579143 -0.806629 0.0899943 0.581289
1461243335.4218640327 0.748197 0.110948 0.356949 -0.0746544 -0.798227 0.0781917 0.592576
1461243335.5213558674 0.732352 0.110277 0.35884 -0.0791269 -0.793859 0.0668109 0.599218
1461243335.6611208916 0.712109 0.107247 0.35984 -0.0885351 -0.792508 0.0677811 0.599581
1461243335.7616169453 0.69809 0.106644 0.360797 -0.0905534 -0.78422 0.0495053 0.611839
1461243335.8611476421 0.683833 0.106209 0.360694 -0.0907021 -0.778702 0.0397803 0.619528
1461243335.9614691734 0.669367 0.106324 0.359552 -0.0829579 -0.769078 0.0224323 0.633352
1461243336.0813310146 0.651843 0.106444 0.35847 -0.0831197 -0.749846 0.0176092 0.656134
1461243336.2227413654 0.632406 0.105718 0.35663 -0.10104 -0.732292 0.0202528 0.673149
1461243336.3615043163 0.614236 0.103113 0.35537 -0.116337 -0.714692 0.0267252 0.689178
1461243336.4814629555 0.598013 0.097841 0.354883 -0.106464 -0.699254 0.059401 0.704401
1461243336.5813550949 0.584268 0.0932628 0.353809 -0.0874552 -0.694117 0.0753924 0.710541
1461243336.6812772751 0.570285 0.088721 0.352603 -0.0660506 -0.691663 0.0822759 0.714472
1461243336.7813916206 0.556937 0.084023 0.351677 -0.0454581 -0.690502 0.0852583 0.716848
1461243336.8612768650 0.547474 0.079426 0.35025 -0.0295962 -0.696111 0.0871579 0.712009
1461243336.9613440037 0.536984 0.0727621 0.348654 -0.0115062 -0.698439 0.110034 0.707067
1461243337.0613849163 0.526689 0.0663063 0.345797 -0.00183957 -0.708088 0.128216 0.694384
1461243337.1411747932 0.518177 0.0615253 0.343948 -0.000972846 -0.706909 0.160462 0.688862
1461243337.2611479759 0.504387 0.0555403 0.340807 -0.00433326 -0.707683 0.201973 0.677032
1461243337.3810572624 0.489512 0.0510899 0.338127 -0.0156893 -0.692598 0.235054 0.68177
1461243337.5230069160 0.472256 0.046105 0.336438 -0.018987 -0.674905 0.253668 0.692672
1461243337.6411039829 0.457942 0.0418844 0.3368 -0.0233418 -0.661419 0.255626 0.704724
1461243337.7810101509 0.442034 0.0388201 0.339651 -0.0311349 -0.643836 0.272688 0.714246
1461243337.9213178158 0.42622 0.0368702 0.345028 -0.0370086 -0.624792 0.29336 0.722637
1461243338.0609726906 0.410706 0.0355049 0.352636 -0.0392831 -0.602565 0.301476 0.737892
1461243338.2011973858 0.396882 0.0348949 0.359764 -0.0459825 -0.586287 0.300021 0.751093
1461243338.3614206314 0.383737 0.0349014 0.366825 -0.043906 -0.581001 0.27831 0.76358
1461243338.5228106976 0.373031 0.0339091 0.376008 -0.0326223 -0.56366 0.27397 0.778565
1461243338.6814391613 0.363168 0.035068 0.385693 -0.0438693 -0.54262 0.287265 0.78811
1461243338.8412199020 0.352562 0.0388514 0.394592 -0.0769158 -0.525307 0.2844 0.798281
1461243338.9813461304 0.343225 0.041199 0.399974 -0.0981583 -0.535985 0.249187 0.800619
1461243339.1609752178 0.333368 0.0406998 0.406845 -0.0934863 -0.535231 0.226513 0.808381
1461243339.3012993336 0.326229 0.040601 0.412077 -0.0823021 -0.534314 0.219381 0.812162
1461243339.4608919621 0.318313 0.0398449 0.416655 -0.0728424 -0.53728 0.218257 0.811411
1461243339.6412413120 0.309883 0.0397757 0.422782 -0.0691842 -0.519345 0.227528 0.820808
1461243339.8408596516 0.300423 0.0412022 0.427967 -0.062387 -0.502019 0.202879 0.838406
1461243340.1010677814 0.292049 0.0440998 0.42518 -0.0829249 -0.507613 0.167326 0.841103
1461243340.5612580776 0.279623 0.0429332 0.422513 -0.0943541 -0.501618 0.16128 0.844669
1461243340.8412852287 0.271656 0.0403024 0.42584 -0.0959339 -0.484527 0.152738 0.85598
1461243341.0209658146 0.264535 0.0379233 0.429184 -0.08723 -0.471175 0.165175 0.862034
1461243341.1610231400 0.25835 0.0370289 0.43273 -0.0839304 -0.452897 0.174471 0.870287
1461243341.2614672184 0.253659 0.0374604 0.436486 -0.0839985 -0.436942 0.169494 0.879373
1461243341.3407869339 0.250351 0.038877 0.439937 -0.0943656 -0.41694 0.160195 0.889716
1461243341.4208326340 0.248145 0.0397597 0.444162 -0.103365 -0.383614 0.160502 0.903546
1461243341.5012459755 0.245371 0.0405268 0.447761 -0.107876 -0.371892 0.153945 0.909044
1461243341.5811166763 0.242495 0.0414092 0.451409 -0.107544 -0.360811 0.147591 0.914586
1461243341.6606826782 0.23942 0.0431772 0.454522 -0.115512 -0.359373 0.135084 0.916112
1461243341.7407875061 0.236911 0.0449845 0.458104 -0.121671 -0.348739 0.129925 0.920161
1461243341.8207955360 0.234756 0.0464344 0.461437 -0.124333 -0.341252 0.123376 0.923508
1461243341.9212226868 0.232588 0.0483371 0.464809 -0.130023 -0.342678 0.113105 0.923511
1461243342.0807838440 0.229512 0.0517062 0.468649 -0.144846 -0.350498 0.112366 0.918447
1461243342.3413717747 0.22354 0.0586361 0.471065 -0.168576 -0.389921 0.0834693 0.90143
1461243342.7007598877 0.212143 0.0651305 0.47601 -0.176566 -0.412436 0.0434125 0.892657
1461243342.9229879379 0.202242 0.0661354 0.477613 -0.167856 -0.463766 0.0302903 0.869384
1461243343.1009554863 0.19494 0.0680729 0.477396 -0.162791 -0.506875 -0.00255876 0.846505
1461243343.3012278080 0.188929 0.069481 0.476926 -0.168941 -0.544427 -0.0440364 0.820438
1461243343.4806263447 0.182716 0.0685977 0.477152 -0.150829 -0.585461 -0.051855 0.794857
1461243343.6819005013 0.175055 0.070716 0.477321 -0.142868 -0.622438 -0.0678292 0.766524
1461243343.8208086491 0.168888 0.0726129 0.474929 -0.144142 -0.657701 -0.073739 0.735673
1461243343.9005579948 0.164874 0.0731818 0.471826 -0.132003 -0.695354 -0.0887151 0.700847
1461243344.0013499260 0.160654 0.0724846 0.468411 -0.111569 -0.731781 -0.0941642 0.665719
1461243344.1208834648 0.157247 0.071677 0.463201 -0.0960872 -0.77405 -0.105265 0.616873
1461243344.2408554554 0.154179 0.0694139 0.458695 -0.0770767 -0.811363 -0.106606 0.569548
1461243344.3412263393 0.151733 0.0665785 0.454661 -0.0560601 -0.841885 -0.107925 0.525775
1461243344.4409766197 0.14876 0.0631347 0.4503 -0.0298714 -0.864726 -0.115149 0.487952
1461243344.5228216648 0.146769 0.0597041 0.445276 -0.00157704 -0.889888 -0.110893 0.442492
1461243344.6005694866 0.144213 0.0564843 0.440919 0.0255536 -0.907638 -0.103273 0.406047
1461243344.7009077072 0.140789 0.0534797 0.434908 0.0539797 -0.926233 -0.0926416 0.361381
1461243344.8229258060 0.135842 0.0512953 0.428403 0.0729268 -0.941818 -0.087771 0.316158
1461243344.9818782806 0.127707 0.0486119 0.420639 0.0595658 -0.955339 -0.0782146 0.278677
1461243345.1434116364 0.119853 0.0444803 0.412471 0.0767978 -0.962572 -0.0873686 0.244794
1461243345.2815535069 0.116605 0.039052 0.404639 0.0776373 -0.973495 -0.0766 0.20103
1461243345.4209351540 0.113331 0.0348018 0.395539 0.0779693 -0.982283 -0.0658723 0.157168
1461243345.5607252121 0.108581 0.0321845 0.384721 0.0730589 -0.989655 -0.0558268 0.11013
1461243345.6816647053 0.104369 0.0306912 0.374448 0.0805646 -0.993507 -0.0563718 0.0572386
1461243345.8010597229 0.100591 0.027576 0.364688 0.0876266 -0.994833 -0.0499702 0.0115003
1461243345.9210729599 0.0990563 0.0234423 0.35579 -0.103082 0.992181 0.0549616 0.0439437
1461243346.0206463337 0.0994328 0.0190636 0.34916 -0.0997306 0.987846 0.0477155 0.109254
1461243346.1409389973 0.0997168 0.0129589 0.342234 -0.0991804 0.979091 0.037812 0.173537
1461243346.2809514999 0.0973687 0.00682217 0.334523 -0.0899644 0.96892 0.0203825 0.229533
1461243346.4607081413 0.0910019 -0.000279182 0.324731 -0.0849531 0.959411 0.0199884 0.268166
1461243346.6236038208 0.0844943 -0.0105484 0.319432 -0.0809811 0.946545 0.00311932 0.312227
1461243346.7812736034 0.0750145 -0.0233352 0.315388 -0.0531202 0.938778 -0.00871234 0.340292
1461243346.9409558773 0.0619725 -0.0347893 0.311712 -0.0278722 0.932882 -0.025032 0.35823
1461243347.1208655834 0.0391785 -0.0436021 0.308419 -0.0268608 0.926991 -0.0488425 0.370919
1461243347.2805442810 0.0139505 -0.0497041 0.305875 -0.00697845 0.92635 -0.0594534 0.371876
1461243347.4206981659 -0.00874462 -0.0527804 0.301886 0.00964869 0.931633 -0.0565998 0.358835
1461243347.5608131886 -0.0322288 -0.051069 0.297223 -0.00263014 0.9376 -0.0466605 0.344561
1461243347.7008433342 -0.0573448 -0.0468924 0.292042 -0.0134548 0.942386 -0.0317408 0.332747
1461243347.8224756718 -0.0795389 -0.0442045 0.286408 -0.0282517 0.950266 -0.0285196 0.30884
1461243347.9807307720 -0.107324 -0.0446612 0.281046 -0.041355 0.954245 -0.031814 0.294438
1461243348.1224930286 -0.132794 -0.0463352 0.276652 -0.0186467 0.961348 -0.0365801 0.272259
1461243348.2407562733 -0.155852 -0.0455278 0.273252 -0.0150161 0.970601 -0.00670242 0.24013
1461243348.3604578972 -0.179861 -0.0446803 0.271553 -0.016008 0.975975 0.00283052 0.217275
1461243348.5004425049 -0.206926 -0.0428606 0.2722 -0.0198909 0.978639 0.0260239 0.20296
1461243348.7604808807 -0.246549 -0.0435008 0.279472 -0.0129098 0.976535 0.0525175 0.208457
1461243349.0403721333 -0.282846 -0.0439874 0.289414 -0.0081834 0.975235 0.0723277 0.208849
1461243349.2226908207 -0.305891 -0.0426382 0.296819 -0.0299209 0.97646 0.0793263 0.19834
1461243349.4815716743 -0.332402 -0.0460138 0.310651 -0.0220852 0.97939 0.0787848 0.184663
1461243349.7604732513 -0.354335 -0.0546387 0.328808 -0.0143957 0.985042 0.0501328 0.164231
1461243349.9808743000 -0.361858 -0.0673869 0.346281 -0.00405424 0.987222 -0.00205796 0.159285
1461243350.2403600216 -0.356274 -0.0790595 0.365198 0.00466601 0.985614 -0.0499942 0.161381
1461243350.4008116722 -0.34351 -0.0824619 0.375603 -0.0105244 0.97664 -0.0914593 0.194162
1461243350.5405340195 -0.327487 -0.0829984 0.384649 -0.016659 0.96759 -0.110234 0.226582
1461243350.6804432869 -0.309521 -0.0809298 0.391622 -0.0125258 0.96137 -0.113644 0.250392
1461243350.8004453182 -0.291991 -0.0782741 0.39711 -0.014405 0.954627 -0.112229 0.275473
1461243350.9230387211 -0.274061 -0.0763526 0.400512 -0.00662197 0.948995 -0.109059 0.295755
1461243351.0223655701 -0.258853 -0.0729126 0.402341 -0.00474921 0.943419 -0.0917502 0.318621
1461243351.1403622627 -0.241144 -0.0694147 0.402453 0.0181503 0.935298 -0.078774 0.344503
1461243351.2604494095 -0.222977 -0.0647738 0.401667 0.0272221 0.926738 -0.071145 0.367904
1461243351.3805372715 -0.204999 -0.059788 0.39973 0.0366888 0.915431 -0.066199 0.395295
1461243351.5002908707 -0.185992 -0.0559458 0.398545 0.0335967 0.898959 -0.0574811 0.432944
1461243351.6004903316 -0.169695 -0.0536346 0.397701 0.0194123 0.878675 -0.0471396 0.474691
1461243351.7002553940 -0.154694 -0.0505093 0.39531 0.012904 0.864532 -0.0307863 0.501467
1461243351.8222401142 -0.136735 -0.0458618 0.389646 0.00352702 0.849996 -0.0227945 0.526285
1461243351.9406297207 -0.118096 -0.0422996 0.382726 -0.009834 0.837082 -0.0292583 0.546205
1461243352.1001257896 -0.0950486 -0.0382845 0.368791 -0.0207771 0.845806 -0.027381 0.532382
1461243352.2404687405 -0.0768247 -0.0360867 0.355432 -0.0142564 0.845616 -0.00107121 0.5336
1461243352.4000904560 -0.0573547 -0.0309456 0.338719 0.00321093 0.840463 0.0204226 0.541474
1461243352.5404512882 -0.0406229 -0.0240345 0.323115 0.0097041 0.827901 0.030539 0.559958
1461243352.7003321648 -0.0234738 -0.0202388 0.306362 0.00717426 0.812719 0.0416139 0.581124
1461243352.8403575420 -0.00881482 -0.0202101 0.293355 -0.00627715 0.790023 0.0442219 0.611448
1461243352.9802165031 0.00466922 -0.0186898 0.278852 -0.0115595 0.766764 0.0595228 0.639059
1461243353.1404924393 0.0195728 -0.0160993 0.260853 -0.0308187 0.750233 0.0444787 0.658956
1461243353.3002021313 0.0328429 -0.0143265 0.244017 -0.0351106 0.731889 0.0321727 0.679758
1461243353.4402644634 0.0423169 -0.0123734 0.230674 -0.0520476 0.708949 0.0632333 0.700489
1461243353.6003959179 0.0517185 -0.0105722 0.214307 -0.0406899 0.682565 0.0903962 0.72407
1461243353.7222681046 0.0571565 -0.00688733 0.203014 -0.0595261 0.650212 0.105596 0.75002
1461243353.8404695988 0.0614016 -0.00418611 0.193055 -0.0723553 0.604211 0.1077 0.786189
1461243353.9800360203 0.0650526 -0.00208651 0.182371 -0.0936047 0.546432 0.10745 0.825291
1461243354.1599836349 0.0696353 -2.44629e-05 0.167378 -0.0940768 0.509972 0.14002 0.843488
1461243354.3600742817 0.0742169 0.00237576 0.152684 -0.0863683 0.467555 0.151963 0.86651
1461243354.5222485065 0.0764237 0.00622537 0.145424 -0.0748896 0.406421 0.16589 0.895373
1461243354.7000880241 0.0779738 0.0121667 0.137513 -0.101727 0.359069 0.173628 0.911358
1461243354.9800970554 0.079971 0.0157544 0.125741 -0.0858534 0.315938 0.16563 0.930257
1461243355.8400251865 0.0814464 0.0138838 0.113255 -0.0678798 0.285701 0.167324 0.941153
