1461243977.9464049339 0 0 0 -0 -0 -0 1
1461243978.0873513222 -0.0415509 -0.0203351 -0.0325769 -0.0130605 -0.0374995 -0.0169238 0.999068
1461243978.2664630413 -0.0747472 -0.0521074 -0.0817069 0.030639 -0.0584122 -0.00816403 0.997789
1461243978.5467710495 -0.120593 -0.0792529 -0.162971 0.0312764 -0.0973579 0.0107472 0.9947
1461243978.7464408875 -0.161813 -0.115541 -0.212597 0.0631366 -0.127606 0.00994212 0.989763
1461243978.9268813133 -0.20384 -0.157994 -0.249635 0.101116 -0.145156 0.0142351 0.984125
1461243979.1080508232 -0.25966 -0.192185 -0.278306 0.123773 -0.168356 -0.0229476 0.977655
1461243979.3083360195 -0.335695 -0.233261 -0.309794 0.117848 -0.190083 -0.0419508 0.973766
1461243979.5462567806 -0.438628 -0.287589 -0.349341 0.105453 -0.195109 -0.0591926 0.973298
1461243979.7270472050 -0.509523 -0.331838 -0.387353 0.104484 -0.21938 -0.0620172 0.968044
1461243980.0262610912 -0.575942 -0.38922 -0.45623 0.114653 -0.237074 -0.047476 0.963533
1461243980.3662300110 -0.640778 -0.430252 -0.581092 0.114665 -0.250829 -0.0686295 0.958763
1461243980.5462129116 -0.681754 -0.470054 -0.671464 0.131479 -0.284777 -0.0605416 0.947602
1461243980.7262582779 -0.721842 -0.513646 -0.760269 0.140964 -0.321627 -0.0747597 0.933325
1461243980.9262676239 -0.767359 -0.540762 -0.846257 0.132129 -0.3656 -0.0854267 0.917377
1461243981.1263139248 -0.830162 -0.543273 -0.923875 0.0731627 -0.37538 -0.0730978 0.921083
1461243981.3462445736 -0.912895 -0.571017 -1.02788 0.0302966 -0.384911 -0.0643516 0.920209
1461243981.5461442471 -0.961913 -0.624361 -1.13528 0.0479557 -0.398554 -0.0466263 0.914703
1461243981.7084388733 -0.990834 -0.658035 -1.22699 0.082637 -0.416039 -0.0447408 0.904478
1461243981.9274306297 -1.01586 -0.680097 -1.35544 0.0996275 -0.440075 -0.0315121 0.89186
1461243982.2669768333 -1.02426 -0.711673 -1.5421 0.0951488 -0.456209 0.00402597 0.884762
1461243982.4665195942 -1.04595 -0.742546 -1.66592 0.132718 -0.472627 9.56079e-05 0.871212
1461243982.6263830662 -1.06898 -0.7709 -1.78914 0.153913 -0.494788 0.00281785 0.85527
1461243982.8065018654 -1.10474 -0.796521 -1.92753 0.155505 -0.512055 0.0209416 0.844499
1461243983.0080392361 -1.1377 -0.841035 -2.05307 0.1593 -0.521112 0.0431519 0.837379
1461243983.2259790897 -1.20166 -0.884024 -2.15559 0.172975 -0.521305 0.0443009 0.834481
1461243983.4660379887 -1.30534 -0.932813 -2.23765 0.129865 -0.496685 0.0681793 0.855448
1461243983.6671555042 -1.37081 -1.00961 -2.25901 0.125591 -0.464591 0.092509 0.871679
1461243983.8471624851 -1.42283 -1.05519 -2.22853 0.10178 -0.417257 0.10157 0.897341
1461243984.0060756207 -1.48682 -1.07118 -2.19206 0.0749678 -0.377722 0.0841898 0.919031
1461243984.1459615231 -1.55007 -1.08434 -2.14848 0.0519471 -0.331319 0.0792331 0.93875
1461243984.2663147449 -1.59434 -1.10065 -2.10344 0.0449382 -0.284555 0.0856517 0.953768
1461243984.3860886097 -1.62569 -1.11419 -2.04949 0.0295605 -0.234389 0.082942 0.968147
1461243984.5080554485 -1.65452 -1.12079 -1.98738 0.0037021 -0.203518 0.0752154 0.976171
1461243984.6264972687 -1.68167 -1.12144 -1.91308 -0.00688903 -0.181746 0.0609817 0.981429
1461243984.7264924049 -1.69959 -1.11258 -1.84096 -0.0186138 -0.155473 0.0594652 0.985873
1461243984.8460187912 -1.72168 -1.09516 -1.74279 -0.0353155 -0.140967 0.0595045 0.987593
1461243984.9661085606 -1.73151 -1.08564 -1.64379 -0.0424957 -0.12981 0.0572858 0.98897
1461243985.1076738834 -1.7378 -1.08444 -1.53493 -0.0645366 -0.126992 0.0490191 0.988588
1461243985.2259869576 -1.74141 -1.07737 -1.43504 -0.0915712 -0.119658 0.0542924 0.987091
1461243985.3460550308 -1.74809 -1.06552 -1.33199 -0.0970029 -0.0973915 0.0482474 0.989332
1461243985.4660220146 -1.7532 -1.0577 -1.22351 -0.0949482 -0.0698395 0.0405531 0.992201
1461243985.5860166550 -1.7553 -1.05535 -1.11335 -0.0822465 -0.0423723 0.0299596 0.99526
1461243985.7258844376 -1.7601 -1.0473 -0.989183 -0.101169 -0.0330323 0.0330851 0.99377
1461243985.8864245415 -1.76376 -1.03487 -0.850689 -0.122751 -0.0336919 0.0231739 0.991595
1461243986.0459742546 -1.76579 -1.00633 -0.703204 -0.119651 -0.0214055 0.0286256 0.992172
1461243986.1858255863 -1.76255 -0.982993 -0.571285 -0.114224 -0.0246057 0.0378832 0.992428
1461243986.3260891438 -1.75783 -0.977944 -0.445182 -0.109743 -0.038445 0.0388492 0.992456
1461243986.4661595821 -1.76072 -0.980396 -0.328108 -0.109467 -0.0537654 0.0253145 0.992212
1461243986.6079659462 -1.77582 -0.979474 -0.210014 -0.0969649 -0.068997 0.018758 0.992716
1461243986.7270779610 -1.79567 -0.970873 -0.105979 -0.0739395 -0.070141 0.0206112 0.994579
1461243986.8267490864 -1.81102 -0.966291 -0.0219731 -0.0587522 -0.0613571 0.00358786 0.996379
1461243986.9263248444 -1.82604 -0.967387 0.0617948 -0.054298 -0.0597165 0.00535708 0.996723
1461243987.0263819695 -1.838 -0.975954 0.140185 -0.0595757 -0.0635549 0.00609897 0.99618
1461243987.1258773804 -1.85322 -0.989548 0.211595 -0.0611145 -0.0678099 -0.00401785 0.995817
1461243987.2257857323 -1.87313 -0.998364 0.28354 -0.0541587 -0.0672168 0.00453995 0.996257
1461243987.3078653812 -1.89634 -0.99864 0.341519 -0.0593836 -0.0709509 0.000498837 0.99571
1461243987.3862719536 -1.92176 -0.996231 0.401004 -0.0636996 -0.0706754 -0.00329748 0.995458
1461243987.4657611847 -1.94464 -0.993074 0.463912 -0.0719946 -0.0661173 0.00649496 0.99519
1461243987.5459370613 -1.96223 -0.99528 0.527235 -0.0717499 -0.0474674 0.0199691 0.996092
1461243987.6261165142 -1.97375 -1.00399 0.587782 -0.0591837 -0.0349453 0.0271282 0.997266
1461243987.7078640461 -1.98336 -1.01019 0.639901 -0.0664353 -0.0299701 0.0248669 0.99703
1461243987.8079085350 -1.99511 -1.01852 0.694745 -0.0765057 -0.0283272 0.0179614 0.996505
1461243987.9078764915 -2.01262 -1.01995 0.744962 -0.0884306 -0.0275711 0.027719 0.995315
1461243988.0458238125 -2.03872 -1.01438 0.811203 -0.106384 -0.0199057 0.0293042 0.993694
1461243988.1658258438 -2.0578 -0.994114 0.868687 -0.134152 0.00956068 0.0378398 0.990192
1461243988.2656936646 -2.06867 -0.975199 0.917899 -0.165734 0.0435064 0.0237766 0.984923
1461243988.3665788174 -2.07609 -0.957577 0.972334 -0.199982 0.0802297 0.00783724 0.976478
1461243988.4672970772 -2.07579 -0.948991 1.02965 -0.201826 0.132727 0.0168467 0.97024
1461243988.5858292580 -2.06957 -0.937266 1.08909 -0.222351 0.181284 0.0209853 0.957735
1461243988.7462341785 -2.052 -0.919728 1.15125 -0.248462 0.210616 0.0184813 0.945286
1461243988.9060935974 -2.03138 -0.891714 1.20118 -0.283068 0.237582 0.0213362 0.928963
1461243989.0259513855 -2.00831 -0.865772 1.24065 -0.295849 0.269711 0.0130982 0.916274
1461243989.1459031105 -1.9809 -0.834526 1.29045 -0.307025 0.289414 0.0129667 0.906536
1461243989.2462296486 -1.95119 -0.808548 1.33623 -0.318675 0.307812 0.0195819 0.896278
1461243989.3457686901 -1.91478 -0.78946 1.38152 -0.333781 0.334878 0.0290824 0.880682
1461243989.4456608295 -1.87639 -0.77667 1.42891 -0.339947 0.352845 0.037641 0.870931
1461243989.5457019806 -1.84437 -0.770492 1.48094 -0.33514 0.355946 0.0415621 0.871353
1461243989.6456873417 -1.81919 -0.761863 1.53571 -0.336968 0.34126 0.0466388 0.876253
1461243989.7657287121 -1.78734 -0.753017 1.60226 -0.332781 0.346219 0.0404508 0.876215
1461243989.8660295010 -1.75761 -0.74995 1.66344 -0.318806 0.35911 0.0347154 0.876469
1461243989.9656200409 -1.7295 -0.747523 1.73219 -0.308097 0.367193 0.0192157 0.877426
1461243990.0856184959 -1.69927 -0.744209 1.81868 -0.300339 0.359715 0.0143898 0.883286
1461243990.2078909874 -1.66419 -0.743964 1.90147 -0.285565 0.363054 0.00705539 0.886902
1461243990.3304612637 -1.6264 -0.73591 1.97633 -0.266121 0.37239 0.00618902 0.889082
1461243990.4856827259 -1.5786 -0.702735 2.06647 -0.259669 0.381913 -0.00114016 0.886968
1461243990.6262316704 -1.53552 -0.678528 2.14791 -0.243594 0.390379 -0.0158632 0.887702
1461243990.7465996742 -1.49961 -0.66215 2.22409 -0.227631 0.385496 -0.0128458 0.894098
1461243990.8658127785 -1.46524 -0.646718 2.2976 -0.223298 0.393837 -0.000304769 0.891644
1461243990.9675066471 -1.44232 -0.638526 2.36413 -0.203529 0.394734 0.0137697 0.895864
1461243991.0464928150 -1.43068 -0.625114 2.41852 -0.192399 0.381986 0.0319491 0.903354
1461243991.2263019085 -1.40677 -0.59622 2.5344 -0.172487 0.369065 0.0200577 0.913037
1461243991.3655529022 -1.39038 -0.576464 2.62691 -0.151776 0.36026 0.0237775 0.920115
1461243991.5272922516 -1.36527 -0.563203 2.7298 -0.147479 0.371742 0.0646361 0.914265
1461243991.6456484795 -1.34739 -0.568547 2.80111 -0.130789 0.401035 0.0906709 0.902133
1461243991.7855496407 -1.3429 -0.56761 2.89539 -0.123063 0.403808 0.115153 0.899186
1461243991.9255352020 -1.34568 -0.56536 2.98914 -0.13393 0.403173 0.124433 0.896677
1461243992.0455880165 -1.35302 -0.562582 3.07418 -0.137744 0.393288 0.140201 0.898162
1461243992.1656210423 -1.36228 -0.557945 3.15706 -0.15726 0.382583 0.160267 0.896222
1461243992.2879593372 -1.37547 -0.560831 3.23814 -0.164175 0.37223 0.178819 0.895832
1461243992.4255280495 -1.39561 -0.566943 3.33345 -0.166521 0.37218 0.197184 0.891556
1461243992.5455257893 -1.41955 -0.566483 3.417 -0.170911 0.373126 0.217664 0.885544
1461243992.6863732338 -1.44635 -0.570733 3.50811 -0.18288 0.387177 0.219116 0.87672
1461243992.7859005928 -1.46406 -0.573232 3.57674 -0.188118 0.378895 0.212692 0.880802
1461243992.8656692505 -1.47711 -0.578516 3.63342 -0.185968 0.352936 0.198414 0.895257
1461243992.9455695152 -1.49007 -0.57636 3.68939 -0.184411 0.321687 0.174833 0.912109
1461243993.0454199314 -1.49752 -0.568303 3.75331 -0.181028 0.305324 0.150281 0.922725
1461243993.1469137669 -1.50204 -0.550391 3.81731 -0.172292 0.283096 0.144881 0.932299
1461243993.2660098076 -1.49537 -0.524042 3.8919 -0.162359 0.265604 0.144831 0.939211
1461243993.4057292938 -1.4696 -0.500992 3.97626 -0.150199 0.267634 0.139815 0.941416
1461243993.5658745766 -1.43731 -0.467072 4.07357 -0.153831 0.26235 0.165605 0.938128
1461243993.6855170727 -1.41855 -0.446298 4.14699 -0.148717 0.252656 0.162848 0.942087
1461243993.8269503117 -1.40823 -0.414672 4.23823 -0.167174 0.232028 0.135003 0.948678
1461243993.9454131126 -1.39637 -0.380694 4.3161 -0.212375 0.234605 0.10564 0.942708
1461243994.0854673386 -1.36716 -0.364166 4.40126 -0.229704 0.269587 0.116588 0.927882
1461243994.2254090309 -1.32191 -0.366699 4.47115 -0.230168 0.326805 0.111672 0.909808
1461243994.3654613495 -1.28241 -0.365644 4.5393 -0.223068 0.375178 0.0956947 0.894608
1461243994.5253570080 -1.25477 -0.353369 4.63618 -0.215829 0.358883 0.0741113 0.905057
1461243994.6458067894 -1.22933 -0.346241 4.7186 -0.193437 0.342842 0.066676 0.91684
1461243994.7456328869 -1.20952 -0.340819 4.78951 -0.176528 0.315105 0.0667757 0.930101
1461243994.8454957008 -1.19635 -0.335021 4.85753 -0.172297 0.278139 0.061196 0.942978
1461243994.9655041695 -1.18648 -0.327027 4.93179 -0.163545 0.257133 0.0627344 0.950369
1461243995.0655927658 -1.18859 -0.319882 4.99415 -0.146868 0.225691 0.0562626 0.96142
1461243995.1853663921 -1.20022 -0.309345 5.07011 -0.133841 0.191506 0.0467746 0.971197
1461243995.3053374290 -1.21196 -0.299637 5.14457 -0.120668 0.168767 0.0402913 0.977412
1461243995.4252791405 -1.22221 -0.297247 5.21167 -0.109298 0.141214 0.0480726 0.982752
1461243995.5653181076 -1.23162 -0.294074 5.27976 -0.112061 0.111873 0.0476435 0.986234
1461243995.6860475540 -1.24693 -0.298876 5.33475 -0.0967714 0.0806761 0.0443268 0.991041
1461243995.8078539371 -1.27111 -0.29872 5.38804 -0.0884358 0.0401229 0.0409299 0.994432
1461243995.9253265858 -1.295 -0.298129 5.43992 -0.0738008 0.00338161 0.0472051 0.996149
1461243996.0653843880 -1.3242 -0.301201 5.4959 -0.0624541 -0.0311206 0.0537725 0.996112
1461243996.1853599548 -1.35438 -0.307587 5.53454 -0.0577934 -0.0761941 0.0583826 0.993703
1461243996.3260583878 -1.38895 -0.322793 5.57117 -0.0409356 -0.120615 0.0531493 0.99043
1461243996.4652495384 -1.4336 -0.341256 5.60162 -0.0169178 -0.165125 0.0475115 0.984982
1461243996.6073303223 -1.48031 -0.352256 5.62945 -0.00164087 -0.205667 0.0483702 0.977425
1461243996.7453591824 -1.52849 -0.364769 5.65513 0.0211237 -0.235786 0.0396958 0.970764
1461243996.8853409290 -1.58121 -0.380892 5.67922 0.0348549 -0.272983 0.0424249 0.960451
1461243997.0073106289 -1.62812 -0.391063 5.70244 0.0370673 -0.305184 0.0340941 0.950961
1461243997.1455287933 -1.67878 -0.409395 5.73258 0.0400384 -0.33143 0.0337917 0.942024
1461243997.2652821541 -1.72137 -0.430782 5.75862 0.0484577 -0.353306 0.0354999 0.933577
1461243997.3653140068 -1.75869 -0.450951 5.78218 0.0607577 -0.368126 0.0313688 0.927258
1461243997.4651618004 -1.79857 -0.469445 5.80809 0.0755227 -0.376373 0.038586 0.922578
1461243997.5652585030 -1.8417 -0.482307 5.83942 0.0821742 -0.383923 0.0513245 0.918268
1461243997.6455323696 -1.87648 -0.495596 5.861 0.0839646 -0.397195 0.0464937 0.912702
1461243997.7455587387 -1.91432 -0.51486 5.88642 0.0803753 -0.408563 0.0423323 0.908198
1461243997.8451607227 -1.94985 -0.538528 5.90263 0.0942777 -0.437347 0.0520958 0.892819
1461243997.9653723240 -1.99552 -0.56176 5.91482 0.108668 -0.47662 0.0527231 0.870773
1461243998.0855078697 -2.0509 -0.581254 5.91609 0.134963 -0.515185 0.022851 0.846078
1461243998.2451407909 -2.10925 -0.614198 5.91989 0.15556 -0.544615 0.0445821 0.822926
1461243998.4451708794 -2.16746 -0.644652 5.91924 0.16745 -0.583212 0.0322381 0.79422
1461243998.6259722710 -2.22247 -0.673084 5.91158 0.184881 -0.615834 0.0144429 0.765741
1461243998.7652349472 -2.26288 -0.698934 5.90132 0.20366 -0.645253 0.0226097 0.735975
1461243998.8850858212 -2.29971 -0.718062 5.88951 0.222395 -0.676403 0.0153237 0.701986
1461243999.0451905727 -2.33846 -0.74733 5.87718 0.238362 -0.711148 0.0119852 0.661293
1461243999.2079415321 -2.36748 -0.779532 5.85575 0.272613 -0.740336 0.0118375 0.614365
1461243999.3651008606 -2.40457 -0.800855 5.8275 0.28671 -0.76887 0.00525039 0.571497
1461243999.5451529026 -2.45215 -0.824379 5.78484 0.302393 -0.786886 0.0022609 0.537926
1461243999.7078762054 -2.49702 -0.84957 5.73955 0.323894 -0.79237 -0.00247045 0.516949
1461243999.8655250072 -2.53163 -0.881019 5.68608 0.33905 -0.802478 0.00110275 0.490992
1461244000.0055267811 -2.55364 -0.905094 5.63423 0.350359 -0.814921 0.00426319 0.461665
1461244000.1650772095 -2.5774 -0.925268 5.56887 0.360896 -0.832028 0.0106224 0.421154
1461244000.3250823021 -2.60517 -0.941 5.49589 0.370843 -0.849746 0.00725114 0.374639
1461244000.4450254440 -2.62278 -0.96302 5.44053 0.373353 -0.862633 0.0115366 0.341085
1461244000.5850846767 -2.64615 -0.984748 5.37791 0.372735 -0.872872 0.0140036 0.314591
1461244000.7251605988 -2.66534 -1.00347 5.30885 0.377858 -0.879949 0.00878249 0.287814
1461244000.8453023434 -2.68577 -1.01083 5.23998 0.382414 -0.885454 0.00651187 0.263984
1461244001.0072832108 -2.71593 -1.02185 5.14165 0.396123 -0.883607 0.00371797 0.249624
1461244001.1650071144 -2.73865 -1.04848 5.0422 0.408844 -0.877963 1.64616e-05 0.249055
1461244001.3052854538 -2.75995 -1.07596 4.95235 0.391366 -0.887565 0.0111107 0.242769
1461244001.4251098633 -2.78671 -1.08952 4.87217 0.389528 -0.888919 0.00753462 0.240904
1461244001.5250728130 -2.80844 -1.09866 4.80181 0.392318 -0.889855 0.00909061 0.232729
1461244001.6249768734 -2.8286 -1.11154 4.72935 0.391815 -0.893701 0.0078876 0.218443
1461244001.7067720890 -2.84028 -1.1246 4.67098 0.389595 -0.897625 0.00741727 0.205983
1461244001.8072988987 -2.8515 -1.14191 4.60076 0.388363 -0.901961 -0.00117395 0.188785
1461244001.9071159363 -2.86014 -1.15981 4.53308 0.393238 -0.90232 -0.00515706 0.176509
1461244001.9849371910 -2.86858 -1.17162 4.47804 0.393861 -0.90355 -0.00393624 0.168686
1461244002.0649974346 -2.87726 -1.18084 4.4207 0.396483 -0.903332 0.00195912 0.163672
1461244002.1453409195 -2.8883 -1.18922 4.36039 0.3992 -0.901839 0.011269 0.164921
1461244002.2254772186 -2.89954 -1.19811 4.29921 0.400108 -0.900524 0.018232 0.169223
1461244002.3071146011 -2.90946 -1.20933 4.24025 0.401123 -0.898961 0.0211307 0.174707
1461244002.3857150078 -2.91712 -1.22222 4.18239 0.40195 -0.897058 0.0193597 0.182618
1461244002.4649803638 -2.92409 -1.23413 4.12265 0.393063 -0.902067 0.0126792 0.177806
1461244002.5448980331 -2.92957 -1.24701 4.06467 0.397058 -0.90044 0.0145606 0.177035
1461244002.6251986027 -2.93935 -1.25521 4.00538 0.390565 -0.903248 0.0199792 0.176643
1461244002.7067856789 -2.95017 -1.25808 3.94332 0.39192 -0.903735 0.0171764 0.171365
1461244002.7849168777 -2.96135 -1.26295 3.88047 0.39523 -0.902533 0.0147676 0.170321
1461244002.8648881912 -2.96912 -1.27137 3.81662 0.395867 -0.903766 0.0120707 0.162329
1461244002.9456815720 -2.97408 -1.28271 3.75359 0.395961 -0.906189 0.00756386 0.148253
1461244003.0249385834 -2.97718 -1.29423 3.69308 0.395997 -0.907718 0.000428892 0.13869
1461244003.1070718765 -2.98 -1.30427 3.63368 0.396903 -0.90846 -0.000914894 0.131023
1461244003.1848742962 -2.98414 -1.31056 3.57204 0.396588 -0.909845 0.00105986 0.122059
1461244003.2647998333 -2.99034 -1.31443 3.5081 0.402017 -0.908334 0.00342114 0.11533
1461244003.3449230194 -2.99652 -1.31855 3.4434 0.407593 -0.905912 0.00953086 0.114456
1461244003.4253849983 -3.00344 -1.3256 3.37918 0.408774 -0.904678 0.0129011 0.119558
1461244003.5069653988 -3.00749 -1.3367 3.31739 0.404663 -0.906264 0.00888819 0.121882
1461244003.5848646164 -3.01308 -1.34979 3.25471 0.399785 -0.907943 0.00702109 0.125545
1461244003.6648499966 -3.01585 -1.362 3.1923 0.402983 -0.907763 0.00248556 0.116469
1461244003.7449634075 -3.02045 -1.37477 3.1318 0.405373 -0.906944 0.0114525 0.113992
1461244003.9051609039 -3.03849 -1.39011 3.0077 0.403191 -0.909008 0.0224828 0.103135
1461244004.0448367596 -3.04969 -1.40888 2.90502 0.405549 -0.909489 0.0233703 0.0883985
1461244004.1447834969 -3.0536 -1.42483 2.83523 0.406336 -0.910472 0.0195372 0.0744992
1461244004.2449464798 -3.05827 -1.43927 2.7693 0.410211 -0.909649 0.0138192 0.0638321
1461244004.3250210285 -3.06402 -1.44572 2.71451 0.407339 -0.911553 0.0160125 0.0537478
1461244004.4047682285 -3.07276 -1.44892 2.65615 0.412531 -0.909662 0.0161649 0.045523
1461244004.4847671986 -3.08333 -1.45297 2.59506 0.414242 -0.909001 0.0194993 0.0417077
1461244004.5648381710 -3.09308 -1.46133 2.53499 0.422433 -0.905073 0.0255507 0.0417278
1461244004.6447453499 -3.10148 -1.4699 2.47419 0.420453 -0.906597 0.0129525 0.0336735
1461244004.7260262966 -3.11224 -1.48438 2.41541 0.416485 -0.908167 0.014124 0.0396557
1461244004.8070616722 -3.12103 -1.49788 2.35805 0.419639 -0.90699 0.00472753 0.0353484
1461244004.8848230839 -3.1324 -1.51069 2.30097 0.415561 -0.908832 0.00929203 0.0353084
1461244004.9650387764 -3.14633 -1.51937 2.24207 0.410318 -0.911377 0.00957351 0.0306469
1461244005.0451736450 -3.16077 -1.52634 2.18319 0.412502 -0.91059 0.0105439 0.0235963
1461244005.1247649193 -3.17499 -1.53681 2.12617 0.418973 -0.907804 0.0107293 0.0154482
1461244005.2048795223 -3.18212 -1.54642 2.07068 -0.419706 0.907639 -0.00280648 0.00549181
1461244005.3069276810 -3.18886 -1.56162 2.00584 -0.417283 0.908286 0.00289961 0.0297241
1461244005.4070622921 -3.19417 -1.57691 1.946 -0.424344 0.904015 0.00574099 0.0515383
1461244005.4848411083 -3.20032 -1.58521 1.89657 -0.416992 0.906129 -0.000129897 0.0710519
1461244005.5649311543 -3.20676 -1.58708 1.84433 -0.421625 0.902435 -0.0021308 0.0885366
1461244005.6447770596 -3.21362 -1.5879 1.79005 -0.435063 0.894875 -0.0039412 0.0995124
1461244005.7248814106 -3.218 -1.59054 1.73593 -0.437527 0.8926 -0.00940814 0.108381
1461244005.8246960640 -3.21416 -1.59419 1.67096 -0.440573 0.887765 -0.00197713 0.133282
1461244005.9252176285 -3.20619 -1.603 1.61096 -0.436871 0.885406 0.00306427 0.158717
1461244006.0647311211 -3.19959 -1.61207 1.53115 -0.428225 0.884793 0.00109214 0.18375
1461244006.1847047806 -3.19461 -1.61041 1.46379 -0.435057 0.874051 -0.000780622 0.216238
1461244006.3065714836 -3.1866 -1.61023 1.39961 -0.436932 0.863348 0.00235568 0.252417
1461244006.4446494579 -3.17209 -1.61369 1.33504 -0.429422 0.854388 0.00934566 0.292455
1461244006.5649373531 -3.15175 -1.60969 1.2881 -0.429689 0.839834 0.0214562 0.331037
1461244006.6850178242 -3.12957 -1.59809 1.24402 -0.423051 0.827543 0.0253181 0.368184
1461244006.8252258301 -3.10706 -1.57989 1.19008 -0.428893 0.815272 0.0218632 0.388464
1461244006.9646353722 -3.07282 -1.55804 1.14353 -0.431843 0.799465 0.0218805 0.417
1461244007.1067881584 -3.03277 -1.54295 1.10503 -0.423713 0.792756 0.0286711 0.437244
1461244007.2246305943 -2.99461 -1.52763 1.07962 -0.422185 0.780843 0.0252185 0.459791
1461244007.3253040314 -2.96234 -1.50939 1.06275 -0.426984 0.766273 0.0282886 0.479281
1461244007.4246966839 -2.93019 -1.49099 1.04595 -0.422221 0.761565 0.0300293 0.49076
1461244007.5249328613 -2.89498 -1.47262 1.03025 -0.409591 0.762823 0.03224 0.499296
1461244007.6248879433 -2.85716 -1.45292 1.01678 -0.406038 0.757404 0.0466457 0.509211
1461244007.7254850864 -2.82152 -1.43799 1.00329 -0.401934 0.762199 0.0491894 0.505056
1461244007.8446185589 -2.7789 -1.41647 0.992407 -0.394021 0.762776 0.0622724 0.508963
1461244007.9647088051 -2.73652 -1.39013 0.980147 -0.397221 0.764234 0.0688889 0.503405
1461244008.0845863819 -2.69544 -1.36213 0.961481 -0.402831 0.774869 0.0707885 0.481969
1461244008.2246370316 -2.64631 -1.33666 0.936952 -0.407448 0.790407 0.0660032 0.452644
1461244008.3651723862 -2.60184 -1.31908 0.906343 -0.409578 0.809993 0.058868 0.415562
1461244008.4846632481 -2.56671 -1.29898 0.876991 -0.409888 0.817234 0.0575907 0.401004
1461244008.6446921825 -2.52654 -1.26667 0.829425 -0.431486 0.816337 0.0556474 0.379891
1461244008.7248842716 -2.50903 -1.2558 0.801732 -0.43196 0.825005 0.0515358 0.360723
1461244008.8256857395 -2.48616 -1.24131 0.767607 -0.430339 0.832226 0.057375 0.344842
1461244008.9444527626 -2.46316 -1.2264 0.73042 -0.438953 0.836683 0.0691544 0.320155
1461244009.1445317268 -2.42662 -1.20708 0.682069 -0.435162 0.847236 0.0877207 0.291771
1461244009.3846530914 -2.37985 -1.18047 0.620569 -0.443994 0.85244 0.0920643 0.260269
1461244009.6066346169 -2.33259 -1.16122 0.559668 -0.462927 0.851309 0.0826071 0.232697
1461244009.8451781273 -2.28441 -1.13649 0.49169 -0.474972 0.844352 0.0928219 0.229902
1461244010.0444810390 -2.24298 -1.10347 0.426797 -0.487722 0.833822 0.103094 0.23715
1461244010.1846332550 -2.20056 -1.077 0.37171 -0.49723 0.818554 0.114196 0.263992
1461244010.3248140812 -2.15031 -1.06501 0.308745 -0.506127 0.807106 0.111816 0.282688
1461244010.4451060295 -2.10331 -1.06385 0.255681 -0.527512 0.78616 0.106512 0.303873
1461244010.5443820953 -2.06265 -1.06541 0.214794 -0.528989 0.781197 0.0930093 0.318201
1461244010.6651549339 -2.01639 -1.05659 0.170418 -0.538148 0.768714 0.0928775 0.332939
1461244010.7644836903 -1.97326 -1.03726 0.135275 -0.532744 0.756091 0.100501 0.366619
1461244010.8450086117 -1.93596 -1.01441 0.106929 -0.531551 0.741467 0.100276 0.397021
1461244010.9447548389 -1.8871 -0.9889 0.0672002 -0.532607 0.727336 0.0895543 0.423429
1461244011.0246381760 -1.84782 -0.974124 0.0321034 -0.534915 0.727652 0.0703373 0.423606
1461244011.1248304844 -1.79626 -0.957263 -0.00469722 -0.528117 0.71754 0.0685713 0.448916
1461244011.2244632244 -1.74873 -0.940734 -0.0426974 -0.511798 0.71292 0.0804903 0.472577
1461244011.3444733620 -1.69652 -0.921881 -0.089402 -0.510016 0.696411 0.0865317 0.497401
1461244011.4443006516 -1.65309 -0.905582 -0.130389 -0.489803 0.68901 0.0845272 0.527459
1461244011.5443534851 -1.61183 -0.892948 -0.175433 -0.482506 0.673242 0.0673033 0.556241
1461244011.6443371773 -1.57438 -0.884911 -0.219866 -0.469912 0.65517 0.0497191 0.58946
1461244011.7645730972 -1.53295 -0.89236 -0.275974 -0.451453 0.635579 0.0360708 0.625243
1461244011.8843584061 -1.49328 -0.909449 -0.331539 -0.43468 0.618129 0.0101391 0.65488
1461244012.0243062973 -1.45263 -0.92777 -0.405563 -0.405064 0.608886 -0.00521764 0.682022
1461244012.2063150406 -1.41979 -0.932217 -0.51494 -0.384951 0.597165 -0.0242691 0.703291
1461244012.4064486027 -1.39821 -0.921765 -0.650876 -0.387502 0.56537 -0.0344899 0.72733
1461244012.5445618629 -1.38637 -0.92811 -0.761719 -0.400176 0.56634 -0.0313594 0.719816
1461244012.6647222042 -1.38081 -0.933151 -0.861774 -0.411213 0.572282 -0.0153621 0.709338
1461244012.8244502544 -1.38778 -0.928161 -0.99399 -0.415796 0.56837 -0.00598624 0.709953
1461244012.9642510414 -1.3991 -0.928522 -1.11376 -0.426848 0.571923 -0.0104673 0.700425
1461244013.1242678165 -1.41312 -0.928078 -1.23516 -0.434529 0.563838 0.0240407 0.701922
1461244013.3248217106 -1.41225 -0.925848 -1.36641 -0.424654 0.555118 0.0538985 0.713168
1461244013.4842317104 -1.4089 -0.900074 -1.47148 -0.448367 0.528994 0.0517235 0.718649
1461244013.6245148182 -1.39376 -0.873973 -1.56067 -0.459598 0.517912 0.0327372 0.720739
1461244013.8242676258 -1.3488 -0.86559 -1.65445 -0.456719 0.498957 0.0274365 0.736001
1461244014.0064318180 -1.2952 -0.872339 -1.70832 -0.423682 0.492538 0.0198374 0.759939
1461244014.1642580032 -1.25379 -0.857777 -1.74021 -0.398337 0.453573 0.00166435 0.797243
1461244014.3446762562 -1.21582 -0.837003 -1.75762 -0.370357 0.403971 0.000592043 0.836447
1461244014.5244479179 -1.1749 -0.824922 -1.74717 -0.341787 0.355263 0.00406275 0.870031
1461244014.6850144863 -1.13182 -0.79872 -1.71773 -0.317058 0.324893 0.00062169 0.891021
1461244014.8063080311 -1.09165 -0.768238 -1.67861 -0.284756 0.313584 0.0109833 0.905792
1461244014.9246253967 -1.04556 -0.732487 -1.63182 -0.276208 0.304857 0.0100315 0.911411
1461244015.0444004536 -0.999367 -0.708232 -1.57733 -0.264794 0.294508 0.00224392 0.918229
1461244015.1643431187 -0.954383 -0.689076 -1.52253 -0.237356 0.298167 0.00792474 0.924497
1461244015.2849376202 -0.921059 -0.66252 -1.46133 -0.239213 0.273499 0.00959108 0.931603
1461244015.4064106941 -0.892204 -0.635076 -1.39316 -0.224892 0.24912 0.0118041 0.941925
1461244015.5064754486 -0.866924 -0.612015 -1.33128 -0.202748 0.231658 0.0247874 0.951112
1461244015.6243183613 -0.833919 -0.594758 -1.25955 -0.178569 0.21654 0.0181043 0.959633
1461244015.7241368294 -0.81417 -0.590054 -1.19737 -0.15609 0.173099 0.0190394 0.972271
1461244015.8641920090 -0.786833 -0.578747 -1.11103 -0.142189 0.142925 0.0227944 0.979201
1461244016.0069437027 -0.769435 -0.560782 -1.01912 -0.120222 0.113572 0.0323116 0.9857
1461244016.1443858147 -0.757561 -0.539448 -0.91999 -0.0923321 0.0943341 0.0212879 0.991021
1461244016.2844924927 -0.739693 -0.530464 -0.823435 -0.0619205 0.0935742 0.0146644 0.993577
1461244016.4240877628 -0.713102 -0.517419 -0.730206 -0.0539032 0.0812098 0.0274861 0.994859
1461244016.5440177917 -0.696516 -0.503517 -0.652859 -0.056439 0.0662161 0.0310081 0.995725
1461244016.6640315056 -0.683218 -0.475061 -0.572175 -0.0578131 0.04926 0.0349181 0.9965
1461244016.7849056721 -0.669251 -0.447891 -0.487396 -0.0516405 0.0353767 0.038387 0.9973
1461244016.9062376022 -0.642063 -0.433226 -0.398821 -0.0404866 0.0264286 0.0374641 0.998128
1461244017.0439600945 -0.616303 -0.418836 -0.300377 -0.0287341 0.00178093 0.0396513 0.998799
1461244017.2245674133 -0.575123 -0.388243 -0.183017 -0.0357312 -0.000746228 0.0483846 0.998189
1461244017.3839812279 -0.548773 -0.346273 -0.0702032 -0.0360604 -0.000201273 0.0469667 0.998245
1461244017.5239703655 -0.52098 -0.308028 0.030286 -0.0170491 0.0157459 0.0379111 0.999012
1461244017.6440763474 -0.501845 -0.282518 0.119126 -0.0267833 -0.0109367 0.0314711 0.999086
1461244017.7839920521 -0.47877 -0.259626 0.211523 -0.0406478 -0.0311972 0.0304967 0.998221
1461244017.9246211052 -0.459578 -0.230612 0.289361 -0.0443305 -0.0601798 0.0439639 0.996233
1461244018.1060941219 -0.431034 -0.183396 0.373373 -0.0386343 -0.0966598 0.0527568 0.993167
1461244018.2847092152 -0.394271 -0.132433 0.445823 -0.026286 -0.140069 0.0647738 0.987671
1461244018.4439485073 -0.353969 -0.0874035 0.501697 -0.0471343 -0.159479 0.0488492 0.984865
1461244018.6442553997 -0.310874 -0.0487787 0.560281 -0.055654 -0.153666 0.066908 0.984283
1461244018.8238990307 -0.291986 -0.0111661 0.600703 -0.0842087 -0.146877 0.0652955 0.983399
1461244019.0439364910 -0.280558 0.00742407 0.638779 -0.0983249 -0.116595 0.0831339 0.984798
1461244019.3440918922 -0.275321 0.0231526 0.663684 -0.123618 -0.0817548 0.077414 0.985922
