1461161712.9415092468 0 0 0 -0 -0 -0 1
1461161713.2015135288 0.0291138 -0.000115774 0.000948403 0.00494949 0.0397636 0.0168431 0.999055
1461161714.8613767624 0.0321431 -0.0313645 0.02477 0.0434918 0.0510829 -0.0168549 0.997605
1461161715.1014308929 0.0310463 -0.0758152 0.0373369 0.0655633 0.0926853 -0.03905 0.992767
1461161715.2014853954 0.0471319 -0.0864309 0.0331892 0.0582117 0.155612 -0.07942 0.982898
1461161715.2813704014 0.0679214 -0.080676 0.0236064 -0.000596205 0.1972 -0.130874 0.971588
1461161715.3613958359 0.0879092 -0.105348 0.01407 0.0729188 0.241423 -0.121558 0.960011
1461161715.4419062138 0.107982 -0.126226 0.00264445 0.132338 0.287792 -0.0999593 0.943223
1461161716.6013460159 0.0817987 -0.125801 0.0363732 0.111067 0.271788 -0.129045 0.947176
1461161716.7213013172 0.0551385 -0.138235 0.0473244 0.10248 0.243179 -0.131589 0.955535
1461161716.8613607883 0.0249452 -0.157059 0.0577359 0.0994032 0.218622 -0.10821 0.964683
1461161717.0613691807 -0.0168535 -0.172737 0.0693859 0.0781299 0.203876 -0.0904976 0.971669
1461161717.2212672234 -0.058074 -0.184893 0.0875032 0.0815936 0.181753 -0.0935259 0.97548
1461161717.3412947655 -0.0923942 -0.198584 0.108689 0.103766 0.171659 -0.0947861 0.97508
1461161717.4618842602 -0.130806 -0.203214 0.136739 0.111074 0.154105 -0.0967518 0.977012
1461161717.5612342358 -0.164036 -0.205673 0.16454 0.112839 0.135937 -0.111729 0.977909
1461161717.6813256741 -0.20102 -0.21104 0.198457 0.115314 0.130341 -0.126099 0.976634
1461161717.8012800217 -0.240458 -0.217006 0.232985 0.113507 0.121379 -0.136511 0.9766
1461161717.9612584114 -0.287841 -0.233304 0.274898 0.123702 0.122247 -0.110149 0.978581
1461161718.0812833309 -0.325764 -0.241598 0.308739 0.116877 0.112897 -0.0821535 0.983283
1461161718.2612671852 -0.389509 -0.252157 0.35625 0.117163 0.0963465 -0.0484269 0.987241
1461161718.4212636948 -0.452826 -0.257365 0.383262 0.126368 0.0731046 -0.0424928 0.988373
1461161718.5612528324 -0.514247 -0.252599 0.409919 0.115069 0.0527022 -0.0387944 0.9912
1461161718.6812634468 -0.576029 -0.24675 0.432723 0.119796 0.0263029 -0.051983 0.991088
1461161718.8412194252 -0.661816 -0.237236 0.456667 0.128548 0.0120923 -0.0607312 0.989768
1461161719.0012335777 -0.7512 -0.229788 0.478063 0.145771 0.00669251 -0.0822394 0.985872
1461161719.1611499786 -0.841676 -0.227644 0.501849 0.141139 -0.00936681 -0.073977 0.987178
1461161719.3411934376 -0.93966 -0.222813 0.525953 0.138026 -0.0206074 -0.052396 0.988827
1461161719.5012218952 -1.03533 -0.209283 0.545549 0.135902 -0.0318757 -0.0493746 0.988978
1461161719.6012456417 -1.10591 -0.19447 0.560247 0.119858 -0.0687019 -0.0311902 0.98992
1461161719.7415094376 -1.19935 -0.181021 0.57471 0.115132 -0.0802113 -0.0401896 0.98929
1461161719.9229090214 -1.30454 -0.178029 0.58477 0.108025 -0.0773125 -0.0368248 0.990453
1461161720.1011555195 -1.41261 -0.177405 0.584037 0.118409 -0.0806509 -0.0169514 0.989539
1461161720.3211591244 -1.54483 -0.15815 0.584977 0.128933 -0.0596372 -0.0063432 0.989838
1461161720.5013024807 -1.65168 -0.133656 0.595649 0.11661 -0.0568991 0.00407422 0.991538
1461161720.6812026501 -1.74975 -0.0921127 0.618149 0.107648 -0.0534028 0.00921003 0.992711
1461161720.8611488342 -1.8449 -0.0387635 0.648636 0.102123 -0.0459694 -0.00742538 0.993681
1461161721.0230498314 -1.92985 0.00766753 0.673921 0.09067 -0.0409501 -0.0168916 0.994895
1461161721.2010538578 -2.02089 0.0423813 0.691929 0.0735277 -0.0406217 -0.0155981 0.996343
1461161721.4228682518 -2.12196 0.0758358 0.716174 0.0650225 -0.0278919 0.0174576 0.997341
1461161721.6610438824 -2.21711 0.11401 0.740547 0.0543253 0.0155423 0.0369923 0.997717
1461161721.9010748863 -2.27414 0.150634 0.743892 0.018131 0.0434196 0.0552831 0.997361
1461161722.2810714245 -2.28646 0.212374 0.699763 -0.00560333 0.0815596 0.0558658 0.995086
1461161722.5409567356 -2.25337 0.227809 0.656142 0.000196496 0.133083 0.0355214 0.990468
1461161722.8210134506 -2.17556 0.218333 0.62634 0.0221319 0.156366 0.018043 0.987286
1461161722.9610950947 -2.11676 0.200893 0.615045 0.0483408 0.186016 0.00765026 0.981327
1461161723.1209645271 -2.03328 0.188451 0.612034 0.0457679 0.206379 0.0130422 0.977314
1461161723.2209990025 -1.97082 0.183931 0.610568 0.0374751 0.238715 0.0201845 0.970156
1461161723.3409543037 -1.90354 0.177698 0.613331 0.0354839 0.259165 0.0199879 0.964974
1461161723.4810321331 -1.82992 0.168154 0.626309 0.0321056 0.27825 0.0144204 0.959864
1461161723.6227254868 -1.75337 0.160934 0.650116 0.0162249 0.291337 0.0107229 0.956423
1461161723.7409567833 -1.67586 0.152142 0.669155 0.020689 0.31391 0.0156715 0.949098
1461161723.8409581184 -1.61138 0.138348 0.683653 0.0304992 0.334778 0.00857696 0.941764
1461161724.0009388924 -1.52761 0.117317 0.711052 0.0316105 0.331982 0.0128891 0.942668
1461161724.1809668541 -1.44541 0.0929451 0.753118 0.0255989 0.331623 0.00192018 0.943063
1461161724.3226058483 -1.37929 0.0788445 0.795937 0.0220952 0.34247 0.0107777 0.939207
1461161724.4609832764 -1.31322 0.0667403 0.845538 0.0202431 0.350663 0.0116423 0.93621
1461161724.5809035301 -1.25492 0.0517697 0.884138 0.0303621 0.378358 0.00119831 0.92516
1461161724.7415215969 -1.18967 0.0309965 0.940008 0.0226605 0.384586 0.00257665 0.922807
1461161724.9009244442 -1.13158 0.0150595 0.995786 0.00592888 0.391868 0.00553957 0.919986
1461161725.0609705448 -1.0735 0.00443689 1.0558 0.006643 0.391616 0.0171213 0.919945
1461161725.2228140831 -1.01495 -0.00799199 1.11576 0.00854714 0.393456 0.0349172 0.91864
1461161725.3608653545 -0.977408 -0.0224514 1.17137 0.013272 0.370716 0.0366285 0.927929
1461161725.5227456093 -0.938139 -0.034487 1.23153 -0.00572964 0.371722 0.0264292 0.92795
1461161725.6608650684 -0.904245 -0.0405885 1.28819 -0.0176097 0.376937 0.0332742 0.925474
1461161725.7809555531 -0.872885 -0.0445989 1.33531 -0.0261141 0.396403 0.0277298 0.917286
1461161725.9008808136 -0.844001 -0.0532411 1.3818 -0.0196892 0.415877 0.0239658 0.908892
1461161726.0408737659 -0.820363 -0.062191 1.43616 -0.0250836 0.419969 0.0182767 0.907008
1461161726.1807630062 -0.793344 -0.0660184 1.48154 -0.0335783 0.437928 0.0354209 0.897684
1461161726.3410639763 -0.76467 -0.0702288 1.5299 -0.0433847 0.444251 0.0473521 0.893598
1461161726.5008387566 -0.733747 -0.0701645 1.57485 -0.049656 0.448322 0.0585926 0.890567
1461161726.6608693600 -0.704431 -0.0756947 1.61761 -0.0491127 0.439529 0.0580799 0.895002
1461161726.8013398647 -0.677985 -0.0905896 1.6513 -0.0409921 0.434503 0.0581339 0.897857
1461161726.9231262207 -0.654023 -0.10613 1.67965 -0.0258317 0.433242 0.0577842 0.899052
1461161727.0409028530 -0.628055 -0.123118 1.70444 -0.0249217 0.437449 0.0341491 0.898249
1461161727.1225810051 -0.607606 -0.134845 1.72124 -0.00473121 0.443119 0.0321339 0.895874
1461161727.2012317181 -0.585209 -0.144375 1.73794 0.00515639 0.451494 0.02809 0.891817
1461161727.2811629772 -0.56229 -0.151318 1.75479 0.00774935 0.456533 0.0263823 0.889281
1461161727.3609886169 -0.541286 -0.160329 1.77237 0.0237792 0.467204 0.0309777 0.883287
1461161727.4409840107 -0.521304 -0.16727 1.79077 0.0272415 0.475565 0.0301318 0.878742
1461161727.5238435268 -0.50548 -0.174019 1.80972 0.0323916 0.475693 0.0295577 0.878518
1461161727.6016511917 -0.493347 -0.180358 1.83111 0.0359429 0.462048 0.0304082 0.885604
1461161727.6809036732 -0.483195 -0.184879 1.85354 0.0382532 0.432693 0.0184377 0.900541
1461161727.7807798386 -0.468544 -0.185104 1.87613 0.023781 0.42051 0.00822335 0.906939
1461161727.8607385159 -0.457239 -0.179946 1.89424 0.00555131 0.412538 0.0058706 0.910905
1461161727.9408619404 -0.44735 -0.174956 1.914 -0.00574455 0.393521 0.00701855 0.919271
1461161728.0230684280 -0.439562 -0.171799 1.93239 -0.0057665 0.377609 0.00569653 0.92593
1461161728.1410892010 -0.429641 -0.169601 1.95851 -0.00289298 0.353178 0.00539671 0.935536
1461161728.2811820507 -0.421473 -0.169692 1.98224 -0.00971198 0.334684 -0.00498056 0.942267
1461161728.6806690693 -0.412713 -0.187519 2.01585 -0.00374395 0.323689 -0.0218835 0.945903
1461161728.9606945515 -0.411709 -0.197888 2.04378 0.0103636 0.301229 -0.0290735 0.953052
1461161729.1006677151 -0.410487 -0.198695 2.06854 0.0238153 0.257331 -0.0348543 0.965401
1461161729.2413949966 -0.4035 -0.186228 2.09616 -0.00850163 0.222613 -0.0442427 0.973865
1461161729.3606727123 -0.397945 -0.171172 2.12901 -0.0335416 0.181778 -0.0442634 0.98177
1461161729.5610048771 -0.382516 -0.156917 2.18619 -0.0433038 0.128586 -0.046721 0.98965
1461161729.7806239128 -0.37403 -0.175938 2.23686 -0.0227531 0.0772228 -0.0591003 0.995001
1461161730.0208501816 -0.35886 -0.196513 2.29024 -0.00848929 0.0311938 -0.0653651 0.997338
1461161730.2212812901 -0.349586 -0.206782 2.33129 -0.0062111 -0.0202571 -0.0834116 0.99629
1461161730.4414050579 -0.344238 -0.226713 2.37077 -0.0109187 -0.0680671 -0.0895665 0.993592
1461161730.6214776039 -0.360542 -0.23515 2.40725 -0.00358785 -0.122554 -0.0912507 0.988251
1461161730.7609679699 -0.379731 -0.229447 2.4386 -0.007789 -0.174849 -0.101831 0.979284
1461161730.9229385853 -0.397356 -0.222727 2.47795 -0.0230772 -0.21152 -0.108554 0.971052
1461161731.0606365204 -0.415003 -0.226873 2.50852 -0.0213004 -0.236095 -0.109481 0.965308
1461161731.2021634579 -0.439099 -0.23339 2.53278 -0.0199073 -0.267812 -0.0988838 0.958176
1461161731.3405613899 -0.463499 -0.235529 2.5549 -0.0250212 -0.306728 -0.0906971 0.947136
1461161731.4606168270 -0.483571 -0.225382 2.57128 -0.0310564 -0.34809 -0.0958 0.932036
1461161731.6224226952 -0.509337 -0.21063 2.59296 -0.0539676 -0.396971 -0.105623 0.910135
1461161731.7806258202 -0.534351 -0.19974 2.61141 -0.0746051 -0.444823 -0.111926 0.88546
1461161731.9012739658 -0.556335 -0.188273 2.62093 -0.0919035 -0.474465 -0.126658 0.866253
1461161732.0229487419 -0.586563 -0.179504 2.62561 -0.0970012 -0.507314 -0.133015 0.84589
1461161732.2226374149 -0.648651 -0.16525 2.63388 -0.0863072 -0.548075 -0.129332 0.821851
1461161732.4605743885 -0.727751 -0.157455 2.64935 -0.0703901 -0.568134 -0.125114 0.810318
1461161732.6225106716 -0.790929 -0.154006 2.65675 -0.0707629 -0.592923 -0.108434 0.794781
1461161732.7605247498 -0.847779 -0.14384 2.66265 -0.0618251 -0.616614 -0.0953808 0.779017
1461161732.8605420589 -0.891732 -0.133243 2.66351 -0.0672303 -0.639286 -0.0880909 0.760942
1461161733.0230562687 -0.961558 -0.117381 2.65891 -0.0790435 -0.669901 -0.0831412 0.733535
1461161733.1604626179 -1.02604 -0.103568 2.65034 -0.0926835 -0.688073 -0.0840096 0.714778
1461161733.2605073452 -1.07544 -0.0898166 2.63899 -0.0998652 -0.705049 -0.0860549 0.696798
1461161733.3406348228 -1.11652 -0.0769092 2.62844 -0.108832 -0.72042 -0.0726788 0.681078
1461161733.4224061966 -1.15915 -0.0602943 2.62104 -0.110377 -0.719924 -0.0787529 0.680679
1461161733.5005064011 -1.20325 -0.0448431 2.6126 -0.110835 -0.726435 -0.0922608 0.671934
1461161733.6003570557 -1.26004 -0.0319405 2.60173 -0.107034 -0.733193 -0.108148 0.662779
1461161733.7005326748 -1.3195 -0.0279193 2.5925 -0.107741 -0.726685 -0.102544 0.670675
1461161733.8010897636 -1.3776 -0.0216136 2.58578 -0.109718 -0.724871 -0.102271 0.672358
1461161733.9004452229 -1.43735 -0.00969386 2.58076 -0.116364 -0.722011 -0.0933416 0.675609
1461161734.0006098747 -1.49697 0.00165397 2.57342 -0.115133 -0.72518 -0.0871697 0.673245
1461161734.1005465984 -1.55551 0.00966048 2.56377 -0.111502 -0.733416 -0.0767548 0.666166
1461161734.2016954422 -1.61115 0.01698 2.55128 -0.107726 -0.746109 -0.0798549 0.65218
1461161734.3020737171 -1.666 0.0287098 2.54253 -0.124759 -0.74937 -0.0988507 0.642735
1461161734.4004724026 -1.72485 0.0391309 2.5328 -0.126684 -0.752022 -0.0963305 0.639637
1461161734.5004920959 -1.78565 0.0554258 2.52483 -0.128117 -0.754542 -0.0963285 0.636375
1461161734.5811312199 -1.8363 0.0678295 2.52041 -0.12745 -0.747725 -0.0967693 0.644437
1461161734.6604235172 -1.88532 0.0787917 2.51557 -0.111512 -0.744526 -0.108689 0.649178
1461161734.7407789230 -1.93187 0.0875141 2.50726 -0.107194 -0.749762 -0.116672 0.642459
1461161734.8223364353 -1.97941 0.0963205 2.50063 -0.109335 -0.74075 -0.120274 0.65182
1461161734.9010171890 -2.02405 0.106568 2.49789 -0.111757 -0.744718 -0.126292 0.645721
1461161734.9803974628 -2.06963 0.118297 2.49774 -0.117647 -0.739022 -0.127613 0.650939
1461161735.0604715347 -2.11734 0.132892 2.49852 -0.119394 -0.736024 -0.128409 0.653854
1461161735.1403872967 -2.1671 0.146274 2.50125 -0.119281 -0.730694 -0.13105 0.659306
1461161735.2223827839 -2.21741 0.157049 2.50027 -0.126255 -0.729783 -0.120341 0.661055
1461161735.3003220558 -2.2658 0.167532 2.49735 -0.137764 -0.726555 -0.137082 0.65905
1461161735.4003834724 -2.32488 0.176561 2.48902 -0.149729 -0.738275 -0.143235 0.641883
1461161735.4803857803 -2.37325 0.181851 2.48261 -0.149811 -0.736939 -0.138726 0.644385
1461161735.5604124069 -2.42233 0.192017 2.4788 -0.143849 -0.741172 -0.141802 0.640206
1461161735.6404459476 -2.47269 0.205407 2.4773 -0.136474 -0.739275 -0.141086 0.64416
1461161735.7429327965 -2.53704 0.221298 2.47367 -0.136513 -0.734605 -0.138113 0.650111
1461161735.8225605488 -2.58626 0.229 2.47005 -0.123942 -0.733177 -0.147205 0.652243
1461161735.9224212170 -2.64731 0.232986 2.46662 -0.11823 -0.72977 -0.148607 0.656791
1461161736.0220785141 -2.70757 0.24024 2.46144 -0.128853 -0.731592 -0.14145 0.654341
1461161736.1004004478 -2.75725 0.249064 2.46219 -0.126756 -0.725593 -0.139877 0.661727
1461161736.1803977489 -2.80979 0.260649 2.46368 -0.12807 -0.721198 -0.123123 0.669561
1461161736.2603700161 -2.86264 0.271934 2.46513 -0.12968 -0.713658 -0.120516 0.677754
1461161736.3412158489 -2.91306 0.281567 2.46193 -0.131563 -0.721948 -0.114523 0.669602
1461161736.4403960705 -2.97152 0.292114 2.45474 -0.137556 -0.723623 -0.11695 0.666161
1461161736.5602381229 -3.04229 0.304505 2.44461 -0.145618 -0.732134 -0.134145 0.651752
1461161736.6603679657 -3.10408 0.31873 2.43522 -0.142852 -0.736605 -0.13417 0.647306
1461161736.7403597832 -3.15414 0.330687 2.43184 -0.138471 -0.735659 -0.131543 0.649867
1461161736.8207364082 -3.20457 0.345777 2.42796 -0.136177 -0.725811 -0.139737 0.659643
1461161736.9004404545 -3.25328 0.354065 2.42519 -0.129517 -0.716759 -0.134877 0.671781
1461161736.9806501865 -3.30079 0.362085 2.42265 -0.126939 -0.70643 -0.14173 0.68173
1461161737.0602934361 -3.34788 0.373294 2.41511 -0.137067 -0.709076 -0.149955 0.675231
1461161737.1402997971 -3.39643 0.381014 2.41335 -0.137462 -0.699709 -0.152186 0.684362
1461161737.2202844620 -3.44569 0.391189 2.41022 -0.140134 -0.691084 -0.142284 0.694637
1461161737.3402609825 -3.51974 0.41023 2.41022 -0.139286 -0.680659 -0.145803 0.704304
1461161737.4605493546 -3.59311 0.42545 2.40505 -0.149731 -0.67568 -0.144924 0.707131
1461161737.6003127098 -3.6784 0.436034 2.39526 -0.158226 -0.673578 -0.145176 0.707235
1461161737.7408275604 -3.76692 0.445361 2.38854 -0.152964 -0.659882 -0.121451 0.725539
1461161737.8602471352 -3.84785 0.469075 2.38303 -0.146235 -0.654957 -0.121747 0.731316
1461161737.9602448940 -3.90991 0.483979 2.38152 -0.143708 -0.648779 -0.13129 0.73566
1461161738.0802834034 -3.97866 0.492242 2.38055 -0.148261 -0.644524 -0.13072 0.738593
1461161738.1808447838 -4.03643 0.500777 2.37695 -0.163171 -0.652248 -0.122247 0.730071
1461161738.2601809502 -4.08217 0.506431 2.38088 -0.16416 -0.643278 -0.120054 0.738127
1461161738.3401989937 -4.12802 0.512455 2.38607 -0.157108 -0.636171 -0.111314 0.747136
1461161738.4222013950 -4.17414 0.521268 2.38986 -0.158707 -0.633569 -0.0992497 0.750701
1461161738.5002474785 -4.21831 0.533599 2.39389 -0.166463 -0.631552 -0.103382 0.750163
1461161738.5801694393 -4.2598 0.545991 2.39777 -0.169358 -0.627313 -0.112008 0.751832
1461161738.6602225304 -4.30044 0.556999 2.40248 -0.176396 -0.619622 -0.11845 0.755594
1461161738.7608771324 -4.35026 0.566374 2.40751 -0.182792 -0.609458 -0.1256 0.761166
1461161738.8404386044 -4.39066 0.574396 2.41167 -0.185331 -0.599512 -0.1202 0.769279
1461161738.9407894611 -4.44125 0.58582 2.417 -0.185671 -0.589835 -0.113718 0.777618
1461161739.0405085087 -4.49018 0.597087 2.42701 -0.174263 -0.567068 -0.100673 0.798706
1461161739.1406903267 -4.53928 0.601819 2.43441 -0.146561 -0.557386 -0.105858 0.81033
1461161739.2414665222 -4.58575 0.600193 2.44232 -0.138328 -0.548748 -0.106626 0.81754
1461161739.3222317696 -4.62258 0.597247 2.44759 -0.145675 -0.550782 -0.0887197 0.817035
1461161739.4009165764 -4.65891 0.598244 2.45028 -0.15491 -0.56483 -0.0832747 0.806248
1461161739.4801011086 -4.69396 0.600955 2.45052 -0.155477 -0.588582 -0.0888685 0.788353
1461161739.5601916313 -4.7262 0.603658 2.45345 -0.146812 -0.608716 -0.0934623 0.774064
1461161739.6401367188 -4.75675 0.607647 2.45895 -0.141309 -0.623541 -0.0898887 0.763642
1461161739.7222251892 -4.78534 0.612904 2.46746 -0.135402 -0.625572 -0.0971493 0.76216
1461161739.8001143932 -4.81225 0.618086 2.47306 -0.136964 -0.635836 -0.0974204 0.753301
1461161739.8800926208 -4.83923 0.624087 2.4785 -0.142475 -0.642853 -0.106418 0.745061
1461161739.9600706100 -4.86387 0.630914 2.48529 -0.145798 -0.651086 -0.131385 0.73319
1461161740.0401535034 -4.8871 0.634182 2.49354 -0.141243 -0.662871 -0.13698 0.722419
1461161740.1236946583 -4.90948 0.638253 2.50426 -0.134707 -0.672378 -0.146793 0.712891
1461161740.2019486427 -4.93154 0.642632 2.51548 -0.131639 -0.681258 -0.151316 0.704032
1461161740.2800312042 -4.95347 0.648294 2.52459 -0.13467 -0.691932 -0.153038 0.692585
1461161740.3608791828 -4.97462 0.655952 2.53352 -0.150633 -0.69564 -0.166038 0.682515
1461161740.4407722950 -4.99736 0.663193 2.54001 -0.146717 -0.707067 -0.178576 0.668312
1461161740.5228435993 -5.01927 0.671541 2.54797 -0.152534 -0.712774 -0.191536 0.657268
1461161740.6223409176 -5.04802 0.681655 2.55784 -0.166329 -0.716889 -0.200847 0.64658
1461161740.7001819611 -5.0719 0.688734 2.56576 -0.170966 -0.718269 -0.207392 0.641755
1461161740.7804195881 -5.09734 0.696308 2.57262 -0.175999 -0.721901 -0.211642 0.634895
1461161740.8603265285 -5.12394 0.703795 2.57902 -0.178025 -0.728017 -0.209758 0.627933
1461161740.9400475025 -5.15236 0.712866 2.58647 -0.175031 -0.732962 -0.21498 0.62122
1461161741.0219759941 -5.1813 0.71965 2.59222 -0.180032 -0.740272 -0.207923 0.613477
1461161741.1221988201 -5.21775 0.727884 2.59495 -0.18445 -0.74803 -0.208905 0.602318
1461161741.2400588989 -5.2615 0.738126 2.59189 -0.199791 -0.758535 -0.215553 0.581589
1461161741.3600499630 -5.30651 0.745964 2.59008 -0.213057 -0.757301 -0.210495 0.58034
1461161741.4600732327 -5.3504 0.753724 2.58904 -0.202683 -0.755148 -0.212975 0.585929
1461161741.5400607586 -5.38632 0.765163 2.5898 -0.201029 -0.745367 -0.217179 0.597369
1461161741.6400568485 -5.43184 0.78055 2.5847 -0.19788 -0.738629 -0.227732 0.602834
1461161741.7400603294 -5.4792 0.791957 2.578 -0.194956 -0.731841 -0.216749 0.615971
1461161741.8405714035 -5.52537 0.800525 2.5737 -0.197035 -0.719102 -0.224923 0.627279
1461161741.9413039684 -5.57095 0.808925 2.56069 -0.202112 -0.723785 -0.232647 0.617383
1461161742.0402820110 -5.61893 0.820277 2.55028 -0.200393 -0.720433 -0.233477 0.621536
1461161742.1218440533 -5.66165 0.83131 2.54524 -0.203093 -0.714956 -0.220346 0.631695
1461161742.2000925541 -5.70556 0.84287 2.53839 -0.208016 -0.712102 -0.209633 0.636941
1461161742.2801029682 -5.75178 0.850345 2.53125 -0.206352 -0.715706 -0.195539 0.637925
1461161742.3803288937 -5.80756 0.856677 2.52104 -0.20149 -0.716714 -0.188674 0.640409
1461161742.4799766541 -5.85862 0.862913 2.50887 -0.198391 -0.723895 -0.195209 0.631277
1461161742.6220026016 -5.93459 0.874805 2.49627 -0.199176 -0.722698 -0.194254 0.632694
1461161742.7605247498 -6.01674 0.895046 2.48939 -0.189543 -0.717519 -0.181952 0.645084
1461161742.8800454140 -6.08614 0.912096 2.48296 -0.183872 -0.709259 -0.181731 0.655833
1461161742.9999380112 -6.15325 0.923982 2.47603 -0.183142 -0.702003 -0.192603 0.660723
1461161743.0999376774 -6.20845 0.934792 2.46845 -0.191973 -0.699491 -0.202896 0.657793
1461161743.1999108791 -6.26313 0.945794 2.4655 -0.193356 -0.698199 -0.199838 0.659694
1461161743.2800137997 -6.30717 0.959497 2.46382 -0.197223 -0.696662 -0.204518 0.658739
1461161743.3599743843 -6.35214 0.971759 2.46227 -0.203219 -0.694152 -0.204659 0.659523
1461161743.4407329559 -6.39767 0.97932 2.4585 -0.200336 -0.695832 -0.194858 0.661599
1461161743.5225162506 -6.44093 0.986285 2.45239 -0.202421 -0.702399 -0.193064 0.654514
1461161743.6217086315 -6.49246 0.991757 2.44387 -0.206857 -0.705326 -0.199759 0.647937
1461161743.7215311527 -6.54177 0.999641 2.43713 -0.212588 -0.702181 -0.197796 0.650095
1461161743.8218955994 -6.59222 1.0116 2.43101 -0.210464 -0.70192 -0.196825 0.651362
1461161743.9218525887 -6.64339 1.02385 2.42607 -0.205563 -0.69015 -0.196391 0.665483
1461161743.9998655319 -6.68534 1.03038 2.42048 -0.199912 -0.684467 -0.189688 0.674951
1461161744.0998334885 -6.73512 1.03842 2.41012 -0.203337 -0.678327 -0.190487 0.679883
1461161744.2001900673 -6.78353 1.04598 2.40409 -0.210385 -0.665602 -0.188799 0.6907
1461161744.3011984825 -6.82871 1.05272 2.39547 -0.208215 -0.660885 -0.19153 0.695122
1461161744.3998942375 -6.87278 1.06131 2.38958 -0.20476 -0.652967 -0.194281 0.702824
1461161744.4999294281 -6.91706 1.06886 2.38211 -0.199524 -0.65573 -0.181688 0.705123
1461161744.6001334190 -6.96228 1.07627 2.37558 -0.195217 -0.654966 -0.164524 0.711226
1461161744.7002098560 -7.00686 1.08098 2.36753 -0.194317 -0.657956 -0.153883 0.711094
1461161744.8223428726 -7.05889 1.08423 2.35647 -0.185593 -0.65764 -0.152324 0.714047
1461161744.9402141571 -7.10927 1.08512 2.34639 -0.175973 -0.659933 -0.141861 0.716517
1461161745.0798966885 -7.16783 1.09377 2.33733 -0.160856 -0.651458 -0.126132 0.730629
1461161745.2403917313 -7.2356 1.11171 2.32317 -0.148198 -0.647556 -0.129979 0.73608
1461161745.3803746700 -7.29652 1.1211 2.31021 -0.1377 -0.642293 -0.126878 0.743237
1461161745.5218229294 -7.35723 1.12993 2.2978 -0.142103 -0.636357 -0.124685 0.747871
1461161745.6398384571 -7.40937 1.14091 2.28996 -0.14562 -0.635519 -0.125763 0.747726
1461161745.7598276138 -7.46276 1.15677 2.28658 -0.148852 -0.636167 -0.124547 0.746742
1461161745.8598372936 -7.50914 1.16798 2.28761 -0.14626 -0.631765 -0.116244 0.752309
1461161745.9397544861 -7.54661 1.17663 2.28843 -0.149253 -0.629598 -0.11154 0.754247
1461161746.0220527649 -7.58498 1.1816 2.28627 -0.151256 -0.62845 -0.10743 0.755401
1461161746.0998754501 -7.62203 1.18613 2.28215 -0.155351 -0.634358 -0.11124 0.749054
1461161746.2003331184 -7.66718 1.1904 2.28038 -0.159009 -0.633628 -0.102233 0.750187
1461161746.2998309135 -7.71393 1.1994 2.28136 -0.154386 -0.62993 -0.102437 0.754228
1461161746.4214649200 -7.77027 1.21625 2.28697 -0.147765 -0.61861 -0.108752 0.763976
1461161746.5598452091 -7.83876 1.23213 2.2926 -0.144978 -0.602823 -0.103592 0.777724
1461161746.6997830868 -7.90597 1.24385 2.30015 -0.149317 -0.585143 -0.105151 0.790098
1461161746.8218278885 -7.96387 1.25351 2.30831 -0.150046 -0.580122 -0.118653 0.791749
1461161746.9398345947 -8.02347 1.26366 2.32275 -0.147832 -0.567488 -0.11107 0.802351
1461161747.0597300529 -8.08618 1.26996 2.3367 -0.135029 -0.571333 -0.0988348 0.803478
1461161747.1797740459 -8.14588 1.27776 2.34604 -0.135273 -0.577847 -0.0950188 0.799228
1461161747.3397624493 -8.22224 1.28582 2.36014 -0.134467 -0.586916 -0.101681 0.791902
1461161747.4998211861 -8.30333 1.29512 2.37619 -0.130488 -0.596181 -0.0782998 0.788296
1461161747.6797533035 -8.39856 1.31463 2.41169 -0.120932 -0.584554 -0.0818494 0.798106
1461161747.8797764778 -8.50414 1.32893 2.44905 -0.119616 -0.580017 -0.0947104 0.800189
1461161748.0597732067 -8.59681 1.34779 2.4834 -0.124099 -0.577397 -0.0985 0.800943
1461161748.2396926880 -8.68799 1.37256 2.52225 -0.118853 -0.583841 -0.112971 0.795136
1461161748.3998107910 -8.76714 1.3778 2.55518 -0.112546 -0.584745 -0.106491 0.796283
1461161748.5597188473 -8.8455 1.37569 2.58374 -0.11241 -0.597989 -0.0871079 0.788787
1461161748.7197387218 -8.92636 1.38634 2.61734 -0.0871254 -0.609627 -0.0697379 0.784793
1461161748.8997240067 -9.025 1.40714 2.65727 -0.0838232 -0.608394 -0.0758324 0.785545
1461161749.0598976612 -9.1136 1.4188 2.68154 -0.0907071 -0.617957 -0.0988012 0.774687
1461161749.1996824741 -9.18661 1.43156 2.70559 -0.0938506 -0.624394 -0.0954423 0.769555
1461161749.3397300243 -9.26101 1.44946 2.73484 -0.094804 -0.62832 -0.0847622 0.76749
1461161749.4397039413 -9.3135 1.45911 2.75741 -0.10101 -0.631554 -0.0799425 0.764556
1461161749.5396480560 -9.36519 1.45829 2.77938 -0.0975457 -0.630227 -0.0818909 0.765894
1461161749.6596677303 -9.42844 1.45741 2.80098 -0.0933457 -0.635816 -0.0904008 0.760823
1461161749.7796235085 -9.49505 1.46075 2.82157 -0.0764619 -0.642105 -0.0730179 0.759291
1461161749.8796198368 -9.5543 1.46981 2.8372 -0.0601814 -0.647122 -0.0553837 0.757987
1461161749.9996459484 -9.62648 1.48025 2.85448 -0.0442178 -0.641196 -0.0499538 0.764472
1461161750.1595892906 -9.7215 1.4906 2.86319 -0.047574 -0.647516 -0.0549849 0.758575
1461161750.2997131348 -9.80215 1.50305 2.8671 -0.0487934 -0.662639 -0.0566584 0.745197
1461161750.4396660328 -9.88282 1.52345 2.87959 -0.0440405 -0.658183 -0.052216 0.749753
1461161750.6213231087 -9.97917 1.54922 2.88837 -0.073608 -0.668041 -0.0654905 0.737573
1461161750.7395296097 -10.0447 1.56108 2.88447 -0.0804269 -0.691379 -0.0836189 0.713116
1461161750.8595786095 -10.113 1.57466 2.88737 -0.084118 -0.700682 -0.0756508 0.704447
1461161750.9795944691 -10.188 1.59199 2.89101 -0.0724429 -0.705318 -0.0717672 0.701519
1461161751.0799245834 -10.2512 1.6029 2.89469 -0.0598493 -0.7016 -0.074036 0.706182
1461161751.1795911789 -10.3116 1.61094 2.89675 -0.0776576 -0.698715 -0.0744767 0.707262
1461161751.2995679379 -10.383 1.61807 2.89734 -0.0904969 -0.699133 -0.0753663 0.705226
1461161751.4214136600 -10.4553 1.62815 2.89707 -0.0940435 -0.706885 -0.0564187 0.698775
1461161751.5595240593 -10.5394 1.64797 2.89816 -0.0730258 -0.710961 -0.0680924 0.696107
1461161751.6795573235 -10.609 1.65953 2.8956 -0.0715961 -0.725873 -0.0566538 0.681743
1461161751.7995743752 -10.6753 1.66855 2.89225 -0.0732594 -0.740048 -0.0707477 0.664798
1461161751.8996369839 -10.7304 1.67419 2.89219 -0.071428 -0.744724 -0.0654737 0.660301
1461161751.9995400906 -10.7891 1.68275 2.89013 -0.0565592 -0.754996 -0.0589684 0.650619
1461161752.0796127319 -10.8411 1.69188 2.88952 -0.0406003 -0.758406 -0.0514229 0.648482
1461161752.1795682907 -10.9049 1.70117 2.89395 -0.0280477 -0.750888 -0.0488258 0.658024
1461161752.2999606133 -10.9795 1.71384 2.89591 -0.0386828 -0.74628 -0.0517354 0.66249
1461161752.4794938564 -11.0836 1.73038 2.9017 -0.050344 -0.745179 -0.0571917 0.662498
1461161752.5795943737 -11.1416 1.74236 2.90442 -0.0519905 -0.753682 -0.0482734 0.653399
1461161752.7196443081 -11.219 1.75591 2.90007 -0.0556593 -0.778001 -0.034828 0.624823
1461161752.8395268917 -11.282 1.75585 2.89238 -0.0572026 -0.800252 -0.031762 0.596083
1461161752.9395525455 -11.3338 1.75351 2.88212 -0.0648959 -0.819437 -0.0269735 0.568845
1461161753.0600333214 -11.3969 1.75652 2.86983 -0.0819615 -0.837114 -0.000766266 0.540853
1461161753.1994183064 -11.4764 1.77314 2.853 -0.0726588 -0.854198 0.0116821 0.514713
1461161753.3595464230 -11.5671 1.79264 2.84047 -0.0757843 -0.863408 -0.00646271 0.49874
1461161753.4999897480 -11.6446 1.80489 2.83182 -0.0902969 -0.872561 -0.0149493 0.479854
1461161753.6395437717 -11.7223 1.82293 2.82923 -0.0956124 -0.881842 -0.0121283 0.46159
1461161753.7794678211 -11.8002 1.84572 2.83365 -0.0994992 -0.887404 -0.0179186 0.449771
1461161753.8996119499 -11.8612 1.8609 2.83444 -0.118154 -0.89349 -0.0302884 0.432202
1461161754.0392942429 -11.9291 1.87325 2.82438 -0.113109 -0.909768 -0.0433469 0.397051
1461161754.1593666077 -11.9937 1.88815 2.82118 -0.129227 -0.914885 -0.0248698 0.381664
1461161754.2994594574 -12.0764 1.91462 2.819 -0.114487 -0.918242 -0.0315228 0.377797
1461161754.4216039181 -12.1516 1.93069 2.81676 -0.109523 -0.916866 -0.0425191 0.381514
1461161754.5593926907 -12.2361 1.93659 2.81035 -0.109215 -0.920498 -0.0350723 0.373531
1461161754.6595287323 -12.3001 1.94723 2.80763 -0.111664 -0.919472 -0.0225855 0.376288
1461161754.8193447590 -12.4011 1.96588 2.81084 -0.105431 -0.922103 -0.00633401 0.372249
1461161754.9993739128 -12.5041 1.98404 2.80767 -0.131143 -0.931031 -0.00943649 0.340431
1461161755.1796987057 -12.6076 2.00347 2.80485 -0.150062 -0.93381 -0.0078719 0.324683
1461161755.3793983459 -12.7305 2.04309 2.79742 -0.129245 -0.940138 -0.0161115 0.314923
1461161755.5395209789 -12.8323 2.06206 2.79282 -0.137507 -0.938529 -0.0242695 0.315699
1461161755.7003004551 -12.9335 2.07427 2.78977 -0.138399 -0.937135 -0.0182237 0.31983
1461161755.8393890858 -13.0199 2.08953 2.7899 -0.130377 -0.937632 -0.00115329 0.322252
1461161756.0593283176 -13.1438 2.10287 2.78335 -0.150017 -0.946171 0.00994299 0.286631
1461161756.3396048546 -13.2986 2.13458 2.77281 -0.137738 -0.954372 0.0114104 0.264712
1461161756.5992724895 -13.4492 2.16984 2.75641 -0.127375 -0.954954 0.0037359 0.268003
1461161756.8393440247 -13.5764 2.19661 2.73392 -0.13628 -0.958057 -0.0053836 0.252043
1461161757.1192958355 -13.7101 2.21293 2.70364 -0.155511 -0.967026 0.0187954 0.200807
1461161757.3992459774 -13.8239 2.23644 2.63965 -0.155733 -0.977008 0.0197308 0.144271
1461161757.6991994381 -13.9328 2.26637 2.54426 -0.137028 -0.98454 0.0307919 0.104671
1461161757.9792358875 -14.0168 2.28759 2.43234 -0.144708 -0.987319 0.0407062 0.051024
1461161758.1592798233 -14.064 2.30577 2.36021 -0.159889 -0.986307 0.0390289 0.0105516
1461161758.3791794777 -14.104 2.31284 2.27625 0.185981 0.981478 -0.0271213 0.0370973
1461161758.6192078590 -14.1333 2.33273 2.16818 0.182834 0.979334 -0.0378942 0.0777232
1461161758.8591568470 -14.1483 2.34457 2.06346 0.169766 0.979105 -0.0219453 0.10978
1461161759.0795187950 -14.1517 2.34482 1.97296 0.165287 0.975068 -0.0275247 0.14548
1461161759.2792527676 -14.1519 2.32975 1.9056 0.183535 0.963974 -0.0242793 0.190998
1461161759.3991036415 -14.1438 2.30919 1.87469 0.195914 0.952311 -0.0233623 0.232759
1461161759.5592443943 -14.1331 2.2825 1.83378 0.184875 0.941726 -0.0292215 0.279497
1461161759.6991531849 -14.128 2.25755 1.7957 0.192673 0.932675 -0.0388156 0.302469
1461161759.9590790272 -14.1251 2.21825 1.72455 0.189913 0.926023 -0.022804 0.325415
1461161760.1210317612 -14.1257 2.19806 1.6839 0.192443 0.918996 -0.0270821 0.343044
1461161760.3390386105 -14.1306 2.17556 1.63517 0.192485 0.907636 -0.00804197 0.372937
1461161760.5208520889 -14.1247 2.15351 1.6069 0.203972 0.878963 0.0239505 0.430402
1461161760.7990319729 -14.1231 2.11288 1.53963 0.196063 0.869511 0.00924 0.453238
1461161761.0391633511 -14.1224 2.08335 1.46978 0.188834 0.864483 0.0197536 0.465425
1461161761.3390460014 -14.1375 2.05096 1.38029 0.199781 0.862495 0.0115707 0.464819
1461161761.7795217037 -14.1367 1.99404 1.25627 0.180511 0.849551 0.0116506 0.495523
1461161762.1389710903 -14.1242 1.94083 1.13039 0.165842 0.86249 0.0189658 0.477754
1461161762.2990400791 -14.1227 1.9259 1.04996 0.189225 0.881656 -0.00947307 0.432189
1461161762.5190503597 -14.1283 1.92301 0.930673 0.211695 0.895574 -0.0183677 0.390891
1461161762.7789864540 -14.1324 1.90841 0.799592 0.200773 0.91573 -0.0470271 0.344844
1461161763.0989141464 -14.1361 1.8939 0.64585 0.196366 0.922119 -0.0575102 0.328374
1461161763.3789525032 -14.1529 1.85643 0.52588 0.217442 0.922466 -0.0452289 0.3158
1461161763.6991660595 -14.1836 1.82122 0.426973 0.225191 0.921891 -0.0237892 0.314388
1461161763.9589254856 -14.207 1.79671 0.350782 0.211255 0.929889 -0.0108829 0.300931
1461161764.2191162109 -14.235 1.76166 0.272738 0.215566 0.933651 -0.00663567 0.285976
1461161764.3988320827 -14.2482 1.73999 0.216724 0.213557 0.935447 -0.0201029 0.280943
1461161764.6188802719 -14.2634 1.711 0.151883 0.212095 0.935161 -0.0167337 0.283214
1461161764.7988624573 -14.2706 1.68676 0.0990839 0.214462 0.930445 -0.0167331 0.296645
1461161764.9589610100 -14.2832 1.66352 0.0505533 0.203843 0.933494 -0.0280959 0.29368
1461161765.1188263893 -14.2972 1.64286 0.00164818 0.18184 0.941057 -0.0244977 0.284158
1461161765.2988538742 -14.3147 1.61883 -0.0557281 0.195631 0.942088 -0.0295002 0.270794
1461161765.5393583775 -14.3315 1.58593 -0.133803 0.192808 0.94278 -0.0200036 0.271277
1461161765.6987595558 -14.3442 1.55598 -0.182615 0.183888 0.945574 -0.0303163 0.26675
1461161765.8788850307 -14.3613 1.52506 -0.242778 0.202893 0.946426 -0.0455704 0.247052
1461161766.1387932301 -14.3805 1.49128 -0.325497 0.183938 0.954848 -0.0377956 0.230223
1461161766.3187570572 -14.3935 1.47449 -0.388715 0.187322 0.958866 -0.0371288 0.210019
1461161766.5589330196 -14.4051 1.4422 -0.457014 0.196042 0.952759 -0.0170434 0.23136
1461161766.7588179111 -14.4215 1.40919 -0.514158 0.194545 0.95429 -0.0214992 0.225879
1461161766.9187486172 -14.4383 1.38451 -0.567376 0.184618 0.958703 -0.0323323 0.213915
1461161767.0989446640 -14.4579 1.35928 -0.627465 0.182961 0.962481 -0.0298917 0.198148
1461161767.2587556839 -14.4714 1.33736 -0.681842 0.191152 0.964027 -0.0376759 0.180811
1461161767.4386811256 -14.4813 1.31153 -0.733207 0.202376 0.957966 -0.0262256 0.201637
1461161767.6388449669 -14.496 1.28061 -0.78705 0.204536 0.956283 -0.0255226 0.207452
1461161767.8386633396 -14.5166 1.25104 -0.846986 0.205229 0.958292 -0.0386112 0.195108
1461161767.9987165928 -14.5315 1.23341 -0.894321 0.186269 0.963147 -0.0320721 0.191372
1461161768.1986830235 -14.5446 1.21661 -0.956252 0.18677 0.964757 -0.0213392 0.184134
1461161768.3788335323 -14.5546 1.19045 -1.00704 0.198259 0.958971 -0.0121935 0.202283
1461161768.5587513447 -14.5667 1.15639 -1.05181 0.191143 0.957009 -0.0217076 0.217088
1461161768.7386684418 -14.5752 1.12577 -1.09931 0.191307 0.955696 -0.0393072 0.220233
1461161768.9389786720 -14.5847 1.09757 -1.1581 0.172671 0.961112 -0.0359772 0.212496
1461161769.1986007690 -14.5982 1.06855 -1.23522 0.172148 0.965128 -0.0332158 0.194398
1461161769.4586572647 -14.6007 1.03347 -1.29753 0.183096 0.957031 -0.0129149 0.224501
1461161769.7586033344 -14.5947 0.987286 -1.36927 0.172459 0.948384 -0.0207983 0.265316
1461161769.9992091656 -14.5852 0.955979 -1.43744 0.136267 0.946668 -0.0299164 0.290441
1461161770.2586216927 -14.5677 0.919686 -1.51039 0.168858 0.934889 -0.0218612 0.311435
1461161770.5211217403 -14.524 0.910311 -1.591 0.183551 0.913931 -0.0353826 0.360261
1461161770.7385816574 -14.4861 0.906934 -1.65225 0.191902 0.886843 -0.0228021 0.419717
1461161770.9785914421 -14.4205 0.905226 -1.7194 0.195873 0.858787 -0.00940346 0.473318
1461161771.2207565308 -14.3298 0.902981 -1.78517 0.166759 0.846548 -0.0431887 0.503668
1461161771.4585034847 -14.2331 0.873016 -1.85451 0.166386 0.83001 -0.0361232 0.531125
1461161771.7203369141 -14.1065 0.856699 -1.92274 0.190489 0.803824 -0.0417278 0.561996
1461161771.9220864773 -14.0103 0.834208 -1.96103 0.198183 0.774333 -0.0266761 0.600351
1461161772.0785088539 -13.9324 0.812379 -1.97739 0.190282 0.740825 -0.0291331 0.643523
1461161772.2784576416 -13.8241 0.807394 -1.99813 0.176281 0.713108 -0.0443595 0.677078
1461161772.5212447643 -13.6942 0.79484 -2.02364 0.153163 0.694194 -0.0316725 0.70259
1461161772.6784584522 -13.608 0.780292 -2.02763 0.133189 0.666411 -0.0228078 0.733238
1461161772.8385076523 -13.52 0.762628 -2.03342 0.146302 0.631156 -0.0308398 0.761109
1461161773.0584690571 -13.4036 0.735786 -2.03831 0.140967 0.589467 -0.0220019 0.795093
1461161773.2385318279 -13.311 0.696269 -2.03361 0.168436 0.542511 -0.0147552 0.822857
1461161773.5183670521 -13.142 0.65987 -2.02203 0.154968 0.518139 -0.0270496 0.840705
1461161773.7983808517 -12.9661 0.619743 -2.02014 0.149344 0.505478 -0.0169022 0.849649
1461161774.0585908890 -12.8084 0.575538 -2.02404 0.163374 0.504075 -0.0138071 0.847954
1461161774.2784821987 -12.6913 0.542184 -2.00931 0.143365 0.479635 0.00761926 0.865644
1461161774.4590005875 -12.5846 0.550956 -1.99075 0.0796473 0.487368 -0.00349783 0.86955
1461161774.6193883419 -12.4856 0.553059 -1.98614 0.0408609 0.505809 -0.00808565 0.861639
1461161774.8589534760 -12.3528 0.533208 -1.9868 0.0355061 0.504086 0.0213502 0.862659
1461161775.0191071033 -12.26 0.528609 -1.98943 0.0374536 0.492721 0.0211571 0.869123
1461161775.2383420467 -12.1443 0.528911 -1.98907 0.00175723 0.467899 0.0283105 0.883327
1461161775.4182610512 -12.0639 0.531613 -1.98325 -0.0426421 0.442062 0.0261718 0.895588
1461161775.5982925892 -11.9875 0.534029 -1.96934 -0.0406121 0.41153 0.0192524 0.910288
1461161775.8203015327 -11.912 0.533598 -1.95014 -0.0435599 0.372848 0.0132923 0.926774
1461161776.0383353233 -11.8651 0.530652 -1.93632 -0.0656089 0.313971 0.012357 0.947082
1461161776.2383246422 -11.8338 0.531101 -1.92677 -0.0858385 0.254243 0.0108303 0.963263
1461161776.4582412243 -11.8129 0.53299 -1.92132 -0.113083 0.180403 0.000947864 0.97707
1461161776.7789940834 -11.7972 0.542002 -1.91612 -0.151509 0.108827 -0.0102183 0.982394
1461161777.1982078552 -11.7752 0.551316 -1.88567 -0.173992 0.0526668 -0.0233176 0.983061
1461161777.5181019306 -11.7491 0.538195 -1.84652 -0.175217 0.0155572 -0.0407958 0.983561
1461161777.8381612301 -11.717 0.532408 -1.81392 -0.191369 -0.00844581 -0.0502631 0.980194
1461161778.0981028080 -11.702 0.531183 -1.79218 -0.205074 -0.0624863 -0.0629449 0.974719
1461161778.3581116199 -11.6929 0.533599 -1.78026 -0.223101 -0.127081 -0.0823124 0.962965
1461161778.6981036663 -11.6948 0.541842 -1.77205 -0.247568 -0.194451 -0.114909 0.942176
1461161779.0180656910 -11.7182 0.560069 -1.7606 -0.265089 -0.242282 -0.143919 0.922125
1461161779.2580885887 -11.744 0.569783 -1.7515 -0.27258 -0.27283 -0.160984 0.908487
1461161779.4780890942 -11.7694 0.573736 -1.74583 -0.267619 -0.301933 -0.167447 0.899543
1461161779.7180280685 -11.7931 0.579896 -1.7467 -0.276838 -0.337528 -0.17712 0.882079
1461161779.9781489372 -11.8183 0.591221 -1.74427 -0.28598 -0.364882 -0.194297 0.86448
1461161780.1780524254 -11.8395 0.604514 -1.7402 -0.303003 -0.387037 -0.2059 0.846166
1461161780.3781123161 -11.8619 0.612131 -1.73518 -0.314664 -0.406113 -0.216834 0.830086
1461161780.5380342007 -11.8835 0.615426 -1.73333 -0.318073 -0.424123 -0.219621 0.818973
1461161780.6784234047 -11.9051 0.619019 -1.73265 -0.316421 -0.439935 -0.223609 0.810145
1461161780.7781581879 -11.9222 0.624235 -1.73342 -0.316023 -0.450791 -0.229051 0.802778
1461161780.8783435822 -11.9414 0.631367 -1.73475 -0.317492 -0.460405 -0.235002 0.794984
1461161780.9784300327 -11.9632 0.637187 -1.73508 -0.315098 -0.463301 -0.238328 0.793262
1461161781.0580649376 -11.9825 0.641598 -1.7369 -0.313875 -0.467755 -0.242863 0.78975
1461161781.1380672455 -12.0036 0.644276 -1.73968 -0.302955 -0.477032 -0.254984 0.784629
1461161781.2197341919 -12.0241 0.64771 -1.74238 -0.298841 -0.486824 -0.263734 0.777265
1461161781.2980461121 -12.0448 0.651268 -1.74311 -0.296347 -0.485197 -0.265138 0.778758
1461161781.3780355453 -12.0658 0.657528 -1.74505 -0.301789 -0.487102 -0.264618 0.775649
1461161781.4580340385 -12.0883 0.661961 -1.74719 -0.300875 -0.490712 -0.261886 0.774656
1461161781.5379626751 -12.112 0.667937 -1.74961 -0.300261 -0.497855 -0.26293 0.769968
1461161781.6183288097 -12.1358 0.67484 -1.751 -0.300624 -0.501537 -0.261422 0.767948
1461161781.6980242729 -12.1618 0.681856 -1.75339 -0.298783 -0.509149 -0.262748 0.76319
1461161781.7779238224 -12.1888 0.688964 -1.75549 -0.300224 -0.513301 -0.264152 0.75935
1461161781.8580660820 -12.2179 0.693651 -1.75817 -0.300425 -0.51714 -0.265317 0.756252
1461161781.9381775856 -12.2488 0.696348 -1.76257 -0.295915 -0.52698 -0.266666 0.750744
1461161782.0181016922 -12.28 0.698402 -1.76717 -0.295341 -0.536072 -0.264764 0.745185
1461161782.0980019569 -12.312 0.698861 -1.77079 -0.289295 -0.542637 -0.255861 0.745915
1461161782.1779503822 -12.3444 0.700809 -1.7754 -0.283986 -0.551726 -0.257054 0.74086
1461161782.2581129074 -12.3783 0.70368 -1.77866 -0.279229 -0.556409 -0.243868 0.743619
1461161782.3380146027 -12.412 0.709364 -1.77918 -0.2745 -0.554512 -0.231673 0.750662
1461161782.4196729660 -12.4462 0.716214 -1.77705 -0.265283 -0.546218 -0.228593 0.760931
1461161782.4980709553 -12.4816 0.721638 -1.77677 -0.256123 -0.540661 -0.220049 0.770497
1461161782.5979456902 -12.5228 0.726693 -1.77783 -0.255214 -0.525605 -0.228625 0.778676
1461161782.6779346466 -12.5566 0.72725 -1.7788 -0.25706 -0.51353 -0.216221 0.789592
1461161782.7579352856 -12.5904 0.72861 -1.78203 -0.250113 -0.50811 -0.214349 0.795815
1461161782.8380210400 -12.6253 0.732665 -1.78936 -0.247014 -0.513433 -0.202447 0.796483
1461161782.9196784496 -12.6634 0.73809 -1.79908 -0.23773 -0.528157 -0.181399 0.794751
1461161782.9978861809 -12.7026 0.746192 -1.80787 -0.231198 -0.537126 -0.170604 0.793056
1461161783.0779550076 -12.7424 0.753794 -1.8176 -0.228533 -0.549971 -0.160046 0.787203
1461161783.1579639912 -12.7806 0.761562 -1.82806 -0.237751 -0.556971 -0.153738 0.780783
1461161783.2579760551 -12.8251 0.766905 -1.84491 -0.243963 -0.571079 -0.155534 0.768219
1461161783.3379926682 -12.8594 0.77027 -1.85992 -0.243217 -0.586946 -0.16894 0.753524
1461161783.4195184708 -12.895 0.7729 -1.87574 -0.235507 -0.601763 -0.174084 0.743043
1461161783.4978945255 -12.932 0.780072 -1.89043 -0.228966 -0.612581 -0.172438 0.736603
1461161783.5779054165 -12.9699 0.790242 -1.90434 -0.223169 -0.617093 -0.170594 0.735043
1461161783.6579301357 -13.0093 0.801467 -1.91904 -0.216585 -0.620501 -0.166773 0.735021
1461161783.7378950119 -13.0505 0.809922 -1.93527 -0.201724 -0.627135 -0.165476 0.733912
1461161783.8378691673 -13.1008 0.815471 -1.95586 -0.196804 -0.629472 -0.174526 0.731146
1461161783.9196405411 -13.1428 0.817257 -1.97361 -0.198687 -0.635506 -0.17105 0.726221
1461161784.0203146935 -13.1966 0.818211 -1.99176 -0.196018 -0.63585 -0.157859 0.729625
1461161784.0982644558 -13.24 0.823206 -2.00549 -0.189861 -0.636662 -0.147277 0.73275
1461161784.1995913982 -13.293 0.832384 -2.02232 -0.182653 -0.638555 -0.137466 0.734839
1461161784.2978239059 -13.3443 0.837456 -2.0407 -0.168789 -0.646872 -0.124375 0.73321
1461161784.3979427814 -13.3947 0.840228 -2.05892 -0.16826 -0.648297 -0.117554 0.733199
1461161784.4978289604 -13.4455 0.836366 -2.07627 -0.162276 -0.649625 -0.110448 0.734476
1461161784.5978865623 -13.4952 0.834043 -2.09116 -0.156866 -0.648133 -0.0991391 0.738572
1461161784.6978356838 -13.5459 0.83771 -2.10181 -0.146447 -0.64453 -0.0916004 0.744811
1461161784.7979323864 -13.5969 0.845865 -2.10822 -0.1329 -0.631615 -0.0774415 0.75987
1461161784.9402215481 -13.6696 0.857082 -2.11554 -0.119184 -0.610866 -0.0635567 0.780127
1461161785.0778160095 -13.7407 0.865337 -2.12114 -0.118441 -0.597716 -0.0730336 0.78954
1461161785.2378661633 -13.8196 0.879815 -2.11566 -0.12769 -0.579279 -0.0704693 0.801976
1461161785.3577992916 -13.8815 0.894342 -2.10215 -0.121314 -0.56434 -0.0627097 0.814168
1461161785.4778444767 -13.9455 0.906645 -2.08341 -0.11414 -0.547475 -0.0509805 0.827432
1461161785.6197564602 -14.0145 0.908209 -2.06457 -0.12203 -0.526517 -0.0415527 0.840334
1461161785.7777569294 -14.0946 0.912845 -2.04078 -0.128521 -0.510941 -0.0331853 0.849306
1461161785.9196696281 -14.1645 0.924901 -2.0144 -0.122739 -0.493374 -0.0408777 0.860143
1461161786.0777461529 -14.2424 0.935967 -1.97839 -0.11257 -0.476007 -0.0407923 0.871253
1461161786.2177286148 -14.3104 0.938709 -1.94445 -0.109853 -0.453236 -0.0451204 0.883444
1461161786.3980584145 -14.3947 0.937935 -1.89736 -0.104476 -0.443726 -0.0342919 0.889391
1461161786.5979573727 -14.4791 0.95407 -1.832 -0.0975161 -0.427687 -0.0226803 0.898365
1461161786.7978045940 -14.551 0.963775 -1.76477 -0.10807 -0.406606 -0.0259455 0.906818
1461161786.9777002335 -14.6072 0.968846 -1.7025 -0.119405 -0.378922 -0.0162905 0.917548
1461161787.1376826763 -14.6549 0.969291 -1.63646 -0.0904482 -0.348553 -0.00848594 0.932876
1461161787.2977161407 -14.6961 0.967586 -1.56936 -0.0721928 -0.305756 -0.029966 0.948896
1461161787.4177646637 -14.7265 0.960336 -1.51455 -0.0663597 -0.265447 -0.0353783 0.961188
1461161787.5977849960 -14.76 0.957104 -1.43608 -0.0593352 -0.223148 -0.030137 0.97251
1461161787.8376922607 -14.8005 0.964306 -1.33891 -0.0453833 -0.202853 -0.0163936 0.97802
1461161787.9777805805 -14.8156 0.965711 -1.2857 -0.0556872 -0.178713 -0.0253963 0.981996
1461161788.1576571465 -14.8489 0.965602 -1.22379 -0.067188 -0.191527 -0.0404349 0.97835
1461161788.4175841808 -14.8901 0.972563 -1.14157 -0.058694 -0.186329 -0.0433064 0.979776
1461161788.6978919506 -14.9232 1.00504 -1.067 -0.0981992 -0.197323 -0.0602965 0.973543
1461161789.0784802437 -14.9338 1.06502 -0.965871 -0.0764112 -0.215791 -0.0692586 0.970978
1461161789.5180294514 -14.9501 1.12802 -0.848735 -0.0673767 -0.233373 -0.0810971 0.966654
1461161789.8193204403 -14.9522 1.17907 -0.773859 -0.10295 -0.230537 -0.0597809 0.965754
1461161790.0577547550 -14.9383 1.22812 -0.704858 -0.113382 -0.228507 -0.0695284 0.964414
1461161790.2976150513 -14.9275 1.25627 -0.640971 -0.136115 -0.223804 -0.0574046 0.963374
1461161790.4975459576 -14.9222 1.28943 -0.581522 -0.122893 -0.219877 -0.06342 0.965676
1461161790.7375679016 -14.9157 1.32657 -0.514476 -0.136243 -0.208778 -0.070881 0.965829
1461161790.9575362206 -14.9134 1.36179 -0.453985 -0.141916 -0.230096 -0.0648239 0.96058
1461161791.1577842236 -14.9077 1.38952 -0.393322 -0.136142 -0.243151 -0.0625403 0.958348
1461161791.3175499439 -14.9001 1.40991 -0.340825 -0.140698 -0.233001 -0.0535993 0.96075
1461161791.4774911404 -14.892 1.43643 -0.288854 -0.144919 -0.234 -0.0704638 0.958789
1461161791.6192147732 -14.8824 1.45456 -0.238685 -0.115705 -0.225677 -0.0444369 0.966286
1461161791.7378962040 -14.8645 1.47084 -0.198461 -0.125554 -0.202684 -0.0593362 0.969347
1461161791.8776133060 -14.841 1.48677 -0.147447 -0.100891 -0.171024 -0.05069 0.978776
1461161791.9974873066 -14.8165 1.50332 -0.105791 -0.108267 -0.131095 -0.0546817 0.983922
1461161792.2192904949 -14.7873 1.53868 -0.0280409 -0.113025 -0.115408 -0.0114298 0.986801
1461161792.3374297619 -14.7682 1.56453 0.0179444 -0.108861 -0.0810681 -0.00967554 0.990699
1461161792.5374829769 -14.7344 1.59703 0.0864111 -0.113358 -0.0370979 -0.00600568 0.992843
1461161792.7775280476 -14.6981 1.64028 0.175059 -0.10961 -0.0199764 0.00669016 0.993751
1461161792.9576148987 -14.6664 1.66772 0.243639 -0.129182 0.0238028 0.0196041 0.991141
1461161793.1574211121 -14.6357 1.70492 0.325083 -0.0978156 0.0625346 0.00768489 0.993208
1461161793.4574968815 -14.6063 1.75167 0.432777 -0.0839817 0.06896 0.00702333 0.994053
1461161793.7574884892 -14.58 1.80063 0.549335 -0.0759685 0.0968066 0.035764 0.991755
1461161794.0374832153 -14.563 1.86259 0.658818 -0.0837668 0.0972344 0.059967 0.989915
1461161794.2173714638 -14.5513 1.90016 0.727623 -0.0995639 0.098618 0.0512966 0.988802
1461161794.3573520184 -14.5324 1.92999 0.775011 -0.119492 0.138059 0.0659853 0.980973
1461161794.5174152851 -14.5093 1.97037 0.837996 -0.104686 0.183255 0.0777523 0.974378
1461161794.6173264980 -14.4892 1.99132 0.877706 -0.105887 0.235856 0.0915094 0.961658
1461161794.7373449802 -14.4668 2.00538 0.931492 -0.101279 0.284279 0.115691 0.946332
1461161794.8574824333 -14.4449 2.01051 0.990008 -0.0774457 0.326122 0.117327 0.934816
1461161795.0191106796 -14.4308 2.00611 1.05536 -0.0745244 0.363707 0.101487 0.922965
1461161795.1373651028 -14.4239 1.99591 1.10306 -0.0511418 0.395094 0.12557 0.90858
1461161795.2973351479 -14.4205 1.98755 1.17764 -0.0338872 0.419232 0.12742 0.898254
1461161795.4773137569 -14.4245 1.98121 1.25903 -0.0482757 0.419836 0.131277 0.896757
1461161795.6973850727 -14.4255 1.97443 1.33982 -0.0326187 0.442173 0.17199 0.879681
1461161795.8572056293 -14.4216 1.97918 1.39915 0.0223907 0.439824 0.215318 0.871603
1461161796.2373375893 -14.4118 2.0252 1.52771 0.019299 0.446078 0.206566 0.870616
1461161796.4972319603 -14.3856 2.07604 1.6263 0.0535876 0.441699 0.210592 0.870449
1461161796.7172651291 -14.3741 2.11114 1.70864 0.0276795 0.422901 0.17686 0.888318
1461161796.9572322369 -14.3502 2.13721 1.79658 0.04837 0.4253 0.162341 0.889059
1461161797.2197606564 -14.2975 2.16441 1.89383 0.101171 0.441121 0.152168 0.878647
1461161797.6374897957 -14.2109 2.20277 2.0363 0.134098 0.467586 0.164715 0.85805
1461161797.8574972153 -14.144 2.20884 2.12455 0.163233 0.499304 0.126966 0.841386
1461161798.0971844196 -14.0576 2.2101 2.20734 0.147053 0.536746 0.157325 0.815799
1461161798.2371430397 -13.9954 2.20097 2.24919 0.170441 0.560062 0.150435 0.796649
1461161798.3971500397 -13.9249 2.18584 2.29925 0.161176 0.572183 0.135705 0.792599
1461161798.6171174049 -13.828 2.15276 2.34188 0.15647 0.603968 0.151056 0.766761
1461161798.8170905113 -13.7219 2.14403 2.38812 0.166358 0.620025 0.142111 0.753458
1461161799.0371472836 -13.595 2.12677 2.41749 0.169861 0.656424 0.138622 0.72183
1461161799.3170709610 -13.4317 2.08538 2.46129 0.16184 0.661188 0.116066 0.723302
1461161799.6971476078 -13.1966 2.05309 2.51976 0.15833 0.646039 0.13237 0.734877
1461161800.0169360638 -12.9943 2.01122 2.54244 0.169893 0.660501 0.12101 0.72127
1461161800.2370285988 -12.8569 1.97252 2.55271 0.170411 0.677451 0.103162 0.708081
1461161800.4188127518 -12.7405 1.94587 2.56282 0.189716 0.671802 0.0919974 0.710089
1461161800.6770002842 -12.5829 1.90694 2.56368 0.161442 0.657571 0.10465 0.728413
1461161800.9191925526 -12.4195 1.8781 2.56819 0.174537 0.650545 0.0646245 0.73631
1461161801.1369020939 -12.2737 1.83975 2.56269 0.182079 0.655499 0.0649275 0.730036
1461161801.2969322205 -12.1693 1.82359 2.5564 0.195643 0.671986 0.0684822 0.710963
1461161801.4375660419 -12.0738 1.81597 2.55304 0.196136 0.66599 0.0862166 0.714531
1461161801.5968334675 -11.9745 1.79045 2.54986 0.177602 0.655109 0.0879995 0.729072
1461161801.7369477749 -11.8873 1.77664 2.54802 0.163859 0.648272 0.0855405 0.738631
1461161801.8770387173 -11.7936 1.77098 2.54587 0.162948 0.651068 0.0682896 0.73817
1461161801.9970271587 -11.7125 1.75131 2.54088 0.178692 0.657739 0.064497 0.728895
1461161802.1188893318 -11.6371 1.72243 2.53747 0.213278 0.655018 0.0840363 0.720002
1461161802.2777733803 -11.5294 1.70372 2.53514 0.203512 0.663312 0.0796254 0.715723
1461161802.4189319611 -11.4371 1.69608 2.52777 0.210659 0.673239 0.0836753 0.703826
1461161802.5781657696 -11.3436 1.67487 2.52351 0.207348 0.67627 0.0871106 0.701482
1461161802.6970398426 -11.2726 1.66497 2.52619 0.186867 0.677826 0.0968036 0.704458
1461161802.8169040680 -11.1989 1.65668 2.53103 0.182385 0.673044 0.0810569 0.712164
1461161802.9369661808 -11.1184 1.65031 2.53533 0.187045 0.677614 0.0729424 0.707484
1461161803.0769863129 -11.0305 1.6294 2.53668 0.188752 0.683118 0.058463 0.703068
1461161803.1969850063 -10.9576 1.61386 2.53815 0.168091 0.686473 0.056995 0.705161
1461161803.3168838024 -10.8829 1.60546 2.53999 0.170214 0.683917 0.0465213 0.707899
1461161803.4169054031 -10.8193 1.59965 2.53885 0.181492 0.685714 0.0648707 0.701889
1461161803.5175228119 -10.7583 1.58582 2.53796 0.191707 0.680222 0.0783968 0.703136
1461161803.5970680714 -10.7104 1.57457 2.53492 0.184273 0.688056 0.0916955 0.695855
1461161803.6769454479 -10.6635 1.56547 2.53468 0.166281 0.685845 0.102546 0.701037
1461161803.7769284248 -10.6033 1.55866 2.5297 0.168855 0.692275 0.114675 0.692166
1461161803.8571972847 -10.5533 1.55347 2.5261 0.171712 0.690739 0.107481 0.694149
1461161803.9368550777 -10.5037 1.54623 2.51855 0.182889 0.703817 0.109548 0.677637
1461161804.0187208652 -10.4559 1.53472 2.51181 0.200134 0.710317 0.112615 0.665367
1461161804.0968282223 -10.4086 1.52031 2.50361 0.2238 0.71846 0.117268 0.648057
1461161804.1769194603 -10.36 1.50698 2.49821 0.208467 0.723496 0.112954 0.648333
1461161804.2568385601 -10.3118 1.49521 2.49034 0.217766 0.733083 0.107496 0.635304
1461161804.3368046284 -10.2624 1.48869 2.48477 0.218044 0.737767 0.102856 0.630537
1461161804.4185614586 -10.2127 1.48623 2.47543 0.233948 0.743267 0.109938 0.617037
1461161804.5369341373 -10.141 1.4814 2.46408 0.234708 0.747694 0.123557 0.608769
1461161804.6568520069 -10.0739 1.47133 2.45496 0.200054 0.754187 0.138117 0.610004
1461161804.7968351841 -9.99707 1.45986 2.44344 0.204624 0.753688 0.155262 0.604961
1461161804.9187459946 -9.93053 1.44844 2.43231 0.212352 0.751542 0.137955 0.609147
1461161805.0368161201 -9.86183 1.43444 2.41606 0.222229 0.76295 0.114267 0.596209
1461161805.1568410397 -9.79189 1.41866 2.4024 0.22642 0.772553 0.114429 0.582067
1461161805.2967853546 -9.7097 1.40265 2.38516 0.214248 0.778864 0.12415 0.576242
1461161805.4368062019 -9.62417 1.398 2.36648 0.213876 0.779202 0.127081 0.575284
1461161805.5568082333 -9.55417 1.39385 2.34983 0.224118 0.771795 0.142167 0.577834
1461161805.6767563820 -9.49033 1.38371 2.33374 0.207089 0.772077 0.156945 0.579982
1461161805.7768483162 -9.43929 1.37305 2.32456 0.201395 0.76334 0.169989 0.589793
1461161805.8567903042 -9.39696 1.36719 2.31817 0.20157 0.753285 0.177719 0.600289
1461161805.9370489120 -9.35361 1.3662 2.3132 0.191737 0.744847 0.177958 0.613816
1461161806.0188376904 -9.30955 1.36089 2.30568 0.19661 0.743195 0.161469 0.618816
1461161806.0967354774 -9.26576 1.35269 2.29927 0.18752 0.744943 0.143289 0.623991
1461161806.1768000126 -9.22246 1.34276 2.29348 0.165535 0.745169 0.136029 0.63152
1461161806.2568449974 -9.17852 1.32919 2.28814 0.175823 0.733563 0.137475 0.641929
1461161806.3371524811 -9.1333 1.31975 2.28301 0.158586 0.732064 0.119725 0.651613
1461161806.4184038639 -9.08645 1.31536 2.27636 0.160467 0.727183 0.12339 0.655919
1461161806.4966931343 -9.03969 1.31387 2.26809 0.15263 0.729795 0.114064 0.656577
1461161806.5767276287 -8.99406 1.31191 2.26058 0.157028 0.726868 0.121357 0.657478
1461161806.6767258644 -8.94071 1.30466 2.25401 0.142671 0.716782 0.12682 0.67066
1461161806.7767407894 -8.88898 1.29355 2.24987 0.12266 0.706823 0.137345 0.683002
1461161806.8566873074 -8.84878 1.28284 2.24537 0.118995 0.707734 0.137481 0.68268
1461161806.9367024899 -8.80562 1.27498 2.24325 0.124471 0.697582 0.125715 0.694322
1461161807.0185518265 -8.7607 1.27105 2.24017 0.121098 0.694332 0.123386 0.698581
1461161807.0966694355 -8.7141 1.26618 2.23294 0.12787 0.703859 0.117072 0.688859
1461161807.2367029190 -8.63397 1.24856 2.22685 0.12424 0.708333 0.115695 0.685159
1461161807.3566644192 -8.56471 1.2315 2.22218 0.124983 0.707947 0.12157 0.684405
1461161807.4567079544 -8.50392 1.2222 2.21883 0.130106 0.706338 0.116971 0.685914
1461161807.5366594791 -8.4564 1.21847 2.21543 0.139841 0.702609 0.117126 0.687798
1461161807.6186277866 -8.4103 1.21544 2.2145 0.141478 0.698148 0.123174 0.690942
1461161807.6966323853 -8.36725 1.21027 2.21824 0.125034 0.681695 0.129891 0.709074
1461161807.7766757011 -8.32508 1.20257 2.22479 0.102973 0.674977 0.138234 0.717421
1461161807.8566966057 -8.2817 1.19388 2.22916 0.0977015 0.67328 0.153661 0.716615
1461161807.9366302490 -8.23541 1.18535 2.23574 0.0961697 0.665143 0.142431 0.72667
1461161808.0366435051 -8.17835 1.17821 2.24057 0.103664 0.666001 0.129281 0.727312
1461161808.1366531849 -8.12129 1.16761 2.24637 0.104406 0.670737 0.11489 0.725267
1461161808.2185597420 -8.07768 1.15733 2.25165 0.111524 0.671034 0.125978 0.722084
1461161808.2967073917 -8.03482 1.1428 2.25389 0.126869 0.67769 0.137825 0.711087
1461161808.3766348362 -7.992 1.13395 2.25528 0.122939 0.688544 0.145769 0.699674
1461161808.4568939209 -7.94766 1.12752 2.25786 0.126462 0.691538 0.14857 0.695492
1461161808.5366497040 -7.90178 1.12468 2.26072 0.127768 0.692128 0.145461 0.695323
1461161808.6183137894 -7.85658 1.12143 2.26289 0.135912 0.69588 0.153769 0.68821
1461161808.7183830738 -7.80271 1.10973 2.26879 0.135551 0.686828 0.153105 0.697461
1461161808.7965955734 -7.76301 1.09605 2.27254 0.135181 0.682709 0.150706 0.702084
1461161808.8771224022 -7.72513 1.08336 2.27575 0.127387 0.683721 0.156437 0.701302
1461161808.9965953827 -7.66173 1.07539 2.28532 0.126728 0.676645 0.159531 0.707561
1461161809.1183557510 -7.59474 1.07082 2.29527 0.114721 0.673929 0.158004 0.712526
1461161809.2184600830 -7.53743 1.05985 2.30132 0.127874 0.677363 0.143472 0.710101
1461161809.3365626335 -7.47029 1.04377 2.30474 0.133567 0.691234 0.145227 0.695173
1461161809.4366178513 -7.41301 1.02956 2.3116 0.133319 0.6878 0.146632 0.698324
1461161809.5192904472 -7.36601 1.02119 2.31514 0.134827 0.694167 0.141825 0.692704
1461161809.5965754986 -7.31778 1.01577 2.31711 0.133512 0.69885 0.14154 0.688295
1461161809.6765735149 -7.27138 1.00858 2.31791 0.151294 0.70279 0.146213 0.679572
1461161809.7565591335 -7.2263 1.0008 2.32031 0.15586 0.703695 0.15665 0.675265
1461161809.8365995884 -7.18316 0.991862 2.32238 0.145862 0.708099 0.181162 0.666709
1461161809.9184460640 -7.14222 0.979432 2.32613 0.136176 0.707543 0.192098 0.666286
1461161809.9965977669 -7.09868 0.969123 2.32762 0.143379 0.715795 0.200552 0.653344
1461161810.0766007900 -7.05231 0.96148 2.33342 0.144329 0.715226 0.198446 0.654401
1461161810.1565277576 -7.00458 0.95535 2.33659 0.153813 0.716051 0.20084 0.650597
1461161810.2365193367 -6.9574 0.948693 2.33699 0.155683 0.721006 0.199679 0.645013
1461161810.3184590340 -6.91171 0.937626 2.34006 0.152893 0.730094 0.190911 0.638075
1461161810.4364459515 -6.84287 0.921949 2.34473 0.156736 0.735427 0.205209 0.626475
1461161810.5379590988 -6.7847 0.909523 2.34644 0.171444 0.738985 0.212422 0.615942
1461161810.6364774704 -6.72523 0.9 2.34404 0.195591 0.745588 0.213479 0.600225
1461161810.7764561176 -6.64503 0.889614 2.34212 0.229593 0.743945 0.232579 0.582872
1461161810.8965432644 -6.58462 0.876964 2.3401 0.241414 0.742072 0.26397 0.566893
1461161810.9964365959 -6.53694 0.866578 2.33776 0.233798 0.751743 0.273158 0.552816
1461161811.0964915752 -6.48526 0.857913 2.33639 0.235696 0.758376 0.281401 0.538635
1461161811.1765184402 -6.44283 0.853058 2.33505 0.243724 0.763186 0.28013 0.528841
1461161811.2564318180 -6.40106 0.849547 2.33487 0.254589 0.76871 0.28531 0.512706
1461161811.3364899158 -6.36076 0.841601 2.33461 0.259384 0.769815 0.276882 0.513265
1461161811.4164240360 -6.32383 0.834557 2.33167 0.256636 0.784165 0.273827 0.494208
1461161811.4964439869 -6.28623 0.827409 2.33033 0.255699 0.786657 0.285688 0.483912
1461161811.5764889717 -6.24755 0.816896 2.32513 0.260618 0.791402 0.275503 0.479436
1461161811.6563558578 -6.20674 0.810066 2.31946 0.262784 0.794902 0.261994 0.480035
1461161811.7364718914 -6.16708 0.808843 2.31009 0.267147 0.79778 0.264062 0.471647
1461161811.8164341450 -6.12674 0.805421 2.29785 0.272165 0.803118 0.251059 0.466794
1461161811.9163777828 -6.08121 0.804519 2.28322 0.247572 0.815796 0.247401 0.46041
1461161812.0164771080 -6.04001 0.796696 2.27067 0.244697 0.820846 0.253508 0.449521
1461161812.0963716507 -6.00655 0.785533 2.26267 0.239032 0.82328 0.245517 0.452543
1461161812.1971015930 -5.96235 0.773508 2.25241 0.240079 0.823101 0.23511 0.457809
1461161812.2764637470 -5.92473 0.766627 2.24564 0.234183 0.821735 0.224992 0.468283
1461161812.3563530445 -5.88633 0.761733 2.23847 0.224366 0.819495 0.21355 0.482167
1461161812.4366772175 -5.84889 0.756728 2.23041 0.213215 0.82287 0.202702 0.486144
1461161812.5183882713 -5.81213 0.754025 2.22323 0.191728 0.820829 0.213223 0.493981
1461161812.6187911034 -5.76707 0.748299 2.21557 0.169201 0.815288 0.212724 0.511297
1461161812.7574582100 -5.70206 0.740372 2.20941 0.160898 0.804103 0.208365 0.533025
1461161812.8765566349 -5.64194 0.736964 2.21034 0.157429 0.789496 0.201896 0.557809
1461161812.9766409397 -5.59273 0.730794 2.21575 0.143277 0.769706 0.200456 0.588933
1461161813.0763676167 -5.54754 0.726727 2.2246 0.108912 0.742796 0.221163 0.622479
1461161813.1763799191 -5.50403 0.716387 2.23251 0.0905274 0.725197 0.224505 0.644586
1461161813.2571353912 -5.46686 0.706875 2.24016 0.0882499 0.709377 0.215876 0.665127
1461161813.3368813992 -5.42714 0.702126 2.24872 0.0837305 0.690173 0.212465 0.686665
1461161813.4190812111 -5.38538 0.695932 2.25707 0.0847909 0.679047 0.203348 0.700254
1461161813.4963221550 -5.3447 0.688088 2.26333 0.0918152 0.671982 0.197853 0.707717
1461161813.5763428211 -5.30698 0.680292 2.26894 0.0809314 0.67171 0.203649 0.70766
1461161813.6562705040 -5.26914 0.669081 2.27463 0.0918511 0.66482 0.211509 0.710522
1461161813.7565286160 -5.21895 0.658084 2.2825 0.0893488 0.656579 0.216639 0.71693
1461161813.8763763905 -5.15451 0.651367 2.2937 0.0918751 0.650753 0.211827 0.723332
1461161813.9970581532 -5.08983 0.639741 2.30435 0.103349 0.642217 0.208253 0.730415
1461161814.0963022709 -5.04069 0.627498 2.31495 0.0977798 0.634191 0.212671 0.736893
1461161814.1963350773 -4.99445 0.612249 2.32228 0.0857061 0.629099 0.215861 0.741817
1461161814.2965986729 -4.94728 0.600884 2.33138 0.0892133 0.63141 0.219897 0.738246
1461161814.3963377476 -4.89511 0.591725 2.34302 0.0983154 0.628874 0.208631 0.742512
1461161814.4965114594 -4.84025 0.583122 2.35462 0.110929 0.638558 0.201868 0.734294
1461161814.5965025425 -4.78901 0.574069 2.36677 0.103476 0.642066 0.201375 0.732457
1461161814.6962349415 -4.73857 0.561905 2.37791 0.0992408 0.647955 0.208224 0.725912
1461161814.8366954327 -4.66641 0.54349 2.3913 0.114005 0.655396 0.21709 0.714374
1461161814.9565415382 -4.60018 0.533354 2.39884 0.13137 0.663803 0.207064 0.706563
1461161815.0762269497 -4.53863 0.518745 2.40503 0.148904 0.668194 0.195842 0.702133
1461161815.1763329506 -4.4918 0.505145 2.41194 0.152021 0.666266 0.204257 0.700898
1461161815.2761547565 -4.44368 0.493183 2.41907 0.136285 0.666663 0.210687 0.701853
1461161815.3765676022 -4.39323 0.484872 2.42626 0.142465 0.663292 0.209212 0.704257
1461161815.4565677643 -4.34978 0.47934 2.43226 0.139344 0.66516 0.204867 0.704397
1461161815.5362329483 -4.30511 0.472067 2.43747 0.146848 0.669767 0.196047 0.701009
1461161815.6187300682 -4.26145 0.458514 2.44435 0.163788 0.674644 0.177504 0.697511
1461161815.7179503441 -4.20828 0.441808 2.45043 0.154445 0.674986 0.182604 0.697995
1461161815.8184759617 -4.1547 0.426773 2.45647 0.148901 0.674427 0.186048 0.69883
1461161815.9179246426 -4.09935 0.417231 2.46192 0.150499 0.675487 0.187566 0.697055
1461161815.9961674213 -4.05318 0.412373 2.46165 0.148898 0.68078 0.175045 0.695505
1461161816.0761945248 -4.00906 0.405091 2.46263 0.165816 0.677485 0.170118 0.696118
1461161816.1561734676 -3.96671 0.395514 2.46307 0.162829 0.674557 0.163384 0.70126
1461161816.2380921841 -3.92689 0.387259 2.46495 0.157641 0.671456 0.174957 0.702629
1461161816.3179109097 -3.88784 0.377205 2.46363 0.154029 0.672544 0.186305 0.699464
1461161816.4181213379 -3.83662 0.365239 2.46268 0.162532 0.673374 0.192853 0.694952
1461161816.4962739944 -3.79287 0.35879 2.4623 0.163077 0.674542 0.183147 0.696316
1461161816.5762288570 -3.74728 0.350412 2.45915 0.169757 0.684501 0.173065 0.687524
1461161816.6761322021 -3.69175 0.341677 2.4559 0.183544 0.69139 0.166866 0.678562
1461161816.7761502266 -3.63954 0.331259 2.45569 0.173541 0.694883 0.171547 0.676456
1461161816.8767867088 -3.58694 0.316487 2.45663 0.170096 0.699261 0.172488 0.672569
1461161816.9761188030 -3.53165 0.306714 2.45656 0.176154 0.700377 0.161472 0.672583
1461161817.0960831642 -3.4645 0.303078 2.4567 0.174042 0.700005 0.159612 0.673963
1461161817.1961109638 -3.41139 0.296965 2.4556 0.17383 0.700896 0.164356 0.671949
1461161817.2964050770 -3.36223 0.285223 2.4569 0.175899 0.695151 0.179611 0.673472
1461161817.3960731030 -3.31713 0.271122 2.45497 0.175079 0.701946 0.193359 0.662746
1461161817.4961035252 -3.26948 0.259165 2.45451 0.181357 0.701755 0.189761 0.662299
1461161817.5760886669 -3.22789 0.253983 2.45319 0.188357 0.708609 0.188578 0.653325
1461161817.6561956406 -3.18428 0.24886 2.4535 0.195217 0.712207 0.183857 0.648729
1461161817.7760701180 -3.1228 0.239827 2.45523 0.200397 0.714557 0.178944 0.645932
1461161817.8760728836 -3.0738 0.227314 2.45502 0.208212 0.724133 0.189906 0.629456
1461161817.9961116314 -3.01423 0.212914 2.45599 0.192028 0.734562 0.186089 0.62363
1461161818.0960855484 -2.96184 0.198562 2.45799 0.210223 0.735284 0.184163 0.617453
1461161818.1760885715 -2.91936 0.185875 2.45699 0.228904 0.746049 0.171766 0.601258
1461161818.2560095787 -2.87606 0.172211 2.45917 0.260338 0.737486 0.182248 0.595922
1461161818.3360869884 -2.83478 0.161022 2.46022 0.269516 0.742121 0.186077 0.584802
1461161818.4368057251 -2.7872 0.144904 2.46123 0.276967 0.752603 0.188384 0.566912
1461161818.5366942883 -2.74062 0.12743 2.46603 0.270444 0.765366 0.178142 0.556185
1461161818.6360988617 -2.69351 0.108162 2.47201 0.289116 0.766257 0.165385 0.549463
1461161818.7360529900 -2.64741 0.0935442 2.47463 0.305533 0.774244 0.15545 0.532007
1461161818.8360898495 -2.60536 0.0831916 2.47257 0.298478 0.800922 0.135381 0.501105
1461161818.9560160637 -2.55974 0.0754638 2.46882 0.285456 0.826734 0.147355 0.461857
1461161819.0760157108 -2.51682 0.0686925 2.46255 0.284299 0.841744 0.159115 0.430491
1461161819.1959745884 -2.47831 0.0625253 2.44962 0.303873 0.855632 0.154651 0.389407
1461161819.3184187412 -2.44031 0.0604863 2.4362 0.314749 0.868712 0.150268 0.351699
1461161819.4561169147 -2.39981 0.0550955 2.42339 0.310373 0.884989 0.140429 0.317401
1461161819.5761246681 -2.37439 0.0499859 2.40973 0.324797 0.896868 0.133476 0.268921
1461161819.7160849571 -2.34612 0.0520863 2.39362 0.319659 0.911999 0.139907 0.215642
1461161819.8561573029 -2.3215 0.0580558 2.37797 0.322142 0.92248 0.144245 0.156362
1461161820.0162947178 -2.29173 0.0589131 2.3629 0.324471 0.930693 0.137611 0.0979365
1461161820.1960191727 -2.26008 0.0576385 2.34735 0.324802 0.934941 0.136194 0.0428935
1461161820.3760104179 -2.2322 0.0611297 2.32819 -0.315567 -0.938355 -0.140814 0.00885507
1461161820.5177128315 -2.21487 0.0657528 2.30835 -0.312077 -0.938402 -0.137043 0.0568211
1461161820.6559700966 -2.19983 0.0692376 2.28734 -0.312291 -0.934743 -0.133739 0.104136
1461161820.7961695194 -2.18665 0.0730556 2.26816 -0.317877 -0.925696 -0.142627 0.147303
1461161820.9161863327 -2.18084 0.0774445 2.25307 -0.316146 -0.914672 -0.155342 0.19823
1461161821.0363464355 -2.17948 0.0824638 2.23614 -0.325477 -0.898453 -0.157088 0.249339
1461161821.1558620930 -2.18079 0.090193 2.21991 -0.326878 -0.879786 -0.162615 0.304439
1461161821.3175380230 -2.18347 0.101111 2.19454 -0.347401 -0.849655 -0.173047 0.357007
1461161821.4964444637 -2.20229 0.10901 2.16959 -0.341421 -0.82833 -0.169022 0.410771
1461161821.6178133488 -2.22235 0.11611 2.15667 -0.345096 -0.813105 -0.158534 0.441176
1461161821.7176032066 -2.24015 0.123446 2.14777 -0.34015 -0.804082 -0.15811 0.46125
1461161821.8359291553 -2.26206 0.130267 2.1385 -0.333497 -0.797457 -0.159485 0.476872
1461161822.0359344482 -2.29184 0.14175 2.11987 -0.326854 -0.802002 -0.180117 0.466387
1461161822.1559128761 -2.30684 0.149141 2.1044 -0.310616 -0.819672 -0.198848 0.438309
1461161822.2759227753 -2.32378 0.156393 2.08973 -0.298426 -0.830163 -0.208829 0.422093
1461161822.4179341793 -2.34338 0.166756 2.07133 -0.288242 -0.83956 -0.21604 0.406673
1461161822.5559582710 -2.36171 0.174114 2.05442 -0.275335 -0.84364 -0.221463 0.404248
1461161822.7759723663 -2.386 0.178757 2.02421 -0.279561 -0.849633 -0.212149 0.393653
1461161822.9759509563 -2.40444 0.182701 1.99472 -0.279661 -0.852473 -0.211376 0.387813
1461161823.1758852005 -2.42245 0.187443 1.96401 -0.28427 -0.84974 -0.203692 0.394515
1461161823.3176655769 -2.43085 0.192105 1.93884 -0.290878 -0.85092 -0.20631 0.385696
1461161823.4557497501 -2.4372 0.191903 1.91556 -0.28438 -0.85657 -0.209999 0.375922
1461161823.5758616924 -2.44389 0.189852 1.8978 -0.275135 -0.862556 -0.205128 0.371781
1461161823.6959352493 -2.45168 0.188127 1.88138 -0.265948 -0.866072 -0.190855 0.377842
1461161823.7758357525 -2.45818 0.1878 1.87014 -0.252167 -0.86668 -0.182513 0.389829
1461161823.9176025391 -2.47173 0.19049 1.85114 -0.250199 -0.863592 -0.166203 0.404952
1461161824.0559089184 -2.48636 0.192965 1.83654 -0.249659 -0.851627 -0.151031 0.435421
1461161824.1757664680 -2.50115 0.196659 1.82479 -0.239714 -0.840756 -0.14751 0.462501
1461161824.3558588028 -2.5214 0.198902 1.80858 -0.24819 -0.827267 -0.132785 0.48621
1461161824.4957449436 -2.53737 0.199823 1.79325 -0.243369 -0.819565 -0.105233 0.507947
1461161824.6175172329 -2.54786 0.205194 1.77187 -0.244441 -0.824285 -0.0882865 0.502999
1461161824.7175388336 -2.55801 0.210089 1.75171 -0.245878 -0.828776 -0.0558119 0.499559
1461161824.8174288273 -2.56786 0.218446 1.73015 -0.239406 -0.835602 -0.069376 0.489531
1461161824.9758045673 -2.58822 0.222606 1.69702 -0.231041 -0.84503 -0.0763226 0.47615
1461161825.0957925320 -2.60323 0.222009 1.66746 -0.241075 -0.8559 -0.0761962 0.451124
1461161825.2358186245 -2.61743 0.212808 1.63382 -0.222657 -0.877804 -0.0781775 0.416859
1461161825.3757865429 -2.6334 0.203695 1.5992 -0.23483 -0.890097 -0.0527279 0.387043
1461161825.5161995888 -2.64775 0.202494 1.559 -0.237177 -0.9048 -0.0461803 0.350644
1461161825.6357176304 -2.65674 0.209133 1.51939 -0.240137 -0.918314 -0.0577049 0.30936
1461161825.7557296753 -2.66379 0.213068 1.47994 -0.236802 -0.931626 -0.0591102 0.269266
1461161825.8757266998 -2.6679 0.212334 1.44255 -0.225548 -0.944186 -0.0592476 0.232659
1461161825.9757006168 -2.66749 0.211423 1.40901 -0.239204 -0.950184 -0.0577619 0.191301
1461161826.0757791996 -2.66678 0.211288 1.37654 -0.248738 -0.95301 -0.0792416 0.153695
1461161826.1957376003 -2.67195 0.212328 1.33766 -0.25433 -0.956027 -0.0947469 0.11114
1461161826.3356897831 -2.68752 0.211043 1.2916 -0.258661 -0.959076 -0.0888533 0.073296
1461161826.4957215786 -2.71256 0.202898 1.24566 -0.246691 -0.964842 -0.0823604 0.0379491
1461161826.6356570721 -2.73192 0.186103 1.20702 0.256976 0.963431 0.0758677 0.00271043
1461161826.7957165241 -2.76055 0.16794 1.16179 0.278076 0.95848 0.0571375 0.0269313
1461161826.9556953907 -2.78886 0.158049 1.11785 0.273768 0.958441 0.0435137 0.0674493
1461161827.1174423695 -2.8289 0.146999 1.07619 0.275621 0.957294 0.0265707 0.0831589
1461161827.2555196285 -2.87263 0.136076 1.0439 0.249434 0.965087 0.0108686 0.07919
1461161827.3759658337 -2.91666 0.134688 1.01623 0.267918 0.96084 0.0269011 0.0654415
1461161827.4955992699 -2.964 0.136012 0.990927 0.269289 0.961438 0.0243211 0.0502859
1461161827.6155788898 -3.01214 0.144629 0.968093 0.266579 0.962659 0.0153524 0.0445755
1461161827.7359039783 -3.06412 0.158631 0.951304 0.259387 0.964914 0.00654286 0.0402003
1461161827.8557631969 -3.11915 0.173316 0.939312 0.252487 0.96723 -0.00200105 0.0266906
1461161827.9755988121 -3.17078 0.188455 0.926713 0.258787 0.965772 -0.00382531 0.0173028
1461161828.0955617428 -3.21822 0.209261 0.914043 0.246756 0.969 -0.00114466 0.0122283
1461161828.2177326679 -3.26714 0.239915 0.902539 -0.243859 -0.969794 0.00567248 0.000355746
1461161828.3356029987 -3.3138 0.277089 0.89287 0.241223 0.970378 0.0126078 0.00433047
1461161828.4556272030 -3.3632 0.313488 0.888659 0.229367 0.972896 0.0288817 0.00544669
1461161828.5555496216 -3.40805 0.333196 0.889203 -0.191741 -0.980394 -0.0433076 0.0136818
1461161828.6755044460 -3.46102 0.346641 0.892572 -0.179654 -0.981834 -0.0552822 0.0258934
1461161828.8178188801 -3.52192 0.354166 0.900317 -0.193268 -0.978537 -0.0612301 0.0369303
1461161828.9356338978 -3.57562 0.360641 0.905962 -0.186451 -0.978509 -0.0678197 0.0561796
1461161829.0555195808 -3.62256 0.362284 0.910863 -0.154636 -0.982632 -0.0708205 0.0742122
1461161829.3356506824 -3.67436 0.333428 0.923351 -0.133028 -0.987859 -0.0563767 0.0570947
1461161829.5358445644 -3.67155 0.290178 0.929505 -0.146488 -0.988092 -0.035855 0.0305035
1461161829.6555521488 -3.65271 0.260996 0.933775 0.154013 0.987972 0.0114509 0.00774341
1461161829.7598390579 -3.62663 0.236203 0.940762 0.168073 0.984384 -0.00429667 0.0521717
1461161829.8359272480 -3.60033 0.217282 0.950576 0.180978 0.978751 -0.0187701 0.0945613
1461161829.9174799919 -3.56894 0.200942 0.96501 0.184069 0.972024 -0.0303329 0.142714
1461161830.0173509121 -3.52987 0.184054 0.986681 0.192136 0.964631 -0.0328875 0.177452
1461161830.1171338558 -3.4889 0.171254 1.01195 0.194029 0.957147 -0.0319527 0.212608
1461161830.2170357704 -3.44893 0.162265 1.03952 0.198273 0.948027 -0.0328426 0.246688
1461161830.3355212212 -3.40512 0.161184 1.06962 0.205844 0.938733 -0.0192336 0.275752
1461161830.4563336372 -3.36339 0.168052 1.09381 0.202282 0.933245 0.000883982 0.296877
1461161830.5554592609 -3.32769 0.18074 1.1103 0.192171 0.927389 0.0233423 0.320117
1461161830.6755678654 -3.28349 0.200595 1.12795 0.171004 0.922407 0.0456497 0.343276
1461161830.7754986286 -3.24218 0.215637 1.14315 0.165853 0.911274 0.0761588 0.36915
1461161830.8955028057 -3.19775 0.226824 1.15966 0.160627 0.901696 0.0927201 0.390572
1461161831.0355973244 -3.15361 0.222165 1.17531 0.151094 0.889699 0.0826333 0.422822
1461161831.1954994202 -3.10434 0.21574 1.18142 0.133908 0.878914 0.0847912 0.449878
1461161831.3754203320 -3.04355 0.212368 1.17551 0.147676 0.87436 0.0823676 0.454864
1461161831.5355832577 -2.98115 0.212788 1.15898 0.165758 0.870158 0.0818481 0.456782
1461161831.6954350471 -2.92091 0.205065 1.13829 0.164683 0.873049 0.0636912 0.454541
1461161831.8554418087 -2.86288 0.206934 1.11243 0.148264 0.872367 0.0801647 0.458877
1461161831.9954009056 -2.81017 0.211015 1.08233 0.158462 0.868885 0.0995404 0.458279
1461161832.1171386242 -2.76395 0.217868 1.05214 0.169359 0.860743 0.109135 0.46747
1461161832.2554149628 -2.72118 0.210739 1.01572 0.175088 0.856422 0.0971522 0.475864
1461161832.3958559036 -2.68254 0.196329 0.982289 0.167995 0.849555 0.0800606 0.493582
1461161832.5562531948 -2.64023 0.189802 0.941332 0.172978 0.847922 0.0868579 0.49352
1461161832.6953976154 -2.59778 0.189042 0.908524 0.171561 0.841671 0.0694969 0.507274
1461161832.8171620369 -2.56366 0.187 0.877291 0.185378 0.842 0.0468022 0.504461
1461161832.9753737450 -2.51876 0.182734 0.839042 0.190696 0.835225 0.0446777 0.513847
1461161833.1171219349 -2.48231 0.182914 0.805616 0.18597 0.835054 0.0594023 0.514365
1461161833.2553317547 -2.44508 0.190425 0.774704 0.177255 0.824299 0.0710103 0.532982
1461161833.3754980564 -2.41455 0.196582 0.74642 0.167164 0.81469 0.0776255 0.549828
1461161833.4953007698 -2.38652 0.199148 0.719762 0.172935 0.796003 0.0929494 0.572567
1461161833.6170802116 -2.36476 0.195183 0.69991 0.163383 0.770428 0.0924731 0.609258
1461161833.7553548813 -2.34395 0.191941 0.679134 0.138611 0.749853 0.0889903 0.640771
1461161833.8952703476 -2.32321 0.198098 0.653703 0.137663 0.733977 0.10898 0.656087
1461161834.0152983665 -2.30263 0.205234 0.634164 0.114664 0.710054 0.0928312 0.688519
1461161834.1553187370 -2.28055 0.211881 0.609618 0.128742 0.686028 0.0886522 0.710586
1461161834.2957060337 -2.26092 0.216332 0.589178 0.121777 0.662803 0.0897116 0.733358
1461161834.4352681637 -2.24444 0.215346 0.567594 0.126417 0.65076 0.0825492 0.744121
1461161834.5753376484 -2.22643 0.216865 0.549002 0.114396 0.637959 0.0719307 0.758121
1461161834.7152087688 -2.20858 0.223554 0.52903 0.115018 0.619302 0.0827798 0.772258
1461161834.8552784920 -2.19018 0.23014 0.511968 0.109297 0.589461 0.0902096 0.795269
1461161834.9753057957 -2.17541 0.23426 0.496348 0.108209 0.577117 0.101975 0.803012
1461161835.1152267456 -2.16289 0.23651 0.481511 0.0998035 0.564365 0.12175 0.810375
1461161835.2953786850 -2.14915 0.233272 0.466902 0.103811 0.558238 0.123466 0.813849
1461161835.4551041126 -2.13836 0.233114 0.456368 0.113381 0.568545 0.109353 0.80743
1461161835.7151191235 -2.12813 0.238425 0.448278 0.112393 0.575394 0.0998804 0.803936
1461161836.1151626110 -2.11954 0.240606 0.441051 0.0982041 0.584182 0.0538809 0.803856
1461161837.4551205635 -2.11628 0.243825 0.434656 0.0827493 0.608443 0.00557053 0.789252
1461161838.0950689316 -2.11489 0.24913 0.427763 0.0860526 0.637402 0.00515886 0.765694
