1463226746.7315645218 0 0 0 -0 -0 -0 1
1463226746.9672248363 0.0506403 -0.0642202 -0.0185759 0.0327804 0.0350939 0.0325858 0.998315
1463226747.1608865261 0.111103 -0.0988226 -0.0343632 0.0735332 0.0600355 0.058477 0.993765
1463226747.3466038704 0.181689 -0.0965123 -0.0400411 0.0866601 0.0914051 0.0721404 0.989409
1463226747.5362329483 0.254622 -0.0738471 -0.0422642 0.0825474 0.117087 0.086616 0.985887
1463226747.7281391621 0.320936 -0.047777 -0.0470472 0.0752721 0.134324 0.0837718 0.984517
1463226747.9663875103 0.382563 -0.0129729 -0.0509 0.0754087 0.149422 0.0672163 0.9836
1463226748.1526651382 0.418061 0.0312848 -0.0462238 0.0360819 0.162505 0.0622476 0.984081
1463226748.3897972107 0.444736 0.0890445 -0.0184217 -0.0102882 0.16966 0.0678834 0.983108
1463226748.5794463158 0.458778 0.129741 0.0188666 -0.04034 0.183014 0.0803403 0.978991
1463226748.7690680027 0.473393 0.153577 0.068747 -0.0538688 0.207745 0.0764197 0.973704
1463226748.9588444233 0.486419 0.169246 0.122585 -0.0723162 0.230787 0.0754323 0.967377
1463226749.2437133789 0.479962 0.185272 0.19343 -0.101135 0.231851 0.0806146 0.964115
1463226749.5278210640 0.454656 0.203192 0.245859 -0.122488 0.219266 0.0766437 0.964907
1463226749.8629601002 0.417577 0.213892 0.279841 -0.133342 0.21338 0.071748 0.965164
1463226750.2410233021 0.37715 0.177726 0.290881 -0.115608 0.205058 0.0610362 0.96998
1463226750.5236082077 0.384042 0.131027 0.283742 -0.0767948 0.207568 0.081053 0.971827
1463226750.7607922554 0.425192 0.12027 0.277654 -0.0540692 0.224724 0.101606 0.967601
1463226750.9504249096 0.46951 0.131097 0.273899 -0.0553379 0.24786 0.121848 0.959508
1463226751.1407787800 0.5173 0.147175 0.269992 -0.054315 0.265447 0.132885 0.953378
1463226751.3298602104 0.560853 0.170965 0.260669 -0.0625166 0.272286 0.134413 0.950729
1463226751.5197126865 0.601487 0.197003 0.251132 -0.0766687 0.272 0.121742 0.951481
1463226751.7091684341 0.648253 0.227974 0.237956 -0.10598 0.26822 0.120071 0.949952
1463226751.8989093304 0.705999 0.253616 0.21936 -0.116366 0.267556 0.115467 0.949495
1463226752.0884835720 0.767791 0.272505 0.198626 -0.127346 0.273797 0.101154 0.947938
1463226752.2799980640 0.82691 0.28199 0.18069 -0.134273 0.2822 0.0932556 0.945324
1463226752.4678030014 0.873495 0.277728 0.166907 -0.140463 0.276022 0.0840688 0.947108
1463226752.7524571419 0.901138 0.239934 0.158181 -0.131675 0.282987 0.0866393 0.946083
1463226752.9444003105 0.893127 0.200123 0.159792 -0.108569 0.297963 0.0846647 0.944597
1463226753.1809899807 0.862675 0.155376 0.164202 -0.0795898 0.305904 0.0828898 0.945102
1463226753.3687937260 0.822589 0.131053 0.172394 -0.0676122 0.298527 0.0962115 0.947129
1463226753.5585222244 0.770423 0.111627 0.185795 -0.0558158 0.289547 0.0953975 0.950761
1463226753.7480745316 0.711561 0.101957 0.202795 -0.0395177 0.280066 0.100969 0.953838
1463226753.9377694130 0.65362 0.105382 0.219489 -0.0403528 0.27011 0.0995932 0.956814
1463226754.1276476383 0.596569 0.118584 0.238164 -0.0474769 0.263942 0.104808 0.957651
1463226754.3171739578 0.542296 0.134528 0.255418 -0.0529213 0.260845 0.113093 0.957272
1463226754.5069506168 0.491782 0.145389 0.268992 -0.0604598 0.253753 0.116936 0.958269
1463226754.6965763569 0.444801 0.155309 0.277105 -0.0613817 0.235885 0.100502 0.964619
1463226754.8862843513 0.399337 0.172377 0.277087 -0.0762053 0.217029 0.0871603 0.969275
1463226755.0776896477 0.34787 0.189281 0.273575 -0.101349 0.192923 0.0779767 0.972846
1463226755.2655143738 0.294512 0.195385 0.275622 -0.11824 0.16884 0.0670862 0.976223
1463226755.4553298950 0.239702 0.192475 0.283989 -0.129618 0.151468 0.065851 0.977712
1463226755.6455523968 0.183504 0.180575 0.291018 -0.134818 0.132852 0.0734564 0.979172
1463226755.8822376728 0.136301 0.146288 0.290808 -0.113067 0.116712 0.0887646 0.982708
1463226756.0716767311 0.122945 0.0990536 0.282619 -0.0816501 0.110455 0.100831 0.985376
1463226756.3088343143 0.133975 0.0484538 0.26314 -0.0501884 0.107051 0.089436 0.98895
1463226756.5004467964 0.173421 0.0272449 0.239193 -0.0250119 0.124078 0.0964369 0.987258
1463226756.6894025803 0.232075 0.0311626 0.220336 0.0113187 0.159474 0.098848 0.982176
1463226756.8778841496 0.293809 0.0561722 0.206923 0.0092008 0.184941 0.088087 0.978751
1463226757.0674252510 0.344985 0.0922193 0.196624 -0.000138368 0.20405 0.0854388 0.975225
1463226757.2585904598 0.384041 0.138062 0.191339 -0.0239207 0.221072 0.0759289 0.972003
1463226757.4969418049 0.411591 0.186415 0.192495 -0.0419065 0.217378 0.0728276 0.972464
1463226757.8739352226 0.438523 0.222537 0.165816 -0.0662926 0.190366 0.0675329 0.977142
1463226758.2055647373 0.476077 0.228044 0.0999734 -0.0459124 0.172702 0.0510112 0.98258
1463226758.4427533150 0.515675 0.24191 0.0263339 -0.0471018 0.158902 0.0351121 0.985545
1463226758.6797106266 0.564969 0.253294 -0.0463669 -0.0527273 0.173116 0.0314691 0.982986
1463226758.8695790768 0.622711 0.264104 -0.0894719 -0.0624984 0.202407 0.047561 0.976147
1463226759.0592777729 0.700841 0.274894 -0.118169 -0.0553987 0.233542 0.0536639 0.969283
1463226759.2507491112 0.806642 0.283213 -0.143573 -0.0354096 0.267122 0.04917 0.961756
1463226759.4384768009 0.927066 0.281443 -0.177478 -0.0154788 0.297267 0.042454 0.953724
1463226759.6280784607 1.04438 0.266191 -0.228415 0.00730309 0.340848 0.0369259 0.939365
1463226759.8200175762 1.16824 0.275269 -0.293024 0.0393373 0.397666 0.0495763 0.915345
1463226760.0078425407 1.28639 0.293511 -0.369509 0.0572253 0.431578 0.044333 0.899167
1463226760.1974058151 1.39099 0.305077 -0.454621 0.050248 0.441203 0.0351319 0.89531
1463226760.3870289326 1.48476 0.320102 -0.551187 0.0492754 0.480694 0.0304751 0.874972
1463226760.5765466690 1.58101 0.359897 -0.639136 0.0467335 0.518234 0.0353245 0.85323
1463226760.7684521675 1.6804 0.380739 -0.717893 0.0391856 0.541116 0.0253299 0.839652
1463226760.9560408592 1.75817 0.38906 -0.800644 0.0446372 0.582468 0.0419005 0.810545
1463226761.1455600262 1.84215 0.426643 -0.882823 0.0600066 0.565987 0.00416877 0.822217
1463226761.3353047371 1.92481 0.455516 -0.973545 0.0539091 0.525254 -0.0189347 0.849025
1463226761.5249950886 2.0045 0.460177 -1.05941 0.0486971 0.463805 -0.0279727 0.884156
1463226761.7177314758 2.09275 0.489521 -1.12901 0.0624438 0.427071 -0.0357569 0.901351
1463226761.9044711590 2.19503 0.525727 -1.19729 0.0630508 0.39439 -0.0761319 0.913611
1463226762.0939908028 2.29736 0.531667 -1.27955 0.0640268 0.374016 -0.0883204 0.920984
1463226762.2836952209 2.39568 0.54505 -1.35735 0.107905 0.363339 -0.0864715 0.921338
1463226762.4733953476 2.49438 0.583715 -1.44136 0.138284 0.309069 -0.0750347 0.937936
1463226762.7104425430 2.61964 0.601406 -1.56048 0.144217 0.27211 -0.0744415 0.948481
1463226762.9027264118 2.73076 0.623556 -1.63962 0.173821 0.263197 -0.0702447 0.94635
1463226763.0903420448 2.85336 0.661764 -1.70973 0.139913 0.250056 -0.0583426 0.956291
1463226763.2795467377 2.97671 0.66977 -1.79792 0.141984 0.266112 -0.0577937 0.951675
1463226763.5166211128 3.11627 0.709317 -1.91581 0.148151 0.250127 -0.101617 0.9514
1463226763.7541041374 3.23893 0.734729 -2.04173 0.125879 0.23514 -0.0817867 0.960299
1463226764.0382969379 3.40396 0.78797 -2.1704 0.12895 0.220273 -0.0928026 0.962413
1463226764.2753119469 3.56224 0.81055 -2.27338 0.115428 0.209299 -0.0954441 0.966313
1463226764.5127317905 3.71313 0.824629 -2.37301 0.153943 0.194086 -0.0785522 0.965641
1463226764.7495682240 3.86325 0.861214 -2.48167 0.170253 0.157434 -0.109111 0.966604
1463226765.0359418392 4.04224 0.873684 -2.59568 0.17632 0.143125 -0.1013 0.968589
1463226765.2237637043 4.18101 0.916097 -2.65858 0.145916 0.150375 -0.112665 0.971289
1463226765.4144277573 4.32295 0.934957 -2.72721 0.109422 0.180425 -0.0990643 0.97245
1463226765.6029481888 4.45391 0.947624 -2.79707 0.111645 0.219686 -0.0748806 0.966264
1463226765.8412439823 4.62459 0.981433 -2.8811 0.125632 0.22022 -0.0908333 0.963052
1463226766.0297200680 4.75545 0.982983 -2.95394 0.113844 0.225379 -0.0952869 0.962894
1463226766.3144314289 4.94673 1.01918 -3.02662 0.115652 0.204272 -0.110595 0.965747
1463226766.5040652752 5.08976 1.04154 -3.07444 0.0980377 0.209917 -0.119097 0.965474
1463226766.6937198639 5.21896 1.03424 -3.13792 0.103248 0.222824 -0.107642 0.963381
1463226766.9311363697 5.37648 1.06734 -3.20666 0.107073 0.210197 -0.119255 0.964433
1463226767.1204926968 5.49778 1.07827 -3.27914 0.13046 0.181955 -0.158219 0.961686
1463226767.3109400272 5.61968 1.08941 -3.34131 0.11456 0.188028 -0.123809 0.967571
1463226767.4998314381 5.75131 1.13114 -3.38732 0.1022 0.190725 -0.132596 0.967263
1463226767.6894345284 5.89516 1.14491 -3.44005 0.114809 0.199977 -0.156231 0.960427
1463226767.8823738098 6.02382 1.13264 -3.49068 0.15296 0.211896 -0.126901 0.95687
1463226768.0690946579 6.14974 1.14311 -3.50853 0.197205 0.172149 -0.106984 0.959182
1463226768.2584795952 6.25993 1.14262 -3.52226 0.227005 0.098723 -0.112225 0.962356
1463226768.4482917786 6.34743 1.13849 -3.53565 0.221987 0.0181158 -0.0982195 0.969921
1463226768.6853418350 6.47533 1.1622 -3.56324 0.2252 -0.0444264 -0.11747 0.966184
1463226769.0180208683 6.71252 1.17125 -3.64595 0.219789 -0.0525291 -0.110688 0.967823
1463226769.2542660236 6.89893 1.19719 -3.71407 0.236217 -0.0323031 -0.118357 0.963924
1463226769.6337232590 7.1573 1.21125 -3.83688 0.246051 -0.0737434 -0.114702 0.959617
1463226769.9183611870 7.36924 1.26273 -3.90179 0.239175 -0.0572974 -0.126559 0.960986
1463226770.2975404263 7.65147 1.26962 -4.00803 0.247668 -0.0538636 -0.123153 0.959475
1463226770.6296367645 7.90108 1.31382 -4.11966 0.251196 -0.0552407 -0.139437 0.956246
1463226771.0561699867 8.18521 1.3523 -4.23723 0.249584 -0.0595178 -0.137952 0.956627
1463226771.4830064774 8.49718 1.35554 -4.34324 0.265993 -0.0611409 -0.153278 0.949745
1463226771.9118289948 8.79932 1.38952 -4.49242 0.31221 -0.0771275 -0.162493 0.93283
1463226772.3370959759 9.10047 1.44935 -4.60331 0.301851 -0.0968988 -0.148225 0.936763
1463226772.6232409477 9.3351 1.45663 -4.68769 0.289838 -0.061205 -0.143378 0.944294
1463226772.8600661755 9.53437 1.48236 -4.76797 0.304149 -0.0176681 -0.156889 0.93945
1463226773.2392561436 9.82047 1.51335 -4.89984 0.258003 -0.00230371 -0.141332 0.955748
1463226773.4745378494 10.0123 1.56651 -4.96065 0.237654 0.0312614 -0.139537 0.960767
1463226773.8098180294 10.2774 1.58375 -5.04441 0.218755 0.0461023 -0.119485 0.967339
1463226774.0910749435 10.5 1.62024 -5.11096 0.217879 0.0802762 -0.127118 0.964327
1463226774.4703273773 10.7682 1.6346 -5.20623 0.23277 0.0846093 -0.118248 0.961601
1463226774.7074041367 10.9561 1.6758 -5.24212 0.230385 0.103379 -0.134292 0.958228
1463226774.9445867538 11.1523 1.67231 -5.28889 0.210531 0.117349 -0.119125 0.96318
1463226775.1816864014 11.3481 1.68929 -5.33866 0.218893 0.139428 -0.123303 0.957832
1463226775.6084854603 11.6661 1.71479 -5.43159 0.213277 0.108342 -0.119504 0.963584
1463226775.8454542160 11.8644 1.75248 -5.46547 0.207047 0.118285 -0.127168 0.962792
1463226776.1331570148 12.1035 1.75463 -5.51345 0.196545 0.131561 -0.107568 0.965656
1463226776.3671731949 12.2956 1.78214 -5.54662 0.215455 0.152844 -0.121539 0.956789
1463226776.7012903690 12.5547 1.79396 -5.62289 0.198628 0.140395 -0.107642 0.963976
1463226777.0309534073 12.8174 1.83453 -5.66203 0.19664 0.133184 -0.125158 0.963291
1463226777.2682721615 13.018 1.8354 -5.69368 0.185533 0.139513 -0.117723 0.965534
1463226777.5060570240 13.2189 1.8501 -5.73517 0.190285 0.154286 -0.123786 0.961595
1463226777.7898104191 13.4418 1.87644 -5.78638 0.173776 0.138398 -0.115594 0.968135
1463226778.1217529774 13.6893 1.90515 -5.82742 0.173825 0.124567 -0.119482 0.969532
1463226778.3588860035 13.8833 1.91966 -5.84947 0.160269 0.117367 -0.122715 0.972358
1463226778.5960204601 14.0644 1.90826 -5.89076 0.170811 0.125661 -0.11603 0.970345
1463226778.8328950405 14.2466 1.92843 -5.93287 0.197206 0.124289 -0.126024 0.964251
1463226779.1199920177 14.4399 1.92642 -5.97951 0.183806 0.0916223 -0.118302 0.971507
1463226779.3565330505 14.627 1.96604 -5.99365 0.168543 0.0923922 -0.140005 0.971316
1463226779.5917675495 14.826 1.957 -6.01307 0.174644 0.10222 -0.127982 0.970912
1463226779.7816874981 14.9839 1.95725 -6.04227 0.187661 0.126539 -0.117473 0.966939
1463226779.9712626934 15.1429 1.98128 -6.0797 0.192312 0.146609 -0.12186 0.962638
1463226780.2558922768 15.3475 1.9761 -6.13477 0.177386 0.131812 -0.101189 0.970011
1463226780.4929375648 15.5282 2.00076 -6.16288 0.186072 0.14173 -0.115411 0.965386
1463226780.7297139168 15.7286 2.00694 -6.19184 0.175864 0.152961 -0.119533 0.965084
1463226780.9193837643 15.8851 2.00573 -6.22741 0.171335 0.171299 -0.118192 0.962981
1463226781.1091609001 16.0429 2.03286 -6.2627 0.179211 0.188971 -0.127074 0.957092
1463226781.3462922573 16.2241 2.03938 -6.31845 0.180105 0.193695 -0.118417 0.95709
1463226781.5831906796 16.3997 2.06663 -6.35323 0.161531 0.185176 -0.105291 0.963603
1463226781.7748644352 16.5599 2.09208 -6.37483 0.170171 0.190744 -0.124065 0.958784
1463226781.9626109600 16.721 2.08669 -6.40945 0.156234 0.216365 -0.109164 0.957528
1463226782.1537261009 16.8758 2.08958 -6.45511 0.166708 0.241901 -0.095122 0.951128
1463226782.3438096046 17.0304 2.11597 -6.50255 0.180647 0.25203 -0.106215 0.944757
1463226782.5790376663 17.2008 2.12748 -6.55333 0.152101 0.243722 -0.097986 0.952819
1463226782.8187406063 17.3832 2.16522 -6.59451 0.140433 0.251135 -0.0889815 0.953568
1463226783.0060222149 17.5447 2.19155 -6.62662 0.123287 0.262676 -0.0859671 0.953106
1463226783.1954493523 17.7 2.18868 -6.67637 0.125515 0.29862 -0.0630706 0.943978
1463226783.3865334988 17.8535 2.19624 -6.73865 0.148287 0.339232 -0.0776252 0.925693
1463226783.5749120712 18.0012 2.21557 -6.8005 0.169981 0.35481 -0.0870261 0.915228
1463226783.8152611256 18.1619 2.22362 -6.87081 0.146916 0.351554 -0.0868269 0.920482
1463226784.0036218166 18.3037 2.25496 -6.92695 0.144082 0.363598 -0.095712 0.915356
1463226784.1913895607 18.459 2.28748 -6.98028 0.119108 0.379225 -0.102178 0.9119
1463226784.3813915253 18.6016 2.29081 -7.05447 0.118084 0.410069 -0.0801008 0.900824
1463226784.5709698200 18.7336 2.31689 -7.11629 0.121963 0.427104 -0.0813355 0.89224
1463226784.8552772999 18.9347 2.35547 -7.21855 0.119796 0.42154 -0.0825698 0.895062
1463226785.0451128483 19.062 2.37461 -7.29061 0.107092 0.450137 -0.0554721 0.884777
1463226785.2350389957 19.2003 2.41791 -7.36429 0.0981823 0.475652 -0.0584996 0.872177
1463226785.4250979424 19.3443 2.44504 -7.44946 0.0819966 0.506065 -0.055006 0.856825
1463226785.6138522625 19.4703 2.44543 -7.5471 0.0932722 0.542338 -0.0439166 0.833811
1463226785.8042201996 19.5829 2.48514 -7.64691 0.0929566 0.56309 -0.0577055 0.819121
1463226786.0407581329 19.7204 2.53481 -7.77603 0.0789651 0.564614 -0.043117 0.820437
1463226786.2314605713 19.8152 2.5579 -7.89004 0.0731821 0.583063 -0.0185495 0.808912
1463226786.4202048779 19.9224 2.60801 -8.00398 0.072223 0.61071 -0.0219922 0.788247
1463226786.6097128391 20.0259 2.62855 -8.14353 0.0595643 0.648047 -0.0267054 0.758798
1463226786.8001730442 20.1175 2.64198 -8.28685 0.0675302 0.689353 -0.013124 0.721152
1463226786.9890828133 20.1963 2.69974 -8.42291 0.0661531 0.716306 -0.01778 0.694416
1463226787.1796147823 20.2586 2.73545 -8.57161 0.0698018 0.740938 -0.0275107 0.667369
1463226787.3683712482 20.3177 2.75354 -8.70737 0.0506869 0.749252 -0.0108866 0.660252
1463226787.5604479313 20.3829 2.8085 -8.84444 0.0398883 0.765633 -0.0220355 0.641661
1463226787.7478299141 20.4561 2.85533 -8.99081 0.018018 0.784018 -0.00782604 0.620428
1463226787.9379982948 20.4992 2.85976 -9.154 0.0340619 0.831045 0.0120176 0.555032
1463226788.1271412373 20.5255 2.90658 -9.31144 0.0344224 0.862248 0.00277266 0.505308
1463226788.3649992943 20.5687 2.97078 -9.49691 0.0146181 0.870714 0.0234235 0.491013
1463226788.5538268089 20.6018 3.00929 -9.64249 0.00277517 0.87778 0.0619663 0.475032
1463226788.7469658852 20.6331 3.06657 -9.78726 -0.00814725 0.890487 0.0558454 0.451496
1463226788.9359142780 20.6688 3.10923 -9.94699 -0.0183751 0.910524 0.046394 0.410434
1463226789.1230518818 20.6883 3.12781 -10.1086 -0.0114834 0.926229 0.0596917 0.372029
1463226789.3144619465 20.704 3.19006 -10.2573 -0.00418159 0.938385 0.0763946 0.337017
1463226789.5052814484 20.7186 3.25198 -10.4023 -0.0420345 0.931832 0.140061 0.332122
1463226789.6919426918 20.7378 3.29934 -10.5319 -0.0556894 0.907367 0.234677 0.344253
1463226789.8876190186 20.758 3.35221 -10.6673 -0.054198 0.902696 0.280477 0.321768
1463226790.0713517666 20.7797 3.39447 -10.8179 -0.0659222 0.912636 0.278466 0.291902
1463226790.2614271641 20.7894 3.4113 -10.9622 -0.0452006 0.92611 0.280362 0.248344
1463226790.4508728981 20.7962 3.4458 -11.1062 -0.0250822 0.939237 0.283675 0.191657
1463226790.6443045139 20.8057 3.48399 -11.2561 -0.0147008 0.947485 0.284725 0.14487
1463226790.8300292492 20.825 3.50443 -11.3918 -0.0226031 0.939976 0.309568 0.141781
1463226791.0196390152 20.8457 3.54493 -11.5199 -0.0272259 0.93087 0.335199 0.142766
1463226791.2094113827 20.8661 3.59485 -11.6598 -0.0191771 0.932185 0.340584 0.121099
1463226791.3996441364 20.883 3.62299 -11.7928 -0.010028 0.928792 0.354915 0.106208
1463226791.5905859470 20.8919 3.65715 -11.9166 0.00332296 0.925911 0.365029 0.097121
1463226791.7784609795 20.8894 3.70246 -12.0567 0.0167295 0.937952 0.339025 0.0709064
1463226791.9680311680 20.8809 3.71447 -12.2106 0.0181536 0.953431 0.297032 0.0491078
1463226792.1576926708 20.8787 3.72442 -12.3479 0.0336042 0.952849 0.298594 0.0423202
1463226792.3473803997 20.8692 3.76677 -12.4846 0.0332885 0.948545 0.314806 0.00711942
1463226792.5387601852 20.8451 3.79256 -12.6156 -0.0256313 -0.951473 -0.300865 0.0593445
1463226792.7267694473 20.8061 3.80555 -12.7319 -0.0285349 -0.952694 -0.276087 0.123836
1463226792.9166026115 20.7574 3.84238 -12.8466 -0.0118591 -0.949333 -0.250312 0.189657
1463226793.1061375141 20.6986 3.86911 -12.9667 -0.00471538 -0.935419 -0.221975 0.27513
1463226793.2959203720 20.6513 3.86479 -13.0724 0.013316 -0.923094 -0.186908 0.335836
1463226793.4855816364 20.6049 3.89757 -13.1678 0.0464812 -0.897977 -0.163052 0.406067
1463226793.6750929356 20.5662 3.92567 -13.2701 0.104661 -0.866084 -0.121129 0.473574
1463226793.8649618626 20.5308 3.93481 -13.3667 0.0758553 -0.824498 -0.0461417 0.558856
1463226794.0546085835 20.4966 3.96782 -13.4654 0.059641 -0.790919 0.0118346 0.608892
1463226794.2466323376 20.4534 4.01016 -13.5911 0.0924381 -0.772142 -0.0283066 0.628054
1463226794.4361841679 20.4243 4.02252 -13.7195 0.0937889 -0.76046 -0.0420878 0.641196
1463226794.6235721111 20.4029 4.05042 -13.8418 0.125485 -0.74075 -0.0333026 0.659116
1463226794.8132841587 20.3797 4.09396 -13.9738 0.147282 -0.690079 -0.0461859 0.707083
1463226795.0029668808 20.359 4.10177 -14.1142 0.139804 -0.67558 0.00158956 0.723908
1463226795.1926467419 20.3321 4.14476 -14.2419 0.144361 -0.683916 -0.0419032 0.713906
1463226795.3852338791 20.2956 4.19248 -14.3802 0.157769 -0.665546 -0.0162311 0.729311
1463226795.5741553307 20.2627 4.20445 -14.5355 0.147298 -0.68564 -0.0131538 0.71276
1463226795.7616956234 20.2352 4.23956 -14.6757 0.166489 -0.690718 -0.020957 0.703386
1463226795.9515202045 20.2076 4.29834 -14.8217 0.161761 -0.688794 -0.0108052 0.706597
1463226796.1418328285 20.182 4.32063 -14.9797 0.160364 -0.683421 0.000665505 0.712193
1463226796.3306243420 20.1564 4.36338 -15.124 0.160024 -0.692096 -0.031696 0.703129
1463226796.5203480721 20.1259 4.431 -15.2783 0.149191 -0.69418 -0.0305969 0.703506
1463226796.7100539207 20.0987 4.45137 -15.4474 0.12699 -0.711028 -0.00476104 0.691586
1463226796.8998630047 20.0819 4.47977 -15.6037 0.137433 -0.720124 -0.0149174 0.679934
1463226797.1388931274 20.0566 4.55125 -15.7932 0.149142 -0.696219 0.00616912 0.702138
1463226797.3264524937 20.0369 4.58205 -15.9468 0.145374 -0.694508 -0.0190447 0.704387
1463226797.5162811279 20.0124 4.63991 -16.0906 0.139202 -0.689077 -0.0494974 0.709468
1463226797.7058894634 19.9844 4.69421 -16.2504 0.123545 -0.699087 -0.0266584 0.703778
1463226797.8956279755 19.9662 4.70578 -16.4067 0.137155 -0.703478 -0.0376448 0.696341
1463226798.1334252357 19.9384 4.76271 -16.5836 0.143117 -0.690214 -0.0346165 0.708466
1463226798.3223469257 19.9169 4.79472 -16.7367 0.143888 -0.673824 -0.00631582 0.724719
1463226798.5593657494 19.8894 4.83155 -16.9103 0.147718 -0.670774 -0.0327348 0.726065
1463226798.7492516041 19.8639 4.88804 -17.0553 0.147375 -0.672936 -0.0135802 0.724744
1463226798.9387452602 19.8279 4.91882 -17.208 0.142896 -0.6808 -0.0131357 0.718275
1463226799.1288063526 19.8032 4.94199 -17.3521 0.156747 -0.68948 -0.0187415 0.706892
1463226799.3656034470 19.7661 5.00227 -17.5257 0.172822 -0.669982 0.00535568 0.721961
1463226799.6027271748 19.7198 5.03163 -17.7027 0.172027 -0.657861 -0.00246039 0.733225
1463226799.8402323723 19.6575 5.10002 -17.8659 0.169446 -0.646801 -0.0121378 0.743498
1463226800.0294792652 19.5947 5.13208 -18.0109 0.156419 -0.648863 -0.00959684 0.744593
1463226800.2190370560 19.5449 5.14959 -18.1519 0.162015 -0.65534 -0.0247943 0.737337
1463226800.4560868740 19.4793 5.21362 -18.32 0.172778 -0.649367 -0.0243636 0.740187
1463226800.6458427906 19.4246 5.22393 -18.4704 0.195459 -0.63019 0.0156154 0.751274
1463226800.8830444813 19.3449 5.27453 -18.6354 0.185067 -0.634844 -0.0105782 0.750074
1463226801.0747814178 19.2657 5.32612 -18.7693 0.173303 -0.624463 0.0171367 0.761393
1463226801.2623224258 19.1818 5.34108 -18.9114 0.171 -0.634815 0.0184687 0.753278
1463226801.4992804527 19.0921 5.39136 -19.0736 0.188022 -0.633498 -0.00100186 0.750551
1463226801.7364645004 19.0036 5.43343 -19.2485 0.205436 -0.619698 0.0202986 0.757204
1463226801.9261996746 18.9417 5.45261 -19.3807 0.190139 -0.630432 -0.0028473 0.752592
1463226802.1156897545 18.8761 5.51521 -19.5113 0.181484 -0.646608 -0.0105902 0.740844
1463226802.3056197166 18.8096 5.54694 -19.6568 0.168584 -0.660809 0.0036078 0.731368
1463226802.4952092171 18.7611 5.56309 -19.7992 0.177604 -0.681024 -0.0135883 0.710267
1463226802.6848461628 18.7087 5.61518 -19.9307 0.18934 -0.679442 -0.0052227 0.708859
1463226802.8745801449 18.6558 5.64355 -20.0796 0.197819 -0.668659 0.0198334 0.716498
1463226803.0668406487 18.6091 5.66466 -20.2203 0.178468 -0.681097 -0.00056549 0.710109
1463226803.2542605400 18.5562 5.72888 -20.3573 0.163253 -0.688661 -0.00895271 0.70641
1463226803.4435093403 18.4964 5.76865 -20.5097 0.156501 -0.693769 -0.00488069 0.702971
1463226803.6332933903 18.4492 5.78364 -20.6569 0.166668 -0.703931 -0.010232 0.690361
1463226803.8734145164 18.3919 5.85196 -20.8334 0.175746 -0.705255 0.00310102 0.686818
1463226804.1075713634 18.3371 5.88927 -21.022 0.173925 -0.706069 -0.0184611 0.686204
1463226804.2971467972 18.2968 5.93673 -21.1622 0.156452 -0.718388 -0.0394637 0.676671
1463226804.4867391586 18.2432 5.98488 -21.306 0.15212 -0.714359 -0.0170071 0.682833
1463226804.6764762402 18.1928 6.00223 -21.4529 0.147532 -0.717972 -0.0382364 0.679182
1463226804.9165537357 18.1372 6.05114 -21.6154 0.162617 -0.69627 -0.0343941 0.69827
1463226805.1031959057 18.0848 6.0896 -21.7507 0.179722 -0.648261 -0.00664923 0.739874
1463226805.2932984829 18.0332 6.1078 -21.8794 0.18014 -0.598642 -0.0142422 0.780368
1463226805.4825410843 17.9814 6.15334 -22.003 0.180145 -0.555401 0.00186296 0.811834
1463226805.7196691036 17.9099 6.1969 -22.177 0.162386 -0.536171 -0.00438867 0.828331
1463226805.9568150043 17.8552 6.22857 -22.3459 0.187063 -0.524126 0.00974098 0.830785
1463226806.2412345409 17.7838 6.288 -22.5538 0.194767 -0.489482 0.0282473 0.849515
1463226806.5258266926 17.7071 6.32851 -22.7495 0.182791 -0.47126 0.00773092 0.86281
1463226806.7154967785 17.6488 6.37936 -22.8873 0.18616 -0.499741 0.0245935 0.845576
1463226806.9055607319 17.5914 6.41098 -23.0432 0.166365 -0.569332 -0.0167673 0.804924
1463226807.0948626995 17.5358 6.45352 -23.1813 0.164631 -0.612257 -0.028601 0.7728
1463226807.2845683098 17.4805 6.49291 -23.3259 0.179562 -0.607911 0.000660194 0.773435
1463226807.5247931480 17.3977 6.51569 -23.494 0.164596 -0.611861 -0.0268223 0.773185
1463226807.7588026524 17.3016 6.57549 -23.6392 0.153642 -0.565105 -0.0260479 0.810168
1463226807.9482896328 17.2184 6.60084 -23.7758 0.136847 -0.580353 -0.0128646 0.802681
1463226808.1379485130 17.1495 6.61936 -23.9031 0.133432 -0.593641 -0.0374715 0.792705
1463226808.3277480602 17.0767 6.65894 -24.0204 0.145128 -0.556247 -0.0230186 0.817923
1463226808.5680973530 16.9822 6.68849 -24.1824 0.145202 -0.545758 -0.00952096 0.825212
1463226808.7544257641 16.9123 6.71831 -24.3003 0.131285 -0.561652 -0.0295388 0.816357
1463226808.9443728924 16.8363 6.76832 -24.4226 0.139435 -0.563926 -0.0221128 0.813669
1463226809.1351842880 16.7611 6.7809 -24.5534 0.122483 -0.58707 -0.002717 0.800212
1463226809.3235530853 16.702 6.79805 -24.6731 0.13933 -0.585334 -0.00771761 0.798694
1463226809.5134189129 16.6325 6.83601 -24.7924 0.132373 -0.543916 0.00681778 0.828605
1463226809.7029805183 16.5512 6.8659 -24.9212 0.0831984 -0.5361 -0.00431271 0.840034
1463226809.8927042484 16.473 6.87441 -25.0203 0.117265 -0.476588 -0.0296523 0.870766
1463226810.1330549717 16.3601 6.92511 -25.162 0.0990079 -0.438361 -0.0266283 0.892932
1463226810.3234949112 16.2744 6.94566 -25.2772 0.0756502 -0.419477 -0.0232156 0.90431
1463226810.5090949535 16.198 6.9546 -25.3862 0.105804 -0.397935 0.000344544 0.911292
1463226810.7461402416 16.0928 7.00052 -25.5315 0.111063 -0.374517 0.0101353 0.920489
1463226810.9834573269 15.9947 7.03963 -25.6728 0.113332 -0.353009 -0.0264029 0.928355
1463226811.2203266621 15.8836 7.08369 -25.8182 0.120281 -0.333348 -0.0194503 0.934898
1463226811.4100539684 15.799 7.10987 -25.9469 0.110892 -0.332483 -0.0308219 0.93606
1463226811.6470410824 15.7057 7.14206 -26.1103 0.113213 -0.329993 -0.0339641 0.936554
1463226811.8841576576 15.6113 7.18737 -26.2808 0.099325 -0.335134 -0.0273473 0.936521
1463226812.1223316193 15.5244 7.22306 -26.4428 0.110515 -0.344882 -0.0504176 0.930753
1463226812.3108351231 15.4461 7.26658 -26.5779 0.104451 -0.366045 -0.032965 0.924129
1463226812.5017254353 15.3646 7.29068 -26.7229 0.113351 -0.4013 -0.0496014 0.907551
1463226812.6924428940 15.2949 7.3146 -26.8572 0.123646 -0.42149 -0.0612305 0.896275
1463226812.8800024986 15.217 7.3592 -26.9894 0.10571 -0.437074 -0.048823 0.891857
1463226813.0698156357 15.1444 7.38965 -27.1292 0.0957158 -0.452953 -0.0674578 0.883811
1463226813.2593560219 15.0739 7.41463 -27.2608 0.115561 -0.46975 -0.0728963 0.872162
1463226813.4489493370 14.9883 7.45553 -27.3945 0.11609 -0.489907 -0.0592124 0.861979
1463226813.6386795044 14.9079 7.48211 -27.5265 0.100148 -0.506351 -0.0794617 0.852798
1463226813.8283243179 14.833 7.50192 -27.6633 0.113644 -0.523474 -0.083398 0.840301
1463226814.0184538364 14.7533 7.53914 -27.7941 0.109332 -0.529797 -0.0736788 0.837814
1463226814.2077651024 14.6717 7.56218 -27.9178 0.100397 -0.528595 -0.0927672 0.837796
1463226814.3974647522 14.5887 7.59085 -28.0368 0.116867 -0.539214 -0.105913 0.827268
1463226814.5875768661 14.4919 7.63406 -28.1593 0.110229 -0.555435 -0.100281 0.818099
1463226814.7767844200 14.3982 7.65724 -28.2784 0.116225 -0.574472 -0.117803 0.801621
1463226814.9667732716 14.3121 7.68574 -28.3988 0.13043 -0.588417 -0.129234 0.787434
1463226815.1576559544 14.221 7.73277 -28.5137 0.108761 -0.584888 -0.130024 0.793203
1463226815.3457088470 14.1343 7.75803 -28.6292 0.101671 -0.586121 -0.148316 0.790018
1463226815.5371990204 14.0491 7.79131 -28.7432 0.115452 -0.596443 -0.160716 0.77788
1463226815.7253262997 13.9539 7.84287 -28.8581 0.0948716 -0.606149 -0.15193 0.774919
1463226815.9171004295 13.8721 7.8686 -28.9865 0.0943464 -0.636541 -0.169226 0.74651
1463226816.1053280830 13.7905 7.90052 -29.1146 0.102228 -0.653206 -0.171955 0.730276
1463226816.2941305637 13.6984 7.93399 -29.2326 0.0973343 -0.645179 -0.161942 0.7403
1463226816.4862604141 13.6101 7.94651 -29.3529 0.0827733 -0.648703 -0.164635 0.738396
1463226816.6754186153 13.5204 7.96882 -29.4612 0.101163 -0.656196 -0.174663 0.727094
1463226816.8650076389 13.4166 8.00929 -29.5662 0.102878 -0.663947 -0.173116 0.720154
1463226817.0536284447 13.3251 8.01074 -29.6725 0.0819385 -0.684299 -0.170911 0.704138
1463226817.2424662113 13.239 8.02507 -29.7773 0.0911366 -0.694431 -0.18161 0.690273
1463226817.4325633049 13.1449 8.06325 -29.8914 0.0984085 -0.703583 -0.185781 0.678802
1463226817.6219108105 13.0553 8.08272 -29.9979 0.0697492 -0.711315 -0.196837 0.671134
1463226817.8123269081 12.9598 8.1016 -30.0938 0.0697277 -0.719454 -0.198457 0.661921
1463226818.0012371540 12.8485 8.13767 -30.1819 0.0445149 -0.7315 -0.17753 0.656818
1463226818.1909146309 12.7509 8.15377 -30.2645 0.0348784 -0.737404 -0.208672 0.641463
1463226818.3806686401 12.6581 8.16404 -30.3552 0.0435673 -0.755353 -0.205053 0.620884
1463226818.5704324245 12.5445 8.19006 -30.4417 0.0579145 -0.762344 -0.190302 0.615843
1463226818.7601201534 12.4349 8.20147 -30.5203 0.0395693 -0.763013 -0.198973 0.613722
1463226818.9496281147 12.3215 8.20756 -30.5872 0.0491336 -0.763343 -0.205077 0.610604
1463226819.1392996311 12.1888 8.23123 -30.6404 0.0469558 -0.765549 -0.186833 0.613859
1463226819.3314547539 12.0597 8.23669 -30.688 0.0449557 -0.772328 -0.207632 0.598647
1463226819.5187563896 11.9418 8.23641 -30.7282 0.0416694 -0.779008 -0.212872 0.588299
1463226819.7082479000 11.8012 8.26331 -30.7496 0.0554658 -0.763367 -0.213407 0.607167
1463226819.8983185291 11.6617 8.26487 -30.7781 0.0520794 -0.762262 -0.205925 0.611423
1463226820.0876767635 11.5296 8.25513 -30.7909 0.0405473 -0.762391 -0.196779 0.615137
1463226820.2801353931 11.3845 8.26888 -30.7826 0.0400966 -0.768753 -0.178788 0.612736
1463226820.4670813084 11.2417 8.2647 -30.7687 0.0389736 -0.755686 -0.186993 0.62646
1463226820.6569430828 11.1102 8.24294 -30.7539 0.0367106 -0.729053 -0.200901 0.653278
1463226820.8484084606 10.9608 8.24822 -30.7303 0.0510924 -0.709377 -0.178012 0.680062
1463226821.0363078117 10.805 8.23826 -30.712 0.059263 -0.68539 -0.165858 0.706555
1463226821.2307188511 10.6614 8.20882 -30.6888 0.0547462 -0.663619 -0.152557 0.730301
1463226821.4156303406 10.5183 8.21314 -30.6525 0.0622422 -0.653207 -0.13639 0.742189
1463226821.6050555706 10.3732 8.2037 -30.6222 0.0593654 -0.659747 -0.13012 0.737753
1463226821.7957024574 10.2403 8.17181 -30.6028 0.0699412 -0.675172 -0.141164 0.720641
1463226821.9845769405 10.0979 8.16171 -30.5718 0.0725409 -0.6705 -0.129651 0.726883
1463226822.1760356426 9.94994 8.14168 -30.5375 0.0899987 -0.66374 -0.126774 0.731627
1463226822.3639209270 9.81602 8.10372 -30.5111 0.0841014 -0.661147 -0.127696 0.73451
1463226822.5534520149 9.68307 8.08892 -30.465 0.0973956 -0.644582 -0.11517 0.749509
1463226822.7468986511 9.54086 8.06122 -30.4094 0.098061 -0.623412 -0.0887554 0.770626
1463226822.9329445362 9.40892 8.00155 -30.3539 0.113566 -0.586701 -0.0738019 0.798397
1463226823.1241936684 9.29421 7.96764 -30.2888 0.134244 -0.525175 -0.060373 0.838168
1463226823.3122305870 9.16937 7.95695 -30.2243 0.161496 -0.482937 -0.051608 0.859086
1463226823.5022294521 9.05346 7.92982 -30.1857 0.136443 -0.444196 -0.0639087 0.88317
1463226823.6918346882 8.93966 7.91583 -30.159 0.138012 -0.440716 -0.0441982 0.885872
1463226823.8817663193 8.80965 7.91468 -30.1218 0.172117 -0.444929 -0.0257582 0.878493
1463226824.0727982521 8.6674 7.87399 -30.1006 0.178466 -0.460205 -0.028197 0.869233
1463226824.2632696629 8.53738 7.84218 -30.0852 0.164117 -0.476461 -0.0297881 0.863229
1463226824.4503102303 8.39917 7.83616 -30.0568 0.189153 -0.47679 -0.0400485 0.85749
1463226824.6399378777 8.26686 7.8093 -30.0342 0.17652 -0.471236 -0.0327677 0.863541
1463226824.8299193382 8.16127 7.78184 -30.0065 0.17973 -0.437146 0.020894 0.881002
1463226825.0216479301 8.04494 7.77922 -29.9655 0.223336 -0.408885 0.0544494 0.883159
1463226825.2101294994 7.91976 7.75862 -29.9293 0.25558 -0.408909 0.0296202 0.875554
1463226825.4019765854 7.80491 7.72156 -29.9085 0.289299 -0.421054 0.00933122 0.859612
1463226825.5915114880 7.68313 7.71958 -29.8802 0.315205 -0.407353 -0.015899 0.857004
1463226825.7781918049 7.5465 7.70588 -29.8556 0.321864 -0.420297 -0.0376064 0.847549
1463226825.9676189423 7.4216 7.672 -29.835 0.286103 -0.448174 -0.0462785 0.845661
1463226826.1586849689 7.29847 7.67022 -29.7995 0.297396 -0.43168 -0.0796922 0.847855
1463226826.3471813202 7.15523 7.65186 -29.7632 0.301282 -0.45151 -0.102133 0.833629
1463226826.5367786884 7.02186 7.61252 -29.7362 0.276396 -0.477156 -0.130858 0.823895
1463226826.7267370224 6.88438 7.60868 -29.7144 0.230318 -0.499822 -0.116112 0.826831
1463226826.9190273285 6.7336 7.59199 -29.6958 0.234218 -0.480527 -0.093785 0.839905
1463226827.1057507992 6.5929 7.55246 -29.6815 0.215131 -0.466671 -0.119831 0.849457
1463226827.2955076694 6.45259 7.53741 -29.6496 0.17222 -0.455924 -0.111694 0.866024
1463226827.4882030487 6.30231 7.52231 -29.5953 0.134236 -0.435397 -0.0705446 0.887375
1463226827.6746718884 6.1686 7.49221 -29.5487 0.0892615 -0.425746 -0.0605555 0.898391
1463226827.8673632145 6.04146 7.48086 -29.5072 0.0611411 -0.401909 -0.0544705 0.912011
1463226828.0540478230 5.90084 7.48687 -29.4694 0.0216799 -0.347669 -0.0379081 0.9366
1463226828.2438533306 5.76247 7.47424 -29.4496 -0.0129927 -0.333821 -0.0443906 0.941501
1463226828.4340281487 5.63133 7.47213 -29.4221 -0.0561685 -0.286623 -0.0467642 0.955251
1463226828.6231598854 5.48811 7.47986 -29.384 -0.108387 -0.234509 -0.00393011 0.966045
1463226828.8150682449 5.3516 7.46318 -29.3621 -0.133404 -0.207685 0.000841191 0.969056
1463226829.0025622845 5.22596 7.45422 -29.3382 -0.14412 -0.16356 0.0103078 0.975895
1463226829.1931421757 5.08815 7.46026 -29.3069 -0.16017 -0.0840027 0.0527079 0.982095
1463226829.3820128441 4.94827 7.44794 -29.2927 -0.175906 -0.0490534 0.0683031 0.980809
1463226829.5715761185 4.81493 7.43877 -29.2762 -0.188446 -0.0273527 0.0693375 0.979251
1463226829.7611873150 4.6715 7.44711 -29.2471 -0.210354 -0.00106669 0.0987388 0.972626
1463226829.9521379471 4.52367 7.43244 -29.222 -0.239062 -0.0158096 0.113152 0.964259
1463226830.1413469315 4.3791 7.4159 -29.2013 -0.230456 -0.0347432 0.100769 0.967227
1463226830.3303418159 4.21364 7.40454 -29.1663 -0.233205 -0.0489879 0.131645 0.962229
1463226830.5199229717 4.04612 7.36817 -29.1467 -0.23697 -0.0822084 0.146938 0.956816
1463226830.7122471333 3.90253 7.34541 -29.1276 -0.247543 -0.0865082 0.137122 0.955215
1463226830.8992991447 3.75952 7.34699 -29.0921 -0.246131 -0.07988 0.129997 0.957152
1463226831.0898573399 3.63597 7.32659 -29.0665 -0.242738 -0.0480162 0.123695 0.960975
1463226831.2795293331 3.50234 7.30133 -29.0546 -0.235481 -0.0570403 0.120126 0.962738
1463226831.4690682888 3.36024 7.28695 -29.039 -0.228763 -0.0510223 0.134849 0.962746
1463226831.6599426270 3.22567 7.25547 -29.0286 -0.224762 -0.0408927 0.137721 0.963765
1463226831.8477003574 3.09692 7.22823 -29.0132 -0.215618 -0.0509302 0.129653 0.966491
1463226832.0373284817 2.96733 7.2156 -28.9895 -0.207374 -0.0434948 0.135069 0.967916
1463226832.2270603180 2.83622 7.18277 -28.9688 -0.215806 -0.0410838 0.137108 0.965889
1463226832.4168636799 2.71213 7.14848 -28.9569 -0.223742 -0.0464032 0.133357 0.964366
1463226832.6083533764 2.58286 7.13135 -28.9386 -0.2063 -0.0473242 0.127572 0.968982
1463226832.7968771458 2.4612 7.11144 -28.9258 -0.206884 -0.0270667 0.130477 0.969248
1463226832.9866693020 2.35209 7.08878 -28.9175 -0.207242 -0.0199412 0.12496 0.970071
1463226833.1753745079 2.23778 7.08758 -28.8986 -0.199979 -0.0210009 0.109624 0.973422
1463226833.3650040627 2.11758 7.07864 -28.8763 -0.201566 -0.00875188 0.101178 0.974196
1463226833.5549533367 2.00302 7.05059 -28.8725 -0.189401 -0.0286171 0.0747293 0.978634
1463226833.7450127602 1.88116 7.03191 -28.8619 -0.164508 -0.049079 0.0521409 0.983773
1463226833.9340696335 1.75227 7.02548 -28.8462 -0.145517 -0.0716785 0.0427364 0.98583
1463226834.1238069534 1.63321 7.01349 -28.84 -0.126233 -0.101508 0.019108 0.986608
1463226834.3134925365 1.51585 7.01009 -28.8215 -0.125619 -0.133731 -0.00417814 0.983015
1463226834.5054616928 1.38648 7.00969 -28.7895 -0.127494 -0.173679 -0.012183 0.976439
1463226834.6928620338 1.25797 6.98368 -28.7691 -0.115288 -0.22577 -0.0483471 0.966126
1463226834.8824601173 1.13534 6.96226 -28.7566 -0.128005 -0.263744 -0.0668864 0.953719
1463226835.0724949837 0.998081 6.96035 -28.7393 -0.110963 -0.310751 -0.101211 0.938551
1463226835.2619826794 0.866297 6.94463 -28.7256 -0.0895014 -0.345864 -0.0942342 0.92924
1463226835.4536437988 0.745412 6.92743 -28.7209 -0.0845352 -0.395036 -0.117228 0.907225
1463226835.6411714554 0.618212 6.92726 -28.7012 -0.0799062 -0.446747 -0.141272 0.879815
1463226835.8317410946 0.493723 6.92347 -28.6886 -0.0840372 -0.489139 -0.166745 0.851984
1463226836.0219042301 0.379269 6.9182 -28.6935 -0.0744804 -0.536158 -0.197865 0.817212
1463226836.2102982998 0.253851 6.93626 -28.695 -0.046895 -0.576118 -0.241097 0.77959
1463226836.4021625519 0.125234 6.94316 -28.6985 -0.0327633 -0.595334 -0.264208 0.758088
1463226836.5895791054 0.0127892 6.9423 -28.7118 -0.0462387 -0.63056 -0.278036 0.723154
1463226836.7792344093 -0.107133 6.95913 -28.719 -0.0431482 -0.66224 -0.289571 0.689728
1463226836.9689154625 -0.220302 6.96433 -28.7374 -0.0446443 -0.700008 -0.294136 0.649214
1463226837.1586542130 -0.314361 6.95984 -28.7727 -0.0343189 -0.744476 -0.31388 0.588267
1463226837.3501315117 -0.418141 6.98459 -28.8103 -0.0200283 -0.778246 -0.316826 0.541806
1463226837.5380673409 -0.525359 6.99972 -28.8595 0.00842236 -0.804532 -0.305406 0.509298
1463226837.7277083397 -0.606011 7.00435 -28.9162 0.0064006 -0.839555 -0.321209 0.4381
1463226837.9172194004 -0.695538 7.02735 -28.9659 0.00922577 -0.867754 -0.312512 0.386334
1463226838.1070458889 -0.787721 7.05199 -29.0167 0.0140426 -0.889936 -0.316948 0.32766
1463226838.2998392582 -0.860626 7.05243 -29.0767 0.033053 -0.914443 -0.315945 0.250761
1463226838.4864361286 -0.940445 7.0746 -29.1424 0.0469747 -0.940559 -0.284278 0.179799
1463226838.6759972572 -1.028 7.10564 -29.2224 0.051384 -0.954586 -0.261483 0.133237
1463226838.8656802177 -1.10071 7.10332 -29.2998 0.0521492 -0.967959 -0.23726 0.0635878
1463226839.0554487705 -1.18195 7.12046 -29.3675 0.0622963 -0.974973 -0.213332 0.00597833
1463226839.2469043732 -1.27433 7.14356 -29.4371 -0.0756159 0.973418 0.208307 0.0578532
1463226839.4351727962 -1.34658 7.14322 -29.5055 -0.096505 0.963428 0.202818 0.146143
1463226839.6243965626 -1.42734 7.16876 -29.5762 -0.0793316 0.961416 0.191452 0.180921
1463226839.8142466545 -1.5159 7.20611 -29.6674 -0.0720248 0.959896 0.168477 0.212196
1463226840.0038154125 -1.60179 7.21288 -29.7605 -0.0895592 0.94731 0.176341 0.251967
1463226840.1956570148 -1.69956 7.22506 -29.8539 -0.0808405 0.948009 0.140857 0.273685
1463226840.3830654621 -1.8081 7.24522 -29.9487 -0.0324759 0.951369 0.109135 0.286236
1463226840.5729072094 -1.90281 7.23552 -30.0409 -0.0622193 0.938485 0.0784203 0.330492
1463226840.8098461628 -2.0182 7.25478 -30.145 -0.0717175 0.931147 0.0586939 0.352671
1463226841.0006995201 -2.11321 7.29448 -30.2389 -0.116693 0.925184 0.0411026 0.358787
1463226841.1896255016 -2.19404 7.296 -30.3489 -0.0845265 0.933297 0.0212084 0.34837
1463226841.3814704418 -2.28188 7.31539 -30.4527 -0.0607093 0.936329 0.0539419 0.341602
1463226841.5689439774 -2.36796 7.34875 -30.5581 -0.0908133 0.935037 0.0244516 0.34185
1463226841.7583363056 -2.4402 7.3442 -30.6641 -0.0861219 0.931613 0.0150815 0.352779
1463226841.9953756332 -2.51057 7.3558 -30.7889 -0.0643726 0.927909 -0.0121454 0.367006
1463226842.2356503010 -2.58376 7.39267 -30.9389 -0.0799472 0.92029 -0.024838 0.382176
1463226842.4222159386 -2.64093 7.38761 -31.0629 -0.0711369 0.921157 -0.0254726 0.381787
1463226842.6592090130 -2.71311 7.42604 -31.2004 -0.0596543 0.919875 -0.0179764 0.387232
1463226842.8965854645 -2.8016 7.45664 -31.3508 -0.07304 0.919946 -0.0137009 0.384938
1463226843.1342260838 -2.88308 7.45716 -31.4914 -0.0707384 0.921854 -0.0238546 0.380279
1463226843.3231854439 -2.95562 7.51325 -31.6087 -0.0896708 0.924729 0.00208215 0.369907
1463226843.5158553123 -3.03031 7.52782 -31.7381 -0.0986218 0.933684 0.00294422 0.344238
1463226843.8447368145 -3.14521 7.55792 -31.9259 -0.0916516 0.923865 0.00210473 0.371577
1463226844.1766510010 -3.27545 7.58082 -32.104 -0.0941994 0.917868 0.0190208 0.385075
1463226844.5086977482 -3.40173 7.6304 -32.2792 -0.102534 0.918884 0.00775466 0.380893
1463226844.7456233501 -3.49883 7.64034 -32.4216 -0.117728 0.922297 0.0161949 0.367757
1463226845.0303001404 -3.61465 7.66607 -32.5692 -0.113663 0.924804 0.0142938 0.362786
1463226845.3147821426 -3.76035 7.68249 -32.7051 -0.103544 0.91467 -0.0113742 0.390548
1463226845.6940641403 -3.94128 7.70056 -32.8673 -0.105208 0.907987 -0.0277991 0.404621
1463226846.0259459019 -4.11059 7.71559 -32.9991 -0.130278 0.899695 -0.00316464 0.416612
1463226846.5500049591 -4.34926 7.70664 -33.1147 -0.100434 0.887615 -0.0312683 0.448414
1463226847.2590494156 -4.64573 7.66856 -33.2655 -0.066454 0.87403 -0.0275121 0.480518
1463226847.8280339241 -4.90947 7.71182 -33.4652 -0.0704494 0.866567 -0.012483 0.493906
1463226848.3496131897 -5.19379 7.72287 -33.672 -0.0831773 0.862728 -0.0380335 0.497328
1463226848.6372582912 -5.35563 7.77499 -33.794 -0.122436 0.863448 -0.0395749 0.48775
1463226848.9660291672 -5.54064 7.76963 -33.9219 -0.10436 0.871091 -0.0391877 0.478304
1463226849.3455288410 -5.79704 7.79511 -34.0183 -0.12488 0.865079 -0.0523499 0.483013
1463226849.6298639774 -5.97953 7.79393 -34.0953 -0.12702 0.881106 -0.0700969 0.450116
1463226850.0567245483 -6.25738 7.79872 -34.1869 -0.154488 0.878374 -0.0759138 0.445904
1463226850.5308527946 -6.57867 7.81323 -34.2298 -0.157989 0.875579 -0.0685086 0.45134
1463226850.9101607800 -6.82126 7.82454 -34.2787 -0.152418 0.89224 -0.0748777 0.418414
1463226851.1948201656 -7.01287 7.83296 -34.321 -0.148999 0.905138 -0.0369461 0.396434
1463226851.6213915348 -7.30758 7.83942 -34.3552 -0.161698 0.910767 -0.0665497 0.37407
1463226851.8138024807 -7.44405 7.83658 -34.3716 -0.173751 0.919173 -0.00294236 0.353445
1463226852.0507733822 -7.55682 7.84623 -34.4093 -0.113905 0.897611 -0.0394881 0.423983
1463226852.2391278744 -7.64175 7.87858 -34.4516 -0.0768399 0.867423 -0.0610848 0.487793
1463226852.4277091026 -7.72899 7.89552 -34.4793 -0.0389895 0.822298 -0.0191368 0.567397
1463226852.6173195839 -7.84214 7.90646 -34.4954 -0.0533978 0.786706 0.0121929 0.614893
1463226852.9016993046 -8.04265 7.91503 -34.488 -0.0428406 0.746243 0.0237533 0.663869
1463226853.2371857166 -8.26998 7.89387 -34.4826 0.00627039 0.773972 0.00858948 0.633131
1463226853.6132259369 -8.5436 7.88199 -34.4539 0.0504274 0.791364 -0.00951489 0.609187
1463226853.9925758839 -8.8322 7.87362 -34.3886 0.00560141 0.801243 -0.0284133 0.597637
1463226854.4191727638 -9.14157 7.85775 -34.2916 0.0201928 0.807777 0.00345411 0.589132
1463226854.8478114605 -9.45772 7.84411 -34.1859 0.0308346 0.824764 0.0458293 0.562773
1463226855.3707518578 -9.8318 7.80477 -34.0289 0.0173222 0.84285 0.0647266 0.533962
1463226855.8894188404 -10.195 7.79347 -33.866 0.0178466 0.862759 0.0685995 0.500623
1463226856.2686657906 -10.4642 7.75385 -33.7368 -0.026238 0.888033 0.0505595 0.456237
1463226856.8849725723 -10.8417 7.71522 -33.4971 -0.0333857 0.897286 0.0707591 0.434461
1463226857.5024404526 -11.2248 7.66933 -33.2692 -0.0125093 0.899948 0.056305 0.432165
1463226858.1673672199 -11.6684 7.64185 -33.0529 -0.0120244 0.900801 0.07911 0.426797
1463226858.8297207355 -12.0862 7.57619 -32.7919 -0.00562139 0.914176 0.0896686 0.395234
1463226859.3035891056 -12.4102 7.56523 -32.5972 -0.0367692 0.930039 0.107028 0.349601
1463226860.0146353245 -12.8141 7.47191 -32.268 -0.0482232 0.922678 0.0897449 0.371868
1463226860.4440424442 -13.1039 7.47049 -32.0597 -0.0526537 0.932155 0.122087 0.336764
1463226861.2475373745 -13.5608 7.36637 -31.6813 -0.0583106 0.933874 0.116706 0.332956
1463226861.8640604019 -13.9334 7.31498 -31.4011 -0.0438081 0.950918 0.0995639 0.289694
1463226862.7652268410 -14.4534 7.24414 -30.9824 -0.0503814 0.953116 0.109643 0.277508
1463226863.5711493492 -14.9405 7.13878 -30.6148 -0.0494034 0.964103 0.0992082 0.241294
1463226864.1440463066 -15.2966 7.07469 -30.3428 -0.058872 0.979538 0.0755045 0.177029
1463226864.7567238808 -15.6258 7.00907 -30.0087 -0.0730424 0.978675 0.0999455 0.163922
1463226865.1834323406 -15.8728 6.97577 -29.7902 -0.0496398 0.981331 0.126857 0.135763
1463226865.8024299145 -16.1705 6.90154 -29.4608 -0.0547154 0.981914 0.12172 0.134299
1463226866.3214335442 -16.4612 6.87362 -29.1809 -0.0201081 0.983843 0.12962 0.121852
1463226866.5133883953 -16.5883 6.84636 -29.0737 -0.0371806 0.991011 0.120043 0.0458843
1463226866.7516305447 -16.7249 6.82752 -28.9221 0.0168938 -0.989797 -0.141073 0.0107227
1463226866.9379532337 -16.8272 6.79054 -28.8072 0.00116394 -0.983174 -0.168137 0.0713894
1463226867.1749608517 -16.9629 6.78528 -28.6646 0.0173737 -0.980887 -0.146228 0.127184
1463226867.3646271229 -17.0839 6.77009 -28.5527 0.00914864 -0.97272 -0.138866 0.185601
1463226867.5575134754 -17.1904 6.72513 -28.448 0.0143321 -0.968922 -0.122884 0.214205
1463226867.7440075874 -17.3008 6.70618 -28.3277 0.0634593 -0.964627 -0.101154 0.235023
1463226868.0285162926 -17.4341 6.65919 -28.1578 0.0361607 -0.965014 -0.117897 0.231387
1463226868.2669713497 -17.5606 6.63467 -28.0165 0.0445805 -0.959606 -0.0903836 0.262678
1463226868.4552030563 -17.679 6.6119 -27.8888 0.0775714 -0.943833 -0.106349 0.30307
1463226868.6468660831 -17.7848 6.55828 -27.7578 0.0699445 -0.924929 -0.111319 0.356682
1463226868.8350315094 -17.891 6.53614 -27.6196 0.0847829 -0.904482 -0.0927967 0.407569
1463226869.0254662037 -17.9815 6.51437 -27.4885 0.118989 -0.8942 -0.0821645 0.423672
1463226869.2140524387 -18.0592 6.4831 -27.3679 0.0793373 -0.883425 -0.112806 0.447818
1463226869.4036645889 -18.1503 6.47531 -27.2328 0.0880402 -0.85755 -0.123594 0.491509
1463226869.5963664055 -18.2503 6.44802 -27.0891 0.129537 -0.828708 -0.12872 0.529051
1463226869.7831661701 -18.3405 6.39892 -26.9539 0.113875 -0.803004 -0.120723 0.572402
1463226869.9727699757 -18.4286 6.37745 -26.8126 0.129127 -0.776684 -0.111564 0.606335
1463226870.1623520851 -18.5115 6.35177 -26.6782 0.142345 -0.766904 -0.103404 0.617174
1463226870.3521215916 -18.5848 6.31146 -26.5524 0.125647 -0.740996 -0.138005 0.645053
1463226870.5416958332 -18.6687 6.30789 -26.4206 0.123552 -0.722416 -0.134235 0.666956
1463226870.7314863205 -18.7678 6.31075 -26.2858 0.111721 -0.708465 -0.1605 0.678111
1463226870.9210340977 -18.8499 6.27635 -26.1557 0.0871886 -0.680095 -0.146132 0.713101
1463226871.1112926006 -18.9308 6.25721 -26.0121 0.0889938 -0.628212 -0.131093 0.761738
1463226871.3006105423 -19.007 6.2336 -25.8719 0.102763 -0.622102 -0.110819 0.768211
1463226871.4925994873 -19.0646 6.18669 -25.744 0.101301 -0.605762 -0.122604 0.779589
1463226871.6800103188 -19.1318 6.17048 -25.6048 0.0997672 -0.583623 -0.136263 0.794269
1463226871.8698496819 -19.204 6.15521 -25.4531 0.111001 -0.568214 -0.142394 0.80283
1463226872.0599780083 -19.2491 6.1058 -25.3083 0.0855255 -0.533582 -0.137892 0.830037
1463226872.2489204407 -19.2957 6.08492 -25.1525 0.0902689 -0.49761 -0.126103 0.853425
1463226872.4384465218 -19.3343 6.06703 -24.9994 0.101219 -0.502028 -0.124946 0.849771
1463226872.6281034946 -19.3682 6.01589 -24.8738 0.11057 -0.509225 -0.149739 0.840263
1463226872.8183181286 -19.4065 5.99087 -24.7432 0.0983259 -0.505956 -0.152935 0.843179
1463226873.0074791908 -19.4547 5.96366 -24.5957 0.151373 -0.475338 -0.138055 0.855617
1463226873.1972465515 -19.4925 5.90592 -24.4633 0.148962 -0.452042 -0.118049 0.871512
1463226873.3892383575 -19.524 5.86727 -24.3269 0.139585 -0.425304 -0.0933606 0.889335
1463226873.6714003086 -19.5699 5.83612 -24.1222 0.158085 -0.433358 -0.113561 0.879951
1463226873.8610825539 -19.591 5.80212 -23.9892 0.115672 -0.406475 -0.129956 0.896945
1463226874.0512585640 -19.6073 5.78535 -23.8319 0.119122 -0.359918 -0.119711 0.917572
1463226874.2413699627 -19.6292 5.75733 -23.6692 0.124715 -0.305153 -0.109825 0.937692
1463226874.4302282333 -19.6373 5.70166 -23.5247 0.108784 -0.25269 -0.0889377 0.95729
1463226874.6200323105 -19.6514 5.67986 -23.3811 0.113122 -0.226282 -0.0740078 0.964636
1463226874.8095099926 -19.6548 5.64828 -23.2433 0.123886 -0.205426 -0.0712661 0.968181
1463226874.9992029667 -19.6596 5.60327 -23.124 0.117102 -0.195852 -0.0651036 0.971437
1463226875.1888043880 -19.6705 5.59107 -22.9875 0.0967567 -0.164328 -0.0744391 0.978822
1463226875.3787336349 -19.6781 5.56763 -22.845 0.104849 -0.118491 -0.0737762 0.984644
1463226875.5681838989 -19.6755 5.51856 -22.7142 0.0966625 -0.0618534 -0.0541011 0.991919
1463226875.7627680302 -19.6664 5.49212 -22.5799 0.0805407 -0.0333478 -0.0433065 0.995252
1463226875.9476888180 -19.6678 5.47549 -22.4377 0.0729394 -0.0269793 -0.0476339 0.995833
1463226876.1371791363 -19.6751 5.43388 -22.3185 0.0621636 -0.0442616 -0.0677728 0.994778
1463226876.3279628754 -19.676 5.40574 -22.192 0.0599927 -0.0375575 -0.0805289 0.994236
1463226876.5166008472 -19.6737 5.37716 -22.0513 0.0840377 -0.0012634 -0.0908051 0.992316
1463226876.7062578201 -19.6761 5.33014 -21.9245 0.0662123 0.00110511 -0.0913809 0.993612
1463226876.8985455036 -19.677 5.29329 -21.7951 0.0632975 -0.00257883 -0.0990605 0.993063
1463226877.0855162144 -19.6839 5.25491 -21.6585 0.0937171 0.00627837 -0.0997334 0.990571
1463226877.2753636837 -19.7032 5.20927 -21.5437 0.0736683 -0.0121093 -0.127275 0.989054
1463226877.4663455486 -19.733 5.17406 -21.4301 0.0853839 -0.00741075 -0.111845 0.990023
1463226877.6563272476 -19.778 5.156 -21.3103 0.0848624 0.0118054 -0.125887 0.988338
1463226877.8443315029 -19.8286 5.1213 -21.2021 0.0752893 -0.00467007 -0.122689 0.989574
1463226878.0340056419 -19.8806 5.09408 -21.1014 0.074964 -0.0201056 -0.129613 0.988522
1463226878.2236211300 -19.9487 5.0803 -20.9954 0.0887653 -0.0447461 -0.139843 0.985171
1463226878.4132432938 -20.0298 5.05606 -20.9091 0.0920594 -0.0972575 -0.156253 0.978596
1463226878.6046962738 -20.1165 5.03778 -20.8374 0.0960399 -0.148599 -0.153404 0.972194
1463226878.7928903103 -20.2074 5.04802 -20.7555 0.107635 -0.181221 -0.160791 0.96422
1463226878.9823772907 -20.3004 5.05963 -20.6753 0.134506 -0.194619 -0.169734 0.956672
1463226879.1720645428 -20.3944 5.06009 -20.6008 0.130142 -0.235695 -0.158739 0.949901
1463226879.4093625546 -20.5217 5.05878 -20.5038 0.10471 -0.267222 -0.147883 0.946445
1463226879.6463460922 -20.6462 5.04884 -20.4408 0.115872 -0.301793 -0.155853 0.933383
1463226879.8362584114 -20.7604 5.06613 -20.3914 0.102305 -0.383465 -0.189182 0.898164
1463226880.0279841423 -20.8767 5.08387 -20.3306 0.101865 -0.423028 -0.20045 0.877776
1463226880.2152829170 -20.9789 5.07824 -20.2745 0.0658715 -0.474009 -0.180788 0.859239
1463226880.4050562382 -21.0826 5.07338 -20.2185 0.0732721 -0.512514 -0.17543 0.837368
1463226880.5945093632 -21.1868 5.06309 -20.167 0.0956131 -0.564405 -0.160545 0.804071
1463226880.7849416733 -21.2774 5.04646 -20.1227 0.105075 -0.603311 -0.198274 0.765286
1463226880.9774067402 -21.3685 5.04399 -20.0643 0.101134 -0.61592 -0.201143 0.754955
1463226881.1663455963 -21.4647 5.03853 -19.9869 0.119932 -0.597811 -0.203938 0.765929
1463226881.3533961773 -21.539 5.00719 -19.9116 0.13802 -0.587633 -0.184281 0.775679
1463226881.5905597210 -21.6066 4.99596 -19.8186 0.146813 -0.57198 -0.157414 0.791521
1463226881.9246127605 -21.6833 5.039 -19.6445 0.187646 -0.57638 -0.188595 0.772662
1463226882.1623899937 -21.7298 5.02831 -19.5519 0.172262 -0.622063 -0.189562 0.739885
1463226882.4440686703 -21.7933 5.0168 -19.369 0.146863 -0.629544 -0.171337 0.743471
1463226882.6353669167 -21.8277 4.96875 -19.2212 0.190322 -0.581779 -0.135049 0.779148
1463226882.8233172894 -21.8467 4.92206 -19.066 0.182807 -0.550391 -0.164927 0.797778
1463226883.0130376816 -21.8686 4.90227 -18.8912 0.181453 -0.503562 -0.14436 0.832262
1463226883.2047729492 -21.876 4.85235 -18.7345 0.167841 -0.482937 -0.126724 0.850025
1463226883.3924705982 -21.8791 4.80369 -18.5907 0.166777 -0.452118 -0.125198 0.867237
1463226883.5852289200 -21.8835 4.78966 -18.4248 0.179134 -0.401153 -0.119669 0.890318
1463226883.7732748985 -21.8829 4.75763 -18.2684 0.176411 -0.364281 -0.124838 0.905867
1463226884.0101096630 -21.8611 4.69907 -18.0958 0.158394 -0.334712 -0.122965 0.920738
1463226884.2013969421 -21.8441 4.67969 -17.95 0.184068 -0.317288 -0.120673 0.922434
1463226884.4368238449 -21.8091 4.62627 -17.7852 0.163056 -0.315253 -0.107025 0.928749
1463226884.6252801418 -21.7795 4.58148 -17.6516 0.175049 -0.28249 -0.0921415 0.938652
1463226884.8180704117 -21.7651 4.56189 -17.4856 0.20806 -0.235858 -0.0889964 0.945072
1463226885.0087838173 -21.7455 4.49852 -17.3404 0.204155 -0.210089 -0.101712 0.950704
1463226885.1968519688 -21.735 4.44584 -17.2011 0.240091 -0.197964 -0.0769892 0.947227
1463226885.4314479828 -21.7073 4.39861 -17.0406 0.27493 -0.218089 -0.0772166 0.933214
1463226885.6685185432 -21.6882 4.34535 -16.8969 0.253575 -0.259007 -0.102548 0.926336
1463226885.9548652172 -21.6768 4.3433 -16.6811 0.226136 -0.258978 -0.113914 0.932103
1463226886.1427469254 -21.655 4.31388 -16.54 0.183428 -0.236916 -0.128797 0.945323
1463226886.3323962688 -21.6298 4.29511 -16.4034 0.157552 -0.217296 -0.114031 0.956534
1463226886.5221207142 -21.5996 4.29307 -16.2491 0.131611 -0.196728 -0.133783 0.96233
1463226886.7117404938 -21.5713 4.24526 -16.1114 0.131908 -0.209241 -0.123252 0.961055
1463226886.9037234783 -21.5491 4.20984 -15.979 0.117115 -0.211083 -0.128059 0.96194
1463226887.0910034180 -21.5379 4.19834 -15.8297 0.131765 -0.206879 -0.136006 0.959865
1463226887.2806360722 -21.5284 4.15746 -15.6789 0.131916 -0.205147 -0.139608 0.959699
1463226887.4705362320 -21.5114 4.13089 -15.5324 0.0986358 -0.195276 -0.131379 0.966891
1463226887.6602106094 -21.498 4.10497 -15.3747 0.13292 -0.194685 -0.12476 0.963776
1463226887.8524029255 -21.4859 4.04777 -15.2324 0.146041 -0.211077 -0.136933 0.956749
1463226888.0403771400 -21.4692 4.01019 -15.089 0.144369 -0.215401 -0.158225 0.952746
1463226888.2292943001 -21.4607 3.99458 -14.9238 0.162927 -0.196863 -0.153299 0.954567
1463226888.4205112457 -21.4546 3.94362 -14.7748 0.144795 -0.213631 -0.154675 0.953662
1463226888.6112797260 -21.4329 3.91625 -14.6198 0.12783 -0.193371 -0.127655 0.96435
1463226888.8000400066 -21.4118 3.88763 -14.467 0.1544 -0.196067 -0.0988821 0.963297
1463226888.9877569675 -21.3879 3.84235 -14.3345 0.126728 -0.207006 -0.13094 0.96122
1463226889.1774306297 -21.3659 3.82621 -14.1883 0.106399 -0.194126 -0.137357 0.965467
1463226889.3672053814 -21.3539 3.80327 -14.0259 0.118044 -0.198146 -0.145742 0.962062
1463226889.5579605103 -21.3355 3.75481 -13.877 0.0980252 -0.196408 -0.143854 0.964946
1463226889.7501733303 -21.3097 3.73107 -13.7218 0.101799 -0.180544 -0.136727 0.968683
1463226889.9363315105 -21.2856 3.69443 -13.5688 0.112859 -0.187045 -0.120279 0.968406
1463226890.1271162033 -21.2586 3.64172 -13.4331 0.108957 -0.195153 -0.144439 0.96394
1463226890.3155560493 -21.2349 3.6264 -13.2785 0.11928 -0.188514 -0.140818 0.964575
1463226890.5051028728 -21.215 3.58792 -13.1168 0.12383 -0.185674 -0.159919 0.96157
1463226890.6970317364 -21.18 3.53561 -12.9682 0.116078 -0.166093 -0.125184 0.97122
1463226890.8846728802 -21.1344 3.5186 -12.8069 0.125103 -0.144004 -0.124475 0.973713
1463226891.0742011070 -21.0968 3.48468 -12.668 0.112457 -0.169292 -0.131825 0.970214
1463226891.2652645111 -21.0637 3.45808 -12.5329 0.0779135 -0.190252 -0.142746 0.968172
1463226891.4536051750 -21.0289 3.43977 -12.3755 0.0961568 -0.175859 -0.144005 0.969067
1463226891.6454713345 -20.9936 3.38785 -12.2243 0.107175 -0.162155 -0.148322 0.969649
1463226891.8350479603 -20.9523 3.34831 -12.0774 0.104725 -0.155092 -0.138719 0.97249
1463226892.0226986408 -20.9004 3.32311 -11.9241 0.135305 -0.151841 -0.119619 0.971766
1463226892.2124197483 -20.8494 3.27399 -11.7919 0.123313 -0.159351 -0.142342 0.969092
1463226892.4020934105 -20.7985 3.24774 -11.6494 0.115239 -0.141958 -0.138117 0.973392
1463226892.5943014622 -20.7486 3.22698 -11.4841 0.131932 -0.107367 -0.129664 0.976859
1463226892.7841036320 -20.6928 3.17805 -11.3301 0.103547 -0.0722897 -0.113221 0.985512
1463226892.9710183144 -20.6397 3.15433 -11.166 0.0827778 -0.0272597 -0.0915102 0.991983
1463226893.1619343758 -20.591 3.12458 -11.0135 0.10192 -0.032118 -0.0673442 0.991991
1463226893.3504743576 -20.5571 3.07488 -10.8868 0.0992102 -0.0498875 -0.0951713 0.989248
1463226893.5422446728 -20.5387 3.05656 -10.7468 0.120634 -0.0731071 -0.106822 0.984221
1463226893.7299365997 -20.5204 3.02075 -10.5988 0.140354 -0.0992464 -0.12049 0.977718
1463226893.9196023941 -20.4954 2.97053 -10.4636 0.124463 -0.110853 -0.115814 0.979187
1463226894.1091094017 -20.4694 2.94173 -10.3157 0.160088 -0.122254 -0.111991 0.973079
1463226894.2988450527 -20.4432 2.902 -10.1742 0.164744 -0.149667 -0.103207 0.969437
1463226894.4901061058 -20.4141 2.86531 -10.041 0.142334 -0.157695 -0.119013 0.969902
1463226894.6787135601 -20.3932 2.85205 -9.88635 0.16049 -0.172859 -0.131795 0.962805
1463226894.8677885532 -20.3695 2.80568 -9.73405 0.164719 -0.168804 -0.133092 0.962631
1463226895.0574114323 -20.3388 2.7608 -9.5944 0.159989 -0.171732 -0.125448 0.963937
1463226895.2475092411 -20.2969 2.73548 -9.4494 0.184157 -0.176277 -0.120001 0.959486
1463226895.4843111038 -20.2499 2.68033 -9.28877 0.18555 -0.21015 -0.131045 0.950913
1463226895.7712721825 -20.1951 2.66056 -9.07504 0.166889 -0.239463 -0.144805 0.945429
1463226895.9584293365 -20.1586 2.62501 -8.92474 0.176899 -0.23648 -0.151022 0.943386
1463226896.1515705585 -20.1125 2.58392 -8.7838 0.161965 -0.227572 -0.136952 0.95038
1463226896.3381013870 -20.0547 2.56692 -8.63209 0.162426 -0.216135 -0.132837 0.95355
1463226896.5274736881 -20.0023 2.52614 -8.49183 0.171922 -0.226575 -0.12664 0.950299
1463226896.7173030376 -19.9487 2.49994 -8.35723 0.138147 -0.228583 -0.134872 0.954188
1463226896.9068899155 -19.9017 2.49245 -8.20253 0.145913 -0.21535 -0.144398 0.954716
1463226897.0987415314 -19.8575 2.44845 -8.05294 0.148503 -0.215916 -0.155257 0.952482
1463226897.2862207890 -19.8095 2.41197 -7.91584 0.142356 -0.217253 -0.147881 0.954289
1463226897.4793975353 -19.7569 2.38719 -7.77438 0.164642 -0.222743 -0.132562 0.951686
1463226897.6674141884 -19.7006 2.34607 -7.64478 0.141989 -0.230183 -0.142762 0.952089
1463226897.8552336693 -19.6519 2.32341 -7.50932 0.137891 -0.24207 -0.156604 0.947556
1463226898.0500369072 -19.6046 2.30491 -7.35185 0.164683 -0.233218 -0.162553 0.944492
1463226898.2344961166 -19.55 2.25337 -7.21055 0.143653 -0.220469 -0.165929 0.950382
1463226898.4243462086 -19.4989 2.22711 -7.07044 0.144201 -0.206407 -0.158673 0.954686
1463226898.6141149998 -19.4474 2.20252 -6.92883 0.156353 -0.22201 -0.154815 0.949893
1463226898.8069250584 -19.4038 2.15501 -6.80314 0.147964 -0.249356 -0.179718 0.940016
1463226898.9956521988 -19.3617 2.13621 -6.66208 0.149091 -0.249312 -0.171867 0.941317
1463226899.1832661629 -19.3204 2.1096 -6.50554 0.16062 -0.247187 -0.184927 0.937498
1463226899.3728632927 -19.2711 2.05469 -6.36495 0.15491 -0.227652 -0.168895 0.946389
1463226899.5626158714 -19.2223 2.03543 -6.21914 0.165823 -0.221697 -0.162871 0.947009
1463226899.7521109581 -19.1771 2.00781 -6.07658 0.171465 -0.248102 -0.174966 0.937247
1463226899.9440472126 -19.1289 1.96438 -5.94767 0.159261 -0.260907 -0.176971 0.935545
1463226900.1314249039 -19.0803 1.95275 -5.79372 0.160499 -0.248348 -0.169552 0.940115
1463226900.3214602470 -19.0276 1.90861 -5.64067 0.158143 -0.23242 -0.170888 0.944335
1463226900.5106322765 -18.9795 1.8658 -5.49544 0.145226 -0.227169 -0.15327 0.95069
1463226900.7010488510 -18.9225 1.84523 -5.34499 0.166135 -0.214127 -0.148373 0.95107
1463226900.9374079704 -18.8546 1.78954 -5.18189 0.160226 -0.228274 -0.161822 0.94659
1463226901.1271138191 -18.8065 1.76719 -5.04711 0.162559 -0.234813 -0.17114 0.942947
1463226901.3169522285 -18.754 1.74764 -4.88833 0.172267 -0.227231 -0.179358 0.941552
1463226901.5064859390 -18.7011 1.69496 -4.75034 0.167388 -0.229784 -0.176453 0.942361
1463226901.6961183548 -18.6417 1.67146 -4.61084 0.166325 -0.21565 -0.168352 0.947359
1463226901.8857748508 -18.5789 1.64322 -4.47337 0.167888 -0.230543 -0.165509 0.944071
1463226902.0770380497 -18.5172 1.59523 -4.35368 0.163884 -0.230748 -0.165217 0.944776
1463226902.2670617104 -18.4615 1.5881 -4.21422 0.157807 -0.228709 -0.173132 0.944889
1463226902.4548799992 -18.4131 1.56085 -4.06593 0.157138 -0.232498 -0.200614 0.938619
1463226902.6447422504 -18.3601 1.51335 -3.93514 0.156681 -0.235085 -0.179983 0.942227
1463226902.8343727589 -18.3068 1.50365 -3.79592 0.169475 -0.241423 -0.175227 0.939302
1463226903.0263385773 -18.2643 1.47488 -3.67651 0.167607 -0.290221 -0.189521 0.922909
1463226903.2135829926 -18.2223 1.43607 -3.56803 0.165698 -0.323443 -0.185534 0.912965
1463226903.4032659531 -18.1869 1.42303 -3.42495 0.190759 -0.336438 -0.195273 0.901271
1463226903.5946931839 -18.1454 1.38261 -3.27619 0.198191 -0.331773 -0.210685 0.897919
1463226903.7826654911 -18.1008 1.33607 -3.13914 0.200738 -0.333056 -0.195351 0.900342
1463226903.9743640423 -18.045 1.31709 -2.98849 0.211417 -0.321796 -0.186129 0.903939
1463226904.1619236469 -17.9853 1.27263 -2.85605 0.203494 -0.321091 -0.17643 0.907944
1463226904.3518443108 -17.9316 1.24401 -2.72573 0.186057 -0.325465 -0.180504 0.909326
1463226904.5415577888 -17.8797 1.23619 -2.57254 0.193352 -0.305505 -0.187111 0.913384
1463226904.7312004566 -17.8179 1.183 -2.43446 0.197017 -0.295658 -0.193577 0.914494
1463226904.9236476421 -17.7496 1.14327 -2.29596 0.196097 -0.269274 -0.171617 0.927138
1463226905.1104061604 -17.6731 1.12661 -2.15703 0.208323 -0.257169 -0.168306 0.928514
1463226905.3475039005 -17.594 1.07749 -2.01455 0.188047 -0.266763 -0.175231 0.928854
1463226905.5373842716 -17.5322 1.0659 -1.8854 0.1799 -0.262837 -0.177133 0.931223
1463226905.7268085480 -17.4788 1.04815 -1.73711 0.171023 -0.256676 -0.192057 0.931656
1463226905.9165399075 -17.4182 0.984592 -1.61016 0.185189 -0.247596 -0.161353 0.937212
1463226906.1534960270 -17.3535 0.963446 -1.43988 0.192205 -0.26783 -0.154791 0.931324
1463226906.3453900814 -17.3078 0.934936 -1.31686 0.20464 -0.30974 -0.149799 0.916375
1463226906.5804250240 -17.2365 0.886594 -1.17505 0.203603 -0.345851 -0.164723 0.900999
1463226906.7712171078 -17.1644 0.876566 -1.03138 0.204384 -0.32322 -0.175511 0.907167
1463226906.9615893364 -17.0844 0.832771 -0.893327 0.196625 -0.302311 -0.187246 0.913721
1463226907.1522879601 -17.0019 0.797665 -0.76862 0.212019 -0.282822 -0.162525 0.92122
1463226907.3393192291 -16.89 0.785178 -0.647131 0.21457 -0.260285 -0.158242 0.927993
1463226907.5761909485 -16.7642 0.741315 -0.522001 0.191703 -0.258423 -0.160944 0.93304
1463226907.8134922981 -16.6482 0.728441 -0.373948 0.202741 -0.257529 -0.172726 0.928838
1463226908.0031621456 -16.5435 0.710574 -0.241711 0.189629 -0.235248 -0.193474 0.933417
1463226908.1926956177 -16.4425 0.667999 -0.131641 0.188193 -0.232904 -0.183917 0.936223
1463226908.3822028637 -16.3285 0.659721 -0.0137203 0.203572 -0.190852 -0.182943 0.942691
1463226908.6195988655 -16.1902 0.622508 0.0982312 0.215422 -0.210938 -0.193435 0.933639
1463226908.8565180302 -16.0563 0.588936 0.203886 0.208075 -0.212873 -0.191868 0.935188
1463226909.0466384888 -15.9346 0.589878 0.310494 0.203409 -0.192917 -0.204906 0.937775
1463226909.2357802391 -15.8122 0.55903 0.409888 0.188149 -0.172055 -0.221936 0.941138
1463226909.4276182652 -15.682 0.536112 0.486499 0.180687 -0.13991 -0.192424 0.954332
1463226909.6153223515 -15.5354 0.534889 0.55544 0.173806 -0.102777 -0.172656 0.964063
1463226909.8522422314 -15.3736 0.487828 0.616789 0.171391 -0.105422 -0.180787 0.962719
1463226910.0418744087 -15.2471 0.453742 0.649748 0.193707 -0.0726765 -0.161133 0.965004
1463226910.2324609756 -15.1057 0.474415 0.693124 0.167098 -0.0523345 -0.162959 0.970971
1463226910.4237046242 -14.9563 0.464274 0.732844 0.151238 -0.040872 -0.174767 0.972066
1463226910.6143682003 -14.8068 0.440009 0.746839 0.149055 0.0109088 -0.148731 0.977519
1463226910.8009638786 -14.6553 0.462969 0.762274 0.14806 0.0400906 -0.142151 0.977888
1463226910.9903218746 -14.5157 0.462216 0.756061 0.133177 0.0115222 -0.163636 0.977422
1463226911.2274410725 -14.3542 0.44766 0.745498 0.139909 0.0176518 -0.160915 0.976842
1463226911.4203031063 -14.2121 0.477468 0.755521 0.131987 0.0327221 -0.155509 0.97843
1463226911.6067855358 -14.062 0.480268 0.77081 0.106094 0.035885 -0.182455 0.976815
1463226911.7986166477 -13.9164 0.454672 0.765475 0.119462 0.072263 -0.160518 0.977108
1463226911.9861295223 -13.773 0.465657 0.763609 0.136479 0.0868326 -0.169183 0.97222
1463226912.2240276337 -13.6113 0.456464 0.756756 0.14277 0.051419 -0.161753 0.975094
1463226912.4603068829 -13.4511 0.452142 0.749304 0.135081 0.0478995 -0.155784 0.977338
1463226912.6536324024 -13.3043 0.483691 0.76761 0.11778 0.0495487 -0.168606 0.977366
1463226912.8396139145 -13.1485 0.467099 0.76701 0.108296 0.0593372 -0.171698 0.97738
1463226913.0310571194 -12.9962 0.453596 0.75341 0.122534 0.102279 -0.156463 0.974702
1463226913.2217159271 -12.8452 0.472466 0.740752 0.1385 0.115471 -0.162903 0.970024
1463226913.4577457905 -12.6793 0.462758 0.715591 0.130566 0.0851377 -0.190065 0.969319
1463226913.6457295418 -12.5405 0.479723 0.698926 0.127344 0.0909952 -0.169684 0.972991
1463226913.8360352516 -12.3804 0.514544 0.694209 0.119483 0.107844 -0.176885 0.970982
1463226914.0281784534 -12.2267 0.503871 0.680988 0.114921 0.112577 -0.177279 0.970923
1463226914.2148494720 -12.0822 0.497443 0.65997 0.135195 0.13161 -0.168367 0.967499
1463226914.4066622257 -11.9361 0.522259 0.631523 0.134779 0.128938 -0.161199 0.969136
1463226914.6415247917 -11.7773 0.517532 0.594584 0.124606 0.0914677 -0.156022 0.975584
1463226914.8787012100 -11.6039 0.548455 0.577092 0.128635 0.0928861 -0.16361 0.973682
1463226915.0683465004 -11.4512 0.570877 0.571645 0.0990195 0.0770432 -0.17858 0.975894
1463226915.2590336800 -11.306 0.557342 0.550869 0.11476 0.0799576 -0.17149 0.975207
1463226915.4476938248 -11.1515 0.576502 0.522583 0.132517 0.118197 -0.172917 0.968798
1463226915.6849222183 -10.9822 0.584595 0.479834 0.128287 0.0970467 -0.162465 0.973514
1463226915.9235169888 -10.8278 0.593569 0.447332 0.123034 0.0654988 -0.168128 0.975861
1463226916.1116473675 -10.6773 0.62807 0.435953 0.133504 0.0617685 -0.166818 0.974953
1463226916.3020746708 -10.5253 0.623092 0.415741 0.118356 0.0619542 -0.168394 0.976625
1463226916.4928696156 -10.3754 0.623711 0.392765 0.133904 0.0792632 -0.160358 0.974717
1463226916.6806623936 -10.2212 0.651435 0.358961 0.139105 0.0833391 -0.155948 0.974364
1463226916.9179737568 -10.0543 0.643967 0.311931 0.122482 0.0560881 -0.158715 0.978091
1463226917.1078126431 -9.91753 0.659693 0.287695 0.140432 0.0635861 -0.158606 0.975233
1463226917.2970740795 -9.76412 0.690888 0.272164 0.121494 0.0550699 -0.171518 0.976109
1463226917.4876461029 -9.61092 0.678499 0.243556 0.123961 0.0691021 -0.167953 0.975526
1463226917.6764903069 -9.4595 0.692774 0.212294 0.133122 0.0956821 -0.167433 0.972157
1463226917.9136898518 -9.28414 0.709313 0.170339 0.125712 0.0650654 -0.173736 0.974566
1463226918.1510303020 -9.11988 0.706417 0.128534 0.133133 0.0443829 -0.157814 0.977446
1463226918.3414633274 -8.96291 0.741395 0.112485 0.119451 0.0596139 -0.152785 0.979201
1463226918.5299775600 -8.80376 0.741805 0.0975257 0.109249 0.0614109 -0.154535 0.980006
1463226918.7197823524 -8.64571 0.737154 0.068969 0.109117 0.106732 -0.128254 0.979925
1463226918.9093408585 -8.47274 0.763562 0.0321308 0.109889 0.170579 -0.124262 0.971281
1463226919.0992083549 -8.30866 0.761206 -0.014991 0.103407 0.213695 -0.128896 0.962823
1463226919.2887332439 -8.14706 0.770217 -0.0701312 0.0591574 0.297594 -0.0864973 0.948924
1463226919.4785261154 -7.97829 0.822038 -0.116129 0.031287 0.378882 -0.0597988 0.922981
1463226919.6680510044 -7.81364 0.839108 -0.16116 0.0042041 0.448398 -0.0496363 0.892445
1463226919.8576588631 -7.66669 0.841636 -0.205308 -0.00914836 0.500704 -0.0110116 0.8655
1463226920.0505580902 -7.51594 0.879224 -0.237641 -0.0102746 0.552278 0.0123784 0.833505
1463226920.2388486862 -7.36871 0.877166 -0.265384 -0.0068689 0.565382 0.000619017 0.8248
1463226920.4267842770 -7.2315 0.86896 -0.297064 -0.0300214 0.611932 0.0208864 0.790064
1463226920.6171452999 -7.08625 0.896947 -0.311363 -0.0288394 0.656003 0.0238032 0.753831
1463226920.8064417839 -6.94622 0.902822 -0.323381 -0.0306968 0.697353 0.0344274 0.715242
1463226920.9957315922 -6.81786 0.897384 -0.333649 -0.0477191 0.722961 0.0701281 0.685662
1463226921.1864011288 -6.68275 0.915064 -0.343714 -0.0359884 0.769941 0.0901984 0.630682
1463226921.3751494884 -6.53762 0.913148 -0.353049 -0.0331364 0.798277 0.0943939 0.593924
1463226921.5648016930 -6.40979 0.89802 -0.362173 -0.05221 0.835651 0.117627 0.533971
1463226921.7568604946 -6.27032 0.917841 -0.358833 -0.0752952 0.867946 0.129376 0.473563
1463226921.9454765320 -6.12476 0.916954 -0.355463 -0.0496533 0.898166 0.134187 0.415725
1463226922.1343398094 -5.99296 0.89228 -0.364811 -0.0406005 0.913996 0.156173 0.372253
1463226922.3235902786 -5.85606 0.914471 -0.368252 -0.0262724 0.927312 0.200473 0.31498
1463226922.5157434940 -5.70384 0.921041 -0.377175 -0.0123102 0.93702 0.206119 0.281703
1463226922.7029030323 -5.56851 0.902407 -0.39543 -0.00467922 0.950491 0.202531 0.235641
1463226922.8925721645 -5.42517 0.914209 -0.409776 -0.00393099 0.965251 0.191354 0.17793
1463226923.0841562748 -5.28032 0.922107 -0.428168 0.0129413 0.974074 0.201186 0.102644
1463226923.2719004154 -5.14767 0.907827 -0.459258 0.0152042 0.97934 0.196588 0.0448815
1463226923.4615962505 -5.01265 0.922079 -0.489778 -0.0326132 -0.978539 -0.20339 0.00547022
1463226923.6531472206 -4.87089 0.935459 -0.528159 -0.0178828 -0.976175 -0.212997 0.0373476
1463226923.8410408497 -4.74867 0.927536 -0.560541 -0.000200632 -0.971543 -0.226843 0.0681593
1463226924.0307347775 -4.61772 0.948117 -0.589275 -0.00531062 -0.964472 -0.239299 0.111814
1463226924.2203946114 -4.48612 0.962666 -0.6168 -0.0113132 -0.959157 -0.234267 0.15814
1463226924.4132251740 -4.36318 0.959737 -0.646737 -0.00119068 -0.952679 -0.244524 0.180581
1463226924.6017646790 -4.24216 0.9833 -0.674374 -0.00708985 -0.944508 -0.24853 0.214681
1463226924.7893722057 -4.10553 1.00726 -0.709179 -0.00605348 -0.93742 -0.261275 0.23009
1463226924.9792559147 -3.9776 0.990157 -0.739943 -0.00748113 -0.937403 -0.25654 0.235387
1463226925.1686546803 -3.84628 0.997362 -0.767642 -0.0177129 -0.939804 -0.241929 0.240675
1463226925.3583598137 -3.70707 1.00987 -0.800196 -0.0302724 -0.94342 -0.226638 0.240163
1463226925.5480201244 -3.57715 1.00978 -0.837102 -0.0174409 -0.935909 -0.255805 0.241523
1463226925.7376272678 -3.45401 1.02686 -0.87616 -0.0231408 -0.934911 -0.257472 0.243135
1463226925.9311192036 -3.31952 1.05436 -0.928085 -0.0202894 -0.935313 -0.262946 0.235873
1463226926.1172430515 -3.19367 1.04867 -0.978174 0.00619713 -0.947244 -0.254511 0.194718
1463226926.3067839146 -3.0701 1.05402 -1.02386 0.00237171 -0.953131 -0.24493 0.17761
1463226926.4965763092 -2.93931 1.06992 -1.07162 -0.0190176 -0.94887 -0.249723 0.19215
1463226926.6860821247 -2.80312 1.06763 -1.11813 -0.00241202 -0.95116 -0.267627 0.153833
1463226926.8758862019 -2.67641 1.08211 -1.15756 0.0146637 -0.956908 -0.25262 0.142459
1463226927.0654852390 -2.5379 1.10634 -1.20939 -0.00269845 -0.960991 -0.240326 0.136864
1463226927.2550866604 -2.40223 1.09961 -1.2637 0.0106478 -0.967217 -0.227832 0.111671
1463226927.4466800690 -2.26516 1.10474 -1.30321 0.0156421 -0.969725 -0.229418 0.0821964
1463226927.6343836784 -2.1162 1.13958 -1.33972 0.00681849 -0.968692 -0.244026 0.0451659
1463226927.8258795738 -1.97164 1.15232 -1.37782 0.0298345 -0.966471 -0.254582 0.015211
1463226928.0140879154 -1.83971 1.17649 -1.41426 -0.0544362 0.962472 0.265182 0.0190407
1463226928.2035853863 -1.69832 1.22024 -1.45456 -0.0380612 0.957744 0.282612 0.037535
1463226928.3953959942 -1.55899 1.2243 -1.49354 -0.0496527 0.95775 0.268819 0.0893685
1463226928.5828151703 -1.4322 1.23796 -1.52365 -0.0597948 0.952704 0.271794 0.122095
1463226928.7726848125 -1.29588 1.27577 -1.55397 -0.0687614 0.95193 0.264181 0.138962
1463226928.9623410702 -1.15667 1.28605 -1.58265 -0.0833465 0.943535 0.263115 0.183207
1463226929.1518936157 -1.0241 1.29351 -1.60629 -0.0900031 0.932309 0.260419 0.234267
1463226929.3436887264 -0.888483 1.3244 -1.63859 -0.0712472 0.922952 0.268243 0.266701
1463226929.5316596031 -0.762199 1.32355 -1.67942 -0.073788 0.912521 0.25548 0.310791
1463226929.7240929604 -0.647024 1.32486 -1.71647 -0.0723009 0.907505 0.246764 0.332136
1463226929.9106795788 -0.520543 1.35567 -1.74818 -0.0706382 0.908418 0.23183 0.34065
1463226930.1002166271 -0.391217 1.36845 -1.77928 -0.078232 0.899748 0.241586 0.354921
1463226930.2917978764 -0.273354 1.37275 -1.80991 -0.0806662 0.891105 0.248402 0.371108
1463226930.4798395634 -0.148774 1.39207 -1.83945 -0.0727504 0.882407 0.245998 0.394399
1463226930.6705851555 -0.0278838 1.40006 -1.86995 -0.0800891 0.86867 0.23013 0.431322
1463226930.8592574596 0.0834226 1.40175 -1.89024 -0.0993341 0.847098 0.235703 0.465834
1463226931.0488674641 0.205742 1.41779 -1.90079 -0.103761 0.822724 0.231057 0.508892
1463226931.2410972118 0.326614 1.4263 -1.90823 -0.112063 0.800492 0.224632 0.544238
1463226931.4281115532 0.434619 1.41916 -1.91322 -0.112649 0.765299 0.22946 0.590742
1463226931.6177031994 0.545234 1.42645 -1.91559 -0.0986476 0.734662 0.228786 0.631029
1463226931.8074731827 0.65218 1.42874 -1.9185 -0.0862361 0.695655 0.218508 0.678883
1463226931.9971337318 0.743204 1.41132 -1.91731 -0.0825825 0.637942 0.186705 0.74253
1463226932.1887168884 0.842552 1.41406 -1.91634 -0.0680111 0.591104 0.174223 0.784613
1463226932.3779788017 0.949371 1.42565 -1.91292 -0.0712572 0.543062 0.149379 0.823221
1463226932.5661139488 1.04653 1.41574 -1.9162 -0.0770936 0.496235 0.14334 0.852796
1463226932.7559256554 1.14109 1.40425 -1.92089 -0.0539465 0.443779 0.125264 0.885697
1463226932.9455621243 1.24207 1.40166 -1.93843 -0.0312882 0.405593 0.108854 0.907009
1463226933.1399931908 1.33044 1.38175 -1.95925 -0.0331997 0.356831 0.0846834 0.92973
1463226933.3248171806 1.41916 1.36614 -1.96918 -0.0318519 0.314936 0.0886648 0.944425
1463226933.5161578655 1.52062 1.35936 -1.9734 -0.00098961 0.290513 0.0749087 0.953934
1463226933.7041127682 1.62292 1.34563 -1.98568 0.012972 0.275848 0.0673515 0.958751
1463226933.8939363956 1.72522 1.32318 -1.99799 0.0354572 0.262645 0.0651008 0.962041
1463226934.0856258869 1.83929 1.30997 -2.009 0.0647563 0.265838 0.0484791 0.960618
1463226934.2732815742 1.94488 1.3061 -2.01447 0.067496 0.240134 0.0423357 0.967465
1463226934.4628396034 2.04667 1.30071 -2.01055 0.0635846 0.232321 0.0467304 0.969433
1463226934.6525270939 2.15103 1.30524 -1.98974 0.0825617 0.24103 0.0547908 0.965446
1463226934.8422431946 2.25034 1.31651 -1.9607 0.0854692 0.248449 0.0334309 0.964288
1463226935.0319309235 2.33847 1.31909 -1.9373 0.082398 0.255907 0.036971 0.962473
1463226935.2285671234 2.41888 1.32444 -1.92002 0.0829536 0.263446 0.0426906 0.960152
1463226935.4119927883 2.49295 1.33516 -1.90098 0.0978454 0.262333 0.0354541 0.959349
1463226935.6018106937 2.56151 1.34573 -1.8812 0.101384 0.26969 -0.000203352 0.957595
1463226935.8855938911 2.63423 1.36614 -1.85809 0.0882296 0.261846 -0.0149515 0.960952
1463226936.3138666153 2.66846 1.41376 -1.83128 0.0579273 0.267021 -0.0188474 0.961763
1463226936.6915328503 2.63335 1.45001 -1.80624 0.031745 0.261093 -0.0429552 0.963835
1463226936.9763917923 2.58052 1.46662 -1.78258 0.00717687 0.25462 -0.0480216 0.965821
1463226937.2608942986 2.5159 1.47709 -1.75556 -0.0175945 0.249831 -0.0444128 0.96711
1463226937.5450878143 2.44935 1.47393 -1.72579 -0.0201165 0.245318 -0.0209835 0.969007
1463226937.7825453281 2.39168 1.46837 -1.7035 -0.0217463 0.221878 -0.0283134 0.974421
1463226938.0208890438 2.33322 1.46677 -1.68044 -0.0277068 0.218722 -0.0284316 0.974979
1463226938.2563869953 2.2681 1.46063 -1.66082 -0.0454514 0.218682 -0.0129117 0.974652
1463226938.4953272343 2.20564 1.45021 -1.64363 -0.0558463 0.204029 -0.00431736 0.977361
1463226938.7306647301 2.14602 1.43781 -1.61884 -0.0514688 0.19474 -0.00210435 0.979501
1463226938.9202821255 2.10155 1.4265 -1.59232 -0.0584939 0.187276 0.00247879 0.980561
1463226939.1576421261 2.05068 1.40558 -1.55322 -0.0810756 0.195449 0.0179359 0.977192
1463226939.3944056034 2.01287 1.37577 -1.51526 -0.0840692 0.199009 0.0272658 0.976004
1463226939.7265219688 1.98858 1.33346 -1.48158 -0.100203 0.208531 0.0636434 0.970785
1463226940.1057896614 2.01495 1.28111 -1.47652 -0.100772 0.224181 0.111236 0.96292
1463226940.2955906391 2.05126 1.25566 -1.48657 -0.0838666 0.240162 0.136792 0.95738
1463226940.4877679348 2.09829 1.23729 -1.50441 -0.0534394 0.241691 0.139543 0.958779
1463226940.6752288342 2.15419 1.23255 -1.52619 -0.0287102 0.248233 0.130794 0.9594
1463226940.9137198925 2.21496 1.24587 -1.54794 -0.0143295 0.228241 0.0969306 0.968662
1463226941.1035501957 2.26379 1.27343 -1.55952 -0.0268222 0.230644 0.0832266 0.969101
1463226941.2912857533 2.31016 1.30237 -1.56447 -0.0143237 0.24215 0.0767763 0.96709
1463226941.4808695316 2.35471 1.33039 -1.56013 -0.0156519 0.241071 0.0397822 0.969566
1463226941.7183475494 2.40696 1.35935 -1.54313 -0.00803888 0.231861 0.0184641 0.97254
1463226941.9551727772 2.45192 1.37996 -1.52258 0.00188629 0.230396 0.0181649 0.972926
1463226942.1921467781 2.49164 1.40265 -1.50595 0.00481079 0.231768 0.0145505 0.97265
1463226942.4767756462 2.51621 1.43741 -1.48264 -0.00397171 0.210275 0.00157361 0.977633
1463226942.6663866043 2.50565 1.46691 -1.46736 -0.0206238 0.186178 -0.00918021 0.982257
1463226942.8581342697 2.48269 1.49404 -1.45015 -0.034466 0.183665 -0.00798776 0.982352
1463226943.0458471775 2.45143 1.51017 -1.42535 -0.0357267 0.173475 -0.0213385 0.983959
1463226943.2829797268 2.40897 1.51498 -1.40173 -0.0278666 0.196113 -0.0175514 0.980028
1463226943.4726562500 2.36335 1.51042 -1.39224 -0.0308759 0.201068 -0.00747925 0.979062
1463226943.6621353626 2.3178 1.49367 -1.38875 -0.0284617 0.214636 0.0013677 0.976278
1463226943.8992843628 2.271 1.46962 -1.39499 -0.0516658 0.216508 0.00164647 0.974911
1463226944.1362824440 2.2431 1.43867 -1.42061 -0.0848331 0.21782 0.033897 0.971704
1463226944.3736357689 2.23613 1.411 -1.47023 -0.0835047 0.217912 0.0530175 0.970943
1463226944.5630960464 2.23258 1.39901 -1.52798 -0.0655577 0.207613 0.0497779 0.974742
1463226944.7553882599 2.22452 1.39365 -1.59608 -0.057576 0.192772 0.0488853 0.978332
1463226944.9919590950 2.20057 1.39979 -1.66917 -0.073003 0.167194 0.0374456 0.982504
1463226945.2326760292 2.16748 1.41126 -1.73432 -0.0846734 0.161789 0.0211671 0.982958
1463226945.5589129925 2.11724 1.42514 -1.81932 -0.0908294 0.166217 0.0308259 0.981413
1463226946.1757528782 2.17355 1.45933 -1.8725 -0.119059 0.149908 0.00552328 0.98149
1463226946.4599494934 2.25802 1.46377 -1.84909 -0.114384 0.155287 0.000974101 0.981224
1463226946.6523623466 2.32296 1.46218 -1.82632 -0.114017 0.140076 -0.00542111 0.983539
1463226946.8391892910 2.38495 1.45916 -1.80278 -0.110582 0.120164 -0.0143491 0.986472
1463226947.0762479305 2.44833 1.45332 -1.77149 -0.122271 0.104709 -0.0123274 0.986881
1463226947.2661969662 2.49299 1.44244 -1.73267 -0.120427 0.0995675 -0.0137968 0.98762
1463226947.4556450844 2.53208 1.42645 -1.67781 -0.129291 0.0818856 -0.0340726 0.987632
1463226947.6452898979 2.56043 1.4115 -1.62176 -0.137992 0.0667386 -0.044008 0.987202
1463226947.8378539085 2.58038 1.3984 -1.57317 -0.133842 0.0583293 -0.0472722 0.988154
1463226948.0248513222 2.59316 1.38785 -1.53605 -0.136204 0.0740645 -0.0370854 0.987212
1463226948.2145752907 2.59244 1.38049 -1.50783 -0.13936 0.117765 -0.0133617 0.983123
1463226948.4041182995 2.57063 1.37231 -1.47993 -0.136196 0.164566 0.0068609 0.976894
1463226948.5937471390 2.53013 1.36298 -1.45645 -0.132647 0.203629 0.0227483 0.969754
1463226948.7853217125 2.48102 1.34968 -1.44051 -0.116814 0.243763 0.0359083 0.962104
1463226948.9745328426 2.42664 1.33546 -1.44037 -0.116426 0.266252 0.0635134 0.954736
1463226949.1627669334 2.38251 1.32031 -1.44631 -0.103387 0.300122 0.0972287 0.943284
1463226949.4000220299 2.33227 1.30218 -1.44588 -0.0838464 0.29326 0.106814 0.94634
1463226949.6369574070 2.27953 1.3073 -1.44587 -0.0830862 0.291965 0.0967604 0.947888
1463226949.8741135597 2.21973 1.32267 -1.45997 -0.0831342 0.288867 0.0986808 0.948634
1463226950.0637857914 2.17497 1.34586 -1.4781 -0.0950368 0.284629 0.0850791 0.950113
