1463226550.4728987217 0 0 0 -0 -0 -0 1
1463226551.6056027412 0.0321867 -0.00878172 0.14014 0.0325663 -0.0729769 0.0154061 0.996683
1463226551.8056497574 0.0365802 -0.0207105 0.164924 0.049996 -0.112849 0.113367 0.985857
1463226552.1719069481 0.0315741 -0.0186849 0.228019 0.019596 -0.0736421 0.129146 0.988693
1463226552.4071068764 0.0321249 -0.0110278 0.291686 -0.00461703 -0.0428802 0.121617 0.99164
1463226552.6051280499 0.0344628 -0.0017313 0.347912 -0.0406323 -0.0226072 0.0905641 0.994805
1463226552.8051192760 0.04869 0.00896698 0.3992 -0.0521519 0.011279 0.0639637 0.996525
1463226552.9384417534 0.0743687 0.0225026 0.433138 -0.104943 0.0373699 0.0561766 0.992187
1463226553.0718159676 0.10505 0.0309249 0.465002 -0.149526 0.0705748 0.0562711 0.984629
1463226553.2380955219 0.144837 0.0284722 0.503482 -0.169412 0.102924 0.0837799 0.976569
1463226553.4048173428 0.180496 0.0119111 0.548876 -0.191192 0.130403 0.0545209 0.971323
1463226553.5715498924 0.204374 -0.0141661 0.595675 -0.206427 0.145904 0.0270414 0.967145
1463226553.7048349380 0.219183 -0.0427553 0.632376 -0.198449 0.166689 0.0197525 0.965631
1463226553.8378429413 0.221949 -0.0747727 0.666595 -0.180259 0.171995 0.00968161 0.968417
1463226554.0044038296 0.210705 -0.110442 0.699015 -0.157283 0.167856 -0.0113577 0.973117
1463226554.2042284012 0.177616 -0.139797 0.722914 -0.128796 0.163851 -0.0212037 0.977811
1463226554.4041895866 0.121164 -0.145052 0.730855 -0.117687 0.145146 -0.0153058 0.982267
1463226554.5710752010 0.0584763 -0.139256 0.727382 -0.114533 0.126232 -0.0144194 0.985261
1463226554.7388055325 -0.0149468 -0.129607 0.710082 -0.114443 0.107608 -0.00688241 0.987561
1463226554.9373931885 -0.0980478 -0.110773 0.673581 -0.110877 0.112832 0.00989421 0.987359
1463226555.0705502033 -0.154572 -0.0923642 0.643963 -0.119293 0.0915115 0.0198515 0.988434
1463226555.2375276089 -0.213473 -0.0627252 0.605927 -0.138344 0.0689604 0.0198987 0.98778
1463226555.4370453358 -0.263111 -0.0293291 0.554695 -0.139287 0.0470153 0.0206557 0.98892
1463226555.6035056114 -0.294815 0.000185262 0.496832 -0.155198 0.0117311 0.0158123 0.987687
1463226555.7702310085 -0.317739 0.0258295 0.429947 -0.167349 -0.0193956 0.00783635 0.985676
1463226556.0034728050 -0.329674 0.0578136 0.343665 -0.176257 -0.0569658 0.00070102 0.982694
1463226556.2700655460 -0.297538 0.0862531 0.246224 -0.187952 -0.0677475 -0.00135488 0.979838
1463226556.4698371887 -0.239937 0.0980855 0.168804 -0.192488 -0.0526184 -0.0091934 0.979844
1463226556.6696648598 -0.165288 0.10071 0.0960964 -0.195532 -0.0283524 -0.0185923 0.980111
1463226556.8385238647 -0.0950844 0.102712 0.0448131 -0.202885 0.0047457 -0.0136577 0.979096
1463226557.0054302216 -0.0229982 0.100881 0.00744 -0.20271 0.0358022 -0.00181972 0.978582
1463226557.1716353893 0.0540046 0.0971389 -0.0208543 -0.193601 0.058119 0.00817172 0.979323
1463226557.3361096382 0.13806 0.0945239 -0.0448607 -0.185668 0.0699178 0.00498297 0.980109
1463226557.5046970844 0.222384 0.0867298 -0.0714542 -0.182728 0.0727665 -0.00454569 0.980456
1463226557.6692512035 0.298029 0.0711152 -0.0892406 -0.173943 0.0838206 -0.0187183 0.981003
1463226557.8359301090 0.358643 0.050726 -0.0860266 -0.157977 0.104736 -0.0187883 0.981693
1463226558.0025377274 0.405188 0.0308523 -0.0611593 -0.146709 0.126398 -0.0192305 0.980882
1463226558.1691887379 0.439139 0.0148526 -0.0180264 -0.136885 0.14539 -0.0179825 0.979694
1463226558.3355572224 0.458946 -0.00511668 0.0452211 -0.13875 0.155612 -0.0279047 0.977627
1463226558.4688527584 0.464891 -0.0247571 0.103906 -0.136363 0.155289 -0.0343612 0.977809
1463226558.6021285057 0.460285 -0.048156 0.164653 -0.12247 0.155528 -0.0323387 0.979677
1463226558.7686517239 0.441051 -0.074413 0.237444 -0.113088 0.148764 -0.0342447 0.981788
1463226558.9020049572 0.413739 -0.087475 0.295096 -0.109575 0.131051 -0.0473345 0.984164
1463226559.0352289677 0.379665 -0.0938858 0.35495 -0.10828 0.120715 -0.0469862 0.985645
1463226559.1685011387 0.338695 -0.0967452 0.419567 -0.101525 0.10444 -0.0488827 0.988127
1463226559.3018848896 0.295105 -0.0976565 0.47903 -0.0962142 0.0996068 -0.0410633 0.989513
1463226559.4350697994 0.249667 -0.0991595 0.533809 -0.0971029 0.09046 -0.0324398 0.990624
1463226559.5682773590 0.20277 -0.10302 0.579552 -0.0950071 0.0810491 -0.0300222 0.991717
1463226559.7018010616 0.15115 -0.101054 0.618842 -0.0952738 0.0795537 -0.0274911 0.991886
1463226559.8681645393 0.083884 -0.0951348 0.654669 -0.0952912 0.0842129 -0.0178463 0.99172
1463226560.0680568218 0.0117165 -0.0812295 0.685241 -0.105779 0.101198 0.00457815 0.989216
1463226560.3012974262 -0.0515446 -0.0474392 0.711246 -0.134599 0.118856 0.0182742 0.983576
1463226560.5345883369 -0.082488 0.000808615 0.734717 -0.172658 0.120413 0.0158456 0.977465
1463226560.7344291210 -0.0825507 0.045081 0.769876 -0.201104 0.132168 0.0258614 0.970268
1463226560.9343395233 -0.0708574 0.0744193 0.825441 -0.217833 0.14698 0.0223482 0.964596
1463226561.1349091530 -0.0602353 0.0917638 0.880715 -0.222405 0.137833 0.0243605 0.964855
1463226561.8006379604 -0.0234 0.0804802 0.843922 -0.196593 0.159147 0.0271666 0.967102
1463226561.9675340652 -0.0173377 0.0676308 0.777948 -0.186217 0.159491 0.0262017 0.969123
1463226562.1336214542 -0.0145912 0.0575729 0.697701 -0.181303 0.161589 0.0140305 0.969959
1463226562.3003354073 -0.0111347 0.0502609 0.615807 -0.177538 0.153841 0.00332203 0.972009
1463226562.5335235596 0.00466254 0.0328987 0.520058 -0.157911 0.127378 -0.00526113 0.979189
1463226562.7666637897 0.0409536 0.0300049 0.430689 -0.148813 0.0969588 -0.0230863 0.98383
1463226562.9673838615 0.0739846 0.0363255 0.343807 -0.155161 0.074275 -0.0488143 0.983883
1463226563.1683471203 0.0991362 0.0367037 0.249231 -0.168746 0.0677798 -0.0393006 0.982541
1463226563.3664186001 0.113915 0.039003 0.148709 -0.173217 0.0871547 -0.0158221 0.980892
1463226563.6328654289 0.108022 0.0420553 0.0147465 -0.163143 0.0867993 -0.00144968 0.982776
1463226563.9660289288 0.102667 0.0249408 -0.0792501 -0.156388 0.072267 0.0057699 0.985031
1463226564.3992693424 0.0978393 -0.00267179 -0.0221463 -0.147912 0.0884554 0.0203616 0.984826
1463226564.5659019947 0.0940866 0.00150723 0.0413299 -0.146905 0.0905284 0.0341299 0.984408
1463226564.7324523926 0.0923773 0.00634736 0.126082 -0.146126 0.0876829 0.0321013 0.984849
1463226564.8656842709 0.0870129 0.00847173 0.197478 -0.150835 0.0828816 0.0398299 0.984273
1463226564.9989430904 0.0821167 0.00625069 0.264972 -0.153508 0.0828984 0.0356283 0.984019
1463226565.1656470299 0.0786988 0.0101033 0.34366 -0.16907 0.0863641 0.0343046 0.981213
1463226565.2996089458 0.0766096 0.0213108 0.408628 -0.180634 0.0895102 0.0350421 0.978842
1463226565.4320340157 0.0745754 0.033297 0.479553 -0.190571 0.0978999 0.0383382 0.976027
1463226565.5654447079 0.0744424 0.0367263 0.557934 -0.185224 0.107225 0.0387883 0.976059
1463226565.6986534595 0.0745238 0.0385326 0.628377 -0.182655 0.112243 0.0419495 0.975848
1463226565.8319170475 0.0796316 0.0435665 0.689359 -0.187613 0.124217 0.0393733 0.973561
1463226565.9678132534 0.0925267 0.0547029 0.746177 -0.198988 0.138884 0.0287176 0.969686
1463226566.0996618271 0.109904 0.0711891 0.803084 -0.209764 0.144866 0.0235379 0.966674
1463226566.2325103283 0.134136 0.0898104 0.864524 -0.215038 0.147209 0.00811629 0.965413
1463226566.3653469086 0.157681 0.107127 0.9172 -0.237236 0.157928 -0.0147349 0.958416
1463226566.5001628399 0.172586 0.120695 0.961837 -0.259609 0.150244 -0.0279213 0.953546
1463226566.6668822765 0.187363 0.133269 1.00903 -0.272281 0.147723 -0.0285872 0.950381
1463226566.8648970127 0.197486 0.149091 1.04788 -0.285081 0.162087 -0.0217939 0.944448
1463226567.3644964695 0.191167 0.134127 1.00413 -0.270608 0.140386 0.00220832 0.952396
1463226567.5310328007 0.182241 0.11607 0.947066 -0.249245 0.122922 0.00610621 0.960588
1463226567.6663820744 0.175284 0.10561 0.889216 -0.24131 0.11292 0.00888461 0.963815
1463226567.7976641655 0.167138 0.0962293 0.8232 -0.241534 0.102798 0.00838031 0.964896
1463226567.9646768570 0.158602 0.083095 0.748995 -0.242278 0.0728647 0.000772369 0.967467
1463226568.1670110226 0.154876 0.0701669 0.68188 -0.217375 0.0234302 -0.0119394 0.975734
1463226568.3333191872 0.155724 0.0741458 0.628459 -0.217561 -0.0378589 -0.0367864 0.974618
1463226568.4638392925 0.15455 0.0818939 0.585505 -0.222221 -0.0994342 -0.0684423 0.967495
1463226568.6307468414 0.150364 0.082034 0.523303 -0.237858 -0.149031 -0.0981023 0.954772
1463226568.7973151207 0.133097 0.0748827 0.45868 -0.222332 -0.197973 -0.12555 0.946368
1463226568.9992284775 0.104471 0.0722168 0.375878 -0.212118 -0.230241 -0.141283 0.939167
1463226569.1969528198 0.068724 0.0739241 0.27686 -0.203054 -0.237452 -0.129761 0.941035
1463226569.3637228012 0.0306578 0.0764943 0.186862 -0.199756 -0.260801 -0.127349 0.935875
1463226569.5299906731 -0.020483 0.0785106 0.109162 -0.192481 -0.292938 -0.150118 0.924447
1463226569.6654324532 -0.078753 0.0881891 0.0524317 -0.186446 -0.32296 -0.15785 0.91434
1463226569.7972869873 -0.155896 0.103338 -0.0102973 -0.186761 -0.343163 -0.158569 0.906761
1463226569.9300096035 -0.242882 0.107604 -0.0806803 -0.185525 -0.361823 -0.157754 0.899877
1463226570.0631144047 -0.333879 0.0973319 -0.153736 -0.179677 -0.396752 -0.160009 0.885833
1463226570.1978635788 -0.418872 0.0848993 -0.227899 -0.163156 -0.430366 -0.177826 0.869795
1463226570.3317847252 -0.509242 0.0900589 -0.308065 -0.149125 -0.466856 -0.177785 0.853346
1463226570.4629154205 -0.599771 0.100884 -0.393638 -0.143578 -0.482781 -0.173733 0.846242
1463226570.5962705612 -0.683114 0.0903998 -0.481759 -0.143943 -0.496501 -0.16615 0.839739
1463226570.7295639515 -0.762402 0.0779043 -0.570382 -0.134704 -0.530032 -0.178391 0.817984
1463226570.8628556728 -0.842965 0.0833889 -0.651844 -0.128096 -0.551265 -0.184691 0.803485
1463226570.9977803230 -0.932275 0.103172 -0.731944 -0.130135 -0.568152 -0.181155 0.792118
1463226571.1292414665 -1.02454 0.114673 -0.808931 -0.143146 -0.574291 -0.179675 0.785758
1463226571.2626528740 -1.11331 0.101248 -0.887826 -0.138727 -0.591958 -0.188155 0.771323
1463226571.3958029747 -1.19614 0.0828379 -0.957109 -0.116066 -0.609189 -0.204903 0.757253
1463226571.5292904377 -1.27624 0.0924381 -1.02511 -0.119841 -0.616207 -0.208203 0.750052
1463226571.6642799377 -1.35945 0.100953 -1.09484 -0.113863 -0.623336 -0.204557 0.746086
1463226571.7956266403 -1.44133 0.0936035 -1.16666 -0.112199 -0.621863 -0.200539 0.748654
1463226571.9289715290 -1.51604 0.0735507 -1.23966 -0.101158 -0.632738 -0.19878 0.74155
1463226572.0620763302 -1.58772 0.0756227 -1.30659 -0.10017 -0.637984 -0.211896 0.733514
1463226572.1954181194 -1.66969 0.0906377 -1.37934 -0.09207 -0.655083 -0.207032 0.720782
1463226572.3305211067 -1.76091 0.100359 -1.45893 -0.0870246 -0.669776 -0.194048 0.711458
1463226572.4620101452 -1.84796 0.0915026 -1.54456 -0.0795726 -0.685186 -0.196436 0.696851
1463226572.5951747894 -1.92533 0.0750566 -1.63062 -0.0641862 -0.70266 -0.211414 0.676353
1463226572.7285575867 -1.99952 0.0824265 -1.71566 -0.0611197 -0.716759 -0.215694 0.660301
1463226572.8617568016 -2.07543 0.0906777 -1.80493 -0.0553115 -0.72695 -0.195558 0.655927
1463226572.9970932007 -2.14433 0.0846267 -1.89189 -0.0500776 -0.726742 -0.1843 0.659827
1463226573.1287548542 -2.20535 0.0669148 -1.97422 -0.0563637 -0.729149 -0.174568 0.659311
1463226573.2615520954 -2.26394 0.0664729 -2.0534 -0.0478421 -0.734004 -0.182337 0.652459
1463226573.3949732780 -2.3283 0.0880654 -2.131 -0.0469994 -0.737928 -0.17595 0.649842
1463226573.5281002522 -2.40632 0.103988 -2.21482 -0.0467878 -0.748487 -0.159932 0.641872
1463226573.6636066437 -2.4824 0.0940542 -2.30562 -0.0286654 -0.757343 -0.159349 0.632628
1463226573.7948307991 -2.55436 0.070171 -2.3969 -0.0274762 -0.774803 -0.156831 0.611825
1463226573.9278299809 -2.61884 0.0653325 -2.49313 -0.020257 -0.798773 -0.151327 0.581937
1463226574.0611734390 -2.68708 0.0739027 -2.59392 -0.0267638 -0.813411 -0.126439 0.56715
1463226574.1945171356 -2.75252 0.0676428 -2.68589 -0.00214519 -0.802177 -0.125039 0.583843
1463226574.3308620453 -2.81206 0.0459875 -2.76658 -0.00450553 -0.794284 -0.131197 0.593194
1463226574.4628901482 -2.87128 0.035785 -2.84066 0.0135121 -0.784782 -0.131453 0.605521
1463226574.5941443443 -2.94501 0.0518962 -2.9161 -0.00165479 -0.7813 -0.106638 0.614976
1463226574.7274355888 -3.03382 0.0580762 -3.00312 -0.0017877 -0.784228 -0.073929 0.61605
1463226574.8611786366 -3.12214 0.0511896 -3.09501 -0.0244672 -0.787357 -0.0776206 0.611102
1463226574.9960339069 -3.20008 0.0342278 -3.18386 -0.00433213 -0.785097 -0.0826899 0.613813
1463226575.1295237541 -3.27483 0.0414121 -3.27853 0.0104221 -0.792083 -0.0762907 0.605538
1463226575.2605547905 -3.3495 0.0552471 -3.37316 0.0144505 -0.787423 -0.0661042 0.612687
1463226575.3938992023 -3.41312 0.0469086 -3.46576 0.0155638 -0.774722 -0.0733265 0.627843
1463226575.5270252228 -3.47331 0.03305 -3.55166 0.00647563 -0.770415 -0.0755135 0.633022
1463226575.6639020443 -3.53823 0.0480552 -3.64382 0.00656981 -0.778102 -0.0914748 0.621407
1463226575.7937009335 -3.6111 0.0725743 -3.7488 0.013453 -0.797974 -0.100895 0.594034
1463226575.9270799160 -3.68327 0.0730186 -3.86134 0.0277709 -0.809187 -0.101809 0.577997
1463226576.0602233410 -3.74529 0.0517842 -3.97234 0.0399918 -0.823972 -0.106852 0.555025
1463226576.1934912205 -3.7961 0.0559808 -4.0812 0.0554148 -0.844268 -0.146114 0.512632
1463226576.3284614086 -3.84359 0.085303 -4.18913 0.0539045 -0.856635 -0.156587 0.488622
1463226576.4600908756 -3.88482 0.0960244 -4.3028 0.0686197 -0.870149 -0.165895 0.458923
1463226576.5935652256 -3.92315 0.0917763 -4.40884 0.0585512 -0.876181 -0.174182 0.445578
1463226576.7267477512 -3.95202 0.0908051 -4.51485 0.0556351 -0.888101 -0.190167 0.414751
1463226576.8597166538 -3.98564 0.114094 -4.6289 0.0573103 -0.898829 -0.191661 0.389985
1463226576.9951279163 -4.02327 0.137472 -4.74958 0.0427478 -0.912313 -0.193169 0.358529
1463226577.1269040108 -4.05694 0.137033 -4.86916 0.0264695 -0.922649 -0.205287 0.325385
1463226577.2595465183 -4.08493 0.126822 -4.98363 0.0178017 -0.928823 -0.216778 0.299965
1463226577.3928472996 -4.10475 0.137001 -5.10017 0.0252189 -0.938548 -0.216179 0.267878
1463226577.5261836052 -4.12275 0.150293 -5.22761 0.0412833 -0.950481 -0.200669 0.233696
1463226577.6612486839 -4.1377 0.139536 -5.35392 0.0575978 -0.958496 -0.181374 0.212301
1463226577.7926805019 -4.14814 0.120561 -5.47609 0.0600796 -0.963446 -0.176373 0.192498
1463226577.9259660244 -4.15932 0.12291 -5.60509 0.0694305 -0.967855 -0.178989 0.162481
1463226578.0591936111 -4.16832 0.139489 -5.73607 0.068811 -0.973727 -0.171464 0.13312
1463226578.1923441887 -4.17319 0.140043 -5.86676 0.0641265 -0.979972 -0.158333 0.102341
1463226578.3275945187 -4.16783 0.119784 -5.99645 0.084488 -0.984131 -0.143754 0.0606846
1463226578.4589142799 -4.15566 0.111457 -6.11619 0.0932977 -0.983858 -0.150779 0.0241613
1463226578.5923454762 -4.13707 0.12191 -6.23353 -0.109215 0.984101 0.139352 0.0141107
1463226578.7255172729 -4.12001 0.125669 -6.3509 -0.119171 0.985342 0.116828 0.0353733
1463226578.8587572575 -4.10495 0.124675 -6.45775 -0.112108 0.984444 0.128732 0.0415948
1463226578.9929356575 -4.0935 0.120573 -6.55567 -0.106623 0.982735 0.142939 0.0493083
1463226579.1256470680 -4.08317 0.127195 -6.66213 -0.0943535 0.98536 0.128714 0.0599605
1463226579.2585959435 -4.07501 0.137981 -6.77565 -0.0957288 0.986095 0.115154 0.0720608
1463226579.3918266296 -4.06433 0.137522 -6.88073 -0.0913434 0.984585 0.124798 0.0816983
1463226579.5250656605 -4.0515 0.123208 -6.97994 -0.0960142 0.982221 0.12962 0.0960308
1463226579.6583111286 -4.0344 0.117637 -7.07874 -0.0882596 0.984821 0.111855 0.0991285
1463226579.7916226387 -4.01894 0.126122 -7.1901 -0.0873142 0.985539 0.0997667 0.105524
1463226579.9249262810 -4.00894 0.119941 -7.30371 -0.0805872 0.987728 0.0906005 0.0984404
1463226580.0581638813 -4.00504 0.107597 -7.41036 -0.0660243 0.98996 0.0952938 0.0808705
1463226580.2246968746 -4.00107 0.108766 -7.53938 -0.0637194 0.989902 0.0930999 0.085825
1463226580.3580610752 -4.00052 0.120309 -7.65419 -0.0733208 0.989838 0.0763582 0.0949468
1463226580.4912850857 -3.99699 0.120049 -7.77727 -0.0729645 0.989602 0.0660566 0.104885
1463226580.6245334148 -3.99048 0.102083 -7.88989 -0.080525 0.987438 0.0602808 0.121852
1463226580.7577397823 -3.98506 0.0908957 -7.99611 -0.0726347 0.987103 0.0595649 0.129633
1463226580.8911492825 -3.97754 0.0976121 -8.10552 -0.0752271 0.986612 0.0454536 0.137376
1463226581.0243616104 -3.97065 0.103391 -8.21682 -0.0810851 0.985847 0.0330523 0.142966
1463226581.1915168762 -3.96796 0.106436 -8.33544 -0.0770884 0.984372 0.0640181 0.14481
1463226581.3264009953 -3.96202 0.12065 -8.41784 -0.0952983 0.977011 0.0873685 0.169513
1463226581.4573576450 -3.95508 0.140504 -8.51196 -0.0850486 0.974178 0.0826492 0.19213
1463226581.5907232761 -3.94817 0.148743 -8.62101 -0.0835614 0.970972 0.0508171 0.218284
1463226581.7242062092 -3.93701 0.140833 -8.72715 -0.085799 0.960033 0.0420104 0.263077
1463226581.8573670387 -3.92464 0.128511 -8.8228 -0.0895323 0.953114 0.0545733 0.283864
1463226581.9925460815 -3.90515 0.129638 -8.91407 -0.0897347 0.947156 0.047167 0.304334
1463226582.1239111423 -3.88691 0.145527 -9.0095 -0.0958164 0.942061 0.0411595 0.318821
1463226582.2570664883 -3.86419 0.148974 -9.10442 -0.0861442 0.934467 0.0393658 0.343222
1463226582.3903145790 -3.83529 0.139576 -9.19032 -0.0889879 0.924587 0.0373471 0.368544
1463226582.5238952637 -3.80358 0.149682 -9.2699 -0.105078 0.916324 0.0698366 0.380042
1463226582.6591086388 -3.75822 0.168423 -9.34481 -0.119071 0.900032 0.0663587 0.413958
1463226582.7902939320 -3.71238 0.185435 -9.42761 -0.115361 0.89384 0.0578608 0.429412
1463226582.9235525131 -3.66863 0.182941 -9.50643 -0.107782 0.894355 0.0524656 0.430998
1463226583.0572845936 -3.62915 0.17594 -9.57728 -0.0971757 0.897499 0.0624617 0.425618
1463226583.1901617050 -3.58913 0.178008 -9.64172 -0.0826947 0.902927 0.0674708 0.416331
1463226583.3263819218 -3.54566 0.191876 -9.70456 -0.0800796 0.90465 0.0705063 0.412583
1463226583.4564721584 -3.49554 0.198522 -9.76978 -0.0857106 0.902484 0.0621381 0.417512
1463226583.5898222923 -3.44793 0.187039 -9.83868 -0.0850512 0.90739 0.0487457 0.408697
1463226583.7230758667 -3.41397 0.173137 -9.91622 -0.0922434 0.917186 0.037169 0.385848
1463226583.8563852310 -3.37858 0.153389 -10.0031 -0.0838391 0.920287 0.0109466 0.381999
1463226583.9895296097 -3.33215 0.128195 -10.0866 -0.0623581 0.903183 -0.00276273 0.424693
1463226584.1229431629 -3.26949 0.0936471 -10.1613 -0.0604319 0.856278 -0.0300545 0.512086
1463226584.2561120987 -3.20422 0.052661 -10.2238 -0.0901282 0.809863 -0.0657112 0.575918
1463226584.3897812366 -3.14636 0.0152543 -10.2719 -0.120428 0.771584 -0.0870287 0.618532
1463226584.5228962898 -3.09115 -0.0159652 -10.3087 -0.134529 0.743725 -0.111527 0.645241
1463226584.6579890251 -3.03284 -0.0360838 -10.3418 -0.1426 0.717023 -0.147247 0.666229
1463226584.7892467976 -2.96433 -0.0491455 -10.3655 -0.160485 0.679489 -0.204618 0.686055
1463226584.9224581718 -2.90478 -0.0608633 -10.3826 -0.167877 0.644535 -0.236743 0.707351
1463226585.0558099747 -2.85657 -0.0752296 -10.3919 -0.178557 0.601276 -0.256078 0.735533
1463226585.1889429092 -2.82111 -0.0949036 -10.3991 -0.159738 0.54672 -0.283344 0.771555
1463226585.3559968472 -2.7669 -0.100344 -10.4094 -0.158446 0.494182 -0.311887 0.795868
1463226585.5220351219 -2.71328 -0.116642 -10.4224 -0.125039 0.451244 -0.343965 0.8139
1463226585.6888027191 -2.66118 -0.135206 -10.4306 -0.120064 0.3897 -0.358319 0.839837
1463226585.8555159569 -2.61551 -0.14652 -10.4289 -0.110964 0.346019 -0.374245 0.85317
1463226586.0551397800 -2.56034 -0.14351 -10.4182 -0.103985 0.301791 -0.400813 0.858754
1463226586.1897900105 -2.51585 -0.141452 -10.4107 -0.096097 0.28798 -0.412427 0.858916
1463226586.3244588375 -2.47288 -0.142266 -10.3976 -0.0854798 0.262582 -0.425514 0.86179
1463226586.4905021191 -2.42128 -0.145984 -10.386 -0.0792088 0.250298 -0.420212 0.868619
1463226586.7215089798 -2.3713 -0.144562 -10.3734 -0.0712692 0.223166 -0.419294 0.877104
1463226586.9900856018 -2.31248 -0.136999 -10.3616 -0.0507355 0.189361 -0.433808 0.87942
1463226587.1879715919 -2.25751 -0.144979 -10.3487 -0.0478059 0.160324 -0.437385 0.883575
1463226587.3556625843 -2.22229 -0.166751 -10.3323 -0.0318378 0.125716 -0.435851 0.890626
1463226587.5544841290 -2.18696 -0.183697 -10.3085 -0.0335747 0.0977211 -0.44286 0.890617
1463226587.7876801491 -2.13492 -0.185091 -10.273 -0.036641 0.0908698 -0.424644 0.900043
1463226587.9542953968 -2.08681 -0.177195 -10.2363 -0.0419828 0.0953996 -0.415944 0.903398
1463226588.0875334740 -2.04736 -0.175894 -10.1987 -0.0348446 0.0981473 -0.395303 0.912627
1463226588.2542133331 -2.00041 -0.173395 -10.1583 -0.0366648 0.119615 -0.370094 0.920532
1463226588.4210164547 -1.95972 -0.168219 -10.1258 -0.0445248 0.141203 -0.33594 0.930174
1463226588.5872204304 -1.91219 -0.154637 -10.0928 -0.0439563 0.171025 -0.30133 0.937026
1463226588.7205018997 -1.86499 -0.144243 -10.0686 -0.0296547 0.211998 -0.270887 0.938508
1463226588.8539373875 -1.80639 -0.135371 -10.0463 -0.0160453 0.27108 -0.22176 0.936526
1463226588.9893162251 -1.74582 -0.127539 -10.0241 -0.00398428 0.313001 -0.167826 0.934799
1463226589.1561815739 -1.67739 -0.111955 -10.0038 -0.0383937 0.33801 -0.124509 0.93208
1463226589.3224272728 -1.62 -0.0919163 -9.99541 -0.0706104 0.359386 -0.0783337 0.927211
1463226589.4540305138 -1.5785 -0.0739238 -9.99415 -0.0945846 0.392059 -0.0700159 0.912382
1463226589.5866348743 -1.53964 -0.0491455 -9.99259 -0.115329 0.430362 -0.0584408 0.893349
1463226589.7230010033 -1.5002 -0.0316395 -9.99378 -0.12545 0.469002 -0.0572447 0.872366
1463226589.8872954845 -1.4628 -0.0126285 -10.0006 -0.139584 0.510399 -0.0500695 0.847055
1463226590.0866098404 -1.43046 0.0149328 -10.0182 -0.158916 0.555535 -0.0243126 0.815803
1463226590.2864012718 -1.40401 0.0505103 -10.0409 -0.182916 0.597293 -0.0240712 0.780515
1463226590.4530439377 -1.37471 0.0827065 -10.0599 -0.181783 0.635608 0.0156011 0.750142
1463226590.6198844910 -1.33649 0.108489 -10.0772 -0.172151 0.683427 0.0433151 0.708107
1463226590.7530038357 -1.30958 0.119676 -10.0883 -0.161131 0.718295 0.05708 0.674412
1463226590.9195175171 -1.28281 0.127889 -10.1028 -0.141217 0.757913 0.0881105 0.630763
1463226591.0859980583 -1.26239 0.131639 -10.1235 -0.138754 0.784088 0.100426 0.596547
1463226591.2527320385 -1.23827 0.141139 -10.1505 -0.141338 0.805344 0.122887 0.562444
1463226591.3859374523 -1.20537 0.14442 -10.1789 -0.131354 0.829352 0.116296 0.530469
1463226591.5192012787 -1.15875 0.14542 -10.2153 -0.140429 0.858428 0.101547 0.482773
1463226591.6546480656 -1.11198 0.134019 -10.2519 -0.131757 0.881536 0.0908212 0.444168
1463226591.7856943607 -1.07739 0.11472 -10.2836 -0.126364 0.895197 0.0860674 0.418625
1463226591.9190592766 -1.04929 0.0964561 -10.3146 -0.108117 0.908561 0.0916622 0.392969
1463226592.0521719456 -1.01477 0.0871564 -10.3491 -0.1005 0.916714 0.0899364 0.376094
1463226592.1855394840 -0.97956 0.0885484 -10.3901 -0.0797292 0.927256 0.0904317 0.354489
1463226592.3189401627 -0.938452 0.0929969 -10.4403 -0.0672615 0.934063 0.0909694 0.338713
1463226592.4519248009 -0.892861 0.0899675 -10.498 -0.0665676 0.940958 0.0891566 0.319714
1463226592.5851914883 -0.852308 0.0753806 -10.5437 -0.0842368 0.941408 0.0925828 0.313182
1463226592.7185790539 -0.818394 0.0566188 -10.5874 -0.0914907 0.944892 0.090053 0.301162
1463226592.8517534733 -0.789013 0.0467896 -10.6313 -0.0889571 0.950678 0.0904831 0.283038
1463226592.9873816967 -0.750489 0.0440833 -10.6753 -0.102615 0.95096 0.0839171 0.279468
1463226593.1184060574 -0.701807 0.0442592 -10.7215 -0.0930148 0.954928 0.0771056 0.271136
1463226593.2515738010 -0.655019 0.0408748 -10.7614 -0.0908888 0.959747 0.0721588 0.25577
1463226593.4180784225 -0.614283 0.0337942 -10.8 -0.041975 0.967353 0.104389 0.22709
1463226593.5514228344 -0.584856 0.0239622 -10.8334 -0.0173936 0.97217 0.0951543 0.213376
1463226593.7180342674 -0.544202 0.0290518 -10.875 -0.00488114 0.973115 0.0930292 0.210637
1463226593.8847136497 -0.50261 0.0486696 -10.9336 0.03778 0.975678 0.105489 0.188407
1463226594.0177965164 -0.46923 0.0519255 -10.9967 0.0507028 0.981972 0.100667 0.151741
1463226594.1528196335 -0.433123 0.0467472 -11.049 0.0845541 0.97879 0.117258 0.145161
1463226594.3513596058 -0.385955 0.0285899 -11.1142 0.103098 0.978788 0.118831 0.131237
1463226594.5510239601 -0.342668 0.0249573 -11.1808 0.110932 0.979439 0.112123 0.125787
1463226594.7176613808 -0.307416 0.0341264 -11.2537 0.117391 0.981652 0.103908 0.108539
1463226594.8842558861 -0.273076 0.0274501 -11.3343 0.141099 0.981852 0.0987512 0.0794057
1463226595.0507123470 -0.25423 0.00847616 -11.3983 0.161084 0.981627 0.0920069 0.044661
1463226595.2839875221 -0.245193 -0.0125336 -11.478 0.15561 0.985105 0.0723676 0.0107706
1463226595.5171360970 -0.235232 0.00131902 -11.5621 -0.171344 -0.982117 -0.0756814 0.0189615
1463226595.7178356647 -0.227357 0.0119596 -11.6633 -0.171985 -0.981668 -0.0651999 0.0499867
1463226595.9859440327 -0.216492 0.00189712 -11.7634 -0.184374 -0.978258 -0.0656653 0.0686021
1463226596.2168281078 -0.240302 -0.00730131 -11.8223 -0.165434 -0.976149 -0.0768907 0.117693
1463226596.4500207901 -0.276001 0.00387481 -11.9009 -0.145656 -0.974245 -0.0637916 0.159882
1463226596.5832796097 -0.31129 0.0120122 -11.9672 -0.137134 -0.968059 -0.0526407 0.203189
1463226596.7166347504 -0.348318 0.00983988 -12.0325 -0.140733 -0.959501 -0.0425957 0.240286
1463226596.8832738400 -0.395059 -0.00182093 -12.0943 -0.145151 -0.945614 -0.0364154 0.288823
1463226597.0497572422 -0.442207 -0.000258409 -12.1597 -0.137986 -0.934192 -0.0350441 0.327134
1463226597.2163913250 -0.489987 0.0186453 -12.2481 -0.138692 -0.926467 -0.0292035 0.348669
1463226597.3497257233 -0.526597 0.0251624 -12.3308 -0.133887 -0.927281 -0.030973 0.348231
1463226597.4849631786 -0.55233 0.0175499 -12.4156 -0.119812 -0.93913 -0.0441942 0.318947
1463226597.6519649029 -0.575122 0.00624272 -12.5162 -0.0913174 -0.950453 -0.0597815 0.291079
1463226597.8175122738 -0.603769 0.0159186 -12.6228 -0.0733726 -0.959425 -0.0517625 0.267285
1463226597.9492983818 -0.625672 0.0164173 -12.7159 -0.0502365 -0.968121 -0.022388 0.244371
1463226598.1509914398 -0.651308 0.0162442 -12.8417 -0.0514245 -0.969771 -0.0485611 0.23354
1463226598.3186147213 -0.66733 0.0166806 -12.9417 -0.0422642 -0.976116 -0.0534102 0.206296
1463226598.4491052628 -0.681624 0.0314327 -13.033 -0.0435185 -0.982769 -0.0392018 0.175311
1463226598.5822861195 -0.697341 0.0431826 -13.1377 -0.0554996 -0.985689 -0.0202585 0.157883
1463226598.7155213356 -0.70452 0.0468766 -13.2435 -0.054134 -0.990087 -0.0339611 0.125075
1463226598.8821439743 -0.707889 0.0446383 -13.3562 -0.0402917 -0.992501 -0.0587728 0.0993164
1463226599.0487079620 -0.708362 0.0615993 -13.4653 -0.0379094 -0.995374 -0.0588166 0.0658342
1463226599.2152647972 -0.725281 0.0741971 -13.5805 -0.0422921 -0.995838 -0.057525 0.0566403
1463226599.3819613457 -0.747811 0.062709 -13.6816 -0.0806301 -0.991693 -0.0699457 0.0717702
1463226599.5484852791 -0.770553 0.0583014 -13.7805 -0.0514341 -0.995438 -0.0605835 0.0528038
1463226599.7151148319 -0.808321 0.067453 -13.896 -0.0557973 -0.996804 -0.0438763 0.0366574
1463226599.8483970165 -0.849752 0.0638734 -13.981 -0.0818839 -0.992201 -0.0623124 0.0703521
1463226600.0149095058 -0.891366 0.0545941 -14.0745 -0.0625535 -0.991552 -0.0819777 0.078689
1463226600.1815593243 -0.929228 0.0581278 -14.1645 -0.0524753 -0.992614 -0.0755418 0.0790993
1463226600.3169722557 -0.965017 0.0648097 -14.2525 -0.04361 -0.993546 -0.0576511 0.0874144
1463226600.4482405186 -1.00203 0.0717958 -14.3414 -0.0599586 -0.990446 -0.0624982 0.107308
1463226600.5813088417 -1.03265 0.0669484 -14.4124 -0.0836839 -0.985283 -0.0676034 0.13283
1463226600.7481410503 -1.0638 0.066503 -14.4971 -0.0833821 -0.984904 -0.0702227 0.134465
1463226600.8819627762 -1.1027 0.0885798 -14.5815 -0.108494 -0.979488 -0.0636618 0.157413
1463226601.0145676136 -1.14065 0.101036 -14.6785 -0.131451 -0.978998 -0.061054 0.143372
1463226601.1494469643 -1.17765 0.0857988 -14.7691 -0.12191 -0.98296 -0.0419389 0.131028
1463226601.3172340393 -1.22045 0.0689744 -14.8649 -0.113258 -0.985874 -0.0313967 0.119333
1463226601.4474480152 -1.25985 0.0844095 -14.9439 -0.192655 -0.97533 -0.0224062 0.105419
1463226601.5808079243 -1.30957 0.0971294 -15.0285 -0.211167 -0.969362 -0.0177056 0.124223
1463226601.7140569687 -1.36999 0.0797337 -15.1024 -0.195568 -0.964384 -0.0047938 0.178029
1463226601.8472988605 -1.4289 0.0641634 -15.1641 -0.207634 -0.954789 -0.00151803 0.212752
1463226601.9821715355 -1.48903 0.0716782 -15.2305 -0.229216 -0.945726 0.026096 0.228871
1463226602.1139023304 -1.55889 0.0821249 -15.3028 -0.260578 -0.933452 0.0608201 0.238887
1463226602.2471847534 -1.63269 0.073036 -15.3725 -0.264746 -0.931741 0.0677796 0.239113
1463226602.3804492950 -1.70351 0.0535938 -15.4312 -0.239007 -0.932698 0.0677418 0.26146
1463226602.5469613075 -1.79162 0.0576588 -15.5036 -0.256914 -0.923676 0.0713627 0.275182
1463226602.6802301407 -1.8685 0.0704393 -15.5638 -0.316842 -0.903115 0.0970262 0.273093
1463226602.8164536953 -1.9529 0.0669737 -15.6202 -0.360876 -0.877681 0.11653 0.293026
1463226602.9468727112 -2.03551 0.0443108 -15.6568 -0.353664 -0.856667 0.156325 0.341476
1463226603.1134254932 -2.13147 0.0518373 -15.7068 -0.350211 -0.840479 0.167468 0.378024
1463226603.2799303532 -2.23757 0.0695029 -15.7624 -0.374321 -0.821939 0.187152 0.38636
1463226603.4132480621 -2.32323 0.0581985 -15.8119 -0.385319 -0.818908 0.200124 0.375325
1463226603.5484740734 -2.4004 0.042329 -15.8515 -0.375153 -0.819934 0.189784 0.388523
1463226603.7130253315 -2.49486 0.0482767 -15.9014 -0.370267 -0.814088 0.192855 0.403695
1463226603.8464231491 -2.58202 0.0584414 -15.9424 -0.371269 -0.805123 0.204123 0.415054
1463226603.9832646847 -2.66942 0.0389003 -15.9842 -0.359711 -0.804688 0.231538 0.411675
1463226604.1129331589 -2.74975 0.0162121 -16.0134 -0.351208 -0.791776 0.254395 0.430146
1463226604.2462244034 -2.83155 0.0213773 -16.0366 -0.345401 -0.777201 0.257828 0.458455
1463226604.4129381180 -2.94554 0.0483877 -16.0628 -0.35725 -0.755283 0.256773 0.485785
1463226604.5794336796 -3.06834 0.0480225 -16.0862 -0.361683 -0.748542 0.269042 0.486298
1463226604.7127361298 -3.15721 0.0403226 -16.0913 -0.368714 -0.722859 0.269114 0.518751
1463226604.8459534645 -3.24108 0.0488468 -16.0933 -0.371961 -0.69745 0.24295 0.562303
1463226604.9808106422 -3.33045 0.0684482 -16.0944 -0.371768 -0.679852 0.243753 0.583244
1463226605.1123661995 -3.42522 0.0689683 -16.0947 -0.357405 -0.674556 0.246534 0.59704
1463226605.2461566925 -3.51402 0.048931 -16.0874 -0.334818 -0.663084 0.268717 0.613195
1463226605.3790242672 -3.5931 0.0459181 -16.0744 -0.329095 -0.645237 0.280031 0.630038
1463226605.5122015476 -3.67792 0.0594864 -16.0613 -0.326547 -0.634078 0.291629 0.637389
1463226605.6475369930 -3.77069 0.066529 -16.0403 -0.309508 -0.631632 0.302108 0.64341
1463226605.7789056301 -3.86151 0.0518663 -16.0153 -0.289667 -0.627967 0.307048 0.653813
1463226605.9452652931 -3.95356 0.0391076 -15.9882 -0.304807 -0.608104 0.288341 0.673915
1463226606.1118750572 -4.04595 0.0563418 -15.9544 -0.282679 -0.585229 0.268524 0.710981
1463226606.2450993061 -4.12776 0.0750918 -15.9287 -0.264283 -0.570606 0.264824 0.731048
1463226606.3783507347 -4.2142 0.0758315 -15.9065 -0.254805 -0.56403 0.271896 0.736897
1463226606.5450668335 -4.30666 0.0674933 -15.8733 -0.265706 -0.543362 0.27045 0.749009
1463226606.6783378124 -4.37914 0.0733047 -15.8411 -0.264079 -0.534377 0.265179 0.757881
1463226606.8137285709 -4.46212 0.087455 -15.8015 -0.243851 -0.547415 0.26404 0.755749
1463226606.9448790550 -4.54811 0.0890233 -15.7535 -0.219117 -0.566253 0.260891 0.750521
1463226607.0789232254 -4.62256 0.0772408 -15.6988 -0.207995 -0.554753 0.255303 0.764073
1463226607.2447476387 -4.70384 0.0780587 -15.6371 -0.22332 -0.5338 0.255523 0.774528
1463226607.4113552570 -4.79313 0.103078 -15.5697 -0.217848 -0.510417 0.258076 0.790831
1463226607.5445637703 -4.86945 0.105476 -15.5135 -0.213058 -0.498261 0.256538 0.800332
1463226607.6817362309 -4.94005 0.0913156 -15.4537 -0.192023 -0.484077 0.270425 0.809732
1463226607.8445012569 -5.0213 0.0911723 -15.3886 -0.196305 -0.467317 0.280664 0.81505
1463226607.9776656628 -5.09443 0.110486 -15.3287 -0.185316 -0.465359 0.284419 0.817438
1463226608.1108496189 -5.17469 0.12144 -15.2632 -0.177593 -0.473943 0.289469 0.812432
1463226608.2472820282 -5.24796 0.111601 -15.1971 -0.169272 -0.469586 0.2917 0.815933
1463226608.4107944965 -5.32995 0.10526 -15.1241 -0.178546 -0.463688 0.301019 0.813942
1463226608.5780997276 -5.41835 0.128919 -15.0426 -0.168566 -0.462932 0.288448 0.821022
1463226608.7442810535 -5.51159 0.126783 -14.9587 -0.15703 -0.464652 0.283351 0.824107
1463226608.9106552601 -5.59206 0.116632 -14.8804 -0.167933 -0.44158 0.284384 0.834225
1463226609.1104910374 -5.69114 0.14025 -14.79 -0.184461 -0.439761 0.291279 0.829301
1463226609.2436227798 -5.76205 0.150177 -14.7229 -0.180168 -0.44794 0.291509 0.825779
1463226609.4102275372 -5.84082 0.138017 -14.6381 -0.181253 -0.442986 0.282294 0.831397
1463226609.5773298740 -5.918 0.131357 -14.5663 -0.186482 -0.449374 0.283036 0.826546
1463226609.7100131512 -5.9849 0.146612 -14.5047 -0.181612 -0.442668 0.294359 0.827294
1463226609.8770546913 -6.07442 0.149615 -14.428 -0.173497 -0.439285 0.281039 0.835431
1463226610.0432889462 -6.1535 0.135723 -14.3519 -0.181872 -0.415689 0.293434 0.84144
1463226610.2099397182 -6.22724 0.142943 -14.273 -0.175318 -0.407737 0.300373 0.844269
1463226610.3431708813 -6.28817 0.153169 -14.1996 -0.159478 -0.420132 0.316979 0.835213
1463226610.4800717831 -6.35089 0.145803 -14.1164 -0.146417 -0.440157 0.328759 0.822643
1463226610.6096737385 -6.39895 0.130598 -14.0335 -0.138374 -0.412449 0.331127 0.837313
1463226610.7430663109 -6.43904 0.132385 -13.9557 -0.137374 -0.396774 0.316327 0.850668
1463226610.8762168884 -6.48267 0.149759 -13.8748 -0.139891 -0.378014 0.318446 0.857979
1463226611.0094146729 -6.52918 0.148881 -13.787 -0.123792 -0.370958 0.317653 0.863807
1463226611.1446878910 -6.56796 0.130312 -13.6975 -0.0888854 -0.344131 0.32371 0.876861
1463226611.2760362625 -6.59944 0.123484 -13.6173 -0.0933312 -0.318441 0.328449 0.884311
1463226611.4427170753 -6.64038 0.142549 -13.5082 -0.0883578 -0.298959 0.331985 0.890282
1463226611.5758640766 -6.67393 0.149292 -13.4119 -0.071696 -0.314124 0.331764 0.886633
1463226611.7110619545 -6.70113 0.134434 -13.3128 -0.0631294 -0.302667 0.325761 0.893469
1463226611.8446557522 -6.72643 0.126104 -13.2282 -0.0816798 -0.293024 0.33059 0.893407
1463226611.9779965878 -6.7476 0.139709 -13.1381 -0.0759863 -0.276409 0.321689 0.902408
1463226612.1089935303 -6.76943 0.152298 -13.0433 -0.0681177 -0.262945 0.313939 0.909759
1463226612.2421984673 -6.78834 0.141058 -12.9527 -0.0675391 -0.240052 0.32439 0.912461
1463226612.3756682873 -6.7943 0.125786 -12.8681 -0.0731684 -0.204119 0.330083 0.918709
1463226612.5087361336 -6.79688 0.12754 -12.7829 -0.0596395 -0.18051 0.338733 0.921477
1463226612.6436529160 -6.79542 0.138186 -12.6865 -0.03209 -0.177423 0.339363 0.923214
1463226612.7753291130 -6.78788 0.134296 -12.5859 -0.0327521 -0.176755 0.339121 0.923408
1463226612.9086177349 -6.77467 0.116311 -12.4947 -0.0306822 -0.15409 0.330243 0.930728
1463226613.0751409531 -6.75634 0.115321 -12.39 -0.0367624 -0.12051 0.326712 0.936688
1463226613.2083387375 -6.74068 0.133935 -12.2984 -0.0331504 -0.0937261 0.32367 0.940933
1463226613.3417897224 -6.72079 0.132336 -12.2051 -0.0231711 -0.0660135 0.314391 0.946712
1463226613.4754245281 -6.69399 0.115199 -12.1203 0.000341334 -0.0167079 0.3231 0.946217
1463226613.6081478596 -6.66108 0.112016 -12.0462 -0.00264735 0.0394805 0.331925 0.942476
1463226613.7442600727 -6.62675 0.134351 -11.9651 -0.0043038 0.0723832 0.335475 0.939254
1463226613.8747658730 -6.58822 0.143175 -11.8764 0.0139853 0.0732769 0.329743 0.941119
1463226614.0080008507 -6.54424 0.127731 -11.7952 0.0162369 0.0942253 0.331036 0.938762
1463226614.1431057453 -6.50371 0.113086 -11.7218 0.0128074 0.113848 0.341357 0.932926
1463226614.2745215893 -6.46068 0.122868 -11.646 0.0162885 0.129487 0.330051 0.934898
1463226614.4077689648 -6.41779 0.135293 -11.5636 0.0246108 0.134288 0.315071 0.939197
1463226614.5410704613 -6.37308 0.12334 -11.4797 0.0392481 0.140392 0.313236 0.938421
1463226614.6753368378 -6.32288 0.110529 -11.4086 0.0307177 0.181641 0.309341 0.932937
1463226614.8103413582 -6.2638 0.114576 -11.3451 0.0233787 0.254671 0.275581 0.926635
1463226614.9408917427 -6.19075 0.137165 -11.285 0.00876415 0.322374 0.223412 0.919829
1463226615.0742042065 -6.10963 0.143811 -11.2255 0.0164502 0.370941 0.202004 0.906271
1463226615.2073698044 -6.03816 0.129682 -11.173 0.0202957 0.41168 0.192564 0.890521
1463226615.3406271935 -5.97483 0.12309 -11.1239 0.0139301 0.451441 0.171573 0.875539
1463226615.4738588333 -5.91526 0.130525 -11.0683 0.0144235 0.467449 0.147078 0.87158
1463226615.6072077751 -5.86023 0.133357 -11.003 0.0192577 0.471202 0.119917 0.873624
1463226615.7405526638 -5.81265 0.12648 -10.9351 0.0058808 0.475525 0.104652 0.873435
1463226615.9069750309 -5.75897 0.113952 -10.8553 -0.00751006 0.471862 0.0840408 0.877626
1463226616.0402626991 -5.71578 0.130122 -10.7824 -0.0225338 0.452041 0.0823392 0.887903
1463226616.1736743450 -5.65768 0.149826 -10.7081 -0.028604 0.459582 0.0642808 0.885344
1463226616.3099441528 -5.59658 0.152155 -10.6295 -0.0408648 0.49769 0.0834403 0.862365
1463226616.4401776791 -5.54837 0.135175 -10.544 -0.0251643 0.531607 0.0815065 0.842685
1463226616.5735406876 -5.50718 0.130228 -10.4538 -0.0176583 0.547207 0.0802113 0.832958
1463226616.7065820694 -5.46494 0.141059 -10.3537 -0.0234667 0.529841 0.0998022 0.841877
1463226616.8398914337 -5.42673 0.135259 -10.2561 -0.0214456 0.480516 0.0697514 0.873945
1463226616.9750897884 -5.38959 0.113007 -10.17 -0.00677614 0.445687 0.0687271 0.892521
1463226617.1064176559 -5.3536 0.101765 -10.0876 0.0018854 0.41076 0.0477222 0.910492
1463226617.2396366596 -5.30904 0.118797 -10.0051 -0.0266861 0.398245 0.0425349 0.915904
1463226617.3730027676 -5.25812 0.128883 -9.91137 -0.0288546 0.375388 0.0605339 0.924439
1463226617.5062639713 -5.21056 0.110294 -9.82316 -0.0220172 0.357419 0.0584407 0.931854
1463226617.6435256004 -5.17082 0.0977297 -9.74101 -0.0236911 0.334496 0.0584497 0.940284
1463226617.7728376389 -5.12971 0.11241 -9.65583 -0.0223123 0.32499 0.0848521 0.941639
1463226617.9061560631 -5.08154 0.11393 -9.56462 0.0126491 0.324344 0.0670956 0.943472
1463226618.0394201279 -5.02938 0.0919094 -9.47303 0.0300706 0.338863 0.0686081 0.937849
1463226618.1726183891 -4.98418 0.0748476 -9.394 0.0202126 0.339733 0.095336 0.935459
1463226618.3057837486 -4.93608 0.0812438 -9.31703 0.0206234 0.353715 0.105907 0.929109
1463226618.4390497208 -4.88415 0.0967294 -9.23176 0.00692661 0.335059 0.110732 0.935642
1463226618.5723588467 -4.81934 0.092719 -9.14598 -0.0182458 0.309538 0.0824136 0.947133
1463226618.7056822777 -4.73256 0.0795436 -9.05734 -0.0626749 0.322289 0.0422502 0.943619
1463226618.8388757706 -4.65432 0.0566079 -8.96292 -0.0758218 0.340621 0.0387311 0.936338
1463226618.9720952511 -4.60075 0.0230582 -8.8565 -0.0276676 0.322787 0.0328711 0.945496
1463226619.1055047512 -4.57146 -0.0263665 -8.75527 0.0175423 0.272163 -0.0255744 0.961751
1463226619.2389123440 -4.55124 -0.0732041 -8.66787 0.0358281 0.220025 -0.0788344 0.971643
1463226619.3720965385 -4.53102 -0.0910021 -8.58792 0.0485763 0.18477 -0.146282 0.970619
1463226619.5385520458 -4.49456 -0.0541781 -8.48081 0.0391208 0.116311 -0.162861 0.978988
1463226619.7050931454 -4.43278 -0.00469 -8.37158 0.00547832 0.0961518 -0.111851 0.989047
1463226619.8717381954 -4.37774 0.0281907 -8.27855 -0.0445597 0.118311 -0.0853526 0.988297
1463226620.0050139427 -4.33339 0.0632634 -8.21047 -0.0817522 0.158751 -0.0454334 0.982879
1463226620.1399540901 -4.2835 0.0971817 -8.13776 -0.102362 0.215184 -0.0201568 0.970985
1463226620.2715606689 -4.2422 0.107651 -8.06558 -0.0970049 0.266261 -0.00206597 0.959005
1463226620.4047377110 -4.20703 0.0988118 -7.99841 -0.0858002 0.315195 0.0334776 0.944547
1463226620.5385353565 -4.1754 0.0953662 -7.92687 -0.081146 0.316401 0.0179127 0.944979
1463226620.6713612080 -4.13305 0.10395 -7.84732 -0.0687146 0.32478 0.0181587 0.943115
1463226620.8071858883 -4.08372 0.105028 -7.76053 -0.0549025 0.326629 0.0231732 0.943272
1463226620.9378402233 -4.03788 0.0882871 -7.67617 -0.0583188 0.336117 0.014979 0.939893
1463226621.0711266994 -3.99697 0.0765096 -7.59456 -0.0660177 0.327301 0.0157356 0.94248
1463226621.2043817043 -3.95781 0.0851529 -7.51106 -0.078281 0.327404 0.018362 0.941457
1463226621.3376545906 -3.91687 0.0922747 -7.42608 -0.0570301 0.334399 0.00849015 0.940666
1463226621.4731597900 -3.88126 0.0866724 -7.34608 -0.0539373 0.335909 0.00593044 0.94033
1463226621.6042535305 -3.84637 0.0796432 -7.27023 -0.067833 0.331256 0.00573169 0.941082
1463226621.7385582924 -3.81183 0.0849936 -7.18871 -0.056118 0.323804 -0.00533628 0.944444
1463226621.8707871437 -3.77171 0.0941646 -7.09853 -0.032222 0.301629 -0.0198514 0.952674
1463226622.0039486885 -3.73043 0.0890892 -6.99773 -0.0171845 0.250045 -0.0349261 0.967452
1463226622.1385207176 -3.69491 0.0759109 -6.89508 -0.0366154 0.20214 -0.0511439 0.977335
1463226622.2706377506 -3.66645 0.0726105 -6.79433 -0.0457072 0.174699 -0.0665685 0.981305
1463226622.4039175510 -3.63563 0.0885408 -6.68731 -0.0484073 0.1347 -0.0823397 0.986272
1463226622.5371778011 -3.60712 0.0908325 -6.58837 -0.0406648 0.112964 -0.0947061 0.988239
1463226622.6703615189 -3.57935 0.0836277 -6.50116 -0.0503182 0.0938344 -0.0892934 0.990298
1463226622.8051445484 -3.55345 0.0789426 -6.41817 -0.0603661 0.0814734 -0.0814977 0.991502
1463226622.9368913174 -3.52373 0.088062 -6.32764 -0.0602966 0.0620086 -0.0850281 0.992617
1463226623.0701866150 -3.48656 0.0930748 -6.22739 -0.0584955 0.036671 -0.0787802 0.994498
1463226623.2034122944 -3.44854 0.0838943 -6.131 -0.0696307 0.0353077 -0.0730245 0.99427
1463226623.3367271423 -3.41022 0.0684085 -6.04547 -0.082997 0.0619255 -0.0704255 0.992127
1463226623.4716842175 -3.36603 0.0741474 -5.96341 -0.118219 0.0979685 -0.0567742 0.986511
1463226623.6032557487 -3.31626 0.087812 -5.88529 -0.136276 0.140218 -0.0401737 0.979874
1463226623.7365939617 -3.26239 0.0948326 -5.81786 -0.163716 0.192085 -0.0242822 0.967321
1463226623.8698875904 -3.21392 0.0920363 -5.76606 -0.191417 0.240874 -0.00613555 0.951473
1463226624.0029554367 -3.17193 0.0969619 -5.71391 -0.209444 0.267039 -0.00312382 0.940645
1463226624.1362729073 -3.12908 0.114334 -5.64913 -0.214485 0.280921 0.0127478 0.93537
1463226624.2695593834 -3.08292 0.119321 -5.57392 -0.20836 0.293163 0.0212772 0.932839
1463226624.4028017521 -3.04316 0.104885 -5.49951 -0.205928 0.29252 0.005293 0.933808
1463226624.5360124111 -3.00537 0.0928039 -5.42981 -0.218434 0.297678 0.00356247 0.929334
1463226624.6692633629 -2.96775 0.0986684 -5.35485 -0.218579 0.298577 0.000760384 0.929018
1463226624.8026034832 -2.92677 0.10414 -5.27155 -0.209629 0.300139 -0.00147725 0.930575
1463226624.9359068871 -2.88676 0.0919666 -5.19437 -0.204708 0.322354 -0.000779497 0.92422
1463226625.0692179203 -2.85085 0.0721486 -5.12434 -0.196371 0.343889 0.0141063 0.918139
1463226625.2024865150 -2.81064 0.0677131 -5.05068 -0.165788 0.35634 0.0147953 0.919412
1463226625.3358061314 -2.76354 0.0756189 -4.96552 -0.135093 0.346298 0.014425 0.928235
1463226625.4715869427 -2.71187 0.066495 -4.87923 -0.103879 0.336962 0.0160467 0.935633
1463226625.6022863388 -2.66518 0.040546 -4.7942 -0.0749088 0.319153 -0.0024846 0.944735
1463226625.7354156971 -2.62141 0.0258285 -4.71113 -0.059837 0.303083 -0.0352095 0.950432
1463226625.8687357903 -2.57245 0.0455412 -4.62276 -0.070891 0.295774 -0.0265171 0.952255
1463226626.0020730495 -2.52229 0.0500097 -4.5332 -0.0566963 0.292828 -0.0356381 0.953817
1463226626.1372733116 -2.47011 0.036288 -4.45469 -0.0459242 0.319268 -0.0353193 0.945892
1463226626.2684812546 -2.41684 0.0240523 -4.38102 -0.0397633 0.340137 -0.0244143 0.939217
1463226626.4059531689 -2.36119 0.0333011 -4.30366 -0.0397173 0.340786 -0.0153291 0.939177
1463226626.5350196362 -2.30223 0.041767 -4.22216 -0.0297233 0.336761 -0.0125533 0.941037
1463226626.6683249474 -2.24662 0.0317603 -4.14272 -0.0270535 0.330102 -0.00441244 0.943547
1463226626.8039097786 -2.19837 0.0126036 -4.06786 -0.0369 0.318719 0.00229806 0.947128
1463226626.9351813793 -2.15203 0.0115027 -3.99362 -0.0308627 0.30699 -0.013239 0.95112
1463226627.0681862831 -2.10195 0.0286282 -3.91587 -0.0317238 0.301648 -0.0249322 0.952565
1463226627.2015235424 -2.05066 0.0362146 -3.84204 -0.0395541 0.317411 -0.0254473 0.947121
1463226627.3347620964 -2.00004 0.0331837 -3.77286 -0.0481014 0.335316 -0.00265262 0.940873
1463226627.4700312614 -1.94364 0.0363341 -3.70521 -0.0417015 0.350642 0.00421958 0.935571
1463226627.6011729240 -1.88393 0.0553347 -3.6295 -0.0390902 0.347516 0.00859936 0.93682
1463226627.7346873283 -1.82279 0.0623493 -3.55138 -0.046874 0.341911 0.0160492 0.938425
1463226627.8677189350 -1.76505 0.0468991 -3.47705 -0.0520439 0.332431 0.0107314 0.941629
1463226628.0047016144 -1.70849 0.0331741 -3.40791 -0.0540493 0.325355 0.00733999 0.944017
1463226628.1377217770 -1.65066 0.0419333 -3.33665 -0.0498363 0.318216 0.00134161 0.946706
1463226628.2677767277 -1.58929 0.0480253 -3.26264 -0.0419237 0.321028 -0.0157461 0.94601
1463226628.4010202885 -1.53199 0.0449028 -3.19512 -0.0613382 0.337411 -0.010244 0.939301
1463226628.5341825485 -1.47903 0.0351578 -3.1361 -0.0617407 0.351595 0.00480645 0.934102
1463226628.6676983833 -1.42278 0.0433904 -3.0731 -0.0487645 0.351348 0.0142203 0.934866
1463226628.8006110191 -1.35988 0.055249 -3.00176 -0.0402762 0.34396 0.0217495 0.937868
1463226628.9339609146 -1.29694 0.0534831 -2.92509 -0.0545263 0.326448 0.0143307 0.943532
1463226629.0670986176 -1.24234 0.0362365 -2.84517 -0.0595337 0.302425 -0.00368201 0.951305
1463226629.2003772259 -1.18943 0.0359504 -2.76376 -0.0761049 0.283806 -0.0255758 0.955515
1463226629.3337314129 -1.13978 0.0497474 -2.67625 -0.100458 0.258607 -0.04974 0.959456
1463226629.4692151546 -1.09597 0.0499208 -2.58632 -0.10979 0.233269 -0.0690203 0.963726
1463226629.6001837254 -1.058 0.0408251 -2.50334 -0.121859 0.215051 -0.0751992 0.966048
1463226629.7335782051 -1.0228 0.0337915 -2.42879 -0.129519 0.197907 -0.074184 0.96879
1463226629.8668646812 -0.988287 0.0381282 -2.35299 -0.120645 0.170612 -0.0756247 0.974996
1463226630.0001010895 -0.949586 0.0466932 -2.27615 -0.118616 0.136049 -0.0801448 0.980305
1463226630.1352403164 -0.910286 0.040067 -2.20235 -0.117983 0.0930003 -0.078219 0.985552
1463226630.2665460110 -0.86779 0.0194631 -2.1394 -0.108277 0.0642301 -0.0824312 0.988613
1463226630.3999218941 -0.82304 0.00508078 -2.08605 -0.106049 0.0468198 -0.0834373 0.989747
1463226630.5331325531 -0.771223 2.98058e-05 -2.03555 -0.0919352 0.0368776 -0.0832859 0.99159
1463226630.6663241386 -0.708734 -0.000964481 -1.98751 -0.0917148 0.0347317 -0.095727 0.990565
1463226630.8017148972 -0.643147 -0.00213841 -1.94733 -0.0973869 0.037701 -0.0859381 0.990812
1463226630.9329972267 -0.57548 -0.00876491 -1.91427 -0.102654 0.0524733 -0.0869548 0.989519
1463226631.0661101341 -0.504653 -0.0155362 -1.88428 -0.0893291 0.0620886 -0.0894576 0.990032
1463226631.1994888783 -0.43003 -0.0190214 -1.85383 -0.0723322 0.0651184 -0.0972103 0.990494
1463226631.3329398632 -0.358262 -0.0225397 -1.82732 -0.0594772 0.064768 -0.0898758 0.992063
1463226631.4683301449 -0.291337 -0.0264857 -1.80221 -0.0707555 0.0672844 -0.0985578 0.99033
1463226631.5991735458 -0.231478 -0.0271841 -1.77775 -0.0719369 0.0731563 -0.0942423 0.990248
1463226631.7324945927 -0.176203 -0.0133958 -1.75183 -0.075153 0.0825059 -0.0911176 0.989567
1463226631.8658063412 -0.125488 0.00492611 -1.72573 -0.0719281 0.0915851 -0.0969943 0.988449
1463226632.0323283672 -0.0799503 0.0353419 -1.70283 -0.0957893 0.0975225 -0.0898949 0.986526
1463226632.1656897068 -0.0561389 0.0622155 -1.6943 -0.120701 0.104778 -0.0590566 0.985376
1463226632.3989484310 -0.0457133 0.106868 -1.69584 -0.136185 0.0986087 -0.0396818 0.984965
1463226632.5987153053 -0.0600293 0.141863 -1.70621 -0.163749 0.0900979 -0.0166552 0.982238
1463226632.8017885685 -0.0906013 0.168176 -1.72043 -0.198582 0.110143 -0.00452089 0.973865
1463226632.9986212254 -0.147331 0.185906 -1.73047 -0.226044 0.121687 -0.00849372 0.966449
1463226633.1319382191 -0.201751 0.192527 -1.73265 -0.224995 0.121314 -0.00366985 0.966771
1463226633.2651910782 -0.264325 0.194739 -1.73443 -0.230438 0.120369 0.0116847 0.965543
1463226633.3983023167 -0.326474 0.189643 -1.73073 -0.225177 0.105906 0.0323035 0.968006
1463226633.5317969322 -0.377825 0.181656 -1.7251 -0.227111 0.0915102 0.0522002 0.968154
1463226633.6982290745 -0.420239 0.168661 -1.71457 -0.241715 0.0774175 0.0624212 0.965238
1463226633.9668760300 -0.420599 0.140541 -1.68614 -0.223758 0.0912562 0.0618587 0.968389
1463226634.1339657307 -0.390566 0.128615 -1.65958 -0.198944 0.113001 0.0566467 0.971825
1463226634.2646529675 -0.356896 0.126492 -1.6297 -0.193663 0.125559 0.0575762 0.971295
1463226634.3979947567 -0.322825 0.131236 -1.59048 -0.20281 0.121729 0.0563554 0.969987
1463226634.5321831703 -0.293183 0.14083 -1.54301 -0.215858 0.100466 0.0361557 0.970569
1463226634.6643466949 -0.265054 0.151389 -1.49568 -0.233438 0.102672 0.022777 0.966668
1463226634.7998590469 -0.243433 0.156617 -1.45091 -0.231357 0.0900752 0.00799076 0.968657
1463226634.9309055805 -0.226621 0.161361 -1.41471 -0.242081 0.0957482 0.0176785 0.965358
1463226635.1308689117 -0.220921 0.173883 -1.38412 -0.260697 0.0782601 0.0289244 0.961809
1463226635.4640429020 -0.228722 0.1659 -1.42098 -0.242493 0.0669114 0.00804762 0.96781
1463226635.5973029137 -0.234309 0.153331 -1.46282 -0.22656 0.0644991 0.00549821 0.971844
1463226635.7305712700 -0.243284 0.140142 -1.51715 -0.213859 0.066562 0.00119356 0.974593
1463226635.8638317585 -0.255711 0.126512 -1.58094 -0.207364 0.0669872 0.00968576 0.97592
1463226635.9971628189 -0.272091 0.116553 -1.64162 -0.209892 0.0492468 -0.0065068 0.976462
1463226636.1337780952 -0.284318 0.109094 -1.69622 -0.208778 0.0360358 -0.0196907 0.977101
1463226636.2992522717 -0.288901 0.100234 -1.76299 -0.203055 0.0267667 -0.0218646 0.978557
1463226636.4303588867 -0.28807 0.09533 -1.82327 -0.19965 0.0205819 -0.0344209 0.979046
1463226636.5634961128 -0.282482 0.091642 -1.88591 -0.205087 0.0244134 -0.0423171 0.977524
1463226636.7634224892 -0.279361 0.0841754 -1.97477 -0.19343 0.0269278 -0.0330066 0.980189
1463226636.9966437817 -0.292553 0.0774608 -2.07074 -0.178969 0.0404279 -0.0238639 0.982734
1463226637.2991397381 -0.317788 0.0783543 -2.16893 -0.17821 0.0566197 -0.0127058 0.98228
1463226637.6962301731 -0.371994 0.0854506 -2.19671 -0.173754 0.0302769 -0.00604949 0.984305
1463226637.9647653103 -0.423063 0.0925428 -2.17117 -0.173181 0.0109805 0.0120559 0.984755
1463226638.1313862801 -0.457387 0.0966032 -2.13832 -0.177819 -0.00884486 0.00824779 0.983989
1463226638.2983434200 -0.493532 0.101159 -2.0921 -0.187224 -0.0152823 0.0135373 0.982105
1463226638.4291684628 -0.523347 0.102971 -2.04848 -0.195613 -0.0115588 0.0282945 0.980205
1463226638.5624182224 -0.552617 0.100825 -2.00437 -0.195943 -0.0227685 0.0369968 0.979653
1463226638.6957614422 -0.572004 0.0965752 -1.96273 -0.202216 -0.0240059 0.0364365 0.978368
1463226638.8294701576 -0.581027 0.0914448 -1.91885 -0.205966 -0.0201997 0.0333063 0.977784
1463226638.9624085426 -0.579117 0.0885033 -1.86885 -0.208151 -0.0115285 0.0288392 0.977604
1463226639.0956945419 -0.567855 0.0842156 -1.81178 -0.199468 0.00534876 0.0349585 0.979266
1463226639.2287700176 -0.550529 0.0772765 -1.75847 -0.195949 0.0274002 0.0233806 0.979952
1463226639.3620107174 -0.531084 0.0727939 -1.71134 -0.195508 0.0330259 0.00309489 0.980141
1463226639.4953823090 -0.503936 0.069238 -1.6672 -0.196734 0.0481276 0.000713326 0.979275
1463226639.6307232380 -0.472093 0.0708032 -1.62379 -0.195953 0.0524466 -0.0101593 0.979157
1463226639.7618715763 -0.4369 0.0775187 -1.57944 -0.201012 0.0462338 -0.0219763 0.97825
1463226639.8950731754 -0.398344 0.0854243 -1.53702 -0.203769 0.0417161 -0.0433507 0.977169
1463226640.0284447670 -0.357848 0.0899217 -1.5041 -0.206299 0.0337744 -0.0588575 0.976133
1463226640.1616466045 -0.316261 0.0904196 -1.48068 -0.203828 0.0369114 -0.0605921 0.976432
1463226640.3286361694 -0.270503 0.0939554 -1.46502 -0.203872 0.0344462 -0.0413912 0.977515
1463226640.5281691551 -0.217393 0.103399 -1.47288 -0.212774 0.0316824 -0.0586378 0.974826
1463226640.6946961880 -0.170209 0.107152 -1.48884 -0.217849 0.0398182 -0.0699882 0.972655
1463226640.8612499237 -0.123956 0.109458 -1.51286 -0.221293 0.0557468 -0.0699379 0.971097
1463226641.0279245377 -0.0825437 0.113372 -1.54592 -0.234508 0.0652173 -0.0725873 0.967204
1463226641.1944732666 -0.051146 0.114599 -1.58766 -0.252711 0.0582664 -0.0725043 0.96306
1463226641.3650097847 -0.028185 0.112919 -1.63861 -0.251796 0.0359169 -0.0915785 0.962768
1463226641.5276422501 -0.0173455 0.110542 -1.69453 -0.237528 0.0287587 -0.0831523 0.967388
1463226641.6608755589 -0.0230625 0.108854 -1.74496 -0.227264 0.0301011 -0.0632434 0.971311
1463226641.7980656624 -0.0369672 0.102701 -1.79643 -0.216216 0.0339381 -0.047802 0.974584
1463226641.9275205135 -0.0593663 0.0940988 -1.84611 -0.200587 0.0333272 -0.0252227 0.978784
1463226642.0607843399 -0.0863933 0.0849683 -1.89285 -0.177978 0.00962748 0.0020449 0.983985
1463226642.2273132801 -0.117839 0.0784969 -1.94646 -0.148222 -0.019188 0.0252819 0.988445
1463226642.3606152534 -0.143733 0.0790966 -1.99086 -0.145828 -0.0542213 0.0335333 0.987254
