1463142062.1735687256 0 0 0 -0 -0 -0 1
1463142063.8220417500 0.0802783 -0.0104814 0.0496809 -0.0322308 0.0153798 0.0181683 0.999197
1463142064.5469796658 0.0619161 -0.0955065 0.12113 -0.0670276 0.0558023 0.00691403 0.996165
1463142064.7466330528 0.106212 -0.165548 0.161611 -0.0549954 0.0659616 0.00420742 0.996297
1463142064.8966619968 0.149723 -0.234267 0.18819 -0.0421087 0.0721815 -0.0045335 0.996492
1463142065.0465021133 0.188402 -0.28988 0.214871 -0.0285914 0.0671415 0.00833222 0.997299
1463142065.2714679241 0.226113 -0.345043 0.257855 -0.030155 0.0662189 0.0226098 0.997093
1463142065.4715118408 0.210267 -0.404941 0.298745 -0.0237317 0.066677 0.0272493 0.99712
1463142065.6468083858 0.173125 -0.457516 0.341191 -0.018416 0.0659296 0.0409539 0.996813
1463142065.7964255810 0.137095 -0.499482 0.385551 -0.0152917 0.0750294 0.044631 0.996065
1463142065.9464235306 0.0970461 -0.537454 0.42944 -0.00918861 0.0851513 0.0557623 0.994764
1463142066.0972652435 0.051501 -0.572646 0.459928 -0.000672474 0.0859401 0.0574581 0.994642
1463142066.2212986946 -0.00125921 -0.586057 0.477871 0.00264924 0.0805069 0.0585422 0.99503
1463142066.3722822666 -0.0633377 -0.58246 0.485976 0.00260443 0.0746448 0.0595514 0.995427
1463142066.4962229729 -0.112289 -0.567937 0.487756 -0.00195575 0.0652558 0.0593906 0.996098
1463142066.6490268707 -0.164258 -0.547753 0.487103 -0.00513289 0.0440639 0.0540744 0.997551
1463142066.7715301514 -0.204306 -0.526126 0.482237 -0.00573959 0.0212791 0.0615789 0.997859
1463142066.9462258816 -0.240634 -0.49288 0.473683 -0.0121471 0.00796702 0.0623286 0.99795
1463142067.1962158680 -0.284121 -0.454906 0.454374 0.00412121 -0.00654798 0.0560433 0.998398
1463142067.3978452682 -0.308162 -0.402699 0.43907 0.00567548 -0.00984781 0.0623139 0.997992
1463142067.5731008053 -0.328833 -0.352578 0.431797 -0.00124677 -0.0234324 0.05342 0.998296
1463142067.7731125355 -0.334732 -0.294256 0.425161 -0.00644395 -0.0219065 0.0447809 0.998736
1463142067.9961037636 -0.33739 -0.236456 0.419444 -0.00821019 -0.0448034 0.038063 0.998237
1463142068.2456367016 -0.325354 -0.18379 0.413931 -0.0151565 -0.0794927 0.032567 0.996188
1463142068.4208037853 -0.301147 -0.134879 0.417389 -0.0305994 -0.104841 0.031599 0.993516
1463142068.5957760811 -0.262947 -0.0939025 0.429667 -0.0454553 -0.120693 0.0262067 0.991302
1463142068.7730052471 -0.209873 -0.0633697 0.446654 -0.0479077 -0.128325 0.0127231 0.990493
1463142068.9235825539 -0.161219 -0.0384602 0.461886 -0.0528994 -0.136932 0.00622028 0.989147
1463142069.0707046986 -0.112008 -0.0155775 0.477594 -0.0656538 -0.139042 0.000852214 0.988107
1463142069.2206556797 -0.0592007 -0.0108018 0.494356 -0.0734511 -0.13687 0.00126628 0.987861
1463142069.3464136124 -0.0116936 -0.0169786 0.510692 -0.0757141 -0.125365 0.00645512 0.989196
1463142069.4704265594 0.0352551 -0.0271123 0.528983 -0.0791332 -0.111041 0.0144489 0.990555
1463142069.5957381725 0.0761493 -0.0417512 0.546205 -0.0817517 -0.0952739 0.0231599 0.991818
1463142069.7206013203 0.110899 -0.0615022 0.560269 -0.0811781 -0.079468 0.0282697 0.993124
1463142069.8705372810 0.143831 -0.0885884 0.576624 -0.0820674 -0.0611619 0.0376447 0.994036
1463142069.9955666065 0.161252 -0.122217 0.590084 -0.0792713 -0.0493037 0.0452301 0.994605
1463142070.0955228806 0.173888 -0.157623 0.599951 -0.0699692 -0.0401469 0.0531557 0.995323
1463142070.2204213142 0.183449 -0.199204 0.611727 -0.0609972 -0.0326045 0.0623112 0.995657
1463142070.3460836411 0.189148 -0.24059 0.621844 -0.0510127 -0.0227909 0.0644262 0.996357
1463142070.4953055382 0.188482 -0.283755 0.632693 -0.0454698 -0.0113924 0.0627004 0.996931
1463142070.6453988552 0.18382 -0.324835 0.64035 -0.038564 3.96271e-05 0.0579243 0.997576
1463142070.7953336239 0.170845 -0.367944 0.650015 -0.0357074 0.011255 0.055477 0.997758
1463142070.9202852249 0.155402 -0.405876 0.661733 -0.0328354 0.0190012 0.05567 0.997728
1463142071.0450255871 0.140125 -0.442785 0.676221 -0.0281864 0.0270899 0.0621958 0.997298
1463142071.1712989807 0.127703 -0.480612 0.687659 -0.0236527 0.039626 0.0674148 0.996657
1463142071.2721552849 0.117978 -0.51279 0.696768 -0.0174378 0.042239 0.0746564 0.996162
1463142071.3971481323 0.109076 -0.547352 0.705697 -0.01391 0.0474458 0.0847051 0.995179
1463142071.5456023216 0.0971719 -0.584723 0.714934 -0.00690064 0.0549457 0.0861926 0.994738
1463142071.6957588196 0.0836238 -0.617102 0.722481 0.00854471 0.0569862 0.0863606 0.994596
1463142071.8451042175 0.0614446 -0.648937 0.731104 0.0197457 0.0554421 0.0791523 0.995124
1463142071.9716773033 0.0408742 -0.677766 0.734429 0.0309288 0.0562192 0.0703667 0.995455
1463142072.0950517654 0.0157141 -0.701645 0.739411 0.0381117 0.0525394 0.0695405 0.995465
1463142072.2200160027 -0.0144348 -0.721676 0.742448 0.0454676 0.0462828 0.0676708 0.995596
1463142072.3456907272 -0.0504979 -0.739494 0.742731 0.0494282 0.0390876 0.0606875 0.996166
1463142072.4449398518 -0.0832506 -0.748346 0.742206 0.0504768 0.0312698 0.0562716 0.996648
1463142072.5699763298 -0.12201 -0.751687 0.738191 0.0491724 0.0260622 0.049996 0.997198
1463142072.6954455376 -0.161683 -0.753439 0.73257 0.0488966 0.0174234 0.0454588 0.997617
1463142072.7947459221 -0.19563 -0.748641 0.72811 0.047748 0.0057176 0.0439042 0.997878
1463142072.8948385715 -0.228467 -0.738483 0.723227 0.0415929 -0.00848347 0.0436609 0.998144
1463142073.0198223591 -0.267486 -0.722153 0.713445 0.0388012 -0.021659 0.0435657 0.998062
1463142073.1448211670 -0.301077 -0.699673 0.701009 0.0313921 -0.0321188 0.0435946 0.998039
1463142073.2698166370 -0.327573 -0.668671 0.691931 0.0189101 -0.040215 0.0429197 0.99809
1463142073.3970353603 -0.338466 -0.633221 0.687145 0.003978 -0.0440509 0.0443213 0.998038
1463142073.5218346119 -0.332249 -0.598066 0.682231 -0.00794095 -0.0438783 0.0482299 0.99784
1463142073.6468245983 -0.311741 -0.564842 0.676249 -0.0119842 -0.0439391 0.0621768 0.997025
1463142073.7715606689 -0.282422 -0.530641 0.672446 -0.0112283 -0.0418284 0.0705572 0.996567
1463142073.8699734211 -0.259848 -0.500959 0.671758 -0.0163964 -0.0417961 0.0672616 0.996725
1463142073.9697175026 -0.237839 -0.471894 0.674104 -0.0250214 -0.0425952 0.0602459 0.99696
1463142074.0945813656 -0.207884 -0.441585 0.681697 -0.0364826 -0.0479893 0.0598765 0.996384
1463142074.1946094036 -0.177993 -0.421877 0.691394 -0.0450013 -0.0528682 0.0614278 0.995694
1463142074.2945573330 -0.142679 -0.411124 0.703654 -0.0470119 -0.0567464 0.0699491 0.994825
1463142074.3975188732 -0.103032 -0.409288 0.718079 -0.0518808 -0.0543545 0.0736056 0.994453
1463142074.4944901466 -0.0638441 -0.415404 0.733603 -0.0555987 -0.0513194 0.0790484 0.993995
1463142074.5945990086 -0.0261624 -0.429293 0.747783 -0.0563099 -0.0466959 0.0851947 0.993675
1463142074.6945185661 0.0067405 -0.446091 0.760064 -0.0568505 -0.0455596 0.093244 0.992974
1463142074.7944087982 0.0350508 -0.464275 0.771511 -0.0574628 -0.0442714 0.0993513 0.992405
1463142074.8944056034 0.0565089 -0.484161 0.781679 -0.0563232 -0.0431656 0.109449 0.991456
1463142074.9943630695 0.0707598 -0.508997 0.790539 -0.0484045 -0.0430518 0.110602 0.991751
1463142075.0944089890 0.0777755 -0.535027 0.79586 -0.0379498 -0.0429049 0.109479 0.992337
1463142075.1942765713 0.0777606 -0.563118 0.797435 -0.026169 -0.0423021 0.103891 0.993344
1463142075.2941882610 0.0713015 -0.593378 0.796321 -0.0148536 -0.0452696 0.0961416 0.994227
1463142075.3981649876 0.0586593 -0.62355 0.792042 -0.000799853 -0.0511512 0.0896632 0.994657
1463142075.4949159622 0.0415072 -0.652149 0.783102 0.0118972 -0.061529 0.0857734 0.994342
1463142075.5943369865 0.0200726 -0.672754 0.766017 0.0217423 -0.0713222 0.0806 0.993954
1463142075.7192056179 -0.00795889 -0.687704 0.738652 0.0226548 -0.0842467 0.0771602 0.993195
1463142075.8692421913 -0.0322095 -0.686144 0.6961 0.0219752 -0.0935651 0.0807095 0.992093
1463142076.0192434788 -0.0511327 -0.670435 0.639653 0.0213638 -0.101778 0.0811619 0.991261
1463142076.1192111969 -0.060019 -0.653392 0.595236 0.0203687 -0.110407 0.085739 0.989972
1463142076.2190749645 -0.0690591 -0.630842 0.546749 0.0191755 -0.117543 0.0840979 0.989315
1463142076.3191370964 -0.0739032 -0.604126 0.493574 0.0184882 -0.117428 0.0776702 0.989867
1463142076.4190211296 -0.0707928 -0.569628 0.436111 0.0130586 -0.115516 0.0785872 0.990106
1463142076.5190951824 -0.0684274 -0.536 0.369799 0.0088837 -0.110684 0.0801758 0.990577
1463142076.6190233231 -0.0682788 -0.503987 0.294008 0.0089142 -0.114162 0.0752404 0.990569
1463142076.7190189362 -0.0739035 -0.46343 0.212062 0.00146614 -0.122652 0.0671939 0.990171
1463142076.8190400600 -0.070173 -0.417498 0.129339 -0.0157952 -0.123728 0.0727654 0.989519
1463142076.9196505547 -0.0661455 -0.37229 0.0379218 -0.037721 -0.13323 0.0666777 0.98812
1463142077.0440230370 -0.0544484 -0.323711 -0.0853933 -0.0627792 -0.136071 0.0638683 0.986643
1463142077.1939530373 -0.0423649 -0.278748 -0.237531 -0.0851175 -0.149382 0.0430525 0.984168
1463142077.3688549995 -0.0259102 -0.236519 -0.405472 -0.0987665 -0.179168 0.0196552 0.978651
1463142077.5941050053 0.0108734 -0.220979 -0.610166 -0.101684 -0.214651 0.00950857 0.971337
1463142077.8186502457 0.03753 -0.234763 -0.818119 -0.107494 -0.254919 0.000766458 0.960969
1463142078.0435230732 -0.00708921 -0.244648 -1.01616 -0.104362 -0.297821 -0.0101502 0.948846
1463142078.2186839581 -0.106987 -0.258103 -1.16078 -0.10063 -0.330244 -0.0236071 0.938219
1463142078.3963479996 -0.244628 -0.275586 -1.29546 -0.0977062 -0.343659 -0.0300533 0.933514
1463142078.5435726643 -0.380541 -0.311236 -1.39564 -0.102436 -0.358869 -0.0308182 0.927238
1463142078.6936981678 -0.531735 -0.332806 -1.48058 -0.105185 -0.372056 -0.0313064 0.9217
1463142078.8183901310 -0.674342 -0.353843 -1.5355 -0.10183 -0.384793 -0.0324268 0.916795
1463142078.9435424805 -0.836415 -0.369497 -1.58412 -0.0983231 -0.39649 -0.0280294 0.912328
1463142079.0690131187 -1.01267 -0.402488 -1.59963 -0.0947589 -0.402696 -0.0140797 0.910307
1463142079.1939101219 -1.21081 -0.448636 -1.62164 -0.0905229 -0.423154 -0.0119581 0.901445
1463142079.3183457851 -1.39575 -0.485552 -1.64303 -0.0956907 -0.439343 -0.0223908 0.892928
1463142079.4434785843 -1.59444 -0.509067 -1.66892 -0.0915588 -0.457779 -0.0350372 0.883645
1463142079.5435039997 -1.76533 -0.518203 -1.69527 -0.0828812 -0.466031 -0.0388879 0.880019
1463142079.6455116272 -1.94393 -0.536162 -1.71263 -0.0701717 -0.476715 -0.0373513 0.875456
1463142079.7443349361 -2.12621 -0.566125 -1.73538 -0.0523604 -0.489738 -0.0373263 0.869495
1463142079.8682956696 -2.35165 -0.621359 -1.75745 -0.0444079 -0.507178 -0.027137 0.860269
1463142079.9690625668 -2.52559 -0.662816 -1.77625 -0.0489568 -0.519924 -0.0313885 0.852231
1463142080.0682680607 -2.70106 -0.670216 -1.79154 -0.0488352 -0.534888 -0.0211525 0.843245
1463142080.1935520172 -2.93413 -0.660521 -1.79636 -0.0397725 -0.549701 0.00285159 0.83441
1463142080.2931256294 -3.13125 -0.675073 -1.80279 -0.026647 -0.565931 0.0629843 0.821611
1463142080.4025177956 -3.32297 -0.708923 -1.81552 -0.0258769 -0.601368 0.0974136 0.792589
1463142080.4932756424 -3.50221 -0.739901 -1.82628 -0.020586 -0.631062 0.0712034 0.772183
1463142080.6181306839 -3.72205 -0.767542 -1.84165 -0.0154078 -0.65548 0.0442216 0.753759
1463142080.7935373783 -4.08286 -0.742957 -1.88075 0.0281716 -0.649359 0.0166341 0.759778
1463142080.9438090324 -4.40854 -0.800067 -1.90921 0.0535899 -0.637535 0.0369594 0.767666
1463142081.0934188366 -4.70516 -0.891072 -1.93824 0.0306359 -0.642912 0.0573292 0.763177
1463142081.2180564404 -4.9579 -0.892013 -1.96862 0.054898 -0.643038 -0.0267401 0.763396
1463142081.3680665493 -5.26605 -0.933723 -2.03243 0.0987127 -0.62187 -0.040097 0.775839
1463142081.4928944111 -5.54182 -0.97905 -2.06893 0.0809846 -0.636253 0.0019749 0.767215
1463142081.5930404663 -5.74979 -1.02107 -2.11538 0.0836383 -0.657964 0.0112897 0.748305
1463142081.6930787563 -5.948 -1.08715 -2.1464 0.0942742 -0.67553 -0.0115592 0.73119
1463142081.8428587914 -6.25774 -1.1181 -2.18815 0.0744357 -0.644171 -0.0176864 0.761046
1463142081.9676790237 -6.54444 -1.14264 -2.2329 0.0597181 -0.637903 0.0344663 0.767024
1463142082.1179335117 -6.85442 -1.2282 -2.29911 0.0587249 -0.631333 0.0374479 0.772378
1463142082.2703065872 -7.1563 -1.30086 -2.34463 0.0617048 -0.623178 0.053533 0.777802
1463142082.4435312748 -7.5308 -1.31828 -2.42599 0.0736236 -0.597139 0.0840723 0.794315
1463142082.6178307533 -7.91827 -1.42166 -2.50692 0.0688116 -0.593479 0.0961428 0.796119
1463142082.7427668571 -8.16173 -1.48929 -2.60172 0.0493605 -0.604031 0.129976 0.78474
1463142082.8677785397 -8.4287 -1.51415 -2.67052 0.0508058 -0.612002 0.111138 0.781358
1463142082.9674985409 -8.64372 -1.51344 -2.75153 0.0412646 -0.578376 0.119585 0.805902
1463142083.0926988125 -8.92867 -1.55531 -2.84057 0.0502623 -0.568544 0.0904034 0.816124
1463142083.1927371025 -9.13749 -1.63307 -2.89354 0.05006 -0.551382 0.120168 0.824034
1463142083.3176198006 -9.38576 -1.69514 -2.99004 0.0463167 -0.51766 0.1133 0.846786
1463142083.4424648285 -9.66449 -1.70122 -3.07078 0.0374301 -0.478282 0.11313 0.870085
1463142083.5674676895 -9.9539 -1.73934 -3.14843 0.0412481 -0.450438 0.13446 0.88166
1463142083.6673867702 -10.1819 -1.79181 -3.22583 0.053678 -0.467946 0.116849 0.874352
1463142083.7925190926 -10.4308 -1.89071 -3.32581 0.0546047 -0.478119 0.100917 0.870768
1463142083.9177925587 -10.7005 -1.91184 -3.4173 0.0540635 -0.481402 0.0796231 0.8712
1463142084.0424966812 -10.9844 -1.9186 -3.52321 0.0467773 -0.460091 0.0782069 0.883183
1463142084.1424221992 -11.2159 -1.9593 -3.59557 0.0372386 -0.439543 0.0627563 0.895253
1463142084.2424988747 -11.4265 -2.03616 -3.66276 0.0206315 -0.404286 0.086327 0.910316
1463142084.3675665855 -11.6834 -2.10347 -3.73383 0.00354337 -0.381473 0.0698491 0.921731
1463142084.4926240444 -11.9596 -2.11432 -3.80267 -0.0036922 -0.357079 0.0520241 0.932617
1463142084.6174345016 -12.2539 -2.14739 -3.87497 -0.00514565 -0.33394 0.0602518 0.940653
1463142084.7173457146 -12.4948 -2.21522 -3.94796 -0.00157379 -0.36931 0.0720525 0.926507
1463142084.8173696995 -12.7203 -2.29145 -4.02267 0.00362852 -0.433078 0.0920703 0.896634
1463142084.9171659946 -12.9379 -2.34541 -4.08952 0.0109659 -0.456282 0.0657653 0.887334
1463142085.0195760727 -13.1666 -2.34985 -4.15187 0.0286728 -0.471478 0.0528075 0.879828
1463142085.1172955036 -13.3826 -2.40094 -4.25809 0.0317558 -0.484193 0.0213398 0.874124
1463142085.2421658039 -13.6774 -2.44022 -4.32743 0.023898 -0.487238 0.000357265 0.872942
1463142085.4174051285 -14.0164 -2.53339 -4.47481 0.00665977 -0.481847 -0.00174769 0.876228
1463142085.5921039581 -14.4043 -2.5352 -4.54832 -0.000822238 -0.470504 -0.00980944 0.882343
1463142085.7671222687 -14.7917 -2.59886 -4.65796 -0.00591074 -0.473012 -0.00399587 0.881027
1463142085.9920344353 -15.2592 -2.70779 -4.75345 -0.0160089 -0.448454 -0.0179899 0.893481
1463142086.0923440456 -15.4872 -2.69326 -4.76895 -0.00540669 -0.388013 -0.00336939 0.921632
1463142086.2918906212 -15.9229 -2.78384 -4.85039 -0.0309434 -0.346169 0.0237632 0.937361
1463142086.4917407036 -16.3091 -2.89359 -4.92043 -0.0531334 -0.308901 0.00738514 0.94958
1463142086.6926610470 -16.6919 -2.94063 -4.98428 -0.0474612 -0.285804 0.0327301 0.956552
1463142086.8669209480 -17.0739 -2.98238 -5.05568 -0.0497612 -0.294214 0.0601953 0.952543
1463142086.9918439388 -17.3147 -3.07253 -5.11859 -0.043119 -0.326543 0.0425769 0.943238
1463142087.1446406841 -17.5954 -3.1229 -5.18934 -0.00743007 -0.309554 -0.0187631 0.950668
1463142087.2919125557 -17.916 -3.1417 -5.27728 0.00215349 -0.332009 -0.0381015 0.942504
1463142087.4416968822 -18.2282 -3.22228 -5.35834 0.00178376 -0.327528 0.00922025 0.944795
1463142087.6166915894 -18.5412 -3.30856 -5.43819 -0.0169213 -0.324216 0.0257027 0.945483
1463142087.7689845562 -18.8372 -3.35295 -5.50834 0.00286495 -0.325681 0.0226675 0.945204
1463142087.9166660309 -19.1584 -3.40393 -5.58438 0.000157289 -0.333503 0.0518461 0.941322
1463142088.0666189194 -19.4518 -3.48795 -5.65422 0.000722188 -0.333132 0.0978681 0.937787
1463142088.2415144444 -19.7905 -3.54269 -5.73886 0.00580172 -0.325613 0.0846384 0.941689
1463142088.3960082531 -20.1044 -3.58804 -5.82653 0.00452828 -0.324222 0.100713 0.940594
1463142088.5418906212 -20.4216 -3.66142 -5.93195 -0.0210378 -0.320062 0.131719 0.937959
1463142088.7164697647 -20.7541 -3.74038 -6.02637 -0.0259256 -0.313887 0.125094 0.940826
1463142088.8664162159 -21.0638 -3.77907 -6.11476 -0.0062482 -0.311841 0.102985 0.944516
1463142089.0413923264 -21.4503 -3.8172 -6.21599 -0.0342697 -0.307301 0.131238 0.941896
1463142089.1913764477 -21.7489 -3.9225 -6.30107 -0.0369478 -0.31679 0.118215 0.940374
1463142089.3412780762 -22.0457 -3.96086 -6.40162 -0.0106088 -0.298305 0.0655282 0.95216
1463142089.5162866116 -22.4017 -4.00182 -6.54339 -0.0102462 -0.281411 0.0970706 0.95461
1463142089.6912741661 -22.7489 -4.08622 -6.69011 -0.0542889 -0.271073 0.108606 0.95487
1463142089.8662636280 -23.0704 -4.166 -6.84649 -0.0528335 -0.268563 0.0827716 0.958244
1463142090.0415167809 -23.4281 -4.20111 -7.00703 -0.0326796 -0.259677 0.0830713 0.961561
1463142090.1411519051 -23.6459 -4.23772 -7.10974 -0.0445279 -0.286507 0.0922297 0.952589
1463142090.2910847664 -23.9302 -4.33031 -7.26086 -0.0643186 -0.299531 0.0898455 0.947667
1463142090.4163191319 -24.1608 -4.39784 -7.3793 -0.0128283 -0.297656 0.0826917 0.950999
1463142090.5659773350 -24.4412 -4.44757 -7.53853 0.0212469 -0.272825 0.113814 0.955071
1463142090.7909870148 -24.8583 -4.55342 -7.77866 0.0102602 -0.238225 0.0955325 0.966446
1463142090.9408400059 -25.1178 -4.61274 -7.93335 -0.00960222 -0.248207 0.0413996 0.967774
1463142091.0910861492 -25.4094 -4.62733 -8.09881 -0.012688 -0.27279 0.015731 0.961861
1463142091.2907321453 -25.8191 -4.7243 -8.30165 -0.0468583 -0.24649 0.0483051 0.966806
1463142091.4907400608 -26.1797 -4.85459 -8.51579 -0.0655579 -0.248837 0.017138 0.966172
1463142091.6415965557 -26.481 -4.85705 -8.68447 -0.0622943 -0.265178 -0.015439 0.962061
1463142091.7907333374 -26.7739 -4.89708 -8.85953 -0.0817957 -0.26819 0.00252825 0.959884
1463142091.9656107426 -27.0862 -4.97881 -9.03615 -0.104853 -0.242252 0.0246719 0.964215
1463142092.1157338619 -27.3597 -5.03181 -9.17341 -0.116034 -0.257491 -0.00989816 0.959237
1463142092.2656512260 -27.6691 -5.04874 -9.31282 -0.138294 -0.245749 0.00819492 0.959383
1463142092.3948645592 -27.9125 -5.11908 -9.41292 -0.126144 -0.190644 0.0276053 0.973129
1463142092.5173614025 -28.1377 -5.19805 -9.48273 -0.126244 -0.130685 0.0347503 0.982739
1463142092.7155871391 -28.505 -5.26872 -9.63633 -0.117756 -0.09879 -0.00539751 0.988102
1463142092.8404941559 -28.7542 -5.2901 -9.74 -0.130632 -0.0837342 0.0231698 0.987617
1463142092.9903581142 -29.0395 -5.35418 -9.86624 -0.155044 -0.0728216 0.0519699 0.983848
1463142093.1154501438 -29.2692 -5.41923 -9.9618 -0.15275 -0.100632 0.0277813 0.982735
1463142093.2910187244 -29.609 -5.43703 -10.0797 -0.123718 -0.0631855 0.0293255 0.989869
1463142093.4152889252 -29.8981 -5.46626 -10.1652 -0.145192 -0.064706 0.0799954 0.984039
1463142093.5403411388 -30.1737 -5.53368 -10.2494 -0.157881 -0.0829215 0.0889989 0.979937
1463142093.6904098988 -30.4671 -5.60877 -10.3476 -0.143845 -0.08839 0.0156134 0.985521
1463142093.8654346466 -30.823 -5.62537 -10.4535 -0.169426 -0.060269 0.00920826 0.983655
1463142093.9902703762 -31.0838 -5.66449 -10.5516 -0.186793 -0.0167426 0.0496765 0.981
1463142094.1402888298 -31.3706 -5.7616 -10.6672 -0.186812 -0.0100911 0.0772572 0.979301
1463142094.2657239437 -31.6087 -5.80888 -10.7577 -0.142547 -0.0190969 0.00739702 0.989576
1463142094.3919432163 -31.8705 -5.82742 -10.8622 -0.140747 -0.0458437 0.00286448 0.98898
1463142094.4931070805 -32.1047 -5.84813 -10.9495 -0.157677 -0.0590862 0.0521064 0.984343
1463142094.6152300835 -32.3838 -5.92135 -11.0545 -0.152472 -0.0773941 0.0811817 0.981923
1463142094.7404963970 -32.6292 -6.02311 -11.163 -0.122981 -0.103178 0.0610102 0.985144
1463142094.8399116993 -32.8358 -6.06456 -11.2512 -0.0884687 -0.148133 -0.0027868 0.984999
1463142094.9901559353 -33.1553 -6.10235 -11.4033 -0.076719 -0.145126 0.0190404 0.98625
1463142095.1151556969 -33.4203 -6.15434 -11.527 -0.0936885 -0.128986 0.0729583 0.984511
1463142095.2900567055 -33.7565 -6.25507 -11.6787 -0.0787348 -0.130382 0.0498026 0.987077
1463142095.4399549961 -34.0642 -6.29676 -11.8086 -0.0735741 -0.132419 0.00328991 0.988454
1463142095.5650229454 -34.3411 -6.33442 -11.9116 -0.0635282 -0.109321 0.074346 0.989184
1463142095.6667361259 -34.576 -6.39868 -11.9953 -0.0528087 -0.122402 0.0985058 0.986167
1463142095.7916202545 -34.844 -6.49565 -12.1023 -0.0504798 -0.148752 0.089843 0.98349
1463142095.9398858547 -35.1494 -6.58441 -12.242 -0.036583 -0.149073 0.0365712 0.987472
1463142096.1154146194 -35.5377 -6.608 -12.4324 -0.0397974 -0.14652 0.0632353 0.986382
1463142096.2668621540 -35.856 -6.69777 -12.5919 -0.0386758 -0.146786 0.103492 0.982979
1463142096.4150454998 -36.1604 -6.78531 -12.7514 -0.01491 -0.151182 0.0547634 0.986875
1463142096.5651428699 -36.4977 -6.80218 -12.9246 -0.0192519 -0.168453 0.00721843 0.985495
1463142096.6897943020 -36.7863 -6.83956 -13.0712 -0.0449335 -0.175175 0.0567968 0.98187
1463142096.8397028446 -37.1089 -6.9523 -13.2429 -0.0625907 -0.17805 0.0939412 0.977525
1463142096.9896941185 -37.4321 -7.03789 -13.4106 -0.0306926 -0.186391 0.0464025 0.980899
1463142097.1645255089 -37.8094 -7.09783 -13.6246 -0.0188786 -0.17817 0.059918 0.981992
1463142097.3148465157 -38.1058 -7.17539 -13.7922 -0.03455 -0.174876 0.106255 0.97823
1463142097.5395495892 -38.5476 -7.27712 -14.0146 -0.0306748 -0.16509 0.0728858 0.983103
1463142097.6895728111 -38.8826 -7.31399 -14.1537 -0.0305789 -0.173295 0.110928 0.978125
1463142097.8395113945 -39.2046 -7.43602 -14.2881 -0.0370002 -0.169945 0.161498 0.971426
1463142098.0394160748 -39.6301 -7.53973 -14.4481 -0.0122829 -0.154347 0.111186 0.981664
1463142098.2394397259 -40.0868 -7.5626 -14.6044 0.00415756 -0.149391 0.109315 0.982708
1463142098.4652040005 -40.5647 -7.68521 -14.7556 0.00531533 -0.143039 0.111056 0.983452
1463142098.6396842003 -40.9722 -7.72387 -14.8564 0.00461675 -0.147977 0.0558746 0.9874
1463142098.7893638611 -41.3387 -7.76893 -14.9289 -0.0112531 -0.163255 0.0874264 0.982638
1463142098.9393606186 -41.679 -7.86636 -14.9911 -0.00843936 -0.175056 0.119874 0.977197
1463142099.0892167091 -42.0297 -7.91401 -15.0358 0.00277301 -0.184059 0.0706512 0.980369
1463142099.2667164803 -42.4418 -7.96778 -15.1098 0.0146845 -0.185254 0.0849526 0.978902
1463142099.4142549038 -42.7787 -8.0406 -15.1409 0.00601069 -0.193876 0.128994 0.97249
1463142099.5390377045 -43.0579 -8.08248 -15.1687 -0.0232879 -0.229518 0.0933557 0.968537
1463142099.6889531612 -43.3975 -8.11082 -15.1888 0.0170726 -0.211302 0.0338895 0.976684
1463142099.8141367435 -43.7066 -8.15596 -15.1971 0.028424 -0.216444 0.0899356 0.971728
1463142099.9392731190 -44.0016 -8.24415 -15.2172 0.0172533 -0.240864 0.141144 0.960086
1463142100.0642800331 -44.2823 -8.32309 -15.2523 0.0321611 -0.261472 0.0981806 0.959666
1463142100.1654098034 -44.5219 -8.33221 -15.2851 0.0475104 -0.293662 0.0564447 0.953058
1463142100.2889232635 -44.8283 -8.34824 -15.3457 0.036804 -0.323414 0.0723093 0.942773
1463142100.4156064987 -45.1183 -8.42005 -15.395 0.0221765 -0.329245 0.12945 0.935066
1463142100.5638396740 -45.4438 -8.50603 -15.4388 0.0253326 -0.322414 0.124856 0.937986
1463142100.6888799667 -45.7267 -8.53037 -15.4671 0.0421582 -0.318203 0.070625 0.944448
1463142100.8390188217 -46.1006 -8.54772 -15.5208 0.0458131 -0.330791 0.081063 0.939099
1463142100.9638447762 -46.3973 -8.61803 -15.5529 0.0522143 -0.35002 0.11167 0.928596
1463142101.1412281990 -46.7764 -8.70168 -15.6368 0.0567054 -0.366557 0.0725393 0.925828
1463142101.3137447834 -47.178 -8.71905 -15.7267 0.0794877 -0.372047 0.0303217 0.924307
1463142101.4887661934 -47.5639 -8.81362 -15.7762 0.0814427 -0.367127 0.0738618 0.92365
1463142101.6634905338 -47.9529 -8.88917 -15.8444 0.0540197 -0.359853 0.060567 0.929473
1463142101.8385646343 -48.3662 -8.95185 -15.9213 0.0521028 -0.354486 0.0676604 0.931154
1463142101.9885723591 -48.7264 -9.0241 -15.976 0.0686455 -0.365235 0.111298 0.921685
1463142102.1639008522 -49.1174 -9.13264 -16.0525 0.103692 -0.358119 0.078999 0.924531
1463142102.4140028954 -49.6848 -9.20743 -16.1716 0.121185 -0.348469 0.0869853 0.925374
1463142102.7133600712 -50.3238 -9.33745 -16.2593 0.112415 -0.339156 0.0532517 0.93247
1463142102.9882192612 -50.9723 -9.38818 -16.3762 0.0915449 -0.344657 0.0617134 0.932214
1463142103.2134542465 -51.4876 -9.50944 -16.4259 0.118936 -0.339569 0.0258115 0.932674
1463142103.4903697968 -52.1283 -9.56202 -16.5371 0.116861 -0.332359 0.0406291 0.935003
1463142103.7631042004 -52.7262 -9.68 -16.6128 0.113173 -0.307345 -0.00497499 0.944831
1463142103.9881613255 -53.2762 -9.73737 -16.685 0.104609 -0.310874 0.0307671 0.944176
1463142104.1630914211 -53.689 -9.8363 -16.7234 0.0988905 -0.329476 0.0372897 0.93823
1463142104.3380606174 -54.0926 -9.90622 -16.7665 0.116358 -0.320275 -0.00281087 0.940147
1463142104.5128598213 -54.5105 -9.94362 -16.8377 0.128725 -0.312219 0.0225391 0.940979
1463142104.7132542133 -54.9418 -10.0498 -16.8672 0.111817 -0.30361 0.0131739 0.946121
1463142104.9130492210 -55.4103 -10.0945 -16.9249 0.118067 -0.289369 -0.0148958 0.949792
1463142105.0631091595 -55.7778 -10.1244 -16.9675 0.0912609 -0.302873 0.0226602 0.948381
1463142105.2627093792 -56.2311 -10.2431 -17.0129 0.111997 -0.308439 0.00167852 0.944627
1463142105.5128936768 -56.8165 -10.3112 -17.0761 0.119136 -0.310315 0.0118295 0.943065
1463142105.7877852917 -57.4289 -10.4418 -17.1572 0.120712 -0.289431 0.00884426 0.949516
1463142106.0382711887 -58.0298 -10.4972 -17.2154 0.109874 -0.290425 0.0230244 0.95029
1463142106.2378101349 -58.5054 -10.6024 -17.2706 0.101542 -0.312627 0.0375073 0.943688
1463142106.4126620293 -58.9076 -10.6764 -17.3239 0.117508 -0.311523 -0.00439885 0.942935
1463142106.6376152039 -59.4247 -10.7317 -17.3722 0.121125 -0.304329 0.0407054 0.943957
1463142106.8625171185 -59.8956 -10.8451 -17.4024 0.120218 -0.267135 -0.00119348 0.95613
1463142107.0876078606 -60.402 -10.8989 -17.4484 0.109527 -0.238736 0.0211778 0.964655
1463142107.3374605179 -60.9553 -11.025 -17.483 0.0985426 -0.233568 0.00908663 0.967292
1463142107.5624239445 -61.4849 -11.0803 -17.5671 0.122768 -0.217016 0.00339705 0.968411
1463142107.8630664349 -62.1328 -11.2287 -17.6549 0.119376 -0.196858 0.00212036 0.973135
1463142108.1121399403 -62.7254 -11.2805 -17.7367 0.105629 -0.20946 0.0140227 0.971994
1463142108.3123102188 -63.1955 -11.3971 -17.7852 0.104439 -0.224467 0.0379679 0.968125
1463142108.5874428749 -63.8396 -11.493 -17.8628 0.130607 -0.216624 0.00610147 0.96746
1463142108.9131152630 -64.5605 -11.6481 -17.955 0.136088 -0.207397 0.00543729 0.968729
1463142109.1877992153 -65.2078 -11.7161 -18.0353 0.122428 -0.220139 0.0193624 0.967561
1463142109.4119896889 -65.742 -11.8365 -18.0874 0.131835 -0.230907 0.0138983 0.963903
1463142109.6869573593 -66.3852 -11.9095 -18.1856 0.147978 -0.230774 0.0207133 0.961466
1463142109.9866473675 -67.0397 -12.0546 -18.3013 0.15044 -0.226072 -0.00648546 0.962402
1463142110.2367281914 -67.6445 -12.1002 -18.4325 0.144485 -0.239735 0.0170651 0.959875
1463142110.4117510319 -68.0545 -12.2305 -18.4846 0.128238 -0.271809 0.049289 0.952494
1463142110.6116099358 -68.5284 -12.2829 -18.6042 0.143182 -0.277969 0.00983055 0.949808
1463142110.8116648197 -68.9719 -12.3696 -18.7264 0.155148 -0.279077 0.0677693 0.945226
1463142111.0376060009 -69.4411 -12.4797 -18.8312 0.14013 -0.279152 0.0300583 0.949492
1463142111.2889695168 -70.0066 -12.5253 -18.9417 0.128983 -0.269841 0.0584714 0.952434
1463142111.5114169121 -70.4851 -12.6681 -19.0452 0.117522 -0.274376 0.0553674 0.952807
1463142111.7113320827 -70.9407 -12.6974 -19.1538 0.125884 -0.285006 0.036812 0.94951
1463142111.9115600586 -71.3859 -12.8012 -19.2398 0.115624 -0.298312 0.0899908 0.943156
1463142112.1864159107 -71.9711 -12.9097 -19.3566 0.109423 -0.290528 0.0591044 0.94875
1463142112.3863770962 -72.441 -12.963 -19.3924 0.111879 -0.300802 0.1102 0.940668
1463142112.5143179893 -72.6879 -13.0792 -19.4301 0.136888 -0.328165 0.148815 0.922726
1463142112.6862637997 -73.0725 -13.1241 -19.4819 0.17261 -0.322671 0.0688488 0.928089
1463142112.8616871834 -73.4581 -13.1693 -19.5691 0.224694 -0.315391 0.0777796 0.91869
1463142113.0132455826 -73.7811 -13.2543 -19.5968 0.21092 -0.350496 0.13759 0.902072
1463142113.2112231255 -74.1933 -13.3207 -19.6252 0.19645 -0.341304 0.045332 0.918076
1463142113.4368851185 -74.7167 -13.3454 -19.6317 0.167846 -0.361435 0.158557 0.903356
1463142113.5363502502 -74.929 -13.4235 -19.6762 0.126673 -0.410112 0.264302 0.863659
1463142113.7139060497 -75.3031 -13.497 -19.7456 0.154587 -0.431769 0.233898 0.857304
1463142113.8359544277 -75.5737 -13.4821 -19.7583 0.111335 -0.452837 0.183272 0.865422
1463142114.0145285130 -75.9395 -13.5307 -19.7748 0.0719831 -0.42946 0.185665 0.880858
1463142114.2109768391 -76.3087 -13.6473 -19.7899 0.0574549 -0.442708 0.207269 0.870487
1463142114.3861188889 -76.668 -13.6998 -19.8766 0.110176 -0.454716 0.194634 0.862098
1463142114.5874683857 -77.1277 -13.7845 -19.9239 0.125293 -0.466211 0.253361 0.838306
1463142114.7107806206 -77.3918 -13.8784 -19.9721 0.0628642 -0.48879 0.27533 0.825425
1463142114.8360264301 -77.6747 -13.9065 -20.0395 0.029839 -0.530189 0.249139 0.809901
1463142115.0117950439 -78.0889 -13.9296 -20.0816 0.088205 -0.518055 0.265043 0.80845
1463142115.1857976913 -78.4629 -14.0382 -20.1555 0.0515054 -0.511467 0.266672 0.815251
1463142115.3856828213 -78.8846 -14.1065 -20.1936 0.0113408 -0.500692 0.300062 0.811875
1463142115.5614042282 -79.3201 -14.1164 -20.212 0.0218931 -0.522732 0.288463 0.801911
1463142115.7856140137 -79.82 -14.2662 -20.2574 -0.0200478 -0.532721 0.284469 0.796796
1463142116.0356342793 -80.3994 -14.3249 -20.3681 -0.0169877 -0.545393 0.28312 0.788734
1463142116.3103947639 -80.9882 -14.4798 -20.3964 -0.00858796 -0.519511 0.289275 0.803962
1463142116.6104156971 -81.6863 -14.5015 -20.4508 0.013611 -0.519041 0.286829 0.805072
1463142116.9102158546 -82.3795 -14.6857 -20.4188 0.0195137 -0.547052 0.278791 0.789069
1463142117.3611893654 -83.3746 -14.8518 -20.546 -0.00274636 -0.535378 0.280907 0.796526
1463142117.6853156090 -84.1479 -14.9498 -20.6198 -0.031596 -0.545912 0.296611 0.782945
1463142117.9601941109 -84.7652 -15.1259 -20.7116 -0.0258176 -0.567897 0.299427 0.76627
1463142118.3601164818 -85.6347 -15.3009 -20.8348 -0.0210682 -0.539499 0.305414 0.784359
1463142118.7600562572 -86.5397 -15.4121 -20.8948 -0.0254208 -0.53283 0.310561 0.786764
1463142119.0598094463 -87.1913 -15.4991 -20.9385 -0.0172926 -0.540927 0.286046 0.790744
1463142119.3123500347 -87.7526 -15.5987 -20.9431 -0.00138436 -0.52713 0.281975 0.801637
1463142119.6098906994 -88.3833 -15.6668 -20.9323 -0.0100239 -0.499018 0.275475 0.821581
1463142119.8845086098 -89.0088 -15.8014 -20.9425 -0.0511501 -0.507512 0.291968 0.809055
1463142120.1594889164 -89.5931 -15.875 -20.939 -0.0285989 -0.500127 0.288365 0.816027
1463142120.4097409248 -90.1223 -15.9864 -20.9415 -0.0612923 -0.475784 0.315441 0.818761
1463142120.7096679211 -90.7395 -16.0916 -20.9574 -0.0407371 -0.466819 0.307409 0.828203
1463142120.8594229221 -91.0898 -16.1641 -20.9827 -0.0119627 -0.485247 0.307361 0.818488
1463142121.0115988255 -91.4189 -16.2683 -21.0136 -0.0344275 -0.517526 0.32415 0.791144
1463142121.2342824936 -91.9186 -16.3049 -21.1142 -0.0288099 -0.550478 0.33376 0.764688
1463142121.4843432903 -92.4441 -16.4265 -21.202 -0.029875 -0.555156 0.329975 0.762906
1463142121.6843273640 -92.8396 -16.519 -21.2998 -0.0317331 -0.573163 0.325204 0.751478
1463142121.9346258640 -93.4023 -16.63 -21.4167 -0.0277248 -0.612947 0.322451 0.7208
1463142122.1592466831 -93.8585 -16.7667 -21.5509 -0.0124989 -0.651645 0.317146 0.688928
1463142122.4102478027 -94.3884 -16.8097 -21.7506 -0.0148672 -0.666659 0.308451 0.678383
1463142122.6591804028 -94.856 -16.9298 -21.9879 -0.078029 -0.674638 0.303221 0.668455
1463142122.8865535259 -95.2959 -17.0107 -22.2021 -0.0100696 -0.697011 0.325086 0.639056
1463142123.1098213196 -95.71 -17.165 -22.4808 -0.0488555 -0.735609 0.305186 0.602788
1463142123.4088339806 -96.2359 -17.267 -22.8488 -0.0400626 -0.760195 0.30228 0.573695
1463142123.8088748455 -96.8671 -17.445 -23.3984 -0.0594608 -0.781102 0.293272 0.548028
1463142124.0589022636 -97.2701 -17.5855 -23.7728 -0.0671184 -0.809767 0.292272 0.504332
1463142124.3838069439 -97.7101 -17.7204 -24.3067 -0.0747504 -0.837434 0.287217 0.458938
1463142124.9340395927 -98.3123 -17.9271 -25.2319 -0.0632491 -0.852774 0.288104 0.431013
1463142125.2085461617 -98.5835 -18.1021 -25.7427 -0.042561 -0.879267 0.281691 0.381745
1463142125.5335175991 -98.8101 -18.1792 -26.3614 0.026196 -0.888514 0.289915 0.354693
1463142125.9834423065 -99.0545 -18.3286 -27.2144 0.0310949 -0.900404 0.298134 0.315312
1463142126.2833580971 -99.2251 -18.4872 -27.8407 0.0232251 -0.920907 0.287246 0.262452
1463142126.6832730770 -99.3123 -18.5464 -28.6452 0.00522342 -0.931464 0.264979 0.249268
1463142127.1081774235 -99.3758 -18.6402 -29.4928 -0.0298945 -0.936841 0.269982 0.220329
1463142127.3331270218 -99.3626 -18.7655 -29.9706 -0.0407869 -0.947156 0.259308 0.184366
1463142127.6355669498 -99.321 -18.7919 -30.5873 -0.0292714 -0.951431 0.264863 0.154174
1463142127.9340431690 -99.2798 -18.9287 -31.1656 -0.0342022 -0.959574 0.235263 0.150662
1463142128.1830017567 -99.197 -18.9022 -31.6956 -0.0359317 -0.962518 0.235508 0.129632
1463142128.3580198288 -99.1897 -18.9428 -32.0824 -0.0418871 -0.968827 0.225847 0.092808
1463142128.5827827454 -99.1164 -19.0094 -32.5137 -0.0183846 -0.969793 0.235637 0.0603263
1463142128.7828948498 -98.9969 -19.0283 -32.8975 -0.0115036 -0.971038 0.236702 0.0304024
1463142129.0578451157 -98.8445 -19.1314 -33.4027 -0.0278258 -0.974915 0.22059 0.0103557
1463142129.2576210499 -98.7413 -19.0842 -33.8019 0.0241072 0.973601 -0.226087 0.0201211
1463142129.4325599670 -98.5989 -19.1178 -34.1579 0.0426588 0.975195 -0.209004 0.0591029
1463142129.6079161167 -98.468 -19.1739 -34.4731 0.0467501 0.9763 -0.189208 0.094093
1463142129.8325583935 -98.2377 -19.147 -34.8632 0.0424555 0.973775 -0.192083 0.114295
1463142129.9825985432 -98.0821 -19.1399 -35.1425 0.0451722 0.970478 -0.184463 0.148675
1463142130.1575524807 -97.881 -19.21 -35.401 0.0398922 0.968083 -0.176468 0.173446
1463142130.3080384731 -97.7327 -19.1638 -35.6684 0.0315527 0.959876 -0.179632 0.213014
1463142130.4823880196 -97.5009 -19.2129 -35.9372 0.0315341 0.954297 -0.185228 0.232407
1463142130.6323571205 -97.3248 -19.2435 -36.1625 0.0387371 0.94739 -0.183397 0.259455
1463142130.7824015617 -97.1346 -19.2451 -36.3684 0.0343149 0.943026 -0.180456 0.277418
1463142130.9577305317 -96.893 -19.2223 -36.6153 0.0397083 0.940777 -0.176 0.287029
1463142131.1072957516 -96.6603 -19.2392 -36.7958 0.0407938 0.937362 -0.166682 0.303158
1463142131.2580227852 -96.4277 -19.2174 -36.9521 0.0435709 0.930754 -0.151723 0.329817
1463142131.4084243774 -96.1821 -19.1491 -37.1315 0.0574172 0.920777 -0.144867 0.357613
1463142131.5322430134 -95.9457 -19.1293 -37.2482 0.0540084 0.910765 -0.141131 0.384281
1463142131.6342637539 -95.7498 -19.1411 -37.3223 0.0604096 0.899037 -0.129758 0.413819
1463142131.7322642803 -95.5606 -19.1336 -37.3718 0.0690528 0.891093 -0.0976882 0.43777
1463142131.8327519894 -95.3837 -19.1111 -37.4446 0.0585709 0.882689 -0.0818141 0.45906
1463142131.9571189880 -95.156 -19.0224 -37.5042 0.0526918 0.879251 -0.0830502 0.466095
1463142132.0821719170 -94.908 -18.9942 -37.5341 0.0499646 0.872161 -0.0749126 0.480861
1463142132.1822416782 -94.7137 -19.005 -37.5621 0.0575587 0.865719 -0.0738301 0.491697
1463142132.2823958397 -94.5261 -18.986 -37.5713 0.0620907 0.858977 -0.0596671 0.504722
1463142132.3847825527 -94.3408 -18.9426 -37.5793 0.061798 0.852605 -0.0665732 0.5146
1463142132.5090682507 -94.1002 -18.9027 -37.5919 0.0529846 0.8402 -0.0916766 0.531838
1463142132.6355617046 -93.8443 -18.8593 -37.5925 0.0503962 0.83113 -0.0840701 0.547371
1463142132.7598123550 -93.596 -18.86 -37.562 0.0541565 0.814721 -0.0780936 0.572012
1463142132.8577556610 -93.4049 -18.8157 -37.5242 0.0525493 0.800842 -0.055284 0.593999
1463142132.9825432301 -93.1723 -18.746 -37.4711 0.0570705 0.78828 -0.0550761 0.610183
1463142133.1319332123 -92.8751 -18.6752 -37.401 0.072776 0.777998 -0.0421556 0.622612
1463142133.2621476650 -92.6359 -18.6698 -37.3296 0.085146 0.773052 -0.0317478 0.6278
1463142133.4075083733 -92.3685 -18.6323 -37.2609 0.0759756 0.770002 -0.0246026 0.633024
1463142133.5568635464 -92.0874 -18.5405 -37.1929 0.0792042 0.758906 -0.0352144 0.645406
1463142133.6820101738 -91.8316 -18.4695 -37.1138 0.0792383 0.750726 -0.0332865 0.655
1463142133.8065562248 -91.5856 -18.4739 -37.0325 0.0998985 0.736447 -0.0323952 0.668293
1463142133.9842128754 -91.2599 -18.4242 -36.9285 0.101471 0.721252 -0.0470943 0.683579
1463142134.1820430756 -90.9149 -18.3223 -36.8 0.1067 0.728252 -0.0839222 0.67173
1463142134.3855259418 -90.5605 -18.2943 -36.6811 0.12538 0.738738 -0.0803205 0.657339
1463142134.6064956188 -90.1623 -18.1839 -36.6003 0.133056 0.74371 -0.0805184 0.65016
1463142134.7815771103 -89.8437 -18.1181 -36.5039 0.129937 0.741579 -0.0818099 0.653058
1463142134.9573085308 -89.5241 -18.1092 -36.429 0.135973 0.734131 -0.0798563 0.660444
1463142135.1821837425 -89.114 -17.9908 -36.3419 0.127454 0.729028 -0.0941927 0.665884
1463142135.3583738804 -88.7915 -17.9372 -36.2462 0.127349 0.72623 -0.0754682 0.671325
1463142135.6062617302 -88.3794 -17.8895 -36.1221 0.108247 0.730037 -0.0632944 0.671805
1463142135.7819185257 -88.0703 -17.7784 -36.0352 0.113617 0.718331 -0.0627049 0.683491
1463142135.9313516617 -87.7898 -17.7349 -35.9299 0.113377 0.699898 -0.0433825 0.703851
1463142136.1314454079 -87.4776 -17.698 -35.776 0.109363 0.68984 -0.0455904 0.7142
1463142136.3812141418 -87.077 -17.5489 -35.6099 0.0986577 0.697274 -0.0378977 0.708971
1463142136.6058871746 -86.7621 -17.531 -35.4172 0.101742 0.704585 -0.0198026 0.702009
1463142136.8311746120 -86.4443 -17.4075 -35.2393 0.0971233 0.707805 -0.00484202 0.699682
1463142137.0099058151 -86.1732 -17.3532 -35.0724 0.104911 0.705071 0.0130516 0.701212
1463142137.2310216427 -85.8494 -17.311 -34.8913 0.088883 0.709268 0.0180621 0.699079
1463142137.4311404228 -85.589 -17.2227 -34.7084 0.0870601 0.721121 0.00629188 0.687288
1463142137.6061215401 -85.3558 -17.1832 -34.5272 0.0988035 0.73648 0.00904661 0.669143
1463142137.7812407017 -85.1281 -17.1498 -34.3791 0.0818107 0.745957 0.0133367 0.660815
1463142137.9307160378 -84.9076 -17.0603 -34.2574 0.0864236 0.743843 0.00362315 0.662733
1463142138.1058692932 -84.642 -16.9818 -34.0922 0.0891208 0.751544 0.00907921 0.653572
1463142138.2581713200 -84.4103 -16.9762 -33.9889 0.0827417 0.767679 0.016366 0.635259
1463142138.3827996254 -84.2226 -16.9352 -33.9077 0.0828387 0.792391 -0.00122908 0.604362
1463142138.5306010246 -83.9926 -16.8495 -33.8014 0.0850947 0.8029 -0.00786352 0.589957
1463142138.6807932854 -83.7562 -16.811 -33.667 0.093067 0.808136 0.00507386 0.581574
1463142138.8305304050 -83.5217 -16.7925 -33.5861 0.0811457 0.816355 -0.00492754 0.5718
1463142138.9556789398 -83.3299 -16.7408 -33.5128 0.0767227 0.824995 -0.00464356 0.559889
1463142139.0805881023 -83.1164 -16.6637 -33.4422 0.0956958 0.827712 0.00303514 0.552925
1463142139.2306537628 -82.8375 -16.6283 -33.3535 0.108837 0.826861 0.00876339 0.551706
1463142139.3805975914 -82.5785 -16.631 -33.2765 0.0975143 0.83136 -0.0238878 0.54659
1463142139.5554063320 -82.279 -16.5486 -33.1854 0.085392 0.84345 -0.0669085 0.526141
1463142139.6803786755 -82.0612 -16.4927 -33.1168 0.0703768 0.864478 -0.0783891 0.491508
1463142139.8055565357 -81.8502 -16.476 -33.0842 0.0581353 0.884067 -0.0904233 0.454829
1463142139.9554133415 -81.6215 -16.4323 -33.0655 0.0260117 0.905274 -0.0993827 0.41222
1463142140.0839393139 -81.4157 -16.3524 -33.0367 0.0281328 0.916718 -0.0695986 0.392419
1463142140.2305021286 -81.1287 -16.282 -32.9978 0.0278639 0.916097 -0.0721847 0.393419
1463142140.3823385239 -80.8484 -16.263 -32.9721 -0.00527273 0.925967 -0.0733875 0.370366
1463142140.5303413868 -80.5864 -16.2119 -32.9361 -0.0272189 0.928808 -0.0954658 0.357017
1463142140.6550745964 -80.357 -16.1447 -32.8797 -0.0109584 0.92378 -0.115692 0.364864
1463142140.7802231312 -80.1263 -16.1103 -32.8107 -0.00919704 0.925571 -0.106741 0.363097
1463142140.9054167271 -79.8975 -16.0974 -32.7428 -0.0175375 0.921066 -0.118299 0.370587
1463142141.0551857948 -79.6252 -16.0647 -32.6745 -0.0232985 0.916801 -0.138807 0.373719
1463142141.2052855492 -79.342 -15.9979 -32.6157 -0.0029306 0.915373 -0.163592 0.367859
1463142141.3302350044 -79.085 -15.9672 -32.5705 -0.0001613 0.914223 -0.163983 0.370549
1463142141.4800624847 -78.7924 -15.9636 -32.53 -0.00781412 0.918535 -0.171912 0.35592
1463142141.6322522163 -78.5107 -15.8977 -32.4625 -0.00305505 0.912792 -0.186527 0.36333
1463142141.7812497616 -78.2226 -15.8257 -32.4025 -0.000706471 0.910667 -0.211537 0.354876
1463142141.9300012589 -77.9492 -15.8068 -32.3413 -0.010344 0.92008 -0.198019 0.337837
1463142142.0799419880 -77.6858 -15.7602 -32.2974 -0.0291403 0.927492 -0.190481 0.320353
1463142142.2061674595 -77.4513 -15.6698 -32.2665 -0.021034 0.934719 -0.175347 0.308402
1463142142.3312144279 -77.1998 -15.6041 -32.2404 -0.0269976 0.942346 -0.16868 0.287755
1463142142.4299917221 -76.9888 -15.5967 -32.2079 -0.0303079 0.941285 -0.168963 0.290717
1463142142.5299489498 -76.7815 -15.5831 -32.1669 -0.0487012 0.937779 -0.166505 0.300791
1463142142.6298096180 -76.5843 -15.5434 -32.1359 -0.0581682 0.93138 -0.186402 0.307248
1463142142.7549054623 -76.3371 -15.4724 -32.1076 -0.0367005 0.937106 -0.176315 0.298996
1463142142.8801815510 -76.0921 -15.4309 -32.0728 -0.0391421 0.943457 -0.169985 0.28189
1463142143.0046105385 -75.8607 -15.4346 -32.0524 -0.0451856 0.944651 -0.184311 0.267624
1463142143.1297600269 -75.6318 -15.3927 -32.0333 -0.0492512 0.948071 -0.181254 0.256676
1463142143.2310991287 -75.4321 -15.3406 -32.0123 -0.0285014 0.946171 -0.184533 0.264377
1463142143.3300645351 -75.2191 -15.2998 -31.9922 -0.00634653 0.943479 -0.192196 0.269939
1463142143.4298136234 -75.0013 -15.2824 -31.9749 0.00414568 0.945404 -0.175572 0.274532
1463142143.5307526588 -74.7927 -15.274 -31.9564 -0.0164832 0.943199 -0.184873 0.275547
1463142143.6324043274 -74.5944 -15.2397 -31.9416 -0.0323199 0.939477 -0.189665 0.28349
1463142143.7294869423 -74.3918 -15.1804 -31.916 -0.0313374 0.936255 -0.203834 0.284421
1463142143.8305633068 -74.1995 -15.1252 -31.9127 -0.0339653 0.939131 -0.198941 0.278032
1463142143.9298903942 -74.0086 -15.1046 -31.8896 -0.034604 0.947883 -0.177732 0.262166
1463142144.0297617912 -73.8343 -15.1088 -31.8815 -0.0562068 0.940345 -0.21342 0.258929
1463142144.1543452740 -73.5994 -15.0732 -31.8682 -0.0643408 0.941385 -0.215305 0.25159
1463142144.2795171738 -73.3576 -15.0041 -31.871 -0.0485564 0.941138 -0.221397 0.25077
1463142144.4044330120 -73.0904 -14.9692 -31.878 -0.0363608 0.94017 -0.228896 0.24973
1463142144.5294821262 -72.8169 -14.9634 -31.8896 -0.0335982 0.940244 -0.216499 0.260653
1463142144.6544244289 -72.558 -14.9161 -31.8899 -0.0482451 0.941245 -0.196558 0.270361
1463142144.8044881821 -72.2505 -14.8364 -31.8814 -0.0324197 0.939812 -0.192332 0.280556
1463142144.9541962147 -71.9522 -14.773 -31.8759 -0.0371519 0.945927 -0.175295 0.270395
1463142145.1042909622 -71.6702 -14.7569 -31.8597 -0.0548083 0.942212 -0.186682 0.272731
1463142145.2543871403 -71.3861 -14.7029 -31.866 -0.0498151 0.941881 -0.192367 0.270876
1463142145.3791828156 -71.1237 -14.6468 -31.8761 -0.0312886 0.940968 -0.19462 0.27518
1463142145.5056993961 -70.8463 -14.6001 -31.8805 -0.029429 0.941871 -0.177794 0.283553
1463142145.6311514378 -70.5777 -14.6072 -31.8608 -0.0453692 0.934267 -0.194724 0.295243
1463142145.7292678356 -70.3729 -14.5683 -31.8461 -0.0543738 0.926961 -0.204152 0.310013
1463142145.8815629482 -70.072 -14.4831 -31.8262 -0.0380941 0.924325 -0.222104 0.307963
1463142146.0540926456 -69.7229 -14.4638 -31.7706 -0.0519325 0.928364 -0.214864 0.298794
1463142146.2291767597 -69.3991 -14.396 -31.7374 -0.0630278 0.932504 -0.200652 0.293603
1463142146.3792545795 -69.1015 -14.3192 -31.7244 -0.0362654 0.931755 -0.211119 0.293165
1463142146.5288898945 -68.7788 -14.2783 -31.7179 -0.0197983 0.940409 -0.185372 0.284387
1463142146.6550018787 -68.5137 -14.2746 -31.6857 -0.0323718 0.93481 -0.197933 0.293096
1463142146.7808136940 -68.2588 -14.2143 -31.6496 -0.0421027 0.927742 -0.209477 0.30601
1463142146.9297289848 -67.9584 -14.1397 -31.6141 -0.0307464 0.930424 -0.20128 0.304718
1463142147.0539410114 -67.7116 -14.0984 -31.5887 -0.0319737 0.938227 -0.171692 0.298713
1463142147.1787908077 -67.4785 -14.0903 -31.5543 -0.0499497 0.935587 -0.17515 0.302496
1463142147.3297648430 -67.198 -14.0087 -31.5294 -0.0610677 0.935496 -0.176669 0.299843
1463142147.4538404942 -66.9351 -13.9332 -31.5134 -0.04484 0.93341 -0.180442 0.306879
1463142147.5541174412 -66.7117 -13.9054 -31.4947 -0.0441832 0.934902 -0.157894 0.314763
1463142147.6541049480 -66.4985 -13.9175 -31.4759 -0.0498739 0.930942 -0.174153 0.317066
1463142147.7562224865 -66.2998 -13.906 -31.4609 -0.0488939 0.931128 -0.167423 0.320281
1463142147.8536899090 -66.0998 -13.85 -31.4325 -0.0466199 0.926807 -0.174148 0.329437
1463142147.9547331333 -65.8956 -13.806 -31.3932 -0.0454868 0.920938 -0.197517 0.332854
1463142148.0537345409 -65.6977 -13.7631 -31.358 -0.0581091 0.921004 -0.191782 0.334057
1463142148.1538033485 -65.5054 -13.7539 -31.3138 -0.0570246 0.919622 -0.194792 0.336303
1463142148.2786033154 -65.2777 -13.7372 -31.2752 -0.0657203 0.922361 -0.186273 0.332013
1463142148.4036917686 -65.0415 -13.6639 -31.2487 -0.0459177 0.924362 -0.184449 0.330796
1463142148.5285232067 -64.7896 -13.6123 -31.2251 -0.0269091 0.929134 -0.186663 0.318029
1463142148.6535956860 -64.5243 -13.6021 -31.19 -0.0183386 0.929541 -0.1775 0.322663
1463142148.7561402321 -64.322 -13.6016 -31.1514 -0.0283418 0.922494 -0.194472 0.332238
1463142148.8804020882 -64.0733 -13.5584 -31.0985 -0.0258439 0.918319 -0.195666 0.343129
1463142149.0034990311 -63.8281 -13.4812 -31.0425 -0.011884 0.917777 -0.200619 0.342485
1463142149.1282477379 -63.597 -13.4358 -30.9903 -0.0250938 0.926595 -0.18392 0.327056
1463142149.2534368038 -63.3728 -13.4202 -30.9291 -0.0485667 0.925209 -0.187952 0.326044
1463142149.4064173698 -63.1096 -13.3514 -30.8804 -0.0521438 0.930944 -0.180545 0.313094
1463142149.5282764435 -62.8661 -13.2756 -30.8384 -0.0340301 0.929602 -0.181495 0.318969
1463142149.6534576416 -62.602 -13.2415 -30.7945 -0.0298727 0.930282 -0.16945 0.323989
1463142149.7783062458 -62.3421 -13.2414 -30.748 -0.0341066 0.930061 -0.157458 0.330198
1463142149.8782413006 -62.144 -13.2081 -30.7124 -0.0460009 0.920877 -0.187962 0.338438
1463142150.0032839775 -61.8978 -13.1387 -30.6613 -0.0313428 0.919214 -0.18929 0.343851
1463142150.1542344093 -61.6137 -13.09 -30.611 -0.0405999 0.922415 -0.195699 0.33046
1463142150.3031017780 -61.3478 -13.0898 -30.5439 -0.0594983 0.91934 -0.212217 0.325941
1463142150.4535939693 -61.0824 -13.0179 -30.5163 -0.0572554 0.927657 -0.193458 0.314242
1463142150.6031880379 -60.7925 -12.9308 -30.4774 -0.0375903 0.929809 -0.191762 0.31188
1463142150.7281329632 -60.5299 -12.8958 -30.4323 -0.0446035 0.933202 -0.171558 0.312591
1463142150.8281347752 -60.3257 -12.895 -30.3824 -0.0778459 0.915169 -0.222695 0.326823
1463142150.9281435013 -60.1239 -12.8776 -30.3311 -0.0780602 0.905913 -0.232899 0.344945
1463142151.0780358315 -59.8351 -12.8106 -30.261 -0.0561171 0.907922 -0.242546 0.337193
1463142151.2280495167 -59.5602 -12.7582 -30.1868 -0.0685235 0.916421 -0.22923 0.320829
1463142151.3809573650 -59.2957 -12.7291 -30.1068 -0.0859767 0.916273 -0.218227 0.324699
1463142151.5279874802 -59.0307 -12.6427 -30.054 -0.0720355 0.924044 -0.195953 0.320244
1463142151.6530315876 -58.7843 -12.5817 -30.0031 -0.0469214 0.927681 -0.194498 0.315241
1463142151.7793240547 -58.526 -12.5558 -29.9562 -0.0428176 0.930594 -0.182288 0.314536
1463142151.8785078526 -58.3249 -12.564 -29.8996 -0.0584388 0.920384 -0.216005 0.320656
1463142151.9778337479 -58.1279 -12.5375 -29.8467 -0.0619326 0.91209 -0.228468 0.334751
1463142152.1028218269 -57.8927 -12.4863 -29.7817 -0.0396335 0.910103 -0.240541 0.335084
1463142152.2527995110 -57.6197 -12.4234 -29.7041 -0.0488881 0.914188 -0.236822 0.325248
1463142152.4029619694 -57.3701 -12.4011 -29.6361 -0.063738 0.918229 -0.235498 0.311984
1463142152.5527539253 -57.1122 -12.3319 -29.5845 -0.0557969 0.926149 -0.213113 0.306132
1463142152.6787877083 -56.8727 -12.2696 -29.5392 -0.0299197 0.927333 -0.20313 0.312883
1463142152.8030369282 -56.625 -12.2305 -29.4983 -0.0283332 0.930214 -0.197582 0.307994
1463142152.9278624058 -56.3836 -12.2369 -29.4514 -0.0391662 0.92684 -0.207046 0.31075
1463142153.0274980068 -56.1959 -12.2133 -29.4066 -0.0509628 0.918735 -0.223568 0.321475
1463142153.1541016102 -55.9673 -12.1485 -29.3576 -0.0428257 0.917258 -0.235342 0.318463
1463142153.2776350975 -55.7414 -12.0883 -29.3145 -0.0507699 0.925363 -0.220377 0.304238
1463142153.4025213718 -55.5187 -12.0757 -29.2543 -0.0709138 0.925539 -0.226263 0.295218
1463142153.5523622036 -55.2756 -12.0242 -29.2164 -0.0840418 0.937609 -0.201765 0.2704
1463142153.6773781776 -55.0468 -11.9496 -29.1835 -0.0746652 0.937804 -0.206802 0.268667
1463142153.8024628162 -54.7951 -11.895 -29.1614 -0.0720967 0.940209 -0.206657 0.260962
1463142153.9025907516 -54.5877 -11.8838 -29.1311 -0.0529587 0.945647 -0.18418 0.262725
1463142154.0042655468 -54.3814 -11.8765 -29.0718 -0.0488736 0.945005 -0.171522 0.274148
1463142154.1024041176 -54.182 -11.8636 -28.9993 -0.0419411 0.942624 -0.174631 0.281434
1463142154.2022716999 -53.9839 -11.7835 -28.9364 -0.0261993 0.944003 -0.159319 0.287733
1463142154.3023717403 -53.786 -11.7154 -28.8764 -0.0228413 0.944307 -0.139003 0.29739
1463142154.4023761749 -53.6009 -11.6979 -28.825 -0.0240046 0.94763 -0.100383 0.302233
1463142154.5022261143 -53.4137 -11.6866 -28.7702 0.0193873 0.936581 -0.0739546 0.342011
1463142154.6272881031 -53.1994 -11.679 -28.7292 -0.0114358 0.942164 -0.0927194 0.321869
1463142154.7540955544 -52.9758 -11.593 -28.7006 -0.0413286 0.949585 -0.0982359 0.294838
1463142154.8521058559 -52.7785 -11.534 -28.6711 0.0300907 0.959152 -0.0500958 0.276789
1463142154.9522573948 -52.5782 -11.5239 -28.6439 0.0520362 0.963687 -0.0163561 0.261403
1463142155.0526487827 -52.39 -11.5248 -28.6121 0.0331111 0.963537 -0.0426352 0.262072
1463142155.1545934677 -52.2073 -11.5101 -28.5714 0.0312013 0.955409 -0.0631367 0.286763
1463142155.2545940876 -52.0285 -11.4437 -28.539 0.0463885 0.952877 -0.0473383 0.296027
1463142155.3522145748 -51.8424 -11.385 -28.4958 0.067773 0.947276 -0.0620356 0.306965
1463142155.4521200657 -51.6552 -11.3723 -28.4542 0.0825073 0.942504 -0.0538406 0.319344
1463142155.5520455837 -51.4663 -11.3729 -28.4033 0.0708086 0.937487 -0.0787378 0.33152
1463142155.6770050526 -51.245 -11.3445 -28.3561 0.0717479 0.938789 -0.0566065 0.332148
1463142155.7786984444 -51.0647 -11.303 -28.3232 0.0666631 0.938957 -0.0912171 0.324953
1463142155.9018650055 -50.8142 -11.2333 -28.2846 0.0706439 0.93719 -0.095968 0.327834
1463142156.0045607090 -50.6037 -11.2168 -28.2507 0.074089 0.933823 -0.0911356 0.337904
1463142156.1020009518 -50.4007 -11.2317 -28.2027 0.0756485 0.927985 -0.0967245 0.351804
1463142156.2019243240 -50.2097 -11.2171 -28.153 0.0744819 0.921372 -0.0848356 0.371925
1463142156.3020496368 -50.0316 -11.1672 -28.1193 0.0718548 0.917984 -0.0859364 0.380469
1463142156.4269139767 -49.8017 -11.0984 -28.0639 0.0908483 0.91679 -0.0661908 0.383226
1463142156.5267803669 -49.61 -11.0472 -28.0222 0.0922726 0.917157 -0.0513157 0.384285
1463142156.6518807411 -49.3815 -11.05 -27.9734 0.0939932 0.920105 -0.053128 0.376496
1463142156.7773320675 -49.1623 -11.0265 -27.9341 0.0672338 0.923582 -0.0746219 0.37001
1463142156.9016795158 -48.9296 -10.9544 -27.9061 0.0640353 0.923225 -0.0819351 0.369921
1463142157.0274078846 -48.6763 -10.9007 -27.8717 0.0620615 0.92085 -0.106185 0.37001
1463142157.1268155575 -48.4711 -10.9006 -27.8381 0.076672 0.916239 -0.0782071 0.385372
1463142157.2517290115 -48.2388 -10.8897 -27.7992 0.078844 0.914863 -0.0715307 0.389478
1463142157.4016931057 -47.9696 -10.8295 -27.7649 0.075055 0.915331 -0.0855355 0.38629
1463142157.5263550282 -47.732 -10.7745 -27.7309 0.0785864 0.915898 -0.0944967 0.382132
1463142157.6513724327 -47.4887 -10.7482 -27.6926 0.0748455 0.918779 -0.0755314 0.380181
1463142157.8016784191 -47.2205 -10.7325 -27.6481 0.0680447 0.921939 -0.0649336 0.375742
1463142157.9279260635 -46.9962 -10.6596 -27.6144 0.0697621 0.922527 -0.0586303 0.37502
1463142158.0268714428 -46.8047 -10.6083 -27.5827 0.0770092 0.921113 -0.0760878 0.373941
1463142158.1514613628 -46.5468 -10.5823 -27.5492 0.0768923 0.920923 -0.0759737 0.374456
1463142158.2763504982 -46.3146 -10.5929 -27.5003 0.0682267 0.91939 -0.0876395 0.37734
1463142158.4017608166 -46.088 -10.5521 -27.4589 0.062045 0.915884 -0.0897299 0.386335
1463142158.5023341179 -45.9039 -10.4827 -27.4201 0.0649547 0.913304 -0.0824753 0.393516
1463142158.6264209747 -45.6662 -10.4398 -27.3689 0.0660006 0.913566 -0.0875137 0.391641
1463142158.7264285088 -45.4744 -10.4371 -27.3217 0.0780155 0.913835 -0.0686488 0.392565
1463142158.8515338898 -45.2551 -10.4294 -27.278 0.0706099 0.918284 -0.063307 0.384396
1463142158.9764294624 -45.0386 -10.347 -27.2399 0.0663412 0.922212 -0.0573605 0.376609
1463142159.0770471096 -44.8461 -10.2793 -27.2092 0.080478 0.919499 -0.0477165 0.381795
1463142159.1762824059 -44.6356 -10.2498 -27.1755 0.0783243 0.916652 -0.0404282 0.389845
1463142159.2766947746 -44.4391 -10.2547 -27.1327 0.0838867 0.9105 -0.0386183 0.403066
1463142159.3791172504 -44.254 -10.2308 -27.0918 0.0648468 0.907853 -0.0264794 0.413397
1463142159.4761540890 -44.0711 -10.1995 -27.0463 0.060952 0.906748 -0.0411199 0.415213
1463142159.5761859417 -43.8827 -10.1443 -27.0066 0.0703926 0.901989 -0.0503363 0.422998
1463142159.6761691570 -43.6916 -10.1134 -26.9598 0.0693729 0.899796 -0.0561362 0.427088
1463142159.8011639118 -43.4569 -10.1117 -26.9039 0.0758149 0.907437 -0.0472785 0.410578
1463142159.9261553288 -43.2376 -10.098 -26.8612 0.0725753 0.914977 -0.05394 0.393244
1463142160.0510811806 -43.0154 -10.0234 -26.8119 0.0689296 0.919376 -0.0484813 0.384247
1463142160.1511399746 -42.8187 -9.9593 -26.7697 0.0791515 0.915171 -0.043286 0.392839
1463142160.2533559799 -42.6091 -9.93479 -26.7264 0.0786698 0.912641 -0.037069 0.399403
1463142160.3510315418 -42.418 -9.94439 -26.6723 0.089865 0.909204 -0.0497642 0.40348
1463142160.4513537884 -42.2342 -9.9317 -26.6239 0.0751828 0.907232 -0.0574176 0.409854
1463142160.5759890079 -42.0099 -9.87839 -26.5727 0.0711674 0.905649 -0.0659947 0.41277
1463142160.7010035515 -41.7863 -9.81197 -26.5131 0.0740424 0.905593 -0.0724119 0.411309
1463142160.8260259628 -41.562 -9.78279 -26.4603 0.0685574 0.911271 -0.0526618 0.402632
1463142160.9507718086 -41.3522 -9.7726 -26.4147 0.0630462 0.916936 -0.044228 0.391531
1463142161.0759522915 -41.1424 -9.71679 -26.3703 0.0644626 0.917002 -0.0474494 0.390768
1463142161.2009274960 -40.9171 -9.64138 -26.3336 0.0699039 0.915703 -0.0381634 0.393883
1463142161.3007836342 -40.7206 -9.59391 -26.3047 0.0661511 0.915545 -0.0354191 0.395155
1463142161.4008557796 -40.5294 -9.61949 -26.2744 0.0766777 0.911148 -0.0435521 0.402534
1463142161.5006875992 -40.3494 -9.62395 -26.2386 0.0710722 0.908189 -0.0476226 0.409724
1463142161.6006944180 -40.1755 -9.58657 -26.2148 0.0686292 0.904532 -0.0523545 0.417578
1463142161.7007322311 -40.0008 -9.52767 -26.1867 0.0672073 0.904383 -0.0513608 0.418255
1463142161.8006236553 -39.8154 -9.49359 -26.1557 0.070391 0.902188 -0.0708714 0.419618
1463142161.9006543159 -39.6274 -9.47568 -26.1196 0.0718946 0.90031 -0.0703817 0.423462
1463142162.0036287308 -39.4531 -9.48406 -26.0779 0.0667329 0.895202 -0.0819979 0.43294
1463142162.1007790565 -39.2805 -9.4672 -26.0474 0.0607476 0.890569 -0.0822855 0.443198
1463142162.2256860733 -39.0638 -9.41672 -26.0091 0.0650333 0.883149 -0.0898338 0.455795
1463142162.3506314754 -38.8364 -9.3627 -25.9695 0.0708171 0.86855 -0.099663 0.480284
1463142162.4504346848 -38.6548 -9.35666 -25.9275 0.0807521 0.853772 -0.0819094 0.507783
1463142162.5755879879 -38.4638 -9.35563 -25.8633 0.0883682 0.838454 -0.0692361 0.533284
1463142162.7264766693 -38.2605 -9.30027 -25.76 0.0869056 0.82268 -0.0715359 0.55725
1463142162.8786151409 -38.0571 -9.22463 -25.6578 0.093199 0.808954 -0.0793078 0.574993
1463142163.0262107849 -37.8569 -9.21263 -25.5126 0.0929835 0.796728 -0.0695556 0.593078
1463142163.1519041061 -37.7038 -9.19628 -25.413 0.0962951 0.778952 -0.0710616 0.615557
1463142163.2754051685 -37.5814 -9.19097 -25.2682 0.102323 0.758078 -0.0641537 0.640883
1463142163.4276866913 -37.4095 -9.10564 -25.1467 0.104745 0.736873 -0.0615495 0.665025
1463142163.5753188133 -37.2478 -9.08362 -24.9673 0.116084 0.712613 -0.0493654 0.690123
1463142163.7003417015 -37.1532 -9.09667 -24.7985 0.120832 0.681663 -0.0504175 0.719857
1463142163.8502388000 -37.0668 -9.06379 -24.6227 0.121582 0.658088 -0.0619626 0.740472
1463142164.0769572258 -36.9879 -9.0054 -24.3395 0.160177 0.635634 -0.0614795 0.752683
1463142164.3001632690 -36.9743 -8.98661 -24.0303 0.171685 0.617663 -0.0354142 0.766656
1463142164.5253210068 -36.9909 -8.95832 -23.7387 0.179522 0.604319 -0.0310339 0.775633
1463142164.7526166439 -37.0431 -8.91395 -23.4262 0.161906 0.624402 0.00167949 0.764137
1463142164.8771564960 -37.0879 -8.92258 -23.2428 0.127899 0.607388 0.0213573 0.783751
1463142164.9750702381 -37.1299 -8.90401 -23.1011 0.0776331 0.593681 0.0623301 0.798518
1463142165.1270382404 -37.1818 -8.90022 -22.888 0.112866 0.592674 0.0139748 0.797373
1463142165.2747735977 -37.2571 -8.89028 -22.677 0.147596 0.602112 -0.0231015 0.784311
1463142165.5499181747 -37.385 -8.90546 -22.2929 0.154579 0.612325 -0.0216695 0.775044
1463142165.7248804569 -37.4567 -8.87303 -22.0361 0.166758 0.598515 -0.0369945 0.782689
1463142165.9012162685 -37.5188 -8.83823 -21.7714 0.166405 0.605862 -0.00401488 0.777961
1463142166.0748434067 -37.5726 -8.86518 -21.5386 0.170728 0.598751 0.00486143 0.782512
1463142166.2252202034 -37.625 -8.85215 -21.3464 0.156497 0.584568 -0.00182677 0.796106
1463142166.4247920513 -37.6975 -8.82892 -21.0994 0.18077 0.5927 -0.0301782 0.784295
1463142166.5745139122 -37.7559 -8.81437 -20.9008 0.174585 0.600551 0.0139233 0.780169
1463142166.7745788097 -37.817 -8.81078 -20.6761 0.140102 0.612913 0.0249464 0.77723
1463142166.9996314049 -37.8278 -8.76193 -20.4317 0.140089 0.624323 -0.018196 0.768287
1463142167.2245833874 -37.7979 -8.7254 -20.2159 0.130742 0.65973 -0.0441844 0.738722
1463142167.4492986202 -37.7981 -8.6912 -20.0568 0.0717553 0.690582 -0.0737974 0.715893
1463142167.6998910904 -37.8578 -8.65585 -19.8905 0.0492703 0.729527 -0.0815254 0.677286
1463142167.9243667126 -37.9434 -8.67118 -19.6958 0.0592171 0.755216 -0.0810143 0.647749
1463142168.2491927147 -38.0363 -8.65722 -19.4436 0.0447827 0.784389 -0.100004 0.610515
1463142168.4993267059 -38.0828 -8.63132 -19.2612 0.0396927 0.828197 -0.113269 0.547434
1463142168.7990782261 -38.1346 -8.63179 -19.0822 0.00678218 0.859738 -0.156857 0.486004
1463142169.0991477966 -38.2387 -8.59817 -18.8998 -0.0175649 0.888342 -0.148143 0.434274
1463142169.3989031315 -38.346 -8.56832 -18.6734 -0.0446905 0.900796 -0.14035 0.408499
1463142169.7988302708 -38.4131 -8.48895 -18.3826 -0.0715746 0.906271 -0.12406 0.397692
1463142170.2237958908 -38.4409 -8.44261 -18.0507 -0.0874531 0.903296 -0.139561 0.396144
1463142170.5988297462 -38.5032 -8.35587 -17.7701 -0.0476231 0.920525 -0.125473 0.36691
1463142170.9238271713 -38.5202 -8.29433 -17.5452 -0.0338055 0.940763 -0.088713 0.325502
1463142171.2986819744 -38.366 -8.25932 -17.3079 -0.00942741 0.948634 -0.105481 0.298123
1463142171.6261711121 -38.1617 -8.27541 -17.1331 -0.00292369 0.953359 -0.127222 0.273701
1463142171.9486503601 -37.921 -8.23345 -16.9799 0.00477122 0.959157 -0.144468 0.243154
1463142172.1985380650 -37.7032 -8.22367 -16.856 0.00704273 0.962463 -0.138448 0.23334
1463142172.3984234333 -37.5175 -8.18722 -16.7863 -0.00355542 0.961971 -0.134834 0.237526
1463142172.5982069969 -37.3054 -8.12343 -16.7482 -0.00455983 0.967176 -0.129032 0.218862
1463142172.7732198238 -37.1026 -8.09272 -16.714 -0.000555118 0.972291 -0.119782 0.200755
1463142172.9483394623 -36.9128 -8.08114 -16.6737 -0.00629259 0.974988 -0.114756 0.190238
1463142173.1257109642 -36.7309 -8.04937 -16.6376 0.00132528 0.978009 -0.118579 0.171566
1463142173.2980690002 -36.5309 -8.01982 -16.5949 0.0105487 0.979494 -0.128837 0.154538
1463142173.4491813183 -36.3515 -8.00054 -16.5378 0.0146305 0.98208 -0.120839 0.143882
1463142173.5980603695 -36.1715 -7.97483 -16.4814 0.0053103 0.98291 -0.110756 0.146948
1463142173.7234685421 -36.0127 -7.93488 -16.4321 0.00740066 0.981484 -0.106068 0.159322
1463142173.8487403393 -35.8457 -7.88073 -16.3878 0.0117928 0.979534 -0.0997959 0.174401
1463142173.9732055664 -35.6638 -7.84561 -16.3313 0.00278006 0.976568 -0.0852846 0.197569
1463142174.0734353065 -35.5168 -7.83839 -16.2656 -0.00168492 0.968778 -0.0827258 0.233714
1463142174.1981139183 -35.3514 -7.83559 -16.1889 -0.00791299 0.961596 -0.0865781 0.260337
1463142174.3478193283 -35.1624 -7.78747 -16.0983 -0.011679 0.954938 -0.087435 0.283395
1463142174.5227725506 -34.9348 -7.73323 -15.9721 -0.00422568 0.949909 -0.0902726 0.299176
1463142174.6976804733 -34.7102 -7.69461 -15.819 -0.00399848 0.947436 -0.0776167 0.310361
1463142174.8750758171 -34.4998 -7.66031 -15.676 -0.0163886 0.942125 -0.0624747 0.328982
1463142175.0226082802 -34.2936 -7.57828 -15.5514 -0.0148875 0.93365 -0.0623973 0.352394
1463142175.1726677418 -34.0514 -7.52394 -15.4306 -0.0225428 0.930276 -0.0414632 0.363812
1463142175.3235599995 -33.8111 -7.50296 -15.3202 -0.0292924 0.923981 -0.0313972 0.380021
1463142175.4757521152 -33.5955 -7.46203 -15.2088 -0.03911 0.911921 -0.0358551 0.406921
1463142175.6730873585 -33.3089 -7.37601 -15.0629 -0.0315085 0.905167 -0.0398826 0.422005
1463142175.8752298355 -33.0383 -7.35547 -14.9174 -0.0445921 0.906085 -0.0288998 0.419745
1463142176.0238029957 -32.8346 -7.32131 -14.792 -0.0473891 0.896495 -0.0150382 0.440255
1463142176.1723339558 -32.5958 -7.2365 -14.6845 -0.0325272 0.88622 -0.0112585 0.461983
1463142176.2976527214 -32.3775 -7.20947 -14.6005 -0.0206758 0.877307 -0.0122526 0.479327
1463142176.3974807262 -32.2033 -7.22402 -14.5424 -0.0121505 0.868909 -0.0385945 0.493315
1463142176.5225315094 -32.0011 -7.22283 -14.4875 -0.0100742 0.864353 -0.0639618 0.498699
1463142176.6973791122 -31.7314 -7.17779 -14.3679 0.00711235 0.850374 -0.0804146 0.519948
1463142176.9225065708 -31.3786 -7.12006 -14.2287 0.00440682 0.855878 -0.0561417 0.514102
1463142177.1224370003 -31.0883 -7.06367 -14.08 -0.00694331 0.849892 -0.0553334 0.523998
1463142177.3724524975 -30.6806 -6.92925 -13.9629 0.0014658 0.842866 -0.044639 0.536267
1463142177.6722483635 -30.188 -6.90821 -13.8148 -0.00906589 0.849839 -0.0560185 0.523978
1463142177.9222118855 -29.7871 -6.82662 -13.7327 0.0151275 0.857295 -0.0856239 0.507429
1463142178.1244184971 -29.4994 -6.8004 -13.6161 0.00902655 0.87219 -0.0578637 0.48565
1463142178.3229944706 -29.1904 -6.72709 -13.4896 0.00740109 0.865317 -0.0633439 0.497152
1463142178.5721325874 -28.7558 -6.63449 -13.3698 0.0213296 0.864803 -0.0435936 0.49976
1463142178.8227624893 -28.3544 -6.59426 -13.2593 0.0042802 0.859481 -0.0650153 0.506998
1463142179.0720338821 -27.9702 -6.52319 -13.1643 0.0145015 0.878283 -0.0770232 0.471675
1463142179.2967340946 -27.6425 -6.52058 -13.1116 0.0101345 0.901863 -0.0763282 0.425105
1463142179.5719273090 -27.2119 -6.41378 -13.055 0.0308209 0.910347 -0.0850559 0.403836
1463142179.7968964577 -26.8373 -6.39563 -12.9984 0.0144583 0.909089 -0.0792621 0.408737
1463142179.9468491077 -26.5954 -6.34159 -12.9602 0.00188454 0.896161 -0.0711331 0.437987
1463142180.0968594551 -26.3297 -6.26618 -12.9004 0.0118586 0.883736 -0.0715706 0.462328
1463142180.3467538357 -25.9462 -6.2546 -12.8677 0.0033765 0.900843 -0.0446687 0.431827
1463142180.5966615677 -25.5469 -6.13919 -12.875 0.012061 0.909198 -0.0576807 0.412173
1463142180.7717561722 -25.2368 -6.12375 -12.9 0.0216808 0.900983 -0.053282 0.430024
1463142180.9466080666 -24.9509 -6.12737 -12.9605 0.00700133 0.895187 -0.0754104 0.439209
1463142181.1718926430 -24.5875 -6.0466 -13.0454 0.0239497 0.898333 -0.0911729 0.429083
1463142181.3965492249 -24.2169 -6.06411 -13.088 0.016386 0.914874 -0.0913533 0.392927
1463142181.6972661018 -23.7611 -5.97437 -13.2545 0.0315711 0.916912 -0.0991185 0.385294
1463142181.9217238426 -23.3673 -5.9186 -13.4189 0.00111866 0.905788 -0.120342 0.406281
1463142182.3212509155 -22.7039 -5.86976 -13.65 -0.0247627 0.905922 -0.13833 0.399446
1463142182.6465415955 -22.1971 -5.89681 -13.8542 -0.00521641 0.914459 -0.154362 0.374046
1463142182.9459056854 -21.709 -5.83483 -14.0903 0.0243358 0.905088 -0.197907 0.375575
1463142183.2740123272 -21.187 -5.81013 -14.2529 0.00437573 0.89631 -0.236639 0.374981
1463142183.4984283447 -20.8431 -5.77954 -14.3823 -0.00167015 0.900851 -0.281315 0.330647
1463142183.8213169575 -20.3502 -5.71174 -14.5436 -0.0103538 0.905691 -0.302563 0.296768
1463142184.0709123611 -19.9372 -5.70267 -14.6962 0.0138769 0.894337 -0.340402 0.289993
1463142184.4210419655 -19.3704 -5.62393 -14.8568 -0.00654109 0.88628 -0.375081 0.271625
1463142184.7707028389 -18.8325 -5.56907 -14.9753 -0.0437896 0.882131 -0.395166 0.252529
1463142185.1485059261 -18.2299 -5.45888 -15.1407 -0.0390579 0.884096 -0.398756 0.240505
1463142185.3724880219 -17.8251 -5.42317 -15.2237 -0.0431501 0.869721 -0.409863 0.271542
1463142185.5954289436 -17.4502 -5.34636 -15.2789 -0.0416156 0.87855 -0.384519 0.280291
1463142185.8953187466 -16.9917 -5.34799 -15.3469 -0.0496209 0.886081 -0.367386 0.278256
1463142186.1205985546 -16.6256 -5.26208 -15.4342 -0.0379172 0.887891 -0.34048 0.30706
1463142186.2955031395 -16.3019 -5.25141 -15.4751 -0.0371836 0.890862 -0.305827 0.333843
1463142186.4705958366 -15.9725 -5.2601 -15.5379 -0.0467298 0.882751 -0.285747 0.370021
1463142186.7458236217 -15.516 -5.15251 -15.6105 -0.0590205 0.887983 -0.248784 0.382242
1463142187.0701375008 -15.0106 -5.12681 -15.6828 -0.0604495 0.896076 -0.206237 0.388407
1463142187.3201866150 -14.5616 -5.04388 -15.7137 -0.0476947 0.888808 -0.186614 0.415838
1463142187.5450770855 -14.1442 -5.04855 -15.719 -0.0305454 0.87715 -0.172566 0.447098
1463142187.7949454784 -13.6985 -4.95659 -15.7036 -0.0239206 0.868316 -0.16198 0.468207
1463142188.0449564457 -13.2752 -4.9411 -15.6991 -0.0355603 0.872797 -0.137458 0.466976
1463142188.2701253891 -12.891 -4.86674 -15.6788 -0.0321097 0.857228 -0.143711 0.493434
1463142188.4972882271 -12.4726 -4.78169 -15.6557 -0.0257713 0.849824 -0.132775 0.509417
1463142188.7199327946 -12.0814 -4.77438 -15.6491 -0.041057 0.838503 -0.13457 0.52642
1463142188.9199490547 -11.7412 -4.70526 -15.566 -0.0363931 0.823677 -0.150596 0.545483
1463142189.1454362869 -11.3623 -4.66327 -15.5034 -0.049955 0.815315 -0.142738 0.558921
1463142189.3447487354 -11.0198 -4.64424 -15.4515 -0.0414142 0.796165 -0.155299 0.583342
1463142189.5454483032 -10.6599 -4.5261 -15.3841 -0.0147441 0.779089 -0.144023 0.609968
1463142189.7466840744 -10.3079 -4.53472 -15.2742 -0.0195124 0.754466 -0.147777 0.639189
1463142189.9697618484 -9.9417 -4.45511 -15.1384 -0.00561652 0.730967 -0.152925 0.665033
1463142190.1694834232 -9.61009 -4.41096 -15.0164 -0.018886 0.701456 -0.160867 0.694064
1463142190.4449310303 -9.18833 -4.3314 -14.8232 -0.00828195 0.680472 -0.136632 0.719876
1463142190.6697800159 -8.83287 -4.2169 -14.6095 0.0117005 0.650651 -0.139522 0.746358
1463142190.8718378544 -8.51864 -4.24264 -14.4373 0.00718807 0.617872 -0.137184 0.774185
1463142191.1960785389 -8.12242 -4.10681 -14.046 0.0298885 0.580307 -0.143969 0.801014
1463142191.4700546265 -7.8049 -4.07617 -13.7258 0.0234803 0.541313 -0.132272 0.83002
1463142191.7192738056 -7.51065 -4.02032 -13.4003 0.050593 0.495715 -0.126224 0.857773
1463142191.9440987110 -7.31725 -3.99915 -13.0536 0.0507604 0.439483 -0.112881 0.889683
1463142192.2463748455 -7.13208 -3.88897 -12.5582 0.0669559 0.394067 -0.114628 0.909444
1463142192.5939168930 -6.95782 -3.8474 -12.0243 0.0536178 0.351659 -0.0943163 0.92982
1463142192.8937890530 -6.86424 -3.77368 -11.4905 0.0773891 0.301232 -0.0659536 0.948114
1463142193.1208982468 -6.84314 -3.79318 -11.0688 0.0800072 0.246099 -0.058 0.964194
1463142193.3446063995 -6.83582 -3.72476 -10.6841 0.0937887 0.201826 -0.0654641 0.97272
1463142193.5689463615 -6.86147 -3.66627 -10.2953 0.0681462 0.174398 -0.0371653 0.981611
1463142193.7937884331 -6.92243 -3.6472 -9.91909 0.0732369 0.126447 -0.0350018 0.988647
1463142193.9688498974 -7.0083 -3.58947 -9.61069 0.0814262 0.088921 -0.0276635 0.992319
1463142194.1436674595 -7.05066 -3.61263 -9.31881 0.0710314 0.0477581 -0.0207252 0.996115
1463142194.3436551094 -7.1686 -3.58436 -9.01006 0.0779794 0.0190177 -0.0185391 0.996601
1463142194.5204067230 -7.30642 -3.58539 -8.74668 0.0922054 -0.00301619 -0.0213826 0.995506
1463142194.6934521198 -7.45128 -3.61021 -8.50859 0.0912557 -0.0391037 -0.0199583 0.994859
1463142194.8436374664 -7.60956 -3.63367 -8.31754 0.0994465 -0.0821323 -0.00956128 0.991601
1463142194.9693636894 -7.7779 -3.59152 -8.15468 0.11386 -0.132305 -0.00566414 0.984631
1463142195.0935606956 -7.93894 -3.61867 -8.00824 0.119026 -0.170896 0.0128267 0.977989
1463142195.2185485363 -8.10607 -3.64901 -7.89306 0.118664 -0.205649 0.0157606 0.971277
1463142195.3706061840 -8.28557 -3.66398 -7.77141 0.114217 -0.234528 0.0156855 0.965249
1463142195.5183248520 -8.49071 -3.66538 -7.70382 0.112168 -0.253196 0.0180987 0.96072
1463142195.6947388649 -8.73471 -3.68049 -7.64302 0.112744 -0.270904 0.012973 0.955893
1463142195.8930826187 -8.99263 -3.71715 -7.59537 0.096143 -0.280861 0.0287859 0.954487
1463142196.0439543724 -9.19278 -3.74104 -7.56975 0.113658 -0.303829 0.0341071 0.945308
1463142196.2183797359 -9.44685 -3.75845 -7.54813 0.120389 -0.309343 0.0502827 0.941958
1463142196.4186425209 -9.70662 -3.83687 -7.53726 0.123624 -0.317721 0.0524329 0.938627
1463142196.5933268070 -9.93961 -3.86355 -7.56205 0.112922 -0.326931 0.0530087 0.936779
1463142196.7680082321 -10.1743 -3.88699 -7.61658 0.104827 -0.306785 0.0512357 0.9446
1463142196.9181678295 -10.3562 -3.93279 -7.66646 0.0927692 -0.285021 0.0646998 0.951825
1463142197.0679841042 -10.5313 -3.96109 -7.7018 0.0745639 -0.264868 0.0658462 0.95914
1463142197.1933016777 -10.6929 -3.95297 -7.72668 0.0549052 -0.237899 0.0765622 0.96671
1463142197.3181316853 -10.8629 -3.95077 -7.74594 0.0462885 -0.204857 0.0751901 0.974801
1463142197.4680304527 -11.0532 -3.98944 -7.7612 0.0490095 -0.161889 0.0627485 0.983592
1463142197.5935873985 -11.2092 -4.02569 -7.7765 0.0285325 -0.150836 0.0593677 0.986362
1463142197.7180690765 -11.3816 -4.02953 -7.7897 0.0102509 -0.137484 0.0700562 0.98797
1463142197.8179464340 -11.528 -4.03387 -7.80354 0.0136742 -0.118869 0.0759333 0.989908
1463142197.9435284138 -11.7116 -4.06347 -7.82628 0.0035442 -0.101908 0.0732627 0.992086
1463142198.0438156128 -11.8593 -4.09233 -7.8395 -0.00810666 -0.106322 0.0734255 0.991584
1463142198.1428658962 -12.0104 -4.11684 -7.84773 -0.0145843 -0.111909 0.0580844 0.991912
1463142198.2452068329 -12.1753 -4.11763 -7.84869 -0.0191543 -0.120055 0.0628242 0.990592
1463142198.3446285725 -12.3511 -4.1252 -7.83541 -0.0081685 -0.148992 0.0746823 0.98598
1463142198.4426496029 -12.5327 -4.14656 -7.81917 -0.00226377 -0.167778 0.0837385 0.982259
1463142198.5431880951 -12.7052 -4.19238 -7.80124 0.0061016 -0.18521 0.0888469 0.978655
1463142198.6425487995 -12.8702 -4.24355 -7.79157 0.00255703 -0.202453 0.0860181 0.975504
1463142198.7453098297 -13.0392 -4.28218 -7.78569 0.0123292 -0.222044 0.0818527 0.971517
1463142198.8428766727 -13.2131 -4.28446 -7.77856 0.0182816 -0.238716 0.0883596 0.966888
1463142198.9426233768 -13.3847 -4.29884 -7.77498 0.0308431 -0.246169 0.0930237 0.964259
1463142199.0682027340 -13.5727 -4.33766 -7.76648 0.0248433 -0.23553 0.10186 0.966195
1463142199.2176449299 -13.7799 -4.38826 -7.7464 0.0165579 -0.232308 0.084523 0.968821
1463142199.3426110744 -13.9594 -4.39221 -7.71868 0.0112286 -0.233536 0.0800615 0.968981
1463142199.4946293831 -14.1592 -4.39256 -7.65217 0.00992799 -0.220637 0.107608 0.969351
1463142199.6424748898 -14.35 -4.41628 -7.58889 0.0096226 -0.209386 0.106687 0.971948
1463142199.7925381660 -14.5207 -4.45862 -7.51568 -0.00365326 -0.210127 0.100059 0.972534
1463142199.9425358772 -14.6829 -4.49345 -7.42401 0.0115871 -0.198223 0.0936916 0.9756
1463142200.0924699306 -14.8385 -4.52363 -7.31693 0.0309303 -0.186311 0.0903223 0.977841
1463142200.2443890572 -14.9671 -4.56849 -7.20355 0.0371769 -0.167723 0.0862528 0.98135
1463142200.3934595585 -15.0712 -4.60535 -7.07298 0.0341688 -0.150968 0.0761293 0.98501
1463142200.5173826218 -15.149 -4.62303 -6.95058 0.0437729 -0.14455 0.0747565 0.985698
1463142200.6173300743 -15.2076 -4.62874 -6.84436 0.056917 -0.141754 0.0733159 0.985541
1463142200.7173042297 -15.2578 -4.63927 -6.73545 0.063149 -0.141801 0.071814 0.985265
1463142200.8173422813 -15.3026 -4.66313 -6.63402 0.0697131 -0.143953 0.0669886 0.98485
1463142200.9171376228 -15.3358 -4.69378 -6.54159 0.0795868 -0.143545 0.0576227 0.984754
1463142201.0421638489 -15.3688 -4.73098 -6.44008 0.087825 -0.142374 0.0540027 0.984429
1463142201.1672520638 -15.3952 -4.75794 -6.34696 0.0891161 -0.144939 0.0444045 0.984418
1463142201.2672321796 -15.4107 -4.77395 -6.27509 0.0914846 -0.140966 0.0372594 0.985074
1463142201.3671658039 -15.4265 -4.79405 -6.20672 0.101107 -0.135257 0.0273127 0.98526
1463142201.4673390388 -15.4426 -4.81503 -6.14063 0.103576 -0.132236 0.0113091 0.985727
1463142201.5671930313 -15.4533 -4.84388 -6.08248 0.112841 -0.123901 0.00372267 0.985851
1463142201.6671724319 -15.4618 -4.87456 -6.03545 0.118539 -0.118934 -0.0128868 0.985717
1463142201.7682111263 -15.4668 -4.90126 -5.99653 0.128306 -0.108866 -0.02815 0.985339
1463142201.8670794964 -15.4682 -4.92148 -5.96542 0.129785 -0.100301 -0.0418499 0.985568
1463142201.9924917221 -15.4633 -4.94175 -5.93656 0.134341 -0.0864715 -0.0581528 0.985441
1463142202.1668338776 -15.4497 -4.95882 -5.91056 0.146748 -0.0696827 -0.0788713 0.983559
1463142202.3696784973 -15.419 -4.97931 -5.89209 0.148345 -0.0489784 -0.0843803 0.984111
1463142202.5667939186 -15.3841 -4.99297 -5.87231 0.157245 -0.0333143 -0.0946945 0.982444
1463142202.7925724983 -15.3377 -4.99398 -5.84486 0.166735 -0.027355 -0.0965848 0.980878
1463142202.9416160583 -15.2951 -4.98863 -5.81932 0.170039 -0.0228997 -0.0939015 0.980686
1463142203.0918605328 -15.2468 -4.98741 -5.79096 0.175836 -0.0195215 -0.0872051 0.980355
1463142203.2183961868 -15.2084 -4.98513 -5.77058 0.179914 -0.0189281 -0.0887737 0.979485
1463142203.3417842388 -15.1705 -4.98064 -5.75137 0.183024 -0.01987 -0.0940459 0.978398
1463142203.4667429924 -15.1317 -4.97429 -5.73453 0.188008 -0.0187368 -0.0969147 0.977195
1463142203.5924291611 -15.0974 -4.96506 -5.71988 0.190389 -0.0163122 -0.0981525 0.976653
1463142203.7165467739 -15.0684 -4.95271 -5.70686 0.188934 -0.0105533 -0.0946308 0.977363
1463142203.8417379856 -15.0428 -4.93619 -5.69584 0.183923 -0.00292694 -0.0870999 0.97907
1463142203.9916820526 -15.0213 -4.91709 -5.6847 0.176308 0.00540388 -0.078358 0.981196
1463142204.1414518356 -15.0038 -4.89416 -5.67691 0.166117 0.0123499 -0.0713205 0.983446
1463142204.2913296223 -14.9885 -4.87147 -5.67409 0.154732 0.0238243 -0.0637936 0.985607
1463142204.4938535690 -14.9735 -4.84579 -5.67547 0.145516 0.0340766 -0.060369 0.986924
1463142204.7439982891 -14.965 -4.81897 -5.68107 0.134625 0.0429842 -0.0565852 0.988345
1463142204.9163055420 -14.9648 -4.79637 -5.68694 0.124921 0.0431992 -0.0558171 0.989653
1463142205.0914115906 -14.9707 -4.77161 -5.69395 0.108196 0.0381413 -0.0600799 0.991579
1463142205.2663612366 -14.9786 -4.74651 -5.70062 0.0929275 0.0329356 -0.0592719 0.993361
1463142205.4666271210 -14.9891 -4.71875 -5.70874 0.0754914 0.0273638 -0.0612747 0.994886
1463142205.6662604809 -15.0034 -4.69301 -5.71803 0.0611241 0.0224571 -0.0618651 0.995958
1463142205.8419384956 -15.0219 -4.67147 -5.72559 0.0500929 0.0132964 -0.0657549 0.996489
1463142206.0413007736 -15.0439 -4.65315 -5.73298 0.0383429 0.0041448 -0.066285 0.997055
1463142206.2433931828 -15.0703 -4.64477 -5.74051 0.0338201 -0.0109849 -0.0585863 0.997649
1463142206.4158413410 -15.0993 -4.6455 -5.74507 0.0394228 -0.0270359 -0.0471069 0.997745
1463142206.5911035538 -15.1303 -4.64686 -5.74693 0.0403591 -0.0449816 -0.0425782 0.997264
1463142206.7409975529 -15.1556 -4.65629 -5.74811 0.0448439 -0.0587024 -0.0359768 0.996619
1463142206.8908908367 -15.1778 -4.67315 -5.74814 0.0540333 -0.0692369 -0.0300275 0.995683
1463142207.0165569782 -15.1936 -4.69109 -5.74724 0.0618277 -0.0775255 -0.0280411 0.994676
1463142207.1409430504 -15.2071 -4.71332 -5.74635 0.0694568 -0.0855629 -0.0307097 0.993434
1463142207.2659294605 -15.2152 -4.74047 -5.74544 0.0798578 -0.0915805 -0.0312174 0.992099
1463142207.3661916256 -15.2217 -4.76451 -5.74642 0.0828158 -0.099331 -0.0286156 0.991189
1463142207.4932951927 -15.2252 -4.79273 -5.74809 0.083245 -0.107863 -0.0218176 0.990434
1463142207.6189029217 -15.2245 -4.82258 -5.74954 0.0835142 -0.115386 -5.8003e-05 0.989804
1463142207.7432725430 -15.2201 -4.85336 -5.74877 0.0817106 -0.118364 0.0173457 0.989451
1463142207.8679554462 -15.2184 -4.88245 -5.74645 0.0784002 -0.120785 0.0151939 0.989461
1463142208.0155401230 -15.222 -4.91355 -5.74411 0.0684161 -0.12274 0.0237759 0.989792
1463142208.1415700912 -15.2278 -4.93707 -5.74386 0.0612965 -0.136689 0.0692331 0.986289
1463142208.2444968224 -15.2254 -4.95694 -5.74119 0.078477 -0.137181 0.0862384 0.983659
1463142208.3685867786 -15.2144 -4.98194 -5.73842 0.0916506 -0.136242 0.0940221 0.981936
1463142208.5158629417 -15.2013 -5.00477 -5.73384 0.101458 -0.137282 0.0837524 0.981756
1463142208.6937916279 -15.1823 -5.0213 -5.72484 0.112991 -0.123814 0.0658157 0.983652
1463142208.8694450855 -15.1521 -5.03028 -5.71607 0.11701 -0.111585 0.0626487 0.984852
1463142208.9660143852 -15.1271 -5.03456 -5.71294 0.125838 -0.0994827 0.0685676 0.984666
1463142209.1176238060 -15.0978 -5.03482 -5.70864 0.133135 -0.0881502 0.0681204 0.984817
1463142209.2440617085 -15.0734 -5.02853 -5.70595 0.130857 -0.0756107 0.0631059 0.986497
1463142209.3660447598 -15.0481 -5.0162 -5.70564 0.128043 -0.0615581 0.0582826 0.988139
1463142209.4654479027 -15.0262 -5.0034 -5.70523 0.119725 -0.0493495 0.0557302 0.990013
1463142209.5923442841 -15.0038 -4.98805 -5.70662 0.11218 -0.0379201 0.0507944 0.991664
1463142209.7413659096 -14.9827 -4.96786 -5.70943 0.109096 -0.0263964 0.0410426 0.992833
1463142209.8903543949 -14.9625 -4.94353 -5.7113 0.108458 -0.018893 0.0419228 0.993037
1463142210.0403511524 -14.9459 -4.91403 -5.71457 0.101449 -0.0120901 0.0432959 0.993825
1463142210.1902778149 -14.9381 -4.88724 -5.71819 0.101409 -0.0153667 0.0302777 0.994265
1463142210.3152751923 -14.9275 -4.86078 -5.72122 0.0930535 -0.00833886 0.0270006 0.99526
1463142210.5155055523 -14.9211 -4.83301 -5.73392 0.102946 -0.010306 0.0234928 0.994356
1463142210.6650407314 -14.9224 -4.81046 -5.75517 0.106175 -0.00615814 0.018627 0.994154
1463142210.8157618046 -14.9262 -4.78822 -5.78189 0.0983998 -0.00333452 0.0222285 0.994893
1463142210.9651737213 -14.9361 -4.77231 -5.8098 0.0949065 -0.0025589 0.0280409 0.995088
1463142211.0651416779 -14.95 -4.75752 -5.82867 0.0829066 -0.0107352 0.0320143 0.995985
1463142211.1900341511 -14.969 -4.74174 -5.8555 0.078807 -0.0140351 0.0380198 0.996066
1463142211.3150610924 -14.9883 -4.72295 -5.88099 0.0707475 -0.018209 0.0457334 0.996279
1463142211.4651594162 -15.0117 -4.70288 -5.91102 0.0615534 -0.0231846 0.0521203 0.996472
1463142211.6400165558 -15.0465 -4.68085 -5.94055 0.0528203 -0.032435 0.0641924 0.996011
1463142211.8154685497 -15.0898 -4.66173 -5.96204 0.0441078 -0.0476039 0.0699515 0.995437
1463142212.0411281586 -15.1373 -4.6446 -5.97672 0.0372628 -0.0567698 0.0778994 0.994646
1463142212.3409471512 -15.192 -4.6634 -5.97517 0.0306364 -0.0496888 0.0887275 0.994344
1463142212.5146942139 -15.2278 -4.69615 -5.96442 0.0335461 -0.0646618 0.0997455 0.992343
1463142212.6398508549 -15.2517 -4.72155 -5.95609 0.0327381 -0.0836184 0.1017 0.990754
1463142212.7648112774 -15.2715 -4.74975 -5.94791 0.0347107 -0.0982616 0.101453 0.989367
1463142212.8907322884 -15.2843 -4.78003 -5.93928 0.0409843 -0.111545 0.100046 0.987861
1463142213.0153167248 -15.2893 -4.8131 -5.92992 0.0475793 -0.122558 0.0984238 0.986422
1463142213.1396305561 -15.2885 -4.84671 -5.92066 0.0519543 -0.128767 0.0933211 0.985906
1463142213.2653403282 -15.2865 -4.87902 -5.91399 0.0575807 -0.135432 0.0930487 0.984726
1463142213.4150717258 -15.2772 -4.91286 -5.90565 0.0690427 -0.136734 0.0898325 0.984107
1463142213.5652017593 -15.2635 -4.94097 -5.89437 0.0846119 -0.136689 0.0820099 0.983581
1463142213.6899023056 -15.246 -4.97037 -5.88487 0.0996741 -0.137093 0.0768231 0.982532
1463142213.8148460388 -15.2212 -4.99284 -5.8747 0.114019 -0.138476 0.0732916 0.981047
1463142213.9395248890 -15.1911 -5.01286 -5.86586 0.125817 -0.136474 0.0676161 0.980292
1463142214.0643093586 -15.1581 -5.02411 -5.85751 0.134974 -0.13272 0.0578642 0.980214
1463142214.1905665398 -15.121 -5.02845 -5.84968 0.142951 -0.126089 0.0586116 0.979914
1463142214.3149859905 -15.0835 -5.01893 -5.84308 0.139732 -0.11748 0.0573322 0.981523
1463142214.4147207737 -15.0527 -5.00497 -5.83794 0.133977 -0.106225 0.0615377 0.983351
1463142214.5147707462 -15.0211 -4.9884 -5.83336 0.127061 -0.0969006 0.0621485 0.985192
1463142214.6393620968 -14.9845 -4.97065 -5.83074 0.120232 -0.0883411 0.0605424 0.986952
1463142214.7646675110 -14.9504 -4.95093 -5.82932 0.112599 -0.0791603 0.0617129 0.988558
1463142214.9148356915 -14.9154 -4.92089 -5.83041 0.103844 -0.0696827 0.0681351 0.989807
1463142215.0897412300 -14.8898 -4.88457 -5.83393 0.0963693 -0.0634177 0.0731658 0.990625
1463142215.2641310692 -14.8759 -4.84719 -5.83561 0.0874608 -0.0594516 0.0810402 0.991085
1463142215.4169034958 -14.871 -4.81115 -5.84171 0.0787419 -0.0559259 0.0831916 0.991842
1463142215.5640716553 -14.8684 -4.77142 -5.85035 0.0704453 -0.0503975 0.0896444 0.9922
1463142215.7141466141 -14.8708 -4.7331 -5.86098 0.0626812 -0.0465826 0.0898166 0.992892
1463142215.8892848492 -14.8817 -4.69924 -5.87631 0.0597766 -0.0485411 0.0794782 0.993858
1463142216.0890793800 -14.9003 -4.66501 -5.89182 0.0508512 -0.0538848 0.0706451 0.994746
1463142216.2890725136 -14.9244 -4.63146 -5.91153 0.0399864 -0.0543682 0.0697214 0.995281
1463142216.4639475346 -14.9639 -4.6087 -5.93599 0.0342089 -0.0600365 0.0670604 0.995353
1463142216.6389255524 -15.0138 -4.59689 -5.9636 0.034191 -0.0608734 0.066686 0.995328
1463142216.7888262272 -15.0647 -4.59667 -5.99246 0.0353407 -0.0729992 0.0704581 0.994212
1463142216.9394092560 -15.115 -4.60122 -6.02358 0.0403386 -0.0889465 0.0707401 0.992702
1463142217.0887682438 -15.163 -4.61371 -6.06039 0.0530455 -0.0985182 0.0913968 0.989508
