1461243977.9464049339 0 0 0 -0 -0 -0 1
1461243978.0873513222 -0.0407478 -0.020208 -0.0323248 -0.0130637 -0.0376885 -0.0168832 0.999061
1461243978.2864615917 -0.0752157 -0.0543163 -0.0867699 0.0336039 -0.0593253 -0.00442708 0.997663
1461243978.5663695335 -0.121959 -0.0813626 -0.168089 0.0324418 -0.101554 0.00896187 0.994261
1461243978.7866241932 -0.165894 -0.123795 -0.220072 0.0667984 -0.128161 0.013009 0.989416
1461243978.9463148117 -0.203468 -0.159798 -0.251302 0.105577 -0.148642 0.0109373 0.983178
1461243979.1267790794 -0.260582 -0.196104 -0.280226 0.125424 -0.173116 -0.0241573 0.976584
1461243979.3463678360 -0.344533 -0.241943 -0.315475 0.118015 -0.189044 -0.0425003 0.973924
1461243979.5665183067 -0.439771 -0.291851 -0.352569 0.102926 -0.200601 -0.0600858 0.972397
1461243979.7672147751 -0.510339 -0.34174 -0.392933 0.105882 -0.224464 -0.0593707 0.966892
1461243980.0665109158 -0.574596 -0.391727 -0.466673 0.114984 -0.24419 -0.051006 0.961534
1461243980.4061944485 -0.635208 -0.437861 -0.598065 0.117955 -0.257137 -0.0707893 0.956533
1461243980.5664091110 -0.672619 -0.472081 -0.679337 0.131761 -0.292143 -0.060275 0.945335
1461243980.7466471195 -0.713433 -0.513287 -0.764584 0.143239 -0.328195 -0.0731859 0.930814
1461243980.9462671280 -0.75856 -0.53434 -0.850201 0.129028 -0.369689 -0.086817 0.916048
1461243981.1661839485 -0.83075 -0.53975 -0.937941 0.0678749 -0.375925 -0.0751528 0.9211
1461243981.4061739445 -0.913244 -0.582387 -1.05547 0.0302513 -0.390688 -0.055762 0.918334
1461243981.6083960533 -0.95691 -0.635285 -1.16538 0.0570659 -0.401594 -0.0427811 0.913036
1461243981.7462263107 -0.982627 -0.660711 -1.24932 0.0935695 -0.425681 -0.0459771 0.898847
1461243982.1065213680 -0.994955 -0.693413 -1.44632 0.0877078 -0.434308 0.0149415 0.89636
1461243982.3082735538 -1.01093 -0.714572 -1.56447 0.10016 -0.466335 0.0045605 0.878908
1461243982.5103116035 -1.03086 -0.748295 -1.69206 0.141035 -0.481052 -0.00196618 0.865271
1461243982.6663641930 -1.06062 -0.769451 -1.82015 0.158272 -0.502505 0.00586525 0.849944
1461243982.8862562180 -1.09575 -0.809648 -1.97705 0.154649 -0.511552 0.041827 0.844185
1461243983.0664789677 -1.13048 -0.851545 -2.08337 0.171288 -0.523774 0.037703 0.833606
1461243983.3462626934 -1.23307 -0.898347 -2.20139 0.159374 -0.515576 0.0358147 0.84113
1461243983.5261116028 -1.30569 -0.94956 -2.24993 0.12022 -0.491813 0.0852255 0.85814
1461243983.7059664726 -1.35964 -1.01784 -2.25282 0.12408 -0.454297 0.0967572 0.876844
1461243983.8660674095 -1.40697 -1.05505 -2.22299 0.0992457 -0.413956 0.102342 0.899065
1461243984.0259730816 -1.47444 -1.06663 -2.18516 0.0697216 -0.375454 0.0827657 0.920501
1461243984.1705257893 -1.53612 -1.08297 -2.14228 0.0504838 -0.326567 0.0822459 0.940235
1461243984.3081882000 -1.58453 -1.1004 -2.08724 0.0409689 -0.272236 0.0873177 0.957384
1461243984.4259228706 -1.61329 -1.10963 -2.02996 0.0217593 -0.22312 0.0829289 0.971013
1461243984.5660476685 -1.64804 -1.11476 -1.9515 -0.00490402 -0.19775 0.0687888 0.977824
1461243984.6862409115 -1.67227 -1.11016 -1.87007 -0.0129052 -0.167581 0.0617654 0.983837
1461243984.8086760044 -1.69492 -1.09194 -1.77617 -0.0307961 -0.146066 0.0605435 0.98694
1461243984.9462330341 -1.71102 -1.08152 -1.661 -0.0374828 -0.133902 0.0587036 0.988544
1461243985.0659675598 -1.71613 -1.07807 -1.56547 -0.0537347 -0.126664 0.0527713 0.989082
1461243985.1862881184 -1.72 -1.07316 -1.46899 -0.083138 -0.121978 0.051017 0.987728
1461243985.3259658813 -1.72809 -1.06345 -1.34994 -0.0963252 -0.104851 0.0502123 0.988538
1461243985.4459640980 -1.73497 -1.05183 -1.24162 -0.0945005 -0.07879 0.0432409 0.99146
1461243985.5682084560 -1.73766 -1.05157 -1.13185 -0.0839244 -0.048546 0.0291812 0.994861
1461243985.7071433067 -1.74208 -1.0455 -1.00649 -0.0976721 -0.0378557 0.0352451 0.993874
1461243985.8459694386 -1.74686 -1.03526 -0.886529 -0.121704 -0.0347057 0.0245224 0.991656
1461243985.9858539104 -1.75412 -1.01051 -0.760439 -0.123303 -0.0357253 0.0260963 0.991382
1461243986.1459813118 -1.75339 -0.985751 -0.607931 -0.115501 -0.0286209 0.0379887 0.992168
1461243986.2662110329 -1.74938 -0.973522 -0.496227 -0.111249 -0.0323783 0.0430331 0.992332
1461243986.3859274387 -1.74864 -0.974117 -0.392075 -0.109152 -0.0454399 0.0321305 0.992466
1461243986.5272195339 -1.75779 -0.976907 -0.274444 -0.108016 -0.0673007 0.0256817 0.991536
1461243986.6458246708 -1.7726 -0.973599 -0.169977 -0.0901467 -0.0734707 0.0212269 0.992988
1461243986.7660145760 -1.79348 -0.965622 -0.0657879 -0.0690235 -0.0736191 0.0171843 0.994747
1461243986.8658404350 -1.80783 -0.963137 0.0198009 -0.0552306 -0.0593627 0.00144284 0.996706
1461243986.9657890797 -1.82447 -0.966714 0.102167 -0.0538012 -0.0658288 0.00750868 0.996351
1461243987.0458359718 -1.83495 -0.975296 0.162826 -0.0633777 -0.0695795 0.00515742 0.995548
1461243987.1459975243 -1.85029 -0.988616 0.234988 -0.0599054 -0.0704577 -0.00174603 0.995713
1461243987.2458188534 -1.8737 -0.996331 0.307344 -0.0552533 -0.0718461 0.00600106 0.995866
1461243987.3458235264 -1.90473 -0.994356 0.380901 -0.0601224 -0.0744825 -0.00227431 0.995406
1461243987.4261536598 -1.93125 -0.989829 0.442374 -0.0686835 -0.0727008 0.00172397 0.994985
1461243987.5058400631 -1.95328 -0.988856 0.506365 -0.072821 -0.0623263 0.0140332 0.995297
1461243987.5857360363 -1.96659 -0.995006 0.571832 -0.0645454 -0.0419165 0.0251778 0.996716
1461243987.6866390705 -1.98237 -1.00479 0.642381 -0.0640655 -0.0338054 0.0276129 0.996991
1461243987.7658727169 -1.99246 -1.01259 0.689582 -0.0726683 -0.0348706 0.0192121 0.996561
1461243987.8659620285 -2.00548 -1.01855 0.742415 -0.0823972 -0.026338 0.0236329 0.995971
1461243988.0078389645 -2.03464 -1.01578 0.810249 -0.100587 -0.0290034 0.0286405 0.994093
1461243988.1263542175 -2.05476 -1.00073 0.868388 -0.123429 -0.00392921 0.0377291 0.991628
1461243988.2271575928 -2.06842 -0.980207 0.919249 -0.151783 0.0298583 0.03009 0.987504
1461243988.3066825867 -2.07697 -0.963268 0.961282 -0.184489 0.052814 0.0181989 0.981246
1461243988.4080636501 -2.08128 -0.951209 1.01918 -0.200653 0.0966819 0.00725611 0.974853
1461243988.5085754395 -2.08046 -0.939909 1.07436 -0.207045 0.14991 0.0218342 0.966531
1461243988.6257660389 -2.07047 -0.930678 1.13138 -0.225528 0.188648 0.0189025 0.955611
1461243988.7859997749 -2.05218 -0.907919 1.18939 -0.261806 0.215558 0.0197055 0.940534
1461243988.9457333088 -2.03015 -0.877394 1.23994 -0.290246 0.244133 0.020679 0.925056
1461243989.0657074451 -2.00539 -0.850441 1.28427 -0.300865 0.273108 0.011931 0.913647
1461243989.1659331322 -1.98059 -0.825162 1.32704 -0.310848 0.291592 0.015032 0.904501
1461243989.2656705379 -1.95086 -0.799398 1.37561 -0.323027 0.307525 0.0241855 0.894705
1461243989.3656971455 -1.91169 -0.779186 1.42047 -0.336522 0.33851 0.0298999 0.87822
1461243989.4659016132 -1.87443 -0.76756 1.46985 -0.339858 0.352176 0.0392165 0.871166
1461243989.5857751369 -1.83863 -0.758011 1.53529 -0.33642 0.346973 0.0459965 0.874252
1461243989.6855716705 -1.8141 -0.750511 1.59274 -0.338235 0.337105 0.0424516 0.877585
1461243989.8064780235 -1.77871 -0.741725 1.66305 -0.327007 0.347882 0.040444 0.877729
1461243989.9056336880 -1.74974 -0.738974 1.72858 -0.315573 0.360575 0.0293322 0.877234
1461243990.0262174606 -1.71707 -0.735324 1.8152 -0.2993 0.365001 0.0160557 0.88144
1461243990.1459033489 -1.68643 -0.733717 1.90515 -0.293782 0.357933 0.0058023 0.886308
1461243990.2457089424 -1.6546 -0.731073 1.97255 -0.276678 0.363322 0.00598539 0.889613
1461243990.3855717182 -1.61145 -0.712081 2.05775 -0.264535 0.377017 0.00458516 0.887614
1461243990.5462028980 -1.56106 -0.678534 2.14928 -0.255061 0.385172 -0.00422739 0.886887
1461243990.6659829617 -1.52468 -0.656503 2.22463 -0.238422 0.382967 -0.0137894 0.892357
1461243990.8063962460 -1.48397 -0.638154 2.3139 -0.227689 0.386873 -0.00542277 0.893565
1461243990.9081563950 -1.45615 -0.628133 2.37827 -0.214878 0.391015 0.00280418 0.894945
1461243991.0256485939 -1.43406 -0.610015 2.46077 -0.195494 0.382047 0.0304379 0.902716
1461243991.1662604809 -1.41627 -0.589665 2.55508 -0.179235 0.369212 0.0274481 0.911484
1461243991.3256080151 -1.39802 -0.562958 2.66177 -0.158127 0.360289 0.016644 0.91919
1461243991.4857063293 -1.37512 -0.543263 2.76999 -0.149146 0.36675 0.0536954 0.916715
1461243991.6261146069 -1.35186 -0.548881 2.85516 -0.13357 0.392051 0.0880476 0.905926
1461243991.7855496407 -1.34504 -0.549499 2.96379 -0.122972 0.401211 0.115674 0.900293
1461243991.9255352020 -1.34837 -0.546199 3.0602 -0.133629 0.400614 0.124584 0.897848
1461243992.0455880165 -1.35687 -0.543491 3.1466 -0.137552 0.390761 0.140526 0.899243
1461243992.1855719090 -1.36878 -0.53902 3.24528 -0.158311 0.378712 0.162485 0.897281
1461243992.3058080673 -1.38302 -0.543382 3.3269 -0.165368 0.370741 0.181876 0.895615
1461243992.4454510212 -1.40603 -0.548206 3.42592 -0.16715 0.367745 0.200399 0.892561
1461243992.5856702328 -1.43649 -0.548343 3.52365 -0.172859 0.373613 0.223157 0.883591
1461243992.7254455090 -1.46271 -0.554282 3.61632 -0.187818 0.385575 0.21844 0.87655
1461243992.8254628181 -1.48006 -0.560909 3.68783 -0.188087 0.363687 0.207057 0.888528
1461243992.9085586071 -1.49397 -0.562499 3.74575 -0.183527 0.334329 0.184809 0.905753
1461243993.0074851513 -1.50613 -0.556092 3.81373 -0.185227 0.308226 0.161055 0.919102
1461243993.1076285839 -1.51232 -0.539866 3.87883 -0.177124 0.291697 0.145471 0.928643
1461243993.2076249123 -1.5128 -0.519477 3.94375 -0.166268 0.269953 0.144123 0.937395
1461243993.3261873722 -1.49692 -0.494138 4.01635 -0.155096 0.270034 0.143432 0.93939
1461243993.4655389786 -1.4698 -0.467369 4.10312 -0.158949 0.263226 0.142463 0.940825
1461243993.6058614254 -1.44171 -0.437258 4.18788 -0.153143 0.260892 0.172211 0.937457
1461243993.7257134914 -1.42738 -0.416915 4.26461 -0.14903 0.244545 0.156307 0.945281
1461243993.8677349091 -1.41705 -0.382051 4.35791 -0.184246 0.232936 0.122601 0.946976
1461243993.9854342937 -1.40474 -0.351736 4.43578 -0.224451 0.237314 0.105598 0.93923
1461243994.1083669662 -1.37229 -0.341445 4.50512 -0.228531 0.277488 0.117167 0.925768
1461243994.2254090309 -1.33315 -0.347406 4.56622 -0.229894 0.324303 0.111475 0.910796
1461243994.3459672928 -1.29778 -0.34995 4.62607 -0.222092 0.369958 0.09746 0.896832
1461243994.5054228306 -1.27129 -0.335212 4.72259 -0.216361 0.359244 0.0783071 0.904433
1461243994.6458067894 -1.24056 -0.323387 4.81806 -0.192311 0.340515 0.0663699 0.917966
1461243994.7456328869 -1.2199 -0.318043 4.88929 -0.175386 0.312783 0.0662734 0.931136
1461243994.8454957008 -1.20726 -0.314268 4.95799 -0.171337 0.275991 0.0606574 0.943818
1461243994.9655041695 -1.1974 -0.307677 5.03375 -0.16306 0.254721 0.0622605 0.951132
1461243995.0655927658 -1.20102 -0.300267 5.09745 -0.146303 0.223526 0.0556407 0.962048
1461243995.1853663921 -1.21165 -0.287675 5.17423 -0.132744 0.188923 0.0462154 0.97188
1461243995.3254277706 -1.22614 -0.277551 5.26162 -0.115205 0.164108 0.0393529 0.978901
1461243995.4454822540 -1.23691 -0.276156 5.32824 -0.10876 0.134775 0.0469126 0.983771
1461243995.5855405331 -1.24723 -0.274299 5.39611 -0.110433 0.104318 0.0441437 0.987408
1461243995.7076051235 -1.26616 -0.278511 5.45173 -0.0933762 0.0709007 0.043633 0.992144
1461243995.8253479004 -1.293 -0.281067 5.50596 -0.0855546 0.0316168 0.0408326 0.994994
1461243995.9454202652 -1.31626 -0.281395 5.55772 -0.071976 -0.00379086 0.0464755 0.996316
1461243996.0853168964 -1.34778 -0.284363 5.61389 -0.0619027 -0.038977 0.0556064 0.995769
1461243996.2268314362 -1.38253 -0.294461 5.65714 -0.0551768 -0.0907318 0.0538281 0.992888
1461243996.3655481339 -1.4169 -0.312064 5.69093 -0.0355361 -0.13806 0.0519127 0.988424
1461243996.5070221424 -1.46386 -0.32599 5.72113 -0.0115716 -0.182181 0.0473804 0.982055
1461243996.6453094482 -1.51272 -0.337508 5.7488 0.00227728 -0.219331 0.0433381 0.974685
1461243996.7854199409 -1.56197 -0.353583 5.77427 0.0283943 -0.247185 0.039625 0.967741
1461243996.9074585438 -1.6086 -0.36692 5.79532 0.0347056 -0.282375 0.0410852 0.957795
1461243997.0455596447 -1.66404 -0.379133 5.82288 0.0369023 -0.315966 0.0307551 0.947554
1461243997.1855602264 -1.71337 -0.400329 5.8538 0.0377308 -0.34313 0.033095 0.937946
1461243997.3073780537 -1.75793 -0.42419 5.88024 0.0515804 -0.364765 0.0351496 0.929005
1461243997.4071097374 -1.79555 -0.444817 5.90611 0.0680897 -0.376549 0.0308821 0.923375
1461243997.5058884621 -1.83684 -0.460743 5.93503 0.0800272 -0.38026 0.042986 0.920408
1461243997.5853857994 -1.87293 -0.473259 5.95846 0.0821408 -0.393213 0.05107 0.914346
1461243997.6851558685 -1.91618 -0.489242 5.98555 0.0821572 -0.40537 0.0400733 0.909571
1461243997.8078784943 -1.9608 -0.516341 6.01019 0.0876056 -0.429462 0.0492564 0.897475
1461243997.9264311790 -2.00558 -0.542605 6.02382 0.102363 -0.468506 0.052721 0.875925
1461243998.0655796528 -2.0694 -0.566809 6.02947 0.1286 -0.511936 0.0266454 0.848925
1461243998.2076640129 -2.12585 -0.596113 6.02936 0.150912 -0.548695 0.0293996 0.821763
1461243998.4252042770 -2.19059 -0.634136 6.03037 0.164831 -0.582842 0.0337936 0.794974
1461243998.6074190140 -2.2476 -0.660077 6.02337 0.181894 -0.616248 0.0142317 0.766127
1461243998.7652349472 -2.29462 -0.69007 6.00983 0.202281 -0.648763 0.0217877 0.73329
1461243998.8850858212 -2.33216 -0.709032 5.99812 0.221125 -0.679979 0.0146433 0.698941
1461243999.0451905727 -2.37163 -0.738074 5.98503 0.237032 -0.714409 0.0113579 0.65826
1461243999.2079415321 -2.39994 -0.771294 5.96353 0.271007 -0.743647 0.0114775 0.611076
1461243999.3651008606 -2.43809 -0.791819 5.93417 0.285182 -0.772037 0.00518248 0.567982
1461243999.5451529026 -2.48653 -0.815796 5.89031 0.300904 -0.789937 0.00234869 0.534276
1461243999.7078762054 -2.53217 -0.841131 5.8438 0.322441 -0.795409 -0.00221638 0.513177
1461243999.8655250072 -2.56604 -0.872272 5.78921 0.337731 -0.805246 0.00155291 0.487355
1461244000.0055267811 -2.58793 -0.895356 5.73719 0.349201 -0.81745 0.00497829 0.458049
1461244000.1451373100 -2.60797 -0.913937 5.68005 0.357525 -0.832832 0.0120974 0.422398
1461244000.3050720692 -2.63548 -0.92979 5.6068 0.368103 -0.849848 0.00696493 0.377107
1461244000.4250130653 -2.65383 -0.949677 5.54952 0.370784 -0.863208 0.0116666 0.342425
1461244000.5850846767 -2.67701 -0.976133 5.47697 0.371211 -0.874751 0.0148257 0.311115
1461244000.7072093487 -2.69534 -0.992544 5.41932 0.375518 -0.880614 0.00999042 0.288798
1461244000.8253507614 -2.71401 -1.00059 5.35045 0.37797 -0.887541 0.0084354 0.26332
1461244001.0072832108 -2.74749 -1.0133 5.23916 0.394509 -0.885454 0.00494588 0.245579
1461244001.1650071144 -2.77016 -1.04007 5.13923 0.407302 -0.879801 0.00122147 0.24506
1461244001.3052854538 -2.79061 -1.06747 5.04815 0.389934 -0.889233 0.0123584 0.238878
1461244001.4251098633 -2.8167 -1.08125 4.96674 0.388077 -0.890546 0.00864776 0.237167
1461244001.5250728130 -2.83733 -1.09046 4.89567 0.390727 -0.89149 0.00988039 0.229084
1461244001.6249768734 -2.85691 -1.10287 4.82254 0.390234 -0.895241 0.00892202 0.214899
1461244001.7067720890 -2.86811 -1.11599 4.76342 0.387995 -0.899115 0.00838907 0.202439
1461244001.7849326134 -2.87675 -1.12995 4.70649 0.386953 -0.902495 0.00198527 0.189121
1461244001.8849732876 -2.88559 -1.14834 4.6377 0.390506 -0.90387 -0.00441017 0.174657
1461244001.9649343491 -2.89308 -1.16069 4.58255 0.392499 -0.904427 -0.00333018 0.167168
1461244002.0448627472 -2.90104 -1.17064 4.52485 0.393861 -0.905026 0.000641334 0.16063
1461244002.1249647141 -2.91116 -1.17928 4.46463 0.396656 -0.90378 0.00963591 0.160475
1461244002.2072246075 -2.92291 -1.18779 4.40257 0.397878 -0.902429 0.0177466 0.16432
1461244002.2850201130 -2.93234 -1.19932 4.34246 0.400495 -0.900171 0.0242673 0.169432
1461244002.3649077415 -2.94063 -1.21112 4.28382 0.400133 -0.89894 0.018997 0.177312
1461244002.4452157021 -2.94676 -1.22354 4.2236 0.392584 -0.902616 0.0160208 0.175802
1461244002.5252490044 -2.95205 -1.23634 4.16441 0.394594 -0.902382 0.0132394 0.172706
1461244002.6070671082 -2.96049 -1.24632 4.10515 0.390463 -0.903742 0.0207869 0.174235
1461244002.6851878166 -2.97045 -1.24989 4.04263 0.388743 -0.905705 0.0186006 0.16802
1461244002.7651274204 -2.98154 -1.25377 3.97851 0.39269 -0.904232 0.0164167 0.167004
1461244002.8448996544 -2.9905 -1.26183 3.91371 0.394713 -0.904348 0.0139915 0.161741
1461244002.9268836975 -2.9949 -1.27239 3.84889 0.39359 -0.90747 0.00840371 0.146676
1461244003.0071773529 -2.99835 -1.28406 3.78673 0.394192 -0.908592 0.00340366 0.138065
1461244003.0850841999 -3.00022 -1.29519 3.72605 0.395478 -0.909342 -0.000532087 0.129205
1461244003.1649065018 -3.00393 -1.30237 3.66357 0.394622 -0.910928 0.0014916 0.120335
1461244003.2448673248 -3.00896 -1.30585 3.59959 0.398454 -0.910188 0.0029552 0.113063
1461244003.3249084949 -3.01466 -1.30997 3.5333 0.405616 -0.90734 0.00993105 0.110049
1461244003.4078111649 -3.02164 -1.31642 3.46723 0.406607 -0.906276 0.0119183 0.11486
1461244003.4848005772 -3.02564 -1.3263 3.40333 0.403225 -0.907783 0.00869666 0.115166
1461244003.5647492409 -3.03133 -1.34045 3.34019 0.400057 -0.907941 0.0104755 0.124448
1461244003.6448857784 -3.03371 -1.35244 3.27615 0.398925 -0.909991 0.00240971 0.113002
1461244003.7249286175 -3.03838 -1.36635 3.21487 0.404087 -0.907868 0.00997835 0.111308
1461244003.8248863220 -3.04601 -1.37788 3.13558 0.40282 -0.909142 0.0196535 0.103974
1461244003.9647691250 -3.06155 -1.39178 3.02624 0.406205 -0.908689 0.024715 0.0931144
1461244004.0852355957 -3.06882 -1.40957 2.93835 0.401549 -0.912273 0.0204915 0.0780834
1461244004.1847848892 -3.07167 -1.42631 2.86829 0.406239 -0.911367 0.0161668 0.0641729
1461244004.2849566936 -3.07725 -1.4388 2.80083 0.406735 -0.911709 0.0155439 0.0557846
1461244004.3646888733 -3.08379 -1.44268 2.74328 0.406991 -0.91222 0.0171715 0.0437859
1461244004.4448263645 -3.09292 -1.44555 2.68191 0.411799 -0.91026 0.0174577 0.039284
1461244004.5248076916 -3.103 -1.45183 2.61965 0.414706 -0.90889 0.0222337 0.0380023
1461244004.6071100235 -3.11167 -1.46035 2.55759 0.420836 -0.906287 0.0206502 0.0333991
1461244004.6855680943 -3.12192 -1.47298 2.49746 0.417797 -0.907826 0.015933 0.0323086
1461244004.7653999329 -3.13197 -1.48594 2.43812 0.413323 -0.909981 0.00591513 0.0326275
1461244004.8448812962 -3.14127 -1.50077 2.38038 0.418519 -0.907643 0.00861516 0.0308688
1461244004.9255433083 -3.15429 -1.51008 2.32088 0.409019 -0.912022 0.0100909 0.0285865
1461244005.0048508644 -3.16809 -1.51722 2.26035 0.408176 -0.912553 0.00980298 0.0233217
1461244005.0854270458 -3.18259 -1.52636 2.20121 0.413164 -0.910455 0.0116065 0.0152639
1461244005.1652317047 -3.19349 -1.5365 2.14353 0.418254 -0.90827 0.0100249 0.00301132
1461244005.2447934151 -3.19918 -1.54775 2.08919 -0.417248 0.908527 -0.00131358 0.0219456
1461244005.3260908127 -3.20555 -1.56016 2.03776 -0.415354 0.908768 0.00601099 0.0398241
1461244005.4246931076 -3.21084 -1.57508 1.97683 -0.420539 0.905213 0.00328881 0.0610331
1461244005.5069797039 -3.21512 -1.58029 1.92503 -0.413474 0.906959 -0.00241543 0.0803721
1461244005.5847473145 -3.22347 -1.5825 1.87129 -0.422952 0.900913 -0.00336357 0.0972432
1461244005.6649813652 -3.22928 -1.58235 1.81572 -0.433538 0.894798 -0.00558106 0.106539
1461244005.7449066639 -3.23107 -1.58541 1.76065 -0.433986 0.893373 -0.00951349 0.115975
1461244005.8447108269 -3.22563 -1.59067 1.69531 -0.438503 0.887351 -0.00544186 0.142455
1461244005.9649574757 -3.2154 -1.60132 1.62399 -0.435434 0.883963 -0.00261458 0.170295
1461244006.1254804134 -3.20974 -1.60826 1.53107 -0.428099 0.880826 -9.76984e-05 0.202181
1461244006.2447662354 -3.2036 -1.60437 1.46362 -0.435067 0.868271 -0.000188533 0.238374
1461244006.3646938801 -3.19297 -1.60684 1.40197 -0.428172 0.860649 0.00444897 0.275557
1461244006.4846756458 -3.17584 -1.60696 1.34935 -0.427217 0.849055 0.0148606 0.310436
1461244006.6046614647 -3.1522 -1.60187 1.303 -0.422961 0.835843 0.0194362 0.349418
1461244006.7448647022 -3.12806 -1.58404 1.24793 -0.423226 0.820329 0.0204236 0.384088
1461244006.8846564293 -3.1003 -1.56279 1.1947 -0.426943 0.809128 0.0143535 0.403517
1461244007.0070688725 -3.0663 -1.54508 1.15774 -0.43223 0.794226 0.0203052 0.42658
1461244007.1248550415 -3.02949 -1.53247 1.12605 -0.4211 0.788594 0.0275839 0.447251
1461244007.2451932430 -2.98992 -1.51482 1.10095 -0.419447 0.77709 0.0245592 0.468606
1461244007.3644933701 -2.95003 -1.49323 1.08181 -0.423966 0.761285 0.0251325 0.489966
1461244007.4647490978 -2.9165 -1.47406 1.06517 -0.415145 0.760431 0.0289714 0.498557
1461244007.5646297932 -2.87942 -1.45518 1.04934 -0.40449 0.762131 0.0326753 0.504457
1461244007.6448938847 -2.84862 -1.43959 1.03979 -0.402982 0.754779 0.0455654 0.515595
1461244007.7449357510 -2.81196 -1.42514 1.02689 -0.397761 0.761818 0.0480251 0.509032
1461244007.8646376133 -2.76808 -1.40268 1.01668 -0.392446 0.761085 0.0601098 0.512955
1461244007.9647088051 -2.73188 -1.37989 1.0063 -0.394826 0.762751 0.0661349 0.507887
1461244008.0845863819 -2.69046 -1.35315 0.988322 -0.400358 0.773411 0.0683796 0.486697
1461244008.2246370316 -2.63911 -1.32556 0.963106 -0.405174 0.789145 0.0634788 0.457225
1461244008.3445854187 -2.59982 -1.31035 0.93706 -0.408867 0.805537 0.0575976 0.424995
1461244008.4645309448 -2.56336 -1.29114 0.907457 -0.404727 0.816432 0.0566328 0.407955
1461244008.5850288868 -2.53066 -1.26539 0.872778 -0.425325 0.812638 0.0528896 0.394867
1461244008.7069685459 -2.50212 -1.24535 0.833073 -0.430013 0.821321 0.0493892 0.371593
1461244008.8067364693 -2.47854 -1.23125 0.798252 -0.427066 0.83114 0.0524375 0.352237
1461244008.9444527626 -2.44992 -1.21419 0.753919 -0.436458 0.836106 0.0670004 0.325487
1461244009.1250488758 -2.41554 -1.19589 0.709762 -0.432426 0.846143 0.0860938 0.299395
1461244009.3647778034 -2.36679 -1.16994 0.64868 -0.439379 0.852222 0.0914155 0.2689
1461244009.6066346169 -2.31405 -1.14747 0.580878 -0.460449 0.85131 0.0806339 0.238237
1461244009.8451781273 -2.26369 -1.12231 0.512238 -0.472641 0.844375 0.0906806 0.235412
1461244010.0444810390 -2.22072 -1.08809 0.446396 -0.485383 0.833869 0.100736 0.242729
1461244010.1846332550 -2.176 -1.06185 0.390647 -0.495121 0.818342 0.111885 0.269542
1461244010.3044059277 -2.132 -1.05043 0.336153 -0.500704 0.809836 0.110441 0.285068
1461244010.4251344204 -2.08357 -1.04706 0.281502 -0.520695 0.788255 0.110092 0.308886
1461244010.5247912407 -2.04123 -1.05057 0.23919 -0.528706 0.781199 0.0879164 0.320106
1461244010.6651549339 -1.98512 -1.04186 0.186549 -0.535879 0.768294 0.090186 0.338267
1461244010.7644836903 -1.94064 -1.02129 0.151045 -0.5306 0.755416 0.0975124 0.37189
1461244010.8647027016 -1.89201 -0.992884 0.114898 -0.529167 0.737264 0.095515 0.409024
1461244010.9643731117 -1.84188 -0.96777 0.0741775 -0.530844 0.725493 0.082596 0.430167
1461244011.0450112820 -1.80085 -0.954276 0.0388555 -0.532089 0.726168 0.0636732 0.430706
1461244011.1444020271 -1.74754 -0.936227 0.00259518 -0.52241 0.714942 0.0653182 0.460086
1461244011.2643892765 -1.69095 -0.916951 -0.0433158 -0.510269 0.704981 0.0828192 0.485561
1461244011.3844394684 -1.638 -0.896115 -0.0908326 -0.50011 0.691931 0.0858955 0.51356
1461244011.4843707085 -1.5932 -0.881762 -0.133779 -0.482043 0.684121 0.0771982 0.541898
1461244011.5843424797 -1.55156 -0.871034 -0.178368 -0.476442 0.663526 0.0544551 0.574257
1461244011.6843886375 -1.51461 -0.867864 -0.225228 -0.460841 0.64775 0.0395345 0.605378
1461244011.8045823574 -1.47219 -0.879139 -0.280101 -0.444931 0.624822 0.0245303 0.641118
1461244011.9243905544 -1.43088 -0.90127 -0.340445 -0.425093 0.612432 0.00276767 0.666494
1461244012.0644221306 -1.39187 -0.917191 -0.41826 -0.395685 0.606553 -0.0128373 0.689465
1461244012.2451441288 -1.36178 -0.915258 -0.531432 -0.380568 0.589119 -0.0341093 0.712
1461244012.4243021011 -1.34291 -0.906142 -0.658198 -0.386841 0.560263 -0.0370581 0.731496
1461244012.5445618629 -1.33184 -0.912428 -0.756274 -0.397887 0.564177 -0.0352902 0.722596
1461244012.6647222042 -1.32603 -0.917258 -0.858961 -0.408659 0.570232 -0.0196158 0.712354
1461244012.8062653542 -1.33035 -0.912068 -0.976694 -0.411886 0.567157 -0.0103096 0.713146
1461244012.9442162514 -1.34194 -0.909677 -1.09926 -0.424029 0.568084 -0.0155126 0.705152
1461244013.1065530777 -1.35493 -0.911268 -1.22672 -0.427183 0.56288 0.0190213 0.707332
1461244013.3065125942 -1.3523 -0.912623 -1.36292 -0.423608 0.553871 0.0477718 0.715193
1461244013.4642388821 -1.35073 -0.88591 -1.46979 -0.443945 0.530772 0.0475691 0.720368
1461244013.6078743935 -1.3354 -0.859001 -1.56238 -0.456783 0.516307 0.0309793 0.723752
1461244013.8059890270 -1.29086 -0.846901 -1.66156 -0.458085 0.49473 0.0235117 0.738138
1461244013.9649841785 -1.24137 -0.856789 -1.71461 -0.428557 0.498043 0.0147981 0.753707
1461244014.1242365837 -1.19605 -0.844593 -1.74906 -0.404108 0.460689 0.00127335 0.790228
1461244014.3045077324 -1.15515 -0.825281 -1.77277 -0.371364 0.416196 -0.00782273 0.829945
1461244014.4842233658 -1.11798 -0.807687 -1.76781 -0.352421 0.36107 -0.00587862 0.863362
1461244014.6448912621 -1.07551 -0.787961 -1.74344 -0.322223 0.327003 -0.00250847 0.888389
1461244014.7843072414 -1.03012 -0.754324 -1.69983 -0.288433 0.312067 0.00469833 0.905206
1461244014.9064397812 -0.984959 -0.719332 -1.65263 -0.274202 0.301827 0.00733185 0.91305
1461244015.0244216919 -0.937425 -0.691334 -1.59773 -0.267964 0.291818 -0.00116493 0.91817
1461244015.1242454052 -0.898035 -0.67726 -1.55053 -0.242254 0.297107 -0.00192423 0.9236
1461244015.2641229630 -0.855056 -0.647674 -1.47958 -0.237128 0.275878 0.00510389 0.93147
1461244015.3841633797 -0.825126 -0.619124 -1.41005 -0.227504 0.248059 0.00490767 0.941639
1461244015.4841146469 -0.800799 -0.595172 -1.34603 -0.20553 0.233237 0.0171237 0.950297
1461244015.6064665318 -0.766251 -0.574489 -1.27167 -0.180213 0.216889 0.0143416 0.959311
1461244015.7241368294 -0.742327 -0.568443 -1.19445 -0.154872 0.169765 0.0136451 0.973144
1461244015.8641920090 -0.71477 -0.55718 -1.10682 -0.141114 0.139528 0.0173878 0.979957
1461244016.0069437027 -0.697716 -0.53493 -1.01291 -0.118415 0.110077 0.0261944 0.986496
1461244016.1443858147 -0.684642 -0.513739 -0.911465 -0.0905055 0.0903306 0.015444 0.991671
1461244016.2844924927 -0.66651 -0.50271 -0.811682 -0.0595919 0.0892835 0.00870675 0.994184
1461244016.4074411392 -0.645181 -0.492364 -0.730537 -0.0511074 0.0796204 0.0206618 0.9953
1461244016.5244400501 -0.625738 -0.477974 -0.65067 -0.055511 0.0617147 0.0237502 0.996266
1461244016.6443960667 -0.61162 -0.452069 -0.56815 -0.0563096 0.0450271 0.0299835 0.996947
1461244016.7640824318 -0.5992 -0.425424 -0.481233 -0.052283 0.0331783 0.0312827 0.997591
1461244016.8840777874 -0.575491 -0.403995 -0.390715 -0.038785 0.0234964 0.0322017 0.998452
1461244017.0252597332 -0.547849 -0.395213 -0.288468 -0.027449 -0.0017828 0.0351068 0.999005
1461244017.1844894886 -0.51322 -0.367257 -0.179976 -0.0354495 -0.00672896 0.0402397 0.998538
1461244017.3439910412 -0.48786 -0.32644 -0.0669228 -0.0311748 -0.0058349 0.0445476 0.998504
1461244017.4840726852 -0.457851 -0.289109 0.0376264 -0.0212051 0.00263968 0.0336849 0.999204
1461244017.6240153313 -0.435439 -0.254091 0.143714 -0.0214555 -0.009766 0.0299368 0.999274
1461244017.7638545036 -0.410093 -0.229242 0.240746 -0.0343167 -0.0320309 0.0225657 0.998643
1461244017.9069168568 -0.392527 -0.205417 0.323387 -0.0425526 -0.0605846 0.0356678 0.996618
1461244018.0640206337 -0.367448 -0.162655 0.402816 -0.0383881 -0.0906843 0.0456863 0.99409
1461244018.2439465523 -0.330657 -0.109313 0.48057 -0.0273633 -0.132305 0.0558293 0.989257
1461244018.4043304920 -0.292932 -0.062889 0.540489 -0.0392937 -0.166229 0.0488583 0.984092
1461244018.5842101574 -0.249458 -0.0263641 0.598506 -0.0471101 -0.165209 0.0558214 0.98355
1461244018.7641630173 -0.223874 0.0114687 0.644349 -0.0679745 -0.156528 0.063996 0.983251
1461244018.9239647388 -0.211695 0.0360941 0.676974 -0.0921683 -0.139012 0.0633819 0.983953
1461244019.1649863720 -0.203993 0.049274 0.709506 -0.104713 -0.103924 0.0755381 0.986169
1461244019.8238427639 -0.200334 0.0736224 0.741536 -0.13012 -0.0930571 0.0617559 0.985188
