1461244280.2146675587 0 0 0 -0 -0 -0 1
1461244280.4529461861 -0.0767759 -0.00928064 -0.00514049 0.0283314 -0.0196975 0.0363749 0.998742
1461244280.8131496906 -0.198701 -0.0189662 -0.00413701 0.0253028 0.00735349 0.0296445 0.999213
1461244280.9731807709 -0.270577 -0.0254508 0.00693229 0.0232622 -0.0197152 0.0143449 0.999432
1461244281.1338407993 -0.354067 -0.03597 0.0270281 0.00584245 -0.0418224 -0.00624649 0.999088
1461244281.2936053276 -0.434444 -0.0579186 0.0431509 0.0223577 -0.0608143 0.0165905 0.997761
1461244281.4532709122 -0.505424 -0.0757467 0.0572795 0.0267201 -0.0561291 -0.0147331 0.997957
1461244281.6533966064 -0.587855 -0.0840569 0.0758266 0.0267399 -0.0605293 -0.0111503 0.997746
1461244281.8134918213 -0.66055 -0.0914129 0.0915017 0.0212378 -0.0687043 -0.00610124 0.997392
1461244281.9734997749 -0.739561 -0.0999039 0.095461 0.0188971 -0.0827669 -0.00726992 0.996363
1461244282.1334807873 -0.822452 -0.102945 0.0894663 0.0120128 -0.100907 -0.016907 0.99468
1461244282.2953264713 -0.910759 -0.0968616 0.0793272 0.00278008 -0.125892 -0.00922005 0.991997
1461244282.4537119865 -1.00358 -0.0913338 0.0658073 -0.010234 -0.138261 -0.00570922 0.990327
1461244282.6136507988 -1.09609 -0.0956439 0.0544088 -0.0353287 -0.154653 -0.0174196 0.987183
1461244282.7736723423 -1.17947 -0.10926 0.0522328 -0.0304398 -0.182786 -0.0295895 0.982236
1461244282.9737544060 -1.26773 -0.123335 0.0609411 -0.0266017 -0.17553 -0.0236216 0.983831
1461244283.1738204956 -1.34922 -0.137789 0.0622902 -0.044063 -0.172744 -0.0201518 0.983774
1461244283.3738856316 -1.41649 -0.162481 0.0585113 -0.0388092 -0.177302 -0.0016869 0.98339
1461244283.6539955139 -1.47554 -0.195929 0.059947 -0.029777 -0.135337 0.0218804 0.99011
1461244284.1741170883 -1.47703 -0.23768 0.0521445 -0.0614472 -0.0830786 0.0497938 0.9934
1461244284.4541797638 -1.4081 -0.235633 0.030208 -0.062925 -0.0624727 0.0837564 0.992533
1461244284.6943211555 -1.3332 -0.213793 0.00912252 -0.0766417 -0.0455615 0.0824959 0.992595
1461244284.8541753292 -1.27946 -0.191974 0.00186134 -0.0847425 -0.0210897 0.0830233 0.992714
1461244285.0144324303 -1.22156 -0.170099 0.00226324 -0.0905649 0.0026785 0.113088 0.989445
1461244285.1745200157 -1.16392 -0.146809 0.0165555 -0.105957 0.0191054 0.103098 0.988827
1461244285.3344821930 -1.10094 -0.123613 0.0422156 -0.114196 0.0374274 0.113707 0.98622
1461244285.4946019650 -1.03772 -0.101999 0.0661809 -0.114775 0.0563114 0.104291 0.986296
1461244285.6546299458 -0.979619 -0.0854056 0.0873848 -0.114841 0.0643825 0.111192 0.98504
1461244285.8144359589 -0.920535 -0.0614244 0.103997 -0.126359 0.0844685 0.136259 0.978944
1461244285.9747567177 -0.862656 -0.0404509 0.122669 -0.121452 0.0895514 0.136179 0.979125
1461244286.1377608776 -0.801286 -0.0217795 0.137627 -0.120354 0.092043 0.144047 0.977903
1461244286.3347492218 -0.734097 -0.00455941 0.156901 -0.146117 0.0759485 0.123495 0.978586
1461244286.5360054970 -0.675743 0.00975654 0.185575 -0.15477 0.0653437 0.133059 0.976766
1461244286.6949665546 -0.630966 0.0145779 0.222857 -0.136982 0.059283 0.127559 0.980536
1461244286.8550088406 -0.584113 0.00892997 0.26787 -0.102111 0.0795597 0.11281 0.985148
1461244287.0149033070 -0.551504 -0.00167188 0.319831 -0.107139 0.0584748 0.103193 0.987144
1461244287.1751883030 -0.526314 -0.0123497 0.374468 -0.130561 0.0404819 0.0724638 0.987959
1461244287.3348920345 -0.505865 -0.0219818 0.438244 -0.117121 0.0131911 0.0699895 0.99056
1461244287.4974577427 -0.48311 -0.0318853 0.510123 -0.117342 -0.00420532 0.0502081 0.991813
1461244287.6556463242 -0.459463 -0.0520869 0.578679 -0.0743258 0.00517316 0.0816779 0.99387
1461244287.8163027763 -0.440585 -0.0697719 0.638236 -0.0608148 0.0372293 0.0942247 0.992994
1461244287.9751448631 -0.434371 -0.0774275 0.702802 -0.0634332 0.0544954 0.112862 0.990085
1461244288.1356797218 -0.429433 -0.0836344 0.775038 -0.054989 0.0831821 0.125568 0.987061
1461244288.2985563278 -0.422241 -0.0947277 0.844194 -0.0538555 0.131267 0.128377 0.981523
1461244288.4558064938 -0.417026 -0.108481 0.908469 -0.0607722 0.151959 0.141226 0.976356
1461244288.6170420647 -0.410618 -0.117464 0.972311 -0.0609226 0.161756 0.146588 0.973979
1461244288.7754714489 -0.403214 -0.123371 1.03673 -0.0589297 0.161062 0.140088 0.975173
1461244288.9355351925 -0.391141 -0.131727 1.09664 -0.0496075 0.16842 0.131592 0.975632
1461244289.0976045132 -0.382039 -0.141424 1.14732 -0.0471472 0.15757 0.144431 0.97575
1461244289.2556021214 -0.375974 -0.148373 1.1927 -0.0614702 0.152021 0.13488 0.977199
1461244289.4155128002 -0.368792 -0.150407 1.23841 -0.0527914 0.147821 0.139566 0.977693
1461244289.5757782459 -0.361746 -0.151986 1.28621 -0.0601913 0.157746 0.11777 0.978582
1461244289.7357394695 -0.351756 -0.158668 1.33388 -0.0487473 0.173396 0.120089 0.976287
1461244289.8983073235 -0.343772 -0.168359 1.37731 -0.0485858 0.177617 0.105326 0.97724
1461244290.0559337139 -0.336548 -0.172516 1.41744 -0.0481199 0.17286 0.114473 0.977087
1461244290.2160029411 -0.329428 -0.17317 1.45704 -0.0525424 0.172864 0.109565 0.977422
1461244290.3757014275 -0.319901 -0.168626 1.49829 -0.0643581 0.172991 0.0950133 0.978215
1461244290.5372533798 -0.305252 -0.170096 1.54144 -0.0459878 0.173391 0.0931019 0.979363
1461244290.6983015537 -0.292323 -0.182325 1.58123 -0.0307077 0.175807 0.0931648 0.979525
1461244290.9762451649 -0.274858 -0.189904 1.65018 -0.0234809 0.181296 0.0985151 0.9782
1461244291.1769585609 -0.258197 -0.18809 1.70488 -0.0278461 0.211797 0.0956793 0.97222
1461244291.3362026215 -0.238978 -0.19138 1.75123 -0.0409554 0.261363 0.0955803 0.959623
1461244291.4986979961 -0.212332 -0.197499 1.79127 -0.0298019 0.316334 0.122022 0.940295
1461244291.6569766998 -0.182053 -0.198625 1.82664 -0.0224381 0.355804 0.128788 0.925372
1461244291.8167409897 -0.147987 -0.197431 1.8624 -0.015079 0.39331 0.134477 0.909393
1461244292.0163776875 -0.105771 -0.199583 1.90536 -0.00968575 0.431528 0.148128 0.889802
1461244292.2165601254 -0.0645914 -0.19967 1.93945 -0.0243482 0.467373 0.168619 0.867489
1461244292.3765776157 -0.0248844 -0.192809 1.97158 -0.0434309 0.482321 0.17232 0.85778
1461244292.5365970135 0.0231547 -0.183905 2.00223 -0.0566706 0.509289 0.171187 0.841491
1461244292.6967639923 0.0773883 -0.179694 2.02451 -0.0749027 0.54442 0.173155 0.817321
1461244292.8566811085 0.135014 -0.180126 2.0448 -0.0684557 0.568047 0.189735 0.797895
1461244293.0178523064 0.198307 -0.177817 2.06535 -0.0656153 0.580351 0.187115 0.789858
1461244293.1773283482 0.27118 -0.173405 2.08579 -0.0599116 0.589545 0.180812 0.784955
1461244293.3381707668 0.341812 -0.17544 2.10243 -0.0546771 0.603419 0.181039 0.774675
1461244293.4976372719 0.408652 -0.181943 2.12558 -0.0699423 0.584108 0.173329 0.789863
1461244293.6569855213 0.47895 -0.181067 2.15036 -0.0505597 0.581365 0.163566 0.795428
1461244293.8169791698 0.55418 -0.174009 2.17855 -0.0539355 0.591048 0.154802 0.789804
1461244293.9770293236 0.628022 -0.173195 2.20022 -0.0729359 0.608135 0.163199 0.773446
1461244294.1370959282 0.703534 -0.176117 2.22277 -0.0821906 0.618561 0.155937 0.765709
1461244294.2987611294 0.779341 -0.17165 2.24846 -0.0643029 0.615742 0.144499 0.771911
1461244294.4575822353 0.852768 -0.168175 2.27721 -0.0684989 0.600723 0.141591 0.783832
1461244294.6172409058 0.923807 -0.172385 2.3 -0.0656678 0.579811 0.150326 0.798065
1461244294.7776539326 0.995094 -0.174307 2.32248 -0.0423398 0.562635 0.15019 0.811845
1461244294.9374275208 1.06887 -0.167299 2.34552 -0.0416721 0.547877 0.135194 0.82451
1461244295.0996215343 1.14345 -0.160466 2.36343 -0.0508147 0.537669 0.137866 0.830255
1461244295.2586004734 1.21469 -0.157442 2.37923 -0.0714821 0.524691 0.14148 0.836405
1461244295.4202966690 1.28416 -0.155251 2.39683 -0.0677093 0.502679 0.143335 0.849814
1461244295.5775260925 1.35611 -0.148145 2.4096 -0.0635044 0.495961 0.138062 0.854944
1461244295.7385475636 1.42499 -0.148313 2.42038 -0.0554632 0.477195 0.127667 0.867704
1461244295.8999056816 1.48626 -0.154006 2.43585 -0.0690594 0.439454 0.11846 0.887737
1461244296.0579791069 1.54691 -0.148878 2.45245 -0.0549147 0.411454 0.11173 0.902888
1461244296.2176432610 1.60706 -0.14173 2.47355 -0.0604343 0.387762 0.0922931 0.915134
1461244296.3779559135 1.66115 -0.142115 2.49733 -0.0606206 0.342629 0.0806188 0.93404
1461244296.5378050804 1.70888 -0.14391 2.51931 -0.0605641 0.296074 0.0898876 0.948995
1461244296.7002372742 1.75272 -0.140211 2.54193 -0.0529979 0.257382 0.0856504 0.961046
1461244296.8579227924 1.794 -0.136124 2.5662 -0.059835 0.210917 0.0758004 0.972722
1461244297.0179221630 1.82556 -0.138315 2.59174 -0.0679198 0.138695 0.0664684 0.985765
1461244297.1779735088 1.85121 -0.142069 2.61749 -0.0711984 0.0894888 0.0717107 0.990848
1461244297.3379867077 1.87213 -0.141542 2.65347 -0.0715271 0.0383836 0.0486546 0.995512
1461244297.5043780804 1.89032 -0.144462 2.69696 -0.0578486 0.00489262 0.0343018 0.997724
1461244297.6580989361 1.90129 -0.149355 2.74302 -0.0646975 -0.0335997 0.020226 0.997134
1461244297.8181152344 1.90216 -0.156422 2.78854 -0.0770177 -0.07744 -0.00839575 0.993982
1461244297.9782996178 1.89466 -0.160137 2.83938 -0.088269 -0.111997 -0.0153903 0.989661
1461244298.1389458179 1.89047 -0.165739 2.89356 -0.0873805 -0.118745 -0.0112733 0.989008
1461244298.3011548519 1.87728 -0.175362 2.94183 -0.0841417 -0.142748 -0.00938483 0.986131
1461244298.4584696293 1.8573 -0.179125 2.98494 -0.106164 -0.156043 -0.00769681 0.981998
1461244298.6184170246 1.82961 -0.182182 3.03063 -0.115486 -0.171392 -0.00905932 0.978369
1461244298.7814874649 1.80113 -0.188929 3.08153 -0.113385 -0.149457 -0.00660142 0.982223
1461244298.9388818741 1.77622 -0.202537 3.13061 -0.127061 -0.126521 -0.00870518 0.983754
1461244299.1002011299 1.75605 -0.222239 3.18318 -0.120436 -0.116248 0.0129125 0.985807
1461244299.2586555481 1.7404 -0.233599 3.24158 -0.115064 -0.10029 0.0284231 0.987874
1461244299.4202356339 1.72362 -0.246185 3.3007 -0.114151 -0.0887204 0.016534 0.989356
1461244299.5787758827 1.70565 -0.257727 3.35408 -0.121517 -0.0949114 0.0172239 0.987891
1461244299.7387049198 1.68862 -0.271812 3.40385 -0.124553 -0.101142 0.0262643 0.986695
1461244299.9019346237 1.66984 -0.281503 3.45334 -0.129001 -0.111525 0.0144541 0.985247
1461244300.0589146614 1.65476 -0.289852 3.50212 -0.132577 -0.114243 0.0138753 0.984469
1461244300.2188687325 1.64712 -0.301028 3.54977 -0.137163 -0.103616 0.00599579 0.985096
1461244300.3788912296 1.64351 -0.313821 3.59761 -0.146314 -0.0984546 0.00943091 0.984281
1461244300.5390551090 1.64381 -0.323069 3.64228 -0.149464 -0.0998811 0.0104058 0.983654
1461244300.7009615898 1.64817 -0.333005 3.68643 -0.142718 -0.1128 0.00644004 0.983294
1461244300.8591265678 1.65597 -0.346629 3.72874 -0.122846 -0.137345 -0.0111011 0.982813
1461244301.0191407204 1.6617 -0.363808 3.76654 -0.114117 -0.170591 -0.0334154 0.978141
1461244301.2192006111 1.67032 -0.385511 3.81237 -0.108103 -0.187703 -0.0496083 0.974998
1461244301.4192633629 1.67603 -0.396907 3.85924 -0.0934483 -0.208437 -0.0692879 0.971092
1461244301.6193048954 1.68017 -0.396195 3.90616 -0.0892415 -0.243108 -0.0868085 0.961976
1461244301.8594973087 1.68069 -0.395107 3.95652 -0.102299 -0.276373 -0.112584 0.948935
1461244302.1395268440 1.67252 -0.403187 4.00807 -0.0980317 -0.30879 -0.11397 0.939175
1461244302.3395271301 1.65801 -0.410848 4.04951 -0.0890011 -0.339639 -0.124635 0.928003
1461244302.5395359993 1.64293 -0.424011 4.0955 -0.0859249 -0.358985 -0.112773 0.922512
1461244302.7395792007 1.62787 -0.435339 4.14299 -0.0864585 -0.36586 -0.120164 0.918821
1461244302.9397797585 1.60623 -0.439993 4.19372 -0.0872057 -0.372446 -0.132803 0.914354
1461244303.1024932861 1.58704 -0.448176 4.23845 -0.0845975 -0.37002 -0.123333 0.916906
1461244303.2597455978 1.56955 -0.462994 4.28243 -0.0765577 -0.368391 -0.114539 0.919406
1461244303.4199264050 1.55641 -0.475565 4.3285 -0.0781505 -0.349839 -0.113225 0.926653
1461244303.5799806118 1.54068 -0.483731 4.37283 -0.0811973 -0.342368 -0.107868 0.929815
1461244303.7400560379 1.52405 -0.492653 4.41814 -0.0798346 -0.33574 -0.117747 0.93115
1461244303.9027771950 1.50903 -0.506632 4.46181 -0.0748687 -0.341917 -0.105166 0.930821
1461244304.0600612164 1.49387 -0.521578 4.50113 -0.0714785 -0.344478 -0.0997621 0.930738
1461244304.2200996876 1.47804 -0.531963 4.53674 -0.0762109 -0.350299 -0.0938071 0.928807
1461244304.3801851273 1.46087 -0.538361 4.57248 -0.0746233 -0.3452 -0.0945135 0.930771
1461244304.5407400131 1.44401 -0.545073 4.60768 -0.0739455 -0.332281 -0.0891011 0.936046
1461244304.7019624710 1.42389 -0.553041 4.64195 -0.072884 -0.323336 -0.0849717 0.939639
1461244304.8602819443 1.40691 -0.560871 4.67269 -0.0745692 -0.311102 -0.0859491 0.94354
1461244305.0603859425 1.38878 -0.564848 4.70519 -0.0841466 -0.304527 -0.0845425 0.945006
1461244305.2604713440 1.37431 -0.5696 4.73642 -0.081856 -0.294844 -0.0904805 0.947723
1461244305.4204201698 1.36414 -0.573285 4.7617 -0.0818001 -0.294399 -0.0859014 0.948293
1461244305.5806968212 1.35481 -0.580366 4.78696 -0.0801395 -0.297805 -0.0840659 0.947535
1461244305.7405629158 1.34783 -0.591978 4.81204 -0.0743338 -0.300012 -0.0745708 0.948107
1461244305.9033746719 1.34116 -0.602198 4.83404 -0.0691694 -0.303887 -0.0689228 0.947691
1461244306.1407206059 1.32971 -0.609244 4.86108 -0.0697279 -0.299574 -0.0695969 0.948973
1461244306.3806734085 1.31021 -0.61508 4.88146 -0.0708743 -0.297875 -0.072051 0.94924
1461244306.6207864285 1.28207 -0.620167 4.89792 -0.0610237 -0.306704 -0.0793775 0.946524
1461244306.9409348965 1.24698 -0.625552 4.90612 -0.0489023 -0.319488 -0.0836433 0.942624
1461244307.2610628605 1.214 -0.623115 4.90461 -0.0513976 -0.347549 -0.0995908 0.93094
1461244307.5810887814 1.20548 -0.61722 4.88139 -0.0451908 -0.389623 -0.109317 0.913346
1461244307.8613109589 1.20608 -0.615223 4.85302 -0.0362234 -0.424239 -0.108029 0.898354
1461244308.2214298248 1.2131 -0.607699 4.81955 -0.032118 -0.459037 -0.115072 0.880348
1461244308.7414808273 1.22362 -0.591694 4.78584 -0.0429102 -0.464744 -0.126797 0.875268
1461244309.2613747120 1.23857 -0.579493 4.75024 -0.044222 -0.431396 -0.126847 0.892105
1461244309.6616859436 1.26202 -0.571129 4.72794 -0.045656 -0.39445 -0.11306 0.910792
1461244310.1037313938 1.28854 -0.554237 4.6986 -0.0544257 -0.379629 -0.121093 0.915564
1461244310.4218831062 1.30464 -0.546404 4.6574 -0.0557623 -0.410538 -0.118265 0.90242
1461244310.6619908810 1.30095 -0.546959 4.62106 -0.0550675 -0.447619 -0.128978 0.883159
1461244310.9043629169 1.27792 -0.548642 4.60329 -0.04157 -0.470879 -0.136542 0.870575
1461244311.1042478085 1.25282 -0.554032 4.59931 -0.0347475 -0.482114 -0.135541 0.864863
1461244311.3047235012 1.23097 -0.557682 4.599 -0.0324828 -0.499448 -0.136423 0.854918
1461244311.5423061848 1.20837 -0.562549 4.60386 -0.0227222 -0.521296 -0.14939 0.839891
1461244311.7825038433 1.18754 -0.571487 4.62168 -0.0223572 -0.54764 -0.147307 0.823341
1461244311.9423146248 1.17223 -0.579643 4.63807 -0.0223774 -0.573499 -0.153289 0.804426
1461244312.1047384739 1.15481 -0.588044 4.65708 -0.0285566 -0.596077 -0.147148 0.788812
1461244312.3424537182 1.13127 -0.598713 4.67828 -0.0254117 -0.618408 -0.159652 0.76905
1461244312.5049390793 1.11111 -0.606006 4.68511 -0.0272174 -0.647271 -0.150397 0.74678
1461244312.6627757549 1.08905 -0.609171 4.68518 -0.0389991 -0.678779 -0.14979 0.717845
1461244312.8626809120 1.063 -0.608581 4.67866 -0.0428904 -0.704645 -0.161494 0.689606
1461244313.0654726028 1.04192 -0.60121 4.66712 -0.04863 -0.722946 -0.189506 0.662624
1461244313.2656898499 1.02995 -0.593879 4.64838 -0.0575815 -0.746439 -0.198232 0.632628
1461244313.4228250980 1.02406 -0.58898 4.62748 -0.0588046 -0.765456 -0.20581 0.606846
1461244313.5828621387 1.02042 -0.584532 4.60205 -0.0517909 -0.786522 -0.215189 0.576537
1461244313.7428729534 1.01977 -0.581022 4.57381 -0.0458983 -0.811209 -0.221943 0.53905
1461244313.9050765038 1.02327 -0.576782 4.54555 -0.0331778 -0.83566 -0.23071 0.497337
1461244314.0633845329 1.02938 -0.571802 4.51872 -0.0251638 -0.855969 -0.238161 0.458217
1461244314.2231171131 1.03745 -0.569472 4.49311 -0.0226223 -0.870148 -0.235763 0.432142
1461244314.3831322193 1.0492 -0.568006 4.46496 -0.0131508 -0.88433 -0.237055 0.401985
1461244314.5432367325 1.06439 -0.565184 4.43703 -0.00737437 -0.892844 -0.241581 0.380017
1461244314.7053670883 1.08358 -0.562154 4.40663 -5.14275e-05 -0.901727 -0.241932 0.35827
1461244314.8640882969 1.10494 -0.56019 4.37472 0.00514643 -0.910662 -0.239732 0.336448
1461244315.0233185291 1.12823 -0.557862 4.34452 0.00788745 -0.916441 -0.240487 0.31975
1461244315.1833612919 1.15233 -0.555192 4.31606 0.0167244 -0.921913 -0.240519 0.303227
1461244315.3441336155 1.17747 -0.553396 4.29106 0.0379548 -0.922429 -0.249976 0.291886
1461244315.5056552887 1.20755 -0.55776 4.26763 0.060498 -0.928559 -0.245709 0.271562
1461244315.6634998322 1.24076 -0.563516 4.24762 0.0789541 -0.93742 -0.238946 0.240656
1461244315.8234734535 1.2731 -0.562867 4.23686 0.0633553 -0.946796 -0.230206 0.215799
1461244315.9835460186 1.30618 -0.555073 4.23233 0.0566446 -0.952455 -0.22765 0.194411
1461244316.1436688900 1.34248 -0.539329 4.2331 0.0511963 -0.955571 -0.226073 0.182085
1461244316.3061089516 1.38289 -0.514266 4.23028 0.0487496 -0.953401 -0.245294 0.16876
1461244316.4636578560 1.42714 -0.485553 4.22111 0.0496898 -0.951578 -0.26146 0.153851
1461244316.6237082481 1.47079 -0.462979 4.20559 0.0650764 -0.950028 -0.264143 0.153104
1461244316.7838966846 1.51174 -0.454293 4.18272 0.0651742 -0.956789 -0.235936 0.156974
1461244316.9439170361 1.55121 -0.449305 4.15757 0.0653779 -0.960065 -0.226234 0.151058
1461244317.1058454514 1.58811 -0.436852 4.12716 0.0692971 -0.964813 -0.219828 0.126529
1461244317.2646820545 1.62271 -0.418736 4.09207 0.0849644 -0.96371 -0.227682 0.110476
1461244317.4252600670 1.65556 -0.404951 4.05098 0.0857592 -0.963454 -0.234039 0.0981147
1461244317.5840737820 1.68586 -0.398871 4.01007 0.0789764 -0.965829 -0.230754 0.0876849
1461244317.7448160648 1.71335 -0.392657 3.97009 0.0784594 -0.969021 -0.221455 0.0761542
1461244317.9082324505 1.7404 -0.380617 3.92305 0.0866422 -0.966611 -0.232731 0.063193
1461244318.0642309189 1.76341 -0.3698 3.87142 0.0931966 -0.967316 -0.225997 0.0673681
1461244318.2273290157 1.78179 -0.360817 3.82309 0.0861595 -0.964986 -0.23554 0.0768063
1461244318.3843076229 1.79534 -0.353139 3.77261 0.0863194 -0.965979 -0.233454 0.0702289
1461244318.5446181297 1.79826 -0.339031 3.72085 0.0872894 -0.965767 -0.234387 0.068825
1461244318.7066986561 1.7977 -0.323071 3.66855 0.0863077 -0.966901 -0.231996 0.0618935
1461244318.8645300865 1.79653 -0.313777 3.61714 0.0624421 -0.970127 -0.228003 0.0544888
1461244319.0245788097 1.7992 -0.306783 3.56618 0.0730062 -0.969163 -0.233205 0.0317547
1461244319.1846368313 1.80183 -0.297553 3.51587 0.0897415 -0.967667 -0.235054 0.017782
1461244319.3446981907 1.80603 -0.287246 3.4669 0.101117 -0.96758 -0.231107 0.0123997
1461244319.5064992905 1.81089 -0.280201 3.41899 0.112126 -0.963595 -0.242026 0.018322
1461244319.6654679775 1.82189 -0.277384 3.37083 -0.115084 0.965248 0.23455 0.0061939
1461244319.8248088360 1.83154 -0.270814 3.32186 -0.130042 0.962826 0.234123 0.0352357
1461244319.9848284721 1.83886 -0.263134 3.27505 -0.139841 0.961552 0.228486 0.0604736
1461244320.1447825432 1.84424 -0.259442 3.23189 -0.117868 0.966851 0.21485 0.0717267
1461244320.3064484596 1.85913 -0.252795 3.1931 -0.124833 0.961205 0.221596 0.106753
1461244320.4649150372 1.87823 -0.242747 3.15519 -0.121941 0.95851 0.218872 0.135952
1461244320.6249482632 1.89733 -0.229181 3.11864 -0.122827 0.95637 0.225744 0.138958
1461244320.7850031853 1.91667 -0.215959 3.08222 -0.124039 0.951395 0.240398 0.147208
1461244320.9451797009 1.93714 -0.210513 3.0482 -0.127694 0.947758 0.2335 0.175859
1461244321.1078939438 1.95688 -0.204865 3.01706 -0.122484 0.944478 0.22003 0.21106
1461244321.2650923729 1.978 -0.195592 2.98971 -0.110794 0.937095 0.213611 0.252879
1461244321.4252908230 2.00828 -0.184479 2.96884 -0.113744 0.913973 0.220528 0.321066
1461244321.5853273869 2.03768 -0.182185 2.95119 -0.12664 0.894221 0.219994 0.368693
1461244321.7453582287 2.06309 -0.179719 2.93451 -0.134585 0.87822 0.215314 0.405285
1461244321.9078397751 2.0911 -0.173717 2.91874 -0.132529 0.859108 0.199946 0.452097
1461244322.0654110909 2.12248 -0.167295 2.90198 -0.137035 0.839016 0.182408 0.493965
1461244322.2654576302 2.16545 -0.161216 2.88477 -0.148483 0.806926 0.171501 0.545353
1461244322.5075094700 2.21946 -0.15498 2.87355 -0.141108 0.761804 0.163845 0.610654
1461244322.7081720829 2.26326 -0.146587 2.86638 -0.140128 0.720418 0.157621 0.660695
1461244322.8684418201 2.29859 -0.145349 2.86346 -0.140133 0.681075 0.139134 0.705083
1461244323.0256993771 2.33094 -0.147819 2.86676 -0.133389 0.634682 0.128274 0.750288
1461244323.1857781410 2.36137 -0.150153 2.87808 -0.131075 0.587846 0.116015 0.789809
1461244323.3457138538 2.39171 -0.148115 2.89403 -0.13271 0.543809 0.0997266 0.822626
1461244323.5082013607 2.42365 -0.147964 2.91362 -0.134079 0.504002 0.0781164 0.849649
1461244323.7058742046 2.46256 -0.153344 2.93916 -0.126373 0.455246 0.062367 0.879143
1461244323.9059000015 2.49096 -0.155935 2.96917 -0.123255 0.39097 0.0478848 0.910855
1461244324.1097006798 2.5202 -0.154527 3.00107 -0.113309 0.328251 0.0381421 0.936994
1461244324.3085010052 2.5503 -0.157182 3.03093 -0.113421 0.259574 0.0183016 0.958865
1461244324.4661831856 2.56347 -0.161501 3.05676 -0.110271 0.197546 0.0050603 0.974059
1461244324.6262075901 2.56972 -0.161154 3.08934 -0.115587 0.138582 -0.000378863 0.983582
1461244324.7862515450 2.57311 -0.158038 3.12654 -0.111974 0.0991087 0.000772027 0.988756
1461244324.9463636875 2.56972 -0.161122 3.17025 -0.109631 0.0583642 -0.0260466 0.991915
1461244325.1126608849 2.56398 -0.165997 3.21595 -0.110263 0.0288676 -0.0256922 0.993151
1461244325.2664270401 2.55144 -0.174672 3.26252 -0.110845 -0.0176146 -0.0383815 0.99294
1461244325.4264345169 2.53616 -0.185532 3.30719 -0.0934363 -0.0481362 -0.0462203 0.993386
1461244325.5864768028 2.51697 -0.197524 3.35206 -0.0795121 -0.0874309 -0.0654236 0.990835
1461244325.7465088367 2.49919 -0.210014 3.39501 -0.0782 -0.123416 -0.0552363 0.987726
1461244325.9092161655 2.48315 -0.225302 3.43312 -0.0717687 -0.162427 -0.0372395 0.983402
1461244326.0666196346 2.46572 -0.239413 3.47404 -0.0699273 -0.17934 -0.0206255 0.981082
1461244326.2266139984 2.44196 -0.259291 3.51973 -0.0561714 -0.195352 -0.00743542 0.979095
1461244326.3867037296 2.41962 -0.286324 3.5686 -0.0432656 -0.182827 -0.0272354 0.981815
1461244326.5467848778 2.40233 -0.319681 3.61608 -0.0310219 -0.16422 -0.0265298 0.985579
1461244326.7088341713 2.39436 -0.35237 3.65956 -0.00963486 -0.144425 -0.0264595 0.989115
1461244326.8668081760 2.39342 -0.382868 3.70427 0.00648409 -0.120001 -0.0247649 0.992444
1461244327.0269916058 2.40462 -0.417004 3.74633 0.038783 -0.0862283 -0.00151727 0.995519
1461244327.1870002747 2.42782 -0.451812 3.78593 0.056436 -0.0341142 0.0209369 0.997604
1461244327.3470835686 2.45689 -0.479424 3.81978 0.0754344 0.0220802 0.0503138 0.995636
1461244327.5093102455 2.48874 -0.495183 3.85119 0.0799811 0.0862167 0.0586635 0.991327
1461244327.6671180725 2.52277 -0.497831 3.87597 0.0735049 0.162488 0.0636335 0.981909
1461244327.8272039890 2.55676 -0.490186 3.89035 0.0615059 0.238554 0.0779859 0.966037
1461244327.9871966839 2.58585 -0.473029 3.8995 0.0499194 0.282736 0.0908395 0.953581
1461244328.1472208500 2.61096 -0.445485 3.9026 0.0145443 0.331997 0.10587 0.937208
1461244328.3072693348 2.63394 -0.415925 3.90344 0.00791359 0.355987 0.126855 0.925807
1461244328.4677534103 2.66175 -0.380683 3.89917 -0.0246126 0.389177 0.148352 0.908805
1461244328.6284825802 2.69421 -0.350447 3.89187 -0.0444087 0.419711 0.155056 0.893213
1461244328.7874372005 2.72559 -0.324406 3.88639 -0.0466399 0.434726 0.158736 0.885235
1461244328.9474534988 2.75528 -0.298823 3.88639 -0.0852564 0.434408 0.172845 0.879855
1461244329.1098341942 2.79415 -0.279835 3.89173 -0.105084 0.442078 0.19607 0.868954
1461244329.2676157951 2.84216 -0.265364 3.89711 -0.11254 0.469076 0.223318 0.847013
1461244329.4277083874 2.89256 -0.257278 3.90188 -0.104614 0.500381 0.245759 0.823576
1461244329.5877115726 2.93341 -0.24711 3.89848 -0.0974087 0.541084 0.267798 0.791217
1461244329.7476365566 2.95896 -0.233425 3.88955 -0.100339 0.574871 0.283074 0.761134
1461244329.9099392891 2.96553 -0.213043 3.87352 -0.100094 0.602472 0.313169 0.727278
1461244330.0678894520 2.95297 -0.191814 3.85378 -0.0873683 0.632075 0.349022 0.686317
1461244330.2277891636 2.92346 -0.176301 3.83344 -0.0990413 0.65892 0.3641 0.650727
1461244330.3879907131 2.88535 -0.168683 3.82079 -0.121879 0.671919 0.357327 0.637172
1461244330.5880324841 2.82929 -0.162533 3.80908 -0.14093 0.675112 0.347232 0.635446
1461244330.7480714321 2.77594 -0.150004 3.79701 -0.167109 0.670516 0.358147 0.627865
1461244330.9100615978 2.72452 -0.136653 3.77603 -0.185097 0.690297 0.383037 0.585246
1461244331.0682008266 2.6863 -0.129368 3.75358 -0.189973 0.716776 0.407997 0.532617
1461244331.2281808853 2.66047 -0.122879 3.73489 -0.193058 0.748489 0.415531 0.479402
1461244331.4282288551 2.64014 -0.11833 3.72433 -0.190452 0.773983 0.425564 0.428455
1461244331.6683113575 2.61934 -0.113326 3.72336 -0.185015 0.789437 0.449435 0.374922
1461244331.9483864307 2.60231 -0.111473 3.71433 -0.156383 0.810764 0.462331 0.323197
1461244332.1484012604 2.5869 -0.109369 3.69736 -0.143076 0.825512 0.469783 0.278141
1461244332.3100829124 2.57719 -0.10732 3.67758 -0.138441 0.831648 0.478152 0.246101
1461244332.4685733318 2.57249 -0.106247 3.6468 -0.1252 0.845888 0.473257 0.211721
1461244332.6306409836 2.57231 -0.107789 3.60518 -0.107898 0.863932 0.458611 0.17792
1461244332.7887158394 2.57702 -0.112643 3.55913 -0.0920556 0.879007 0.441046 0.156048
1461244332.9486622810 2.58344 -0.117541 3.51046 -0.0829856 0.893542 0.419784 0.135936
1461244333.1109418869 2.58867 -0.119344 3.46011 -0.0723636 0.906699 0.396858 0.123144
1461244333.2686517239 2.5939 -0.110379 3.40896 -0.0712493 0.913643 0.386913 0.102368
1461244333.4287948608 2.60418 -0.104496 3.35897 -0.0608202 0.921392 0.373964 0.0865379
1461244333.5887997150 2.61526 -0.100467 3.31301 -0.0856346 0.917633 0.380274 0.0775089
1461244333.7499001026 2.62769 -0.0945213 3.27115 -0.0920545 0.918376 0.375721 0.0833435
1461244333.9112007618 2.64163 -0.0853745 3.23215 -0.0997363 0.917925 0.369484 0.104631
1461244334.1111598015 2.65926 -0.0742527 3.18533 -0.100704 0.91606 0.365999 0.129371
1461244334.3890993595 2.67272 -0.0689406 3.13043 -0.101631 0.912256 0.369712 0.144132
1461244334.7092113495 2.68167 -0.0528713 3.07701 -0.110125 0.908693 0.378162 0.138359
1461244334.9892973900 2.68472 -0.0396031 3.03551 -0.107881 0.909049 0.39173 0.0924076
1461244335.3093976974 2.71087 -0.0375529 2.99802 -0.133387 0.911775 0.370653 0.116152
1461244335.4695782661 2.73386 -0.0332398 2.99058 -0.154951 0.900261 0.36886 0.171645
1461244335.6312351227 2.7544 -0.0276653 2.9861 -0.166568 0.884758 0.37393 0.222789
1461244335.9496335983 2.76832 -0.0245188 2.95752 -0.15672 0.88109 0.366498 0.254554
1461244336.2693810463 2.75629 -0.0252875 2.90518 -0.135554 0.893062 0.355297 0.24048
1461244336.5099775791 2.74046 -0.0272327 2.86622 -0.122326 0.905845 0.351548 0.202227
1461244336.7497911453 2.73437 -0.0300988 2.83169 -0.10768 0.922769 0.329922 0.167494
1461244336.9898002148 2.74422 -0.0290656 2.79291 -0.111836 0.933631 0.311722 0.136584
1461244337.1499714851 2.75946 -0.0288699 2.76456 -0.107387 0.941471 0.30021 0.109426
1461244337.3122212887 2.77693 -0.0327579 2.73555 -0.106087 0.949727 0.282842 0.0822449
1461244337.4697568417 2.79422 -0.0357316 2.70355 -0.102367 0.956856 0.262706 0.0702408
1461244337.6303708553 2.80872 -0.0354591 2.66649 -0.104438 0.961494 0.245912 0.0644137
1461244337.7911806107 2.82132 -0.0306972 2.62622 -0.0997097 0.965526 0.232431 0.0615861
1461244337.9500668049 2.83147 -0.0250874 2.58286 -0.101657 0.963697 0.240077 0.057586
1461244338.1142735481 2.84014 -0.0198954 2.54131 -0.106427 0.96022 0.252077 0.055746
1461244338.3902080059 2.86007 -0.0107129 2.47458 -0.113894 0.957014 0.258028 0.0676305
1461244338.6700797081 2.87958 0.00701178 2.40186 -0.125765 0.954533 0.25971 0.0748337
1461244338.9124464989 2.89667 0.0201211 2.3368 -0.130802 0.950541 0.276922 0.0517335
1461244339.1127541065 2.89964 0.0173907 2.28564 -0.114827 0.958414 0.260364 0.0216382
1461244339.3138837814 2.89621 0.0145091 2.23265 0.0753565 -0.968282 -0.237998 0.0103931
1461244339.4707660675 2.88345 0.014853 2.18793 0.0739348 -0.966752 -0.237981 0.0573479
1461244339.6306295395 2.86059 0.011756 2.14515 0.0469454 -0.962514 -0.246497 0.102969
1461244339.7906920910 2.83161 0.00669557 2.10817 0.0102898 -0.959763 -0.237515 0.149449
1461244339.9507443905 2.79121 0.00871099 2.07978 -0.00610272 -0.94552 -0.228183 0.232138
1461244340.1130909920 2.74991 0.0188875 2.0529 -0.0128838 -0.923932 -0.228908 0.306242
1461244340.2714002132 2.70802 0.0269244 2.02681 -0.0253427 -0.897338 -0.231329 0.375006
1461244340.4308643341 2.66562 0.0284483 2.0035 -0.0267836 -0.867687 -0.224806 0.442566
1461244340.5909945965 2.6227 0.0316119 1.98374 -0.0358259 -0.846669 -0.229912 0.478549
1461244340.7509183884 2.57952 0.0384491 1.96792 -0.0378096 -0.826336 -0.227033 0.514
1461244340.9509880543 2.5232 0.0405911 1.94804 -0.0344258 -0.811692 -0.216752 0.541285
1461244341.1511509418 2.47257 0.0375216 1.92644 -0.0280335 -0.803803 -0.233758 0.546326
1461244341.3527216911 2.42377 0.0326867 1.89781 -0.0289502 -0.815274 -0.228676 0.531223
1461244341.5111889839 2.38376 0.0268805 1.86757 -0.00202598 -0.83345 -0.224823 0.504789
1461244341.6732356548 2.34989 0.0176732 1.83038 0.0441298 -0.856991 -0.220821 0.463526
1461244341.8312766552 2.32483 0.00546523 1.79784 0.0745566 -0.872875 -0.212493 0.432871
1461244341.9914019108 2.31239 -0.00240578 1.76652 0.0800725 -0.903839 -0.198881 0.370284
1461244342.1514389515 2.3137 -0.0028155 1.73781 0.078203 -0.93039 -0.194537 0.300688
1461244342.3137714863 2.32769 0.00251725 1.70995 0.0907983 -0.949763 -0.203613 0.219655
1461244342.4712324142 2.35251 0.0145486 1.68241 0.0918781 -0.957674 -0.225743 0.153165
1461244342.6315684319 2.38264 0.0273943 1.64981 0.0939221 -0.963579 -0.233055 0.0915373
1461244342.7917623520 2.41715 0.0333296 1.61708 0.0875349 -0.970572 -0.21851 0.0507953
1461244342.9516758919 2.44575 0.0408778 1.58329 0.0868511 -0.969302 -0.228481 0.0265848
1461244343.1135754585 2.47721 0.043237 1.54748 -0.0855333 0.973798 0.209689 0.020777
1461244343.2714488506 2.50935 0.0434223 1.5075 -0.0823484 0.975638 0.189477 0.0738041
1461244343.4318869114 2.54171 0.0392043 1.46727 -0.0950622 0.973807 0.173201 0.112533
1461244343.5917870998 2.57523 0.0142967 1.42926 -0.0933651 0.97615 0.115287 0.158503
1461244343.7526760101 2.60995 -0.0109192 1.39186 -0.0650988 0.968039 0.0844972 0.226986
1461244343.9139690399 2.64852 -0.0236987 1.35702 -0.0407644 0.948215 0.0767883 0.3055
1461244344.0730297565 2.68828 -0.0351929 1.32322 -0.0349292 0.932554 0.0649687 0.353414
1461244344.2327160835 2.73098 -0.0433332 1.29025 -0.0301505 0.911229 0.0572207 0.40679
1461244344.3921098709 2.77011 -0.0507547 1.26006 -0.0301182 0.888222 0.0623354 0.454169
1461244344.5524191856 2.80337 -0.0572848 1.234 -0.0253277 0.85968 0.0582545 0.506867
1461244344.7144038677 2.83159 -0.0632949 1.21432 0.000289792 0.825996 0.0590957 0.56057
1461244344.8721272945 2.8566 -0.0696788 1.20553 0.0207625 0.779124 0.0499674 0.624531
1461244345.0322096348 2.87065 -0.0769407 1.20742 0.0497023 0.727521 0.0362698 0.683321
1461244345.1946341991 2.87699 -0.0842665 1.21974 0.0567255 0.663107 0.0242157 0.745979
1461244345.3923954964 2.87071 -0.084915 1.23577 0.0520548 0.606262 0.0185593 0.793342
1461244345.5524988174 2.85581 -0.0805204 1.2569 0.0580162 0.552464 0.0201042 0.831272
1461244345.7151284218 2.83467 -0.0729807 1.28357 0.0598341 0.512489 0.0244304 0.856258
1461244345.8724000454 2.81081 -0.0692043 1.31321 0.0585111 0.470201 0.031265 0.880063
1461244346.0324633121 2.7832 -0.0665508 1.3471 0.056844 0.435163 0.0289451 0.898089
1461244346.1926934719 2.75603 -0.0630721 1.38807 0.0527345 0.397594 0.043269 0.915023
1461244346.3526532650 2.72532 -0.0575019 1.43319 0.0457441 0.36026 0.0641891 0.929516
1461244346.5171232224 2.69567 -0.0448402 1.47216 0.0315963 0.322068 0.0918333 0.941722
1461244346.6755275726 2.67011 -0.0285308 1.50867 0.0113772 0.285139 0.103947 0.952765
1461244346.8327367306 2.64465 -0.0140634 1.54043 -0.0132886 0.245767 0.0905244 0.965001
1461244347.0331079960 2.61618 -0.00195511 1.56716 -0.0154242 0.21298 0.0904302 0.972741
1461244347.1928436756 2.59242 0.0100215 1.58813 -0.024709 0.166529 0.0881544 0.981777
1461244347.3529803753 2.56659 0.019244 1.60298 -0.0430156 0.127442 0.0729507 0.988224
1461244347.5529792309 2.53439 0.0263996 1.60892 -0.055235 0.0843479 0.0618599 0.992979
1461244347.7529983521 2.49844 0.0357679 1.60638 -0.0724391 0.0401475 0.0454913 0.995526
1461244347.9530644417 2.4625 0.0456541 1.59688 -0.0927717 -0.00323621 0.0332029 0.995128
1461244348.1152775288 2.43282 0.0537802 1.58506 -0.106358 -0.0432687 0.0133925 0.993296
1461244348.2732892036 2.4059 0.0612038 1.57199 -0.114897 -0.0812766 -0.000361951 0.990047
1461244348.4333398342 2.38125 0.0683987 1.56117 -0.131184 -0.122093 -0.0178021 0.98365
1461244348.5933988094 2.35737 0.071246 1.55658 -0.134981 -0.169328 -0.0603591 0.974405
1461244348.7534396648 2.3334 0.0712834 1.55719 -0.123522 -0.224531 -0.0945254 0.961974
1461244348.9155380726 2.31392 0.0687227 1.56347 -0.112793 -0.275916 -0.116246 0.947436
1461244349.0732960701 2.2998 0.0647507 1.57534 -0.102574 -0.330586 -0.13649 0.928204
1461244349.2335507870 2.29154 0.0614521 1.58875 -0.100867 -0.384217 -0.156203 0.904325
1461244349.3935565948 2.28268 0.0594237 1.60477 -0.100921 -0.441484 -0.165351 0.876109
1461244349.5535709858 2.2711 0.0586629 1.62978 -0.10194 -0.470311 -0.173783 0.859194
1461244349.7169775963 2.25333 0.0576117 1.6604 -0.0938725 -0.49965 -0.18746 0.840474
1461244349.8737106323 2.23269 0.0477467 1.69325 -0.0753967 -0.529751 -0.176408 0.826172
1461244350.0337772369 2.21172 0.0340627 1.71942 -0.0610408 -0.563265 -0.161324 0.808073
1461244350.1938445568 2.18769 0.023139 1.74015 -0.0545483 -0.581967 -0.168659 0.793658
1461244350.3545613289 2.15487 0.0153803 1.75135 -0.0286357 -0.62647 -0.176533 0.758651
1461244350.5138761997 2.12366 0.00973497 1.76517 -0.0178943 -0.655049 -0.179736 0.73368
1461244350.6746544838 2.09362 0.0041127 1.7703 -0.0142667 -0.6975 -0.18717 0.691562
1461244350.8340439796 2.06192 -0.00132778 1.76592 -0.0110965 -0.73315 -0.207783 0.647452
1461244350.9940111637 2.02514 -0.00279147 1.75866 -0.00410883 -0.765529 -0.204095 0.610158
1461244351.1541101933 1.98088 -0.00437989 1.74881 0.00293244 -0.788427 -0.195184 0.583334
1461244351.3164377213 1.93504 -0.0146807 1.73298 0.0267467 -0.807672 -0.185463 0.559065
1461244351.4741735458 1.88912 -0.0266873 1.71083 0.0452022 -0.824398 -0.189297 0.5315
1461244351.6348836422 1.8356 -0.0328528 1.68476 0.0535025 -0.845 -0.178619 0.501206
1461244351.7943315506 1.77798 -0.0362943 1.66083 0.0569647 -0.853036 -0.175364 0.488193
1461244351.9543120861 1.72469 -0.0405758 1.63428 0.0364688 -0.873032 -0.167265 0.456626
1461244352.1162097454 1.6756 -0.0463009 1.5991 0.0422984 -0.880439 -0.172168 0.439769
1461244352.2774438858 1.62875 -0.0466961 1.56252 0.0487298 -0.882998 -0.165186 0.436638
1461244352.4743468761 1.56889 -0.0413836 1.51374 0.0599754 -0.88087 -0.168689 0.438195
1461244352.6345441341 1.52133 -0.0430728 1.47621 0.059463 -0.873119 -0.166981 0.454142
1461244352.7946281433 1.47584 -0.0449066 1.44388 0.0492687 -0.872248 -0.166794 0.457096
1461244352.9546160698 1.43388 -0.0445082 1.41823 0.0398935 -0.873993 -0.144251 0.462316
1461244353.1169281006 1.39654 -0.04093 1.39224 0.0540216 -0.876425 -0.151684 0.45382
1461244353.2748506069 1.36296 -0.0381048 1.36429 0.0465569 -0.881923 -0.165454 0.43894
1461244353.4346785545 1.33285 -0.0362737 1.33506 0.0313803 -0.888198 -0.166834 0.426949
1461244353.5947730541 1.30123 -0.0324697 1.30508 0.0430961 -0.886382 -0.178831 0.424839
1461244353.7548766136 1.26531 -0.0334049 1.27994 0.0408732 -0.878576 -0.173213 0.443205
1461244353.9180443287 1.22838 -0.0432891 1.25322 0.0429459 -0.868367 -0.155689 0.468888
1461244354.0749499798 1.19022 -0.0540012 1.22815 0.0666876 -0.861856 -0.163335 0.475478
1461244354.2350161076 1.15149 -0.061381 1.20979 0.07119 -0.859936 -0.168586 0.476466
1461244354.3949651718 1.1125 -0.0692133 1.20454 0.0687424 -0.852858 -0.160185 0.492187
1461244354.5551090240 1.06985 -0.0765479 1.21082 0.0582646 -0.828092 -0.162637 0.533308
1461244354.7176542282 1.028 -0.0775801 1.21922 0.0593942 -0.812371 -0.180525 0.551304
1461244354.8763384819 0.986928 -0.0726246 1.23465 0.0551739 -0.802435 -0.19245 0.562154
1461244355.0360062122 0.942152 -0.0631895 1.25568 0.0471775 -0.794988 -0.204014 0.569339
1461244355.1952853203 0.895229 -0.0532601 1.27867 0.0406789 -0.782198 -0.21561 0.583116
1461244355.3563821316 0.848946 -0.0502991 1.29956 0.034071 -0.772621 -0.216117 0.595978
1461244355.5154354572 0.805022 -0.0519038 1.31947 0.0284869 -0.769101 -0.218097 0.600089
1461244355.6783192158 0.761137 -0.0497873 1.34003 0.0349091 -0.753144 -0.23771 0.612413
1461244355.8356883526 0.716234 -0.045032 1.35467 0.0253753 -0.753299 -0.244502 0.610013
1461244355.9973089695 0.670887 -0.0416767 1.36168 0.0195942 -0.756162 -0.274258 0.593816
1461244356.1557815075 0.629529 -0.0396498 1.36263 0.0127822 -0.769714 -0.291117 0.568003
1461244356.3178207874 0.58937 -0.0376898 1.36445 0.00342076 -0.769036 -0.297224 0.565889
1461244356.4755804539 0.546055 -0.0356335 1.36256 -0.00575185 -0.777094 -0.277549 0.564852
1461244356.6357767582 0.501005 -0.0372258 1.35447 0.00106756 -0.792409 -0.253001 0.555048
1461244356.7957625389 0.460875 -0.0408769 1.33991 0.00453457 -0.800212 -0.254171 0.543173
1461244356.9558446407 0.427385 -0.0448082 1.32402 0.0146408 -0.81584 -0.251931 0.520309
1461244357.1158442497 0.397501 -0.0419087 1.3093 0.0264552 -0.824183 -0.26725 0.498599
1461244357.2756309509 0.370439 -0.0390171 1.28554 0.0425155 -0.844609 -0.267048 0.462075
1461244357.4360184669 0.343448 -0.0360159 1.25591 0.058324 -0.857987 -0.283519 0.42435
1461244357.5963201523 0.323909 -0.0353046 1.22193 0.078948 -0.878166 -0.28956 0.372487
1461244357.7565884590 0.311773 -0.0346882 1.18938 0.0860575 -0.894131 -0.290262 0.329956
1461244357.9194087982 0.306921 -0.0313132 1.15536 0.0995345 -0.905936 -0.299253 0.282525
1461244358.0770063400 0.309135 -0.0240139 1.11915 0.0947622 -0.918559 -0.303844 0.23441
1461244358.2374405861 0.313754 -0.0184492 1.08109 0.0961978 -0.930177 -0.298127 0.191408
1461244358.3965480328 0.313089 -0.014547 1.03997 0.0806045 -0.942442 -0.283236 0.158376
1461244358.5563845634 0.31121 -0.013886 1.00109 0.0789302 -0.948251 -0.283994 0.118059
1461244358.7196063995 0.305969 -0.0150152 0.966493 0.0747667 -0.950133 -0.289521 0.0885143
1461244358.8763899803 0.296719 -0.0160071 0.932748 0.102896 -0.947583 -0.297706 0.0535725
1461244359.0364773273 0.276216 -0.0197017 0.900372 0.102712 -0.954165 -0.27915 0.0331017
1461244359.1964139938 0.255403 -0.0287306 0.868245 -0.121248 0.955119 0.269972 0.0127533
1461244359.3566179276 0.235444 -0.0364048 0.835125 -0.137343 0.951476 0.270564 0.0512481
1461244359.5166604519 0.212492 -0.038124 0.795235 -0.145174 0.945881 0.279713 0.0774217
1461244359.6765582561 0.18845 -0.0347171 0.746715 -0.14397 0.946721 0.268781 0.103677
1461244359.8367328644 0.160637 -0.032613 0.69296 -0.145855 0.950307 0.251319 0.11172
1461244359.9971172810 0.128508 -0.0390268 0.64002 -0.165035 0.946619 0.248811 0.121527
1461244360.1566996574 0.0881331 -0.0469479 0.5861 -0.142571 0.953581 0.239996 0.112957
1461244360.3192296028 0.0423348 -0.0517124 0.532703 -0.140349 0.960115 0.218708 0.103187
1461244360.4769682884 -0.00473339 -0.0581827 0.484902 -0.144968 0.960569 0.214315 0.101787
1461244360.6368422508 -0.0440449 -0.0764138 0.442036 -0.148534 0.960025 0.199773 0.127988
1461244360.7969174385 -0.0873997 -0.0984031 0.400959 -0.104025 0.971287 0.163236 0.138327
1461244360.9570057392 -0.135212 -0.111988 0.363201 -0.09926 0.974591 0.136246 0.1475
1461244361.1194198132 -0.18879 -0.120296 0.326905 -0.0935889 0.977916 0.112945 0.148878
1461244361.2772181034 -0.247274 -0.130864 0.29387 -0.0859139 0.980607 0.102325 0.14338
1461244361.4371986389 -0.307734 -0.142615 0.268276 -0.08149 0.982189 0.0930767 0.141422
1461244361.5973219872 -0.367585 -0.151718 0.253146 -0.0766241 0.983715 0.0778941 0.142712
1461244361.7972605228 -0.436498 -0.155898 0.249942 -0.0813662 0.974285 0.0734306 0.196864
1461244361.9973433018 -0.494882 -0.161062 0.25849 -0.0776285 0.961657 0.0867193 0.248334
1461244362.1974120140 -0.542518 -0.157664 0.272339 -0.0753067 0.94219 0.0989661 0.311148
1461244362.3980853558 -0.588821 -0.140189 0.284288 -0.102102 0.919345 0.113528 0.362617
1461244362.5974664688 -0.645943 -0.123528 0.296069 -0.123843 0.89983 0.118642 0.401114
1461244362.7975456715 -0.702359 -0.114935 0.315796 -0.124407 0.883335 0.149106 0.426627
1461244363.0376353264 -0.763723 -0.117192 0.361434 -0.121142 0.856293 0.17333 0.471215
1461244363.2376530170 -0.806383 -0.122117 0.416514 -0.112856 0.818734 0.191603 0.529364
1461244363.4777998924 -0.838655 -0.124129 0.485895 -0.138903 0.786984 0.198755 0.567325
1461244363.7577233315 -0.848411 -0.114843 0.569653 -0.146996 0.77972 0.215056 0.569368
1461244364.0381121635 -0.816402 -0.113045 0.652059 -0.164143 0.777007 0.231568 0.561866
1461244364.2380533218 -0.769095 -0.106942 0.699735 -0.198524 0.76994 0.223791 0.563648
1461244364.4009749889 -0.713831 -0.104506 0.728803 -0.176963 0.778751 0.216475 0.561578
1461244364.5580904484 -0.655089 -0.106081 0.756139 -0.169605 0.770391 0.210092 0.577576
1461244364.7198808193 -0.599894 -0.110008 0.773556 -0.194923 0.767582 0.209977 0.573353
1461244364.8780910969 -0.538363 -0.110068 0.787765 -0.176831 0.764169 0.217072 0.581082
1461244365.0382506847 -0.471097 -0.104769 0.796 -0.142452 0.776893 0.203786 0.578461
1461244365.1993212700 -0.408519 -0.103461 0.795818 -0.12324 0.789318 0.18171 0.573386
1461244365.3582248688 -0.352316 -0.097953 0.790687 -0.148663 0.777524 0.204657 0.575735
1461244365.5589716434 -0.280942 -0.0830255 0.779461 -0.157075 0.776603 0.209728 0.572913
1461244365.7203750610 -0.218567 -0.0700488 0.760742 -0.141539 0.775825 0.202312 0.58063
1461244365.8783638477 -0.155642 -0.0688161 0.736088 -0.117859 0.770362 0.203157 0.592772
1461244366.0385775566 -0.0986522 -0.0680111 0.708791 -0.141692 0.771775 0.191554 0.58957
1461244366.1984813213 -0.0398492 -0.0563516 0.680433 -0.137088 0.772943 0.18717 0.590537
1461244366.3586242199 0.0224238 -0.041238 0.648115 -0.135813 0.78134 0.166054 0.586079
1461244366.5203866959 0.0808547 -0.0326569 0.614831 -0.140361 0.781734 0.162676 0.585429
1461244366.6815993786 0.132058 -0.0245944 0.583266 -0.144826 0.778531 0.161821 0.588837
1461244366.8387086391 0.180683 -0.010959 0.551266 -0.156226 0.758776 0.162348 0.611143
1461244366.9987366199 0.227017 0.00396071 0.518141 -0.139272 0.731871 0.157891 0.648103
1461244367.1586215496 0.264884 0.0127461 0.488996 -0.133078 0.691726 0.168923 0.689398
1461244367.3209302425 0.301 0.0181238 0.460244 -0.156765 0.667532 0.173388 0.706939
1461244367.4789946079 0.341427 0.0321065 0.437705 -0.157741 0.636494 0.173009 0.734889
1461244367.6389226913 0.385821 0.0524265 0.413761 -0.167184 0.618316 0.158816 0.75134
1461244367.7998387814 0.430635 0.0611671 0.390209 -0.142785 0.610409 0.151471 0.764245
1461244367.9591770172 0.469149 0.0670094 0.36801 -0.157345 0.580367 0.150131 0.784779
1461244368.1216101646 0.505253 0.0778229 0.348662 -0.162337 0.558064 0.164152 0.797036
1461244368.2791934013 0.542327 0.0895276 0.328323 -0.161646 0.543135 0.154538 0.809316
1461244368.4391455650 0.578484 0.101476 0.310285 -0.140405 0.516549 0.163762 0.828641
1461244368.5992183685 0.609552 0.112525 0.29622 -0.142334 0.487903 0.182086 0.841746
1461244368.7992565632 0.642736 0.124721 0.28847 -0.150185 0.459322 0.194624 0.853574
1461244369.0393197536 0.669739 0.141862 0.289032 -0.184027 0.444648 0.20405 0.852517
1461244370.1197721958 0.69401 0.151608 0.279574 -0.184808 0.444756 0.18784 0.856011
