1464104820.29265  -0.115142232073184 -0.0505566475099744  0.0237435948089137 0.00822160883237755 -0.0179659237392637 -0.00179036641524543 0.999803193293811
1464104820.5593 -0.0817381969343981   -0.14626010629273  0.0450602165572513 0.0810527828652795 -0.0357113479084741 0.00403061506214673 0.996061694957985
1464104820.5927 -0.0756873007807484  -0.155542081757138  0.0466538643077761 0.0855430916611508 -0.0359443466701734 0.0130658806514136 0.995600153763703
1464104820.72602 -0.0442502128799873  -0.196070798029525  0.0485728844349149 0.122239560983513 -0.0256306204881349 0.0268954184054407 0.991805019896929
1464104820.85915 -0.00347478027140377   -0.229280874122964   0.0457298304209113 0.15477506848879 -0.0202509569558456 0.0421848075571934 0.986840928887744
1464104821.02575 0.0570019389056851 -0.251556679783527 0.0431035520848207 0.176433350326476 -0.0198874491474361 0.0659718428003545 0.981897896024077
1464104821.22574  0.136084726449756 -0.234573902838806 0.0493353233352078 0.171194766746078 -0.00988014101973551 0.0789872389214981 0.982016166231363
1464104821.35927   0.18389980541985 -0.207327225055688 0.0541314423303857 0.148696307152683 -0.00348546748393399 0.0731219321152748 0.986169581156964
1464104821.52577   0.23267333133076 -0.174570839954332 0.0548622582495951 0.130251418298574 0.00367944920425856 0.0594422060385799 0.989690685934767
1464104821.69246  0.279725835979567 -0.132860716605885  0.053549002914349 0.110129161333285 0.022171348718935 0.0626093528225894 0.991695552102129
1464104821.85905   0.305626741462978 -0.0953019133064199  0.0553493020392003 0.0932266217037871 0.0380594542402845 0.058618278301712 0.993188890593111
1464104822.02566    0.3179293653972 -0.053185044449585  0.060743597889612 0.0568443822815786 0.0497277196917917 0.0441272741625332 0.9961669808683
1464104822.29237  0.315426375646603 -0.014058641013606 0.0575618987012408 0.0310436457424913 0.052419908437567 0.00952957839230605 0.998097005503011
1464104822.79238   0.28169021951119 0.0264324852672875 0.0432513010767371 0.0216777454141117 0.0614783053746675 -0.0261028426427954 0.997531520769136
1464104823.0256  0.239724127735204 0.0491465461135248 0.0405806392528892 0.00607658218824606 0.0808969999762903 -0.0295163658245704 0.996266798951092
1464104823.22569  0.180144732758458 0.0746529011946062 0.0363295583663882 0.00249237044254855 0.0792395505395165 -0.0229567244644658 0.996588114780492
1464104823.39246  0.125681840685213 0.0949894104161556 0.0305044595377361 -0.0107457889189654 0.0782620461103857 -0.0243340259998508 0.996577862155167
1464104823.55886 0.0701860726347895  0.102514171367975 0.0227623106717238 -0.0102650305391997 0.0630618303884424 -0.0243037615534072 0.997660845112428
1464104823.72561 0.0174073334296223 0.0941038563447349 0.0136492588291511 -0.00166082712005809 0.041255058910219 -0.0265884538521892 0.998793430039136
1464104823.8923  -0.0291024405013021   0.0712247101494104 0.000865368433908607 0.0074596902221694 0.0100373097744151 -0.0326576908539785 0.999388353275326
1464104824.05995 -0.0637404270973148  0.0330550816996719 -0.0128196103827801 0.0259534783097331 -0.0192943895207774 -0.0261570777890553 0.999134600931318
1464104824.19271  -0.0759849732848026 -0.00990980326108633  -0.0244786675742149 0.0545521508261353 -0.0369769456970098 -0.0226951279138098 0.99756789217383
1464104824.2922 -0.0807924588688529 -0.0466114172853328 -0.0328949136244943 0.0802145088579052 -0.0567082971026073 -0.0150567837321421 0.995049292684564
1464104824.42556 -0.0759689570390704 -0.0970605377742837 -0.0452320286496889 0.11441485042394 -0.0626961196006183 -0.00381265161881512 0.991445360207574
1464104824.59225 -0.0566395651805424  -0.147464309394748 -0.0591293565858092 0.134925395400683 -0.0642640878436152 0.0082198952618329 0.988735403437887
1464104824.79227 -0.0106621619376767  -0.184386691018505 -0.0653797054751719 0.143696077373072 -0.0474619183220763 0.0398949756611607 0.987677677470629
1464104824.99465  0.0497057807395653  -0.194409156080544 -0.0545440007651413 0.134301393995492 -0.0224810993098129 0.0640623536663015 0.988612032390575
1464104825.19216   0.112483439532303  -0.189313351236206 -0.0313106406494804 0.125291138182075 0.00254020493884301 0.0716826777322035 0.989523760081106
1464104825.35873   0.165580466954188  -0.175772335465797 -0.0100331409848566 0.119584576550465 0.0246763080130435 0.0809381912453704 0.989211614404127
1464104825.55863  0.218598996739459 -0.148041268596927 0.0163865990033265 0.114704581627525 0.0472490112184712 0.0848525560884691 0.988640699960195
1464104825.72536  0.255625656647934 -0.114303912871549 0.0355768467262335 0.104493524260472 0.0689718132241138 0.0855277289786186 0.988437656073444
1464104825.92536   0.284120388514201 -0.0681069513371937  0.0561870623678777 0.095715200207887 0.0839403153509306 0.081775087399424 0.988486448561014
1464104826.09205   0.292620895659562 -0.0265832649370393  0.0693798555250185 0.06844117894283 0.0857386086673922 0.0637854225530496 0.99191537737774
1464104826.29198  0.287469375572628 0.0196264458853321 0.0800691908975582 0.0364409137325687 0.0771159836732561 0.0403741979286177 0.995537597989178
1464104826.45862  0.272686904044478 0.0555514936498746 0.0852012036998459 0.00426990525540254 0.0591916518532295 0.0221079158087046 0.997992663459302
1464104826.62562  0.248407947171916 0.0837097928373772 0.0866840359554876 -0.0167990501690181 0.0330098470682991 -0.00058342701646461 0.999313665233726
1464104826.82749  0.205052475862397 0.0991358080928216 0.0794393312835146 -0.0269115622943131 0.00727993973776352 -0.0249424770065876 0.999300076620166
1464104827.02518  0.145792627198149 0.0953826744592689 0.0684416454247732 -0.0113779164097041 -0.000243205549189735 -0.0324253821810257 0.999409364804858
1464104827.19171 0.0899074235208663 0.0834787031490239 0.0624191233050899 0.00286143043285746 -0.00217290631423859 -0.0422727136342119 0.999099648871937
1464104827.35936 0.0333838462872707 0.0635645559108626 0.0580722090561013 0.0156048243661446 0.00756190580316922 -0.0233208866421158 0.9995776324445
1464104827.52512 -0.0169062555597564  0.0416965135410169  0.0445341838186507 0.0294487035519276 0.0199552753965916 0.00666140513010437 0.999344878670346
1464104827.75853 -0.0692709476283321  0.0321683939042754 0.00361618879412196 0.0444756007001221 0.02679575377031 0.0202034703277577 0.998446657718358
1464104828.02528  -0.107625435690359    0.05314432017641 -0.0620510685325013 0.0482196339787646 0.0281414199981618 0.0139457911419837 0.99834284806817
1464104828.29178  -0.13121594590677 0.0773344725792973 -0.137707403125525 0.0471836754621743 0.0395374321007399 0.0149811773989352 0.99799101025836
1464104829.09174  -0.125328627614528  0.0539269708594431 -0.0713622688076176 0.0320749979361501 0.0767053304364508 0.0160052462132461 0.996409212564639
1464104829.3282 -0.0976962626898328  0.0251104420282355 0.00247440413171589 0.0288078473533188 0.0907654417304092 0.0336808132750984 0.994885594093853
1464104829.5595  -0.0587409323596383 -0.00109294775557553   0.0821001075422931 0.0303531278805125 0.103663861693255 0.0349360937787319 0.993535082801908
1464104829.75844 -0.0226478127081919 -0.0278210127889736   0.157665410672384 0.0298712181357454 0.0960756406676703 0.0232226162827579 0.994654659512721
1464104829.92486  0.0057791959890379 -0.0492765360758274   0.215976726752516 0.0210430540899455 0.0878659517504276 0.0223009501607313 0.995660299509571
1464104830.09175   0.028110461119582 -0.0720679432011259   0.267632068593664 0.0166345801501243 0.0783222712946746 0.0247151147446695 0.996482852670145
1464104830.25829  0.0452545458874453 -0.0927293497813238   0.314019472611732 0.014091753301646 0.07056846112213 0.0253875621929978 0.997084242413667
1464104830.42537 0.0605472396688821 -0.111915015890759  0.355628318349931 0.0155106018119855 0.0656477781212798 0.013939352918499 0.997624921951824
1464104830.55813 0.0728620855770742 -0.126325178090391  0.386321384060952 0.0191725392709782 0.0587948169556612 0.00204533218508547 0.998083864138333
1464104830.79154 0.0958605029854838   -0.1350310869083  0.420728306030727 0.0109491808597791 0.0457199466082308 0.000545602442273097 0.998894140656864
1464104831.05812  0.125126740220628 -0.133086105168171  0.430559923834969 0.0108444199606023 0.0209923495604974 -0.00195749942915628 0.999718904498476
1464104831.22475 0.155435758032569 -0.12507660120788 0.420976516535552 0.0209713151532674 0.00297868858786383 -0.0146399267558236 0.999668446986111
1464104831.35809  0.186677113704717 -0.112277262173489  0.402338160895448 0.0245469126913532 -0.00892500231662589 -0.0246385635679861 0.999355159388432
1464104831.49201   0.218473356100987 -0.0994000532300782    0.37317342814282 0.030094199931805 -0.0252098490874609 -0.0291005465515541 0.998805266721123
1464104831.62481   0.246477311878724 -0.0878643503717601   0.336993039908065 0.0330326651227933 -0.0402545342278876 -0.0306839522162655 0.998171784106008
1464104831.79189  0.273893853890353 -0.074189357358622  0.292120907707024 0.0427352786791123 -0.0460750201746967 -0.0212317813218593 0.997797574628251
1464104831.9581   0.294972926328103 -0.0553919953428101   0.250166665883321 0.0397160872226163 -0.0265170460260785 -0.0088836437381293 0.998819583087812
1464104832.1246   0.303960322521602 -0.0381100589376468   0.203921317854189 0.0480603993182036 -0.00287773285499572 0.00609977707930542 0.998821660453243
1464104832.29221   0.301991211962736 -0.0131007308275387   0.151309555361917 0.0465636222061013 0.0135550808030934 0.0190036421843238 0.998642553897639
1464104832.42451   0.294784092625126 0.00995359866473848    0.10529797310399 0.0347195650706527 0.0299641899520154 0.0216299073973564 0.998713595695886
1464104832.59132  0.278570103897651 0.0396093465708841 0.0505018626494189 0.017963041473942 0.0295417392234865 0.0212986524457767 0.999175150906312
1464104832.79119    0.259748859590331   0.0691372183847738 -0.00776333478611935 0.0111528603180694 0.0127458311951788 0.0084732520039535 0.999820664666593
1464104833.05795   0.246769831041005   0.101780592089505 -0.0768001439295995 0.0108024330063114 -0.0137301267339799 -0.0163141864352768 0.99971427837256
1464104833.45819  0.212945142332152  0.106846138462504 -0.131760556574557 0.0197991055199008 -0.0478612740452162 -0.0326755538388488 0.998123039534057
1464104833.69119  0.178630882572277  0.079230508513376 -0.115402765667655 0.050589648104598 -0.0343379311042795 -0.023914368332002 0.997842521132173
1464104833.9578   0.114565358072769  0.0598545281456966 -0.0874435012071652 0.0572048846263323 -0.0219335286835309 -0.0149431509038067 0.99800963108351
1464104834.12482   0.061927580959433  0.0529401438750455 -0.0714839733400087 0.0505341073817439 -0.0431565635563031 -0.0273182069960861 0.99741542527658
1464104834.29093 0.00291329644177477  0.0419524518535276 -0.0457674535818139 0.0570255590388698 -0.0690095134204306 -0.0481753516938443 0.994819032871283
1464104834.45767  -0.0577391789466118   0.0254621610391591 -0.00846823346900532 0.0592743538977815 -0.088955281067953 -0.0557739814187781 0.992704775820495
1464104834.591  -0.114116679441106 0.00553980864890906  0.0274808694503518 0.0599899350046508 -0.109410441576629 -0.0558475759204947 0.990611735866252
1464104834.69098  -0.158514519858347 -0.0106804614399164  0.0533021251468159 0.0600853542431699 -0.124517666933305 -0.0620461147621709 0.988451000540684
1464104834.79094  -0.201038000226762 -0.0259904268036893  0.0759199902238087 0.057787986646183 -0.142510990746956 -0.0694629950212251 0.985660214495027
1464104834.89179  -0.241852995927123 -0.0382087013437311  0.0963547253739579 0.0538207488316318 -0.158453795086616 -0.0804666350251115 0.982609201292959
1464104834.99291  -0.285416102703827 -0.0490094121978433   0.116306174142868 0.0558946585005866 -0.177414526085711 -0.0944763958849921 0.977994930306629
1464104835.09101   -0.32937900705413 -0.0559703500747031   0.140145720246637 0.057257912561131 -0.187022994301232 -0.102930203779105 0.975268836886392
1464104835.19093  -0.378762500805017 -0.0649834595325204   0.166142198390215 0.0587453658810083 -0.197914691333827 -0.106091309713223 0.972688743095691
1464104835.29097  -0.429719135664419 -0.0790825943948826    0.19121304071976 0.0671182316923854 -0.201488041953409 -0.103980102374047 0.971640803092661
1464104835.39184  -0.478308626899517 -0.0952521657746903   0.212997074296484 0.0693579054279909 -0.210876031412629 -0.105188283525221 0.969358656710363
1464104835.49316 -0.525137735677056 -0.114280230499747  0.229300059479874 0.070890937999524 -0.222737633359136 -0.103733363735929 0.966748059653159
1464104835.59095 -0.570616670284603 -0.131929396368849  0.244867127668132 0.0733017682053685 -0.235667323072239 -0.106722152148337 0.963170880921324
1464104835.69087 -0.615595264337084 -0.146035305015396  0.263214320507798 0.0780270172715425 -0.244688326749243 -0.11330487004533 0.95979238054507
1464104835.79084 -0.661448337152062 -0.155622075385523  0.284791924484804 0.0809722974054432 -0.256935075072867 -0.117479479591268 0.955838075264398
1464104835.89097 -0.710382358263952 -0.163361619763898  0.309444626099937 0.0764996281781355 -0.270051443623339 -0.122549923695906 0.951946185920026
1464104835.99317  -0.76200277722948 -0.173032241290683  0.333242409330944 0.071345845361104 -0.280438933016619 -0.128015742485815 0.948617807588501
1464104836.09079 -0.813137120240149 -0.185683445441608  0.350604772175866 0.0668897831001292 -0.29594476694585 -0.138673101442705 0.942715345568558
1464104836.19083 -0.863669248579203 -0.198313963845395  0.361526656856022 0.0655342963388753 -0.31718568821375 -0.149855611849439 0.93415298040148
1464104836.29082 -0.913705007043744 -0.208702281889704   0.36917891452005 0.0607806453830674 -0.334954151259515 -0.160486747197577 0.926474734504281
1464104836.39081 -0.962842287171318 -0.214386777126362  0.376893792722001 0.067637254706315 -0.353149842201761 -0.169194297716642 0.917651175746447
1464104836.49317  -1.01478186265474 -0.217085035404356  0.384281515931136 0.072056292644248 -0.36377356848076 -0.175435652592381 0.911975335940959
1464104836.59081   -1.0718241362045 -0.220026750524512  0.390348410415381 0.0734689361059621 -0.374945901350812 -0.179264600263984 0.906577128312798
1464104836.72412  -1.14660210091491 -0.230211280936074  0.395783947310876 0.0833319159268539 -0.37881272616416 -0.181155981619932 0.903736256109799
1464104836.8586  -1.21266122756847 -0.241566231275978  0.394536604018432 0.0840643901892819 -0.387935094997733 -0.174094700017767 0.901182875889754
1464104836.95785  -1.26025135599345 -0.249257160939751    0.3898038700252 0.0844261696126419 -0.402863756853419 -0.173827443125307 0.894626757544734
1464104837.05735  -1.30643429883552 -0.254086036037485  0.385326978701062 0.0877508671998393 -0.416875842574472 -0.177859837743374 0.887062678338685
1464104837.1907  -1.36730292422587 -0.252933850577076  0.381866388633538 0.0898600706406689 -0.434380833558789 -0.186813627752816 0.876549557998325
1464104837.33039  -1.43311161606963 -0.250743868292052  0.379615451348479 0.088292259982515 -0.448794272233661 -0.190802662225139 0.868551968580601
1464104837.42391 -1.48458304229197 -0.25296370222507 0.375514232489871 0.0858394925007669 -0.459866495948911 -0.197879264618817 0.861393164626234
1464104837.55788  -1.54689343388522 -0.257855960476502  0.368327254908183 0.0824633266153543 -0.472924098736386 -0.206265449001855 0.852641285152185
1464104837.69075  -1.60435979840741 -0.259357153043571  0.358148045007656 0.0757088251338422 -0.486122311451575 -0.21791544529124 0.842891529681816
1464104837.85798 -1.67937977107235 -0.25393913701506 0.343828065061053 0.0785521407851536 -0.500607928770133 -0.23231588614606 0.830211173060636
1464104837.99065  -1.74610551165914 -0.247591669855489   0.33170486989535 0.080317556115399 -0.50763842333667 -0.236639933599164 0.824532511886641
1464104838.15945  -1.83325443949273 -0.244975663716271   0.31514086882433 0.0812505769684743 -0.509307580433691 -0.235563016383563 0.823719732413487
1464104838.32614  -1.91192945742683 -0.245265752912777  0.299430816595299 0.0674586027055932 -0.511525810282269 -0.240230311084922 0.822240889260634
1464104838.4965  -1.98923464723784 -0.241573466201824   0.28787167762961 0.0542282447098577 -0.519946813333386 -0.248492132333029 0.815454639418239
1464104838.66022  -2.07324551003747 -0.234368962274896  0.283296917008448 0.0474693428752327 -0.527237573566432 -0.251651887312837 0.810208942260367
1464104838.85714  -2.18016061026089 -0.233909472193712  0.283557630436363 0.032804242828273 -0.534262434709256 -0.251290728367944 0.806436917773058
1464104839.09049  -2.29555382325014 -0.240563743215842  0.281569052510979 0.0211369191066376 -0.54502357082471 -0.272925883030755 0.792473343569387
1464104839.35775 -2.42988798083954 -0.23712936202554 0.281262973098464 0.0166947406059807 -0.54875092654922 -0.287833318900069 0.784694645565039
1464104839.62382  -2.57625923456775 -0.234413501133813  0.281997699596563 0.0138984989536951 -0.538897084905086 -0.297893841084117 0.787817252319208
1464104839.85706  -2.68513719814701 -0.234766188156098  0.267730712020928 -0.00107357344246303 -0.541251543104512 -0.315754403748738 0.779323277619966
1464104840.05703  -2.77981848033735 -0.229646193214913  0.252137461505091 -0.00595754798493038 -0.545915260493619 -0.335492635828749 0.767714613177885
1464104840.25708  -2.87888546737018 -0.231546504877648  0.228249325630533 -0.0158299894016438 -0.548845672897265 -0.32945795359076 0.768098493419484
1464104840.42503  -2.94823085679974 -0.246556298088632  0.195201270873959 -0.0180452196401676 -0.553434575483851 -0.308162927402972 0.773576208838908
1464104840.55708  -2.99956383808081 -0.257900828405907  0.167734322858674 -0.0280958032982477 -0.545522172574038 -0.286793049966478 0.786998050542727
1464104840.66054  -3.03804748344926 -0.262856823996253  0.147626934387395 -0.0340861616572326 -0.53084786183892 -0.261669524049749 0.805337035872622
1464104840.75698  -3.07718517182671 -0.264551543728736   0.12664351837781 -0.0338972897456948 -0.51059320984287 -0.241077186198435 0.824637701117828
1464104840.85687 -3.11602268036003 -0.26481146447809 0.102763098573339 -0.029369882104591 -0.50009206293078 -0.218424703484565 0.837458051204046
1464104840.95699  -3.15773597396662 -0.265616613232641 0.0799256470851187 -0.0255344008822288 -0.486335431722568 -0.203655524949978 0.849323418598686
1464104841.05693  -3.19597762242513 -0.265615584870691  0.059648828634877 -0.035040274683544 -0.468627085674277 -0.192520091910426 0.861450432661878
1464104841.16001  -3.23382829370764 -0.268365192987602 0.0401413015752159 -0.0354121345634244 -0.456704549604979 -0.178825900425281 0.870740048713083
1464104841.25692  -3.27209534641602 -0.270153389197706 0.0234852251650907 -0.0281026149197706 -0.445903807272528 -0.173706488659703 0.87761386354823
1464104841.35695    -3.3115855196753  -0.272251498357426 0.00942205780401413 -0.0144193020325662 -0.433674284688562 -0.162075337588941 0.886256330569316
1464104841.45695    -3.35419084715594   -0.275440473604403 -0.00228484556387976 0.00869330046631315 -0.418815254651213 -0.139475887635964 0.89725396949058
1464104841.55697   -3.39906282958311  -0.278189656459964 -0.0138582684265935 0.0292961044067525 -0.403757693103935 -0.125888686567023 0.905689517506086
1464104841.65965   -3.44773354777366   -0.28114655955549 -0.0259434547406291 0.0462719707857226 -0.39269039208294 -0.117291969004378 0.91098614407269
1464104841.75694   -3.49498179803587  -0.284663761966793 -0.0386665642079492 0.0574287911945576 -0.381354600380158 -0.113179196312497 0.915675200184475
1464104841.89007   -3.55452099434389    -0.2885599307712 -0.0583905788712608 0.0660220081617 -0.371681585187904 -0.113154451261137 0.919070162626496
1464104842.02764   -3.61473496448767  -0.290640914864894 -0.0782460278991809 0.0755860744362133 -0.354159024675801 -0.104737488404059 0.92622253757659
1464104842.1591   -3.68202725403447  -0.288632862734548 -0.0974807813031537 0.0874930066334357 -0.338954577942362 -0.0958257914716481 0.931811239238393
1464104842.25818  -3.73365070480707 -0.285550455512846 -0.112081904811989 0.0933049171404332 -0.321750922509343 -0.0919359810777874 0.937719740479568
1464104842.35679  -3.78466158858184 -0.285634822852861 -0.126177438929417 0.0925799839527861 -0.299609494010588 -0.090010181460936 0.945283695460464
1464104842.45872  -3.83494175506411 -0.290051776171658 -0.139151165731099 0.100441365386329 -0.286721140630449 -0.0819826351756519 0.949200383040673
1464104842.55891  -3.88299709058942 -0.295892065356643 -0.148719572135562 0.120080723560263 -0.275767083077341 -0.0855013024312305 0.949854021943805
1464104842.65962  -3.93048445552522 -0.299888437705915 -0.152912441152066 0.135351723819543 -0.258080634557917 -0.0879999810774209 0.952538870732126
1464104842.79006  -4.00138013255508 -0.300188224677562 -0.152562070884928 0.143345156047701 -0.247120066755097 -0.0822792985701399 0.954784769396445
1464104842.89  -4.06067504797131 -0.307584849670731 -0.148502999265745 0.152637117800707 -0.234493287560203 -0.0669363785404547 0.957723514166061
1464104842.99207  -4.11908804024872 -0.321234056222293 -0.144868229683519 0.164717828579977 -0.221033543657648 -0.0572665320472298 0.959548202975402
1464104843.09042  -4.17732305766181 -0.333896366968303 -0.143411282857203 0.160323245715032 -0.217682581110405 -0.0489088279324376 0.961518942774808
1464104843.19003  -4.23047874338099 -0.349065763010452 -0.146203971334555 0.176611765347584 -0.208931370238737 -0.0461697751593162 0.960741546271791
1464104843.32628  -4.30002847111342 -0.361786166646094 -0.147576067975672 0.185179055058352 -0.196055987253639 -0.0441312840529805 0.961937210631511
1464104843.42328  -4.35186172668421 -0.367287585143942   -0.1458728040031 0.188645787213924 -0.17345937258009 -0.0342833065753202 0.965996515480684
1464104843.55671  -4.42396467217077 -0.374882715293721 -0.145665332275399 0.198918350277847 -0.150329618847072 -0.0260914705078778 0.968065974397804
1464104843.65972  -4.47822027403298 -0.385477073602487 -0.147288174563933 0.207355155927031 -0.132254192866206 -0.0161088130114892 0.969150748812147
1464104843.75667   -4.5298542359236 -0.396963433772597 -0.149525174600494 0.197947668746864 -0.116366747581506 -0.000831795818289932 0.973280436775907
1464104843.89005  -4.60141691054375 -0.410049100249456 -0.152335417759618 0.204875460565415 -0.107098810869702 -0.00340850180435291 0.972905068587812
1464104844.02328  -4.67013952053844 -0.416074804671189 -0.150134816332919 0.213374616125393 -0.09983419777524 -0.00606886411241022 0.971837216326016
1464104844.15995  -4.74032227896025 -0.417763656810848 -0.141752595777915 0.219749143172364 -0.0892667875392012 -0.00457562152184106 0.971452941940644
1464104844.29013   -4.8132489979939 -0.423929504567197 -0.131425204406028 0.219316906015869 -0.079046512425051 -0.000465331860189454 0.972446156388786
1464104844.42325  -4.88563754558873 -0.431717437292827 -0.123286369789156 0.207390898339883 -0.0757453596303902 -0.00587031739236012 0.975303642541107
1464104844.59006  -4.96866169787538 -0.439260456209478 -0.123165579679652 0.205807726262468 -0.0762557193853824 -0.0181479297353531 0.975448049727925
1464104844.75658  -5.05512001009815 -0.439051610859069 -0.125347790671044 0.208822109422748 -0.068098105227777 -0.0177555353211591 0.975418226016963
1464104844.88974   -5.1290500785182 -0.440326834040087 -0.130343810017005 0.209342625999465 -0.0609788889060611 -0.00732177221428492 0.975911692572167
1464104845.02321  -5.20282267080103 -0.446618611201516 -0.138513914417899 0.203478414437217 -0.0583265812978554 -0.00298104954744537 0.977336000624052
1464104845.18981  -5.28909423265495 -0.456366066074456  -0.15197191977218 0.199779527011592 -0.0599916117625324 -0.0085589311032666 0.977965179238774
1464104845.35651  -5.37196378022772 -0.454852827817324 -0.161258821340082 0.197948082837134 -0.0716376225080939 -0.0115746738322356 0.977522702789131
1464104845.49275  -5.44194562530436 -0.450623687207071  -0.16007414449063 0.190153731300723 -0.073801893655077 -0.0128356742763782 0.978892274170763
1464104845.62302  -5.51449525073776 -0.454452194319101 -0.155823265579011 0.185000853193927 -0.0661424623951987 -0.0100412735070007 0.980458582405283
1464104845.72295  -5.56742957666983 -0.461455014932298 -0.154225050922312 0.171137081622047 -0.0606045702498217 0.000249280909298308 0.983381473904075
1464104845.8564   -5.6339353382585 -0.474957162487999 -0.158711586342705 0.185085758363107 -0.0594855785977378 -0.0088689528653811 0.980880252459554
1464104845.99177  -5.70302055948769 -0.480553468691224 -0.161929866135377 0.190164776273711 -0.0676070874362386 -0.0221903870461172 0.97917017229688
1464104846.12503  -5.76699312515095 -0.480650529052909 -0.160885214408524 0.189661349212827 -0.0590674564004107 -0.0190049486465854 0.979886942527604
1464104846.2564  -5.83466746850836 -0.483669618166718 -0.162329721018156 0.196466693373564 -0.0539752798903272 -0.0135606154923172 0.978929832655583
1464104846.38978  -5.90274620376013  -0.49121119691493 -0.166364621444572 0.190941685190639 -0.0517335385375121 -0.0107564369248706 0.980178153659644
1464104846.52291  -5.96353852693638 -0.502543924864039 -0.175959797698781 0.195468634080197 -0.0579213250505897 -0.00977552071492684 0.978949218493972
1464104846.65937  -6.03242751240064 -0.505829056598332 -0.185252098071866 0.201503482016469 -0.0768801959404762 -0.022720525879539 0.976201597986374
1464104846.78968  -6.09598520341696 -0.503144029308942  -0.18968278850727 0.207888282021278 -0.0911553875943241 -0.030284627681791 0.973424880941999
1464104846.9228  -6.16320797219961   -0.4978147551903 -0.189334924041964 0.199484044641142 -0.105610876683172 -0.0318376234696034 0.973672852857483
1464104847.05623  -6.23428893419544 -0.500530244296958 -0.189738131930419 0.196400392799176 -0.116914188648005 -0.0414542893832367 0.97264561896553
1464104847.1896  -6.29961627147071 -0.505924671641307 -0.195705479200187 0.188382355181991 -0.13734839706609 -0.0455867798358091 0.971374979904086
1464104847.32516  -6.35918617431625 -0.508059499850324 -0.204420529279198 0.187703903822358 -0.158230494461951 -0.06066766238922 0.967496661416669
1464104847.45624  -6.41349231380651  -0.50137602164323 -0.210175626482656 0.18647372039865 -0.170215137892666 -0.0813082624167515 0.964180130938008
1464104847.62307  -6.49023101093224 -0.495199259520204 -0.216241281122475 0.186164940324025 -0.176212201759291 -0.0882387762066253 0.962551709425967
1464104847.78967  -6.56582767866996 -0.493493427367642 -0.227599201059021 0.1879111364781 -0.17980064750539 -0.0895633365497922 0.961425785326262
1464104847.95612    -6.631348060107 -0.489408780221627 -0.241105236714564 0.169218509720692 -0.184291509879191 -0.0948166189936019 0.96354114811822
1464104848.12297  -6.69493083138873 -0.485810571676571 -0.252845818412631 0.168604574004232 -0.192861738631267 -0.114940664611289 0.9597736665567
1464104848.28941  -6.75579153147014 -0.478299631637309 -0.261647489631108 0.170423883826011 -0.199521873786782 -0.124599731448076 0.956881198804395
1464104848.45608  -6.82358635682304 -0.471354357285898 -0.270257506205488 0.167567005316748 -0.210677179132545 -0.129512848931023 0.95433895806663
1464104848.58943  -6.88008195974033 -0.468421840892709 -0.280922273380577 0.16084047321528 -0.224420396557124 -0.141192840437624 0.950699957712308
1464104848.72272  -6.92737909200668 -0.465355406068088 -0.296111314904448 0.154030042605753 -0.244466322328187 -0.147887832404994 0.945854191854513
1464104848.88935  -6.97989632270858 -0.461196802420448 -0.314942887877991 0.154786659853757 -0.264032943217128 -0.166461267011543 0.937346436176257
1464104849.0894  -7.03317000380802 -0.453411061376752 -0.333342052690086 0.155618198059306 -0.267872277207228 -0.173593368359788 0.934822315736039
1464104849.256  -7.07999393910424 -0.447645103115416 -0.347484142183422 0.15242621830552 -0.2604865921902 -0.165909042567278 0.938822226439395
1464104849.38931  -7.12115321859814 -0.445165489521818 -0.359828910048557 0.150951849118506 -0.258536063616675 -0.159878642449173 0.940644174353888
1464104849.55592  -7.16523529744201 -0.443932012630474 -0.369740044240303 0.137084375073947 -0.24627756607295 -0.152154587657786 0.947314211871889
1464104849.72266  -7.20320606388728 -0.444577111010319  -0.37765960343221 0.129146027690698 -0.2329302088682 -0.149611887787691 0.952198038414769
1464104849.88987  -7.24066735530915 -0.445039800652883 -0.384008777584295 0.124892100222962 -0.22532910729706 -0.142293407641256 0.955709863320687
1464104850.0587  -7.28031382864972 -0.443893135301795 -0.385685641319417 0.120817982231006 -0.215790833526698 -0.136454398759487 0.959279692474863
1464104850.18922  -7.31767482304365 -0.445507425894056 -0.383991357259577 0.112635247285187 -0.20641891715515 -0.126975300570375 0.963629495581452
1464104850.32261  -7.35672489091824 -0.448679622230637 -0.380695485935943 0.0952061832401849 -0.195069848659003 -0.118927488282121 0.968885849493064
1464104850.45579  -7.39166111588239 -0.452588320458312 -0.376996023019994 0.0793406647594596 -0.184741560939515 -0.11287281991188 0.973054644458521
1464104850.58924  -7.42161199275374 -0.454969295580678 -0.376557207581473 0.0750821707133031 -0.177331827766285 -0.11706050493744 0.974275591753093
1464104850.72368  -7.44773377081636 -0.456667802229597 -0.377223554376255 0.0685632281141745 -0.163034701656156 -0.114262356607035 0.977580116240638
1464104850.85567  -7.47636779679766 -0.456158176372987 -0.376397034314191 0.0625063001699257 -0.143246260222237 -0.107988314991744 0.981790199175289
1464104850.99176   -7.5074200923819 -0.456430346808646 -0.376076958505496 0.0634394705648897 -0.120989301170225 -0.101340536826373 0.985427378436651
1464104851.08921  -7.53168145268152 -0.457085910371871 -0.376108349837839 0.060950039439514 -0.0987730559265371 -0.0905611101822975 0.989104474480732
1464104851.22251  -7.56374331144783 -0.458569937310591 -0.380078696619559 0.0547019559816939 -0.071158261558099 -0.0767786867986263 0.993000116353107
1464104851.35873  -7.59128104902083 -0.461402986747285 -0.381460416150504 0.0450283482876238 -0.0384564543843331 -0.0599890930377239 0.996441095942548
1464104851.49114  -7.61766096127924 -0.463155662667883 -0.379969980691205 0.0419746945931772 -0.0149068184386296 -0.0548095730001008 0.997502793221851
1464104851.62239  -7.64259059722428 -0.465140110775624 -0.374804230488789 0.0379076115562249 0.00934131350369483 -0.0488331691904326 0.998043623512994
1464104851.75571  -7.66841638032996 -0.467725205396115 -0.364538367105486 0.0363751593395523 0.0311673055745184 -0.0440412323594652 0.997880662553647
1464104851.85558   -7.6873907844217 -0.472125310812096 -0.353324348975252 0.0351625536642053 0.0526088237090359 -0.0357047507123889 0.997357046029319
1464104851.95571  -7.70834204422546 -0.477638843604872 -0.340213977906849 0.0308611692934579 0.0740119180376236 -0.0198897907643108 0.996581266350911
1464104852.05572  -7.73164721267141 -0.486718095098708 -0.326053681729163 0.027509047742867 0.0963528058267174 -0.00148319447423338 0.994965923655555
1464104852.15873  -7.75342858477684 -0.496888313889575  -0.31249217159929 0.0225578858315033 0.121569132139897 0.00741746904038888 0.992298880907663
1464104852.25561  -7.77435521125938 -0.507193279677794  -0.29830854698061 0.0162908430010588 0.141431752039422 0.0192378700998204 0.989626986446609
1464104852.35563  -7.79193860063778 -0.516518017113437 -0.285196673873838 0.0118582133300574 0.164496536243803 0.0285417604810868 0.985893320927295
1464104852.45655  -7.80637508870123 -0.523425503442808  -0.27061593940032 0.00508704964722609 0.188881028704915 0.0352377450813655 0.981354360179258
1464104852.55565  -7.82062524422979 -0.529546585139289 -0.254635495418241 7.76369450217342e-05 0.206955706205161 0.0390384494352837 0.977571137619824
1464104852.65767   -7.8348806632712 -0.535491055241564 -0.237369993143458 -0.00411123605048081 0.230796612473971 0.0425398420746324 0.97206295230553
1464104852.75561  -7.8493433011963 -0.54286261613667 -0.21964775195254 -0.00471770534825805 0.256679807544851 0.0483056924218571 0.965277048175616
1464104852.85556  -7.86272154950903 -0.550429435035011 -0.200501711664803 -0.0108791188256308 0.286557311566319 0.0625250443848303 0.955958770442605
1464104852.95571  -7.87620045549426 -0.559122491775545 -0.180964149006848 -0.01652440614611 0.315467651018798 0.0759293899591571 0.945749349935082
1464104853.05567  -7.88750999757045 -0.569883455073115 -0.160239061276076 -0.0233766995328964 0.347963844846283 0.0937109522387063 0.93251967809224
1464104853.15774  -7.89632327861078 -0.582427780279368 -0.142614719183137 -0.0251646873555608 0.375571005320053 0.109461093134063 0.919962731616383
1464104853.25564  -7.90191351104224 -0.594579898348889 -0.123404808792127 -0.0235268932997148 0.401063527516005 0.120282945446211 0.907814157866502
1464104853.35558  -7.90379667098355 -0.605011223586353 -0.102686153107039 -0.023359421028848 0.423955358324437 0.123397234620143 0.89693328296217
1464104853.45559   -7.90327154631944   -0.61358401969643 -0.0789423566236007 -0.0232625533048781 0.447589827636297 0.13113718683476 0.884265366300927
1464104853.55552   -7.90256009980576   -0.61916781072947 -0.0536510359854704 -0.0243198663794772 0.466147880771253 0.138646818501563 0.873436750469746
1464104853.65804   -7.90041681799979  -0.625362099327285 -0.0242612567359071 -0.0312918311539748 0.482132384235832 0.141945152847126 0.863956456632688
1464104853.75547   -7.89395615466759  -0.633666493690572 0.00753773702877887 -0.041020285555653 0.500121441990968 0.156266127795399 0.850750713627464
1464104853.85541  -7.88694954795414 -0.645551404845762 0.0376975137037329 -0.0507363729674883 0.516387608904874 0.171068445248674 0.837559099328407
1464104853.95535  -7.87801763791223 -0.659249202178677 0.0628403642657136 -0.0542691483334592 0.533775168458496 0.184053189174804 0.823567454815238
1464104854.05547  -7.86880537061261 -0.673686712612824 0.0864989959384387 -0.0506349076066955 0.550620541232203 0.190387856365386 0.811175437161044
1464104854.15767  -7.86005259054923 -0.683728956512828  0.108945175088227 -0.0556495275372872 0.569204582069211 0.19667718652222 0.796383926343315
1464104854.25546  -7.85166079029185 -0.690604024152433  0.132705884362004 -0.0605037737856446 0.586658085304893 0.202007836204026 0.781897959081784
1464104854.35544  -7.84275737055329 -0.696141048173334  0.159142418220915 -0.06506022913678 0.608251986308708 0.214029954296763 0.761569344445997
1464104854.4554  -7.83148076984554 -0.704235578215468  0.184659665371651 -0.067125739663665 0.634477730235071 0.220060962885127 0.737906035701314
1464104854.52209  -7.82289333396712 -0.710425798936034   0.20010835801291 -0.0648939100513976 0.656252575255264 0.229219574514149 0.715946733052556
1464104854.62211  -7.81261277716409 -0.719371597858498  0.222588276277227 -0.068945651249566 0.681681822781696 0.239977930828954 0.687725950054127
1464104854.72195   -7.8020439061201 -0.728496728026749  0.242891536656395 -0.0733084154989628 0.705329737729441 0.252906208897617 0.658159772997853
1464104854.82201  -7.79044604086837 -0.737188374528823  0.261203981797291 -0.072446275031343 0.724326187729734 0.266173286885268 0.631866198139833
1464104854.92222  -7.77714459327203 -0.744014746952328  0.278821523375407 -0.0763743273206171 0.739375184661719 0.26889160299835 0.612526411079351
1464104855.02231  -7.76154191334099 -0.747919175217089  0.294752243784498 -0.0778100873075449 0.754787904954739 0.275055733900184 0.590411002688685
1464104855.12208  -7.74302806270881 -0.749093077347146  0.310398349763663 -0.0799444395259915 0.7687777339643 0.279028300137074 0.569853393490121
1464104855.22261  -7.72161775405023 -0.750315045777928  0.324972626514503 -0.0790502208464826 0.784181147432374 0.283160684162057 0.54647142426722
1464104855.32611   -7.6953760103495 -0.753347217343147  0.342064772896012 -0.0768504513912882 0.797112848983754 0.291625480870652 0.523124930597767
1464104855.38861  -7.67564456517656 -0.756881306757826  0.351149492724374 -0.0736723111894337 0.807610397215992 0.294487182503137 0.505583955653263
1464104855.49158 -7.64619023750543 -0.76136094642166 0.364865921302532 -0.0780673845966315 0.818241143280871 0.303975159518444 0.481649267932996
1464104855.58864  -7.61674294346958 -0.766560498235806  0.374116529382673 -0.079160221097892 0.831093333913269 0.307486494197771 0.456584697078894
1464104855.68856  -7.59404617542569 -0.770329044950232  0.382512132667437 -0.0811409197655339 0.842987675581333 0.315735608075551 0.427900637707806
1464104855.78865  -7.57116363655966 -0.772715071543275   0.39034342813821 -0.0843125430854857 0.854562074155178 0.319153883952656 0.400943705340279
1464104855.88864  -7.54752424504004 -0.772224678970592  0.397424974747132 -0.0899119749369719 0.864464965541692 0.319599031729248 0.37745545304269
1464104855.99117  -7.52525788668048 -0.770994099181229  0.405417000049049 -0.0948471267064042 0.874105725565414 0.320995293719941 0.352001739340801
1464104856.08842 -7.50126347419983 -0.77093173509992 0.412419531263502 -0.0943257131206892 0.88440911524406 0.325427308449094 0.320967667582063
1464104856.18858  -7.47654553163701 -0.772188360155714  0.417297031794456 -0.0926259500406198 0.892786598029883 0.330576306928542 0.291670754541464
1464104856.28852  -7.45620600311705 -0.774913490683335  0.418466732172114 -0.090155616142627 0.903008687595777 0.335302768911192 0.253020410569944
1464104856.38856  -7.43342763217866 -0.778700577599933  0.416063332409696 -0.0839596808656531 0.912729202848001 0.331826187717565 0.223086430340839
1464104856.52169  -7.40338997882078 -0.778587403787636  0.409089506038283 -0.0892721862378481 0.9207101355076 0.323598191710862 0.199016415049994
1464104856.62256  -7.38208477644644 -0.772500491037117  0.400758446733772 -0.0937865872133932 0.926082300920072 0.323713400909151 0.169662258776906
1464104856.72269  -7.36079706429579 -0.762904142986665  0.389366053375944 -0.0958737314908866 0.929277436669506 0.325947097965354 0.144948827642482
1464104856.82549  -7.33869208393412 -0.750194858835908   0.37447566994351 -0.0994011792606311 0.930741861003308 0.329705287939704 0.12301795333321
1464104856.92179  -7.31456056929249 -0.739497186281955  0.354220648998425 -0.0961255200678877 0.934234905543904 0.33038730595716 0.0938576247164851
1464104857.02171  -7.28897167127877 -0.730722964600526  0.332772157091647 -0.0948222639969487 0.936242577901361 0.329503749638041 0.0767193101479497
1464104857.12197  -7.26564034151955 -0.723872453499728  0.310369063624099 -0.0983500508038867 0.938440275118874 0.325863522174272 0.058907405798117
1464104857.2217  -7.24548477759393 -0.718387538022441   0.29125199767984 -0.0980828869954262 0.940017868797649 0.323673985172419 0.0445118517068496
1464104857.32346  -7.22917222838871 -0.710713985513603  0.273597159178043 -0.100306184668939 0.939476333901037 0.326900900471313 0.0214170172543098
1464104857.4216  -7.21554514498749 -0.701823354286341  0.254874211361765 -0.102724836129672 0.939992489637096 0.325354058647466 -0.00254243772917155
1464104857.52275  -7.20179616845471 -0.691324632224776  0.236954342086437 -0.107256183678464 0.939054772932363 0.325874607049401 -0.021862867517267
1464104857.62247  -7.18702127639176 -0.680044226123594  0.218453047945436 -0.111966779411887 0.938247490678031 0.324687157905899 -0.0416333524412422
1464104857.72181  -7.17028231676148 -0.669322542181669  0.199406758900985 -0.113676037947739 0.937506495311708 0.322874626823384 -0.0625404269134933
1464104857.82388  -7.15311889395865 -0.659131246690253  0.178985961811349 -0.115063334828679 0.937004569921466 0.320215488741432 -0.0790247157190578
1464104857.92167  -7.13731791471325 -0.650382775455887  0.158014054513572 -0.115436511398175 0.934991740648228 0.319835232560411 -0.100847809935778
1464104858.02157  -7.12476582828596 -0.644898292027477   0.13614769350529 -0.116845883956407 0.935435169576158 0.312276261236253 -0.117437726437368
1464104858.15753    -7.113333687381 -0.637015990475127  0.110272729171682 -0.11655237458018 0.934080833895122 0.307630370831548 -0.138823970090038
1464104858.32326   -7.1047273672046 -0.625221671627602 0.0796046307070647 -0.120932016686593 0.932044138940561 0.304281222514 -0.155184110114561
1464104858.49118  -7.09921131941248 -0.610941339213855 0.0443509707104069 -0.118021648298322 0.928821774999947 0.305846840013214 -0.172680952258284
1464104858.62148   -7.09172447108967  -0.595658148895245 0.00956028653299641 -0.115189131595888 0.928380852369264 0.305082270401021 -0.178228126857861
1464104858.75496  -7.08286819414057 -0.579283280560767  -0.03019704943117 -0.113947890689321 0.929350670105482 0.298555363524242 -0.184899716313609
1464104858.88824   -7.07826177401809   -0.56382567816745 -0.0679233801771097 -0.120142628408015 0.92598014910914 0.300774843374806 -0.194064437463152
1464104859.02172  -7.07907402780957 -0.552060781338467 -0.103071751098156 -0.123648519828973 0.923165473387554 0.297881689976335 -0.209148394844617
1464104859.18883  -7.08180592813258 -0.539878522607506 -0.144856456278521 -0.131634849934231 0.919512584443133 0.292736185902153 -0.226879701156718
1464104859.32445  -7.08874569263346 -0.524780724458864 -0.176930782453832 -0.132340388360213 0.912176348673086 0.295226547129233 -0.251518620384764
1464104859.45568  -7.09635735853588 -0.507518510482089 -0.212928979105569 -0.136927686080212 0.905029394396508 0.295643382219828 -0.273436637290306
1464104859.58816  -7.10813624435838  -0.49161951054956 -0.252019147783486 -0.135520010774888 0.892047458884767 0.291695027528833 -0.317489635565883
1464104859.72141  -7.11755123232819 -0.479720790265733 -0.294493958442282 -0.139364251246005 0.883194220121279 0.282141532382672 -0.347766776336906
1464104859.88866  -7.13127155192096 -0.466376981858845 -0.337083073394846 -0.143296411645109 0.86842138698626 0.280797288474864 -0.382705259723014
1464104860.08803  -7.15311323221461 -0.450485371716034 -0.372346767463508 -0.148971285702896 0.850256064020063 0.285660262511123 -0.416257607804607
1464104860.25542  -7.17726001572119 -0.445986937776128 -0.400650906534695 -0.161234905799002 0.836988069638322 0.269283275064643 -0.448264201342871
1464104860.42135  -7.21251280763214 -0.440025095804138 -0.426504345696889 -0.161323559256456 0.819568001896017 0.253111866263084 -0.488075181354081
1464104860.55558  -7.24907780505682 -0.435019183990204 -0.450504444533306 0.164648858406753 -0.802805768504608 -0.240251814698657 0.520262161813715
1464104860.68802  -7.28734323094742 -0.426237410034818 -0.473524525217066 0.164422648894009 -0.787604696489079 -0.229616534923429 0.547649779958672
1464104860.82335  -7.32755923905781 -0.424124081095645 -0.498888327528604 0.166539358515394 -0.773223159763648 -0.222735153018693 0.56989441029031
1464104861.08799  -7.38548869358703 -0.424539655100263 -0.548231672536276 0.17898218319231 -0.761069969538116 -0.207731486293014 0.587865213437112
1464104861.35467  -7.44778330647775  -0.41663147405554 -0.590336694874269 0.186257737519864 -0.750497652561346 -0.196320246838549 0.602925940224122
1464104861.58794  -7.50650512628077 -0.399908338164123 -0.637031838387579 0.193847180974456 -0.748942563641972 -0.191131767964841 0.604133225429857
1464104861.78797  -7.55812565217808 -0.390455019808822 -0.688536600268826 0.204596185874029 -0.748060614497005 -0.181491154327345 0.604654181053179
1464104862.05443  -7.60987830839902  -0.37590414433744 -0.746626380973074 0.19613212916339 -0.75222772265127 -0.184147026650056 0.601477774951546
1464104862.32348  -7.65737736164584 -0.349753830115396 -0.808605887660202 0.18880879730163 -0.758324698163006 -0.182441995511409 0.596665575084832
1464104862.52109  -7.68984294689843 -0.329693503984054 -0.866307596241719 0.18883582589716 -0.768511125302926 -0.171813391736605 0.586695695879331
1464104862.68778  -7.71150432898948 -0.314856224034206 -0.919920486792973 0.192694121013909 -0.778810574562469 -0.176210658148347 0.570326983958571
1464104862.85447  -7.72040021804789 -0.297965300017996 -0.971525638746995 0.19581172902605 -0.78991693303859 -0.181948253840759 0.551891147418614
1464104863.02096  -7.72218884834424 -0.276633017155218  -1.02425873316281 0.204379038802954 -0.795817774811652 -0.177994355402782 0.541499111021024
1464104863.15853  -7.71467164242528 -0.255842613036493  -1.07246164802956 0.204205011368561 -0.802751970014612 -0.172064288513777 0.533182397109913
1464104863.28763  -7.70082879287278 -0.240031949280424  -1.12306311180404 0.197330881733713 -0.806936078215784 -0.160988973606972 0.532913913465298
1464104863.42106  -7.67954159620737 -0.221588477608351   -1.1708663345709 0.187970131195821 -0.811192984821628 -0.167966047939142 0.527655738047176
1464104863.55439  -7.65350331825449 -0.203237321686499  -1.21944922451697 0.182158075027941 -0.819721966535972 -0.164501295789637 0.517507156437517
1464104863.68766  -7.62668987510384 -0.185070671118946  -1.26469059332579 -0.183966989602085 0.832324938227165 0.165853204978776 -0.495866976456549
1464104863.85445  -7.59347871119095 -0.160528005728659  -1.31775204553904 -0.175497155671073 0.844716795300744 0.174348634767159 -0.47461230245647
1464104863.99292  -7.56248275560785 -0.141020568480441  -1.36464564919258 -0.173447783145298 0.855344752690537 0.169583270250546 -0.457758380609112
1464104864.15466  -7.52439690082064 -0.118883158569776  -1.42651768575583 -0.167939480210248 0.864879922436588 0.167946370414892 -0.44223643836443
1464104864.2888  -7.49049545233973 -0.104739097122222   -1.4705138645243 -0.165090230870936 0.874657389001226 0.172693293092899 -0.421778015142171
1464104864.42237   -7.45801420484735 -0.0893719530616514   -1.50524688234853 -0.160572076818919 0.880996227555138 0.181001476085551 -0.406571913484597
1464104864.58757   -7.41831357202203 -0.0701891004327552   -1.54332893697964 -0.166265059514428 0.887719594408645 0.182950764603736 -0.38837980047696
1464104864.78746    -7.3642869951715 -0.0453572553754344   -1.57868200742489 -0.168280446801306 0.892117539553784 0.186670339506041 -0.375449292439812
1464104864.98943   -7.29963562060493 -0.0271555906153363   -1.61115477014587 -0.169188394868828 0.896422137820721 0.185595695498069 -0.365180606932004
1464104865.18751  -7.24490557856503 -0.010684947253953   -1.6380331412767 -0.159909119888405 0.901811449613552 0.194676545317856 -0.351092901417168
1464104865.35426  -7.20302540007608 0.0021345682896563  -1.65747872086092 -0.171682782481206 0.908620411985576 0.188565529794623 -0.330721952848531
1464104865.52073 -7.16128809392881 0.021255981434637 -1.67350255952745 -0.17473147764247 0.917254992870807 0.194796619561348 -0.300277314797382
1464104865.6875  -7.11504943301982 0.0343797471811547  -1.69170835627186 -0.171844896545734 0.927318397913075 0.195008747073653 -0.269298178582547
1464104865.85407  -7.07157338641712 0.0449816331278763  -1.70497721057487 -0.164440093775803 0.935494138336563 0.203715404829809 -0.237297717081232
1464104866.05403  -7.02195623556079 0.0533960713009055  -1.70821658194343 -0.161196566429079 0.941825904809361 0.211019312279057 -0.20603514711519
1464104866.25409   -6.9684372361207 0.0586924325933351  -1.70213746573546 -0.1673241729341 0.945768693519748 0.204436837161817 -0.189023223761372
1464104866.45397  -6.89894287300925 0.0644870707206075  -1.68452317180811 -0.163304525232652 0.946419704235617 0.209105779509422 -0.184109066720957
1464104866.6206  -6.83472806953204 0.0652784413158452  -1.66656295362817 -0.159539308576768 0.947246744372641 0.216972956440486 -0.173762914535161
1464104866.78746  -6.77307009167285 0.0683926920496648  -1.64587028339653 -0.163181609680943 0.947828416082081 0.227365227147772 -0.152637182276509
1464104866.98952   -6.7129259094354 0.0704627100745636  -1.62896776178891 -0.163941062079278 0.95360765705117 0.220538956001545 -0.122956632450003
1464104867.15605  -6.66826525870069 0.0749151260630776  -1.61871687803668 -0.161734417541283 0.957672513822033 0.218327933622278 -0.0950696999711065
1464104867.32265  -6.62469644469509 0.0805347596690732  -1.61550800665715 -0.155380651143049 0.961959301635161 0.21275978394794 -0.0722802157051307
1464104867.48898  -6.57991006193841 0.0899375076811766  -1.61430103850163 -0.162359645799276 0.96245701539743 0.211950994952015 -0.0489143605401786
1464104867.65674 -6.52375263322578 0.101126853092512 -1.62518432438035 -0.161353727421179 0.961727062169301 0.217141811009744 -0.0435369549912026
1464104867.82622 -6.46060032563104 0.106092913636394 -1.64120523755179 -0.162838106534869 0.962527349933167 0.213252825270916 -0.0393457012232063
1464104867.98965 -6.39938005284537 0.103864633288941 -1.65258151668604 -0.153038773764801 0.964602630362065 0.212983623038177 -0.0275476957417918
1464104868.12052 -6.34760767544563 0.102677779583138 -1.65506616022598 -0.148745496116574 0.964982986320982 0.215928247011994 -0.00758983783768786
1464104868.28713 -6.27973379931166 0.107672231292834 -1.65483585066707 -0.151905150038981 0.965756559103322 0.210225764890988 0.00664994109338333
1464104868.45382 -6.21126884985032 0.116428667288465 -1.65040825145561 -0.152635185957453 0.964801573398111 0.214005376692639 0.00788179693370771
1464104868.58712 -6.15093368736672 0.120311929997118 -1.64741000067554 -0.155843750633796 0.963797191397822 0.215921966334979 0.0136163025854222
1464104868.75377 -6.08304147285598 0.123703304147007 -1.63736309646432 -0.147739234105558 0.96207888499681 0.228435262575447 0.0198662669186583
1464104868.88702  -6.0270586025836 0.126084431245393 -1.62976465142959 -0.150006593852281 0.961458148999694 0.226045581883878 0.0447173840211788
1464104869.02334 -5.97021550010923 0.131118823564476 -1.62435442280908 -0.150914836354616 0.961613785692409 0.21942202427 0.0661635443399778
1464104869.15607  -5.9191159900013 0.136509420571047 -1.61635053795321 -0.14602742789508 0.962273335466814 0.214649743889913 0.0814340567570772
1464104869.28704 -5.86442128740245 0.142443349572799 -1.61779405473087 -0.137280497782831 0.96325934848388 0.214885535659129 0.0843190313713236
1464104869.42101 -5.80783639223182 0.142409922493733 -1.62200968163573 -0.134236989649027 0.965776396807022 0.206732743775208 0.0807338505930908
1464104869.52041  -5.7586420856573  0.14361711336908 -1.62036620568672 -0.131820946426258 0.963032706150219 0.212572313092929 0.100021281108544
1464104869.65609 -5.71072188422538  0.14217726141398 -1.60938288084438 -0.134030792555111 0.959702417870251 0.215347085335474 0.120965485236731
1464104869.787 -5.65563710921803 0.142235532624695 -1.60010619304861 -0.13449398949364 0.961186730490693 0.203417562417799 0.129045461829144
1464104869.92327 -5.59794939594539 0.140454526751803 -1.59123722763208 -0.133826011675628 0.96550903105388 0.175821222359647 0.137730923616858
1464104870.05362 -5.53831281291515 0.138703694567284 -1.58002138446162 -0.130127757203289 0.965832221405329 0.173269335405567 0.142171109261349
1464104870.18693 -5.48268227794868 0.135267204401534  -1.5659063581901 -0.119336769730176 0.964523143318017 0.185335777687477 0.145273847967476
1464104870.32287 -5.42435538197762 0.129781138322174  -1.5545312763601 -0.110837835805694 0.96344951801216 0.188327484859301 0.154960507364348
1464104870.45361 -5.36561841305063 0.127266045424561 -1.54471865332855 -0.103476072087123 0.961645544809897 0.188152854784203 0.170672352445416
1464104870.58689 -5.29992411808453 0.132753940530965 -1.53531153919373 -0.103087500363731 0.956089738651194 0.192007525629155 0.195955324031828
1464104870.72104 -5.24222122208386 0.141638409232451 -1.53387082872598 -0.100413776185865 0.951950825705068 0.200182782696767 0.208886458401001
1464104870.82199 -5.19217576255102  0.14465410925972 -1.53659957650993 -0.0992735066678123 0.950251194435942 0.1979174127412 0.219080204675755
1464104870.92028 -5.14324759764262  0.14657699187498 -1.54027753526568 -0.0944819225986229 0.948163713218891 0.206162995745526 0.222610777866353
1464104871.0555 -5.08392168094562 0.146111529557491 -1.54333050418652 -0.0970596802536997 0.944229040547908 0.211239793551266 0.233213822650901
1464104871.18773 -5.02363534170725 0.147803573793801 -1.54283366614251 -0.100594707307888 0.939547723894233 0.216167067798653 0.245769359738229
1464104871.35346 -4.95112954971885 0.157062248529461 -1.54037868040215 -0.0999413277818858 0.938832899675931 0.212720576181946 0.251703146496221
1464104871.4868 -4.88670758655493 0.164841302139465 -1.53642960483593 -0.103163220787585 0.938057512625788 0.21391417463235 0.252281943020923
1464104871.62182 -4.82061138691455 0.172128518251194 -1.53231897532111 -0.115798135896844 0.934929146622907 0.227179538954351 0.246754411507205
1464104871.75345 -4.76456361060068 0.173139221468525  -1.5323163996589 -0.101016926757721 0.93671037477395 0.241414468295601 0.23256893343012
1464104871.88679 -4.70609204281207  0.17372543919346 -1.53171619097629 -0.102492079638411 0.93571834940762 0.241189447809552 0.236123261155261
1464104872.02003 -4.64678653379085 0.181236210623424 -1.53090729730531 -0.1029417295419 0.935154780338115 0.238581527539017 0.240764183064763
1464104872.15576   -4.581011473893 0.194987622866419 -1.53123507931506 -0.107819531133913 0.933104534307865 0.234674041339388 0.250237829037908
1464104872.28663 -4.51713358555517  0.20882620173109 -1.53524717349849 -0.110284384730524 0.930603056739327 0.241824319668774 0.251667049270987
1464104872.41992 -4.44894032989755 0.214229433079882 -1.53926211238866 -0.108041433814338 0.926916638331974 0.249337292594968 0.258811724394599
1464104872.55607 -4.38608742566139 0.214562878808655 -1.53959900652941 -0.11293643809668 0.923760834255863 0.247497932886257 0.26954787192997
1464104872.68667 -4.32422542612311 0.220395622600965  -1.5378080865508 -0.117999641761897 0.920539203968116 0.248301553587459 0.277542784067368
1464104872.82002 -4.26045178035922 0.226789325965229 -1.53611582475904 -0.131071670964764 0.921645604201588 0.236497445687952 0.27831377168489
1464104872.98663 -4.18057028073181 0.235138318561631 -1.53564520308838 -0.124924868623008 0.926970458028707 0.234447781381492 0.264865597892346
1464104873.15571 -4.10085019742093 0.242930910016691 -1.53425009313145 -0.122373546818526 0.926550666360008 0.248090540182981 0.254911085633002
1464104873.28661 -4.04412466467535 0.250177541487078 -1.53298584109725 -0.125792575711039 0.922431746297855 0.260742265126264 0.255556984828623
1464104873.45323 -3.98257126494477 0.261314385905022 -1.53369546027193 -0.13359703133514 0.920049368995297 0.267169656946248 0.2535377018059
1464104873.61984 -3.92584061620607 0.283956977107396 -1.53254935574377 -0.146824724288642 0.914667932486602 0.281006141475505 0.250720206747078
1464104873.75347 -3.87241168796017 0.301093188546726 -1.53767753939812 -0.146683137509901 0.913997526574643 0.293883663835388 0.238170045800003
1464104873.85306 -3.82938630353884 0.311827926187786 -1.54268560994189 -0.145611904723645 0.912800545101207 0.305191150826348 0.229021177018592
1464104873.9884 -3.77684025426316 0.324445825749432 -1.55287670171105 -0.136621833786067 0.916432390262556 0.306857998956517 0.217541529568479
1464104874.1199 -3.73291821365145 0.339447100017312 -1.55570150767115 -0.149313282403835 0.91206915211141 0.320597972964013 0.207490590620231
1464104874.28662 -3.67817512999949 0.358503928946657 -1.56075122528037 -0.159929306631532 0.911271996143854 0.325285480977962 0.195436234586343
1464104874.41983 -3.63158510507362 0.373354149714546 -1.56657510445486 -0.172861575086326 0.912063471329108 0.319719991196961 0.189837370806666
1464104874.58645 -3.57167504546754 0.394203348324642 -1.57486862111318 -0.175810726378037 0.911226125909011 0.324917686616834 0.182170340272086
1464104874.75304 -3.51662809280259 0.408202993618875 -1.58333532099686 -0.176819421744647 0.908137714057722 0.333440957124636 0.181212340947605
1464104874.88835 -3.47442215498985 0.421256996856232 -1.59413438573695 -0.185813113518042 0.904223922878788 0.333336915889941 0.191674423550481
1464104875.05294 -3.42299164345783 0.445246464995714 -1.61341303576393 -0.201428762848204 0.897789045149035 0.328996066759414 0.21251558052214
1464104875.18638 -3.37895101031041  0.46896594461179 -1.63316972314749 -0.213617236334463 0.888612294210546 0.328200419440599 0.238789345653677
1464104875.32188 -3.33141260074988 0.492945280524749 -1.66036504374065 -0.215734206609315 0.881456310775006 0.323125477490531 0.268483612330589
1464104875.45331 -3.29135119183031 0.511560384434137 -1.68503804167795 -0.222996626748919 0.869611796657805 0.327361997255474 0.294757443205586
1464104875.61949 -3.24596278038771 0.530016590199891 -1.70821261039641 -0.231983321028917 0.855666513026815 0.325619631167986 0.328618948094827
1464104875.78627 -3.20253318407659 0.557082430960051 -1.72320333779491 -0.245447569060132 0.836290916503429 0.326688387432949 0.365578570669543
1464104875.95318   -3.160517908406 0.583695745162572 -1.73830990340527 -0.250081034087781 0.823063213229248 0.328159991484467 0.390304295911851
1464104876.1197 -3.11863036013293  0.60526173185718 -1.75118383439277 -0.253934550120234 0.813157684477733 0.320380092023328 0.414304744198242
1464104876.28639 -3.08781509710168  0.62024887175375 -1.74911396867219 -0.260869148840734 0.789480252998562 0.325946362587701 0.449919088308425
1464104876.45281 -3.06482824930203 0.626732187233885 -1.74426804296035 -0.265980134762934 0.769360017448072 0.320119647450816 0.48462680773948
1464104876.65559 -3.03967750495698 0.634562440250813 -1.73771828416243 -0.267612649266319 0.747995351049469 0.31621353633355 0.518551274417944
1464104876.85331  -3.0110559763457 0.641109162977361 -1.73062310833358 -0.262059128591714 0.736957246136969 0.294463970576848 0.549099262902513
1464104877.05281 -2.98965704707808 0.641020948389425 -1.71280429503711 -0.261755776545397 0.7245347867125 0.283877977445937 0.570917288413823
1464104877.21943 -2.97908134329789 0.634728984570059 -1.68810692155472 -0.26318114562142 0.71032824420632 0.276289978194325 0.591467089550673
1464104877.38613 -2.97418161246902 0.625061164341817 -1.65160441009366 -0.262398307145964 0.700179762542062 0.268127539245244 0.607456213427571
1464104877.51961 -2.96870460452739 0.612763896073954 -1.61494237730471 -0.261321900810209 0.697031458626285 0.262612066666305 0.613916046608577
1464104877.65589 -2.96649678350358  0.59719202840346 -1.57879729452657 -0.258117654417841 0.695253251555251 0.25491462080798 0.620497162586588
1464104877.78592 -2.96747266513366 0.584583652766421 -1.53783900871348 -0.25723982685049 0.689590172356624 0.258374569942758 0.62572809372601
1464104877.91941 -2.97158814043084  0.57034452685287 -1.50129250960607 -0.257569127042419 0.6847642776044 0.253962110352236 0.632660474043519
1464104878.053 -2.97279883345928 0.558276418930274 -1.46344228146018 -0.259713389580245 0.674406839779021 0.244258064856105 0.646577425746341
1464104878.18599  -2.9743335347048 0.548536977961141 -1.42985552086492 -0.262400690616207 0.66465233303379 0.229504089163908 0.660841150968917
1464104878.32155 -2.96951049191741 0.538366474100526 -1.39867344225125 -0.258827599349671 0.656556741434317 0.217941852486878 0.674123777971543
1464104878.4526   -2.959197852054 0.527352986370158 -1.36718748919167 -0.251548813548423 0.645158204877972 0.209443793360714 0.690382055461821
1464104878.58624   -2.946212511718 0.514448500682723 -1.33539469533812 -0.24730406243567 0.63393764909008 0.205245367169547 0.703447295129063
1464104878.71926 -2.93657902653482 0.501828514283393 -1.30519421894644 -0.248893969530131 0.620335357737096 0.204195066353281 0.715220393130469
1464104878.85257 -2.92967684231312 0.488519450406138 -1.27814494563051 -0.246128026021284 0.615384033768661 0.205393474388016 0.720095137095298
1464104878.98778 -2.92649784072971 0.477009903234503 -1.24868842471641 -0.250693726784701 0.605712178606616 0.194252156679631 0.729747567083123
1464104879.11931 -2.92586419479759 0.466366397935229 -1.21477748181456 -0.252165375250593 0.597386139287799 0.189341428462971 0.737354899338946
1464104879.25252  -2.9263835978842 0.455146079616573 -1.17596384535993 -0.256563896233746 0.59493951841133 0.18799801885073 0.738158981175502
1464104879.38585 -2.93131901612535   0.4401266427981 -1.13447233884941 -0.258238647199842 0.592635979146865 0.191240502485499 0.738594927901706
1464104879.48786 -2.93468047021773 0.427200698609952 -1.10080749563689 -0.253641927222403 0.586630976028958 0.209240361856353 0.740100224083495
1464104879.62163 -2.93835982654488 0.410106113659636 -1.05915383509667 -0.247004150411932 0.582324941795971 0.226491347268844 0.740667456726663
1464104879.7524 -2.94239096988806 0.397396257383692 -1.02506878792615 -0.243706237053263 0.573715989899427 0.230915540816629 0.747084497205251
1464104879.88583  -2.94247761610077  0.389012708305071 -0.991927888414337 -0.245474941678115 0.561308041510982 0.229240444262645 0.756388890887153
1464104880.01913  -2.93631987258047  0.383070855511974 -0.960914565451352 -0.245269060832668 0.557196236300474 0.229973394215717 0.759267857876092
1464104880.15232  -2.92766165211638  0.376349425415531 -0.930709750914146 -0.242474321488853 0.552322058726503 0.237395020368392 0.761439525613774
1464104880.25449  -2.91674655150211  0.367781558746946 -0.903299098849985 -0.239012458611272 0.548013227908374 0.236937663511915 0.765777441738495
1464104880.35254   -2.9071589049385  0.359374627676833 -0.878351029407285 -0.238903188379004 0.546036608761285 0.253711585955363 0.761839694179055
1464104880.4857  -2.89848084733161  0.344968116310404 -0.847055801458631 -0.234615786841377 0.542139136076392 0.255069476967674 0.765493404033361
1464104880.61894  -2.89802925430003  0.334621619847509 -0.818259180181321 -0.2423742687841 0.537848268144467 0.277098229211128 0.758413162895679
1464104880.7524  -2.89687209927757  0.325700497009469 -0.786940973989038 -0.252243502979231 0.534032251655384 0.293737136907056 0.751599137704596
1464104880.88574  -2.89838958206605    0.3178672190199 -0.756630263910504 -0.255432622501103 0.545184275649392 0.315275773620988 0.733573082599508
1464104880.98867   -2.8939595247527  0.309832889315124 -0.730297098631483 -0.2475853535016 0.559547000672058 0.319674859341712 0.723475383876499
1464104881.08573 -2.88913442407431 0.300894404688633 -0.70387631182312 -0.242358101630988 0.574331594946355 0.330811071459641 0.708498274253314
1464104881.18563  -2.88381102849252  0.290899230967448 -0.676831183235269 -0.241404840333811 0.586064158994027 0.34920150294883 0.690152747545287
1464104881.28562     -2.87436150973  0.280280724232037 -0.651260647842306 -0.241547133716765 0.599489525707993 0.359353118140453 0.673151266241366
1464104881.38564   -2.8677856021376  0.269159388677357 -0.628994331585181 -0.235642442596165 0.611366572759087 0.370624731855545 0.658286306326606
1464104881.48925  -2.85758483111354  0.260096031650193 -0.608223760696255 -0.229891575091646 0.618391649603489 0.38114391862419 0.647665766192991
1464104881.58569  -2.84474875958167  0.253872432379026 -0.591069406741396 -0.223399031112537 0.633856927829287 0.386753169681018 0.631458829760486
1464104881.68555 -2.83110839101793 0.250261914873503 -0.57320733582942 -0.215370147958112 0.640806970124357 0.402065577224442 0.617515504274767
1464104881.7856  -2.81455251078157   0.24645389742003 -0.556693697234784 -0.207239641827378 0.653624410970632 0.405063348009809 0.604773134603083
1464104881.88564  -2.79635226782498  0.242249208891502 -0.539740660200096 -0.199274451684031 0.664514455616223 0.415620148434756 0.588192250372423
1464104881.98776 -2.77402009847225 0.235893006634671  -0.5226492672611 -0.189625823020892 0.676680524660989 0.422684792813453 0.572261374471864
1464104882.0856  -2.75325659766187  0.226712879386364 -0.505875159587714 -0.186917827331961 0.685341319785339 0.423848562871835 0.561890911985475
1464104882.18549  -2.73175070621722  0.217993620403828 -0.489715899806626 -0.183203626285202 0.68898382422889 0.430046274771117 0.553893421898447
1464104882.28547  -2.70898138675311  0.209901870032076 -0.476629123120214 -0.177336546385701 0.696602655599388 0.429649791077913 0.546532292325511
1464104882.38556 -2.68862507912827 0.204241003763402 -0.46220793681853 -0.175906369870088 0.703717488141259 0.433462516475998 0.534741893565092
1464104882.48832  -2.66569227879508  0.199760251411694 -0.447585662072071 -0.173152070802214 0.712224326241452 0.431142977161955 0.526184951068292
1464104882.58554   -2.6412870610259  0.197116048160384 -0.431411813539482 -0.169251477821108 0.724283163954922 0.432772651215077 0.509387542080774
1464104882.68549  -2.61700987367255  0.193035640655979 -0.411644869455335 -0.167735448234527 0.73448577197887 0.436736902251941 0.491585545330152
1464104882.7855  -2.59126318238645  0.188335199717384 -0.393973438872234 -0.16416608467856 0.748043225312965 0.438807222098525 0.470030904876332
1464104882.88546  -2.56697482870168  0.181514571315381 -0.377553304649004 -0.162663351131162 0.759519810946459 0.44038229266777 0.45025962208854
1464104882.99132  -2.54147022295772  0.175214022479073 -0.363804170775257 -0.152375047379848 0.772669203715761 0.449072664598104 0.422016455219461
1464104883.08541  -2.51551281431737   0.16956209607968 -0.350980323017973 -0.147739280786078 0.780375622078061 0.452702613918229 0.40527439683589
1464104883.21867  -2.48067202640806  0.167255529877588 -0.337616108678677 -0.145601291318764 0.790807746480876 0.451193187507137 0.387102156567612
1464104883.32089  -2.45356109281016  0.168476238898892 -0.330442518313311 -0.141502675954613 0.79985256543323 0.451209067160121 0.369625816170972
1464104883.41862  -2.42265070018645  0.169808670852626 -0.323861729754828 -0.131682762145982 0.813418321396481 0.446290076955064 0.349049354363504
1464104883.51866  -2.38515639593571  0.170353370190896 -0.317418082856977 -0.11875731874392 0.817415548088938 0.449826834218368 0.339682705188676
1464104883.61866  -2.34650324974655  0.169179000517144 -0.311184704390931 -0.110964263291668 0.823367327630148 0.454647340651117 0.321012416741459
1464104883.71869  -2.31119284579449  0.165462624439499 -0.306875272318879 -0.110401148337294 0.827628930266449 0.460705215906918 0.300986119726444
1464104883.85324  -2.26351839473163   0.15892823483301 -0.301480483369501 -0.1047513588019 0.831921661412671 0.463105872033392 0.287169729236436
1464104883.98804  -2.21904427022489  0.157069138706173 -0.296116043907112 -0.10433095284347 0.835924314758287 0.464182803918916 0.273641950038065
1464104884.11864  -2.17533891531634  0.162749077130836 -0.292919293164703 -0.104498847463622 0.841945757726693 0.46880725879551 0.245819214109554
1464104884.21865  -2.13905396607511  0.169446237098576 -0.291614548438251 -0.105612216559381 0.846147798461389 0.472512852619448 0.222736541640099
1464104884.32089  -2.10163273725873   0.17495375250477 -0.293780949913882 -0.102066420624221 0.85708152853955 0.467335761737929 0.191287702213442
1464104884.41855   -2.0658887603561  0.177886611586808 -0.297338481897187 -0.098943476615333 0.860748526466198 0.474488433114874 0.155508486783619
1464104884.5186  -2.03416424069916  0.180153821678734 -0.303242580618641 -0.0865386394138966 0.863419417187133 0.484416231555934 0.111170537993531
1464104884.61855  -2.00452669229551  0.182523745285601 -0.310997041399512 -0.0782137226265527 0.865679104512037 0.488244457907384 0.0781002620152965
1464104884.71853  -1.97710865592514  0.188165116259925 -0.319677982306306 -0.0740187143957358 0.867588250361912 0.489249165002662 0.0494682958808631
1464104884.85201  -1.94313798645881  0.201310677455495 -0.338005416235029 -0.0678356274813754 0.870426778031084 0.487403988320883 0.0138889848272326
1464104884.95195  -1.91876801233057  0.214152037628702 -0.353656139573377 -0.0608814668680635 0.871330644968045 0.486695543970715 -0.0142759101500998
1464104885.05195  -1.89286818757496  0.226576251286885 -0.372181160937434 -0.0515250268100402 0.871921228093673 0.485083227472172 -0.0423415403242027
1464104885.1519  -1.86553607479002  0.236372020558614 -0.391563994794496 -0.0453296755264941 0.871109445680534 0.4851449301089 -0.0612205108803102
1464104885.2519  -1.84157298120013  0.243862932741265 -0.411305766254851 -0.0405421850702861 0.86843245146478 0.486406339011694 -0.087122223581819
1464104885.35411 -1.81985639305451  0.24859854148122 -0.43323896807949 -0.0328305644437115 0.868489572832961 0.482958541230367 -0.10676639626476
1464104885.48754  -1.79451676137457  0.252830375644891 -0.463418427236716 -0.024696417934485 0.869332586969784 0.476998438965084 -0.126978066604047
1464104885.61861 -1.77232388880468  0.25955934494795 -0.49246646673041 -0.0189198211299554 0.867322389674399 0.474075249002954 -0.150487776981016
1464104885.75188  -1.75110785479852  0.268540013943536 -0.522474596522598 -0.0139543047988744 0.866116671344679 0.469065329860795 -0.17211886973536
1464104885.85179  -1.73338174430478  0.275980810834147 -0.546776153378516 -0.00474661325442785 0.863636099872287 0.464524027734912 -0.195774319860734
1464104885.95381   -1.7135939317364  0.282322166400044 -0.574880536292345 -0.00343700237971691 0.867386655147786 0.448782022978853 -0.214995984467585
1464104886.05165   -1.6944902092305   0.28653507709417 -0.598443280322051 -0.00517514700863795 0.86577606568477 0.445920067465869 -0.227068966113985
1464104886.15394 -1.67641538857837 0.287490812987037 -0.62050763213824 -0.00117823109663297 0.866645507233206 0.435393324131095 -0.243632571439159
1464104886.28505  -1.64937767667027  0.287541832234775 -0.647118554080698 0.00256929887346105 0.871755969640212 0.4244805579024 -0.244645016427519
1464104886.38588  -1.62648505105795  0.286083862665173 -0.667781579084599 -0.0145299278721084 0.882108596612038 0.409756792547735 -0.23188936142084
1464104886.51845  -1.59246985502429  0.284587664196909 -0.693387800806999 -0.022773710369822 0.892605975528109 0.393592939809089 -0.218679053180551
1464104886.65396  -1.55551818048525  0.281235138128853 -0.719475149883297 -0.0273038236799321 0.905208377932146 0.37167511457799 -0.204230024573632
1464104886.78501  -1.51650546592085  0.277148991052509 -0.744046099987379 -0.0236657518931335 0.913076577552756 0.356563720425786 -0.196452052643896
1464104886.95221  -1.46928878017111  0.267815705170789 -0.765851607845237 -0.0169761248665403 0.919086199173681 0.346561688386028 -0.186781599243659
1464104887.08577 -1.43341487194304 0.253771206535544 -0.77785166405141 -0.0124915458933263 0.926383693219935 0.331011271715702 -0.179133336413249
1464104887.21863   -1.3946479662619  0.241752882090313 -0.784811153102784 -0.0230181985317065 0.935649768043818 0.314423584928423 -0.158642627741299
1464104887.38496   -1.3418033605793  0.230848560613438 -0.784845144576944 -0.0453990967041867 0.941741791298241 0.302174579736227 -0.140541253381559
1464104887.55146  -1.28172780041918  0.216195121533224 -0.778121165185952 -0.0593755827420215 0.947973286679134 0.286417646762492 -0.1256428252621
1464104887.75169  -1.20978024227293    0.1932132703257 -0.759116266910661 -0.0579413351473415 0.952304041052655 0.278521467105938 -0.110388438875103
1464104887.98775  -1.14053081251328  0.183750457980353 -0.731132492862004 -0.0802073241037328 0.954396463160766 0.274403812218263 -0.08600420981803
1464104888.18485  -1.08648957993191  0.183678557190022 -0.699199652592328 -0.0897449686020053 0.954804847709022 0.278279190368245 -0.0534250466538847
1464104888.41814  -1.02702724856857  0.176760447523905 -0.652071091491392 -0.0837182223339682 0.955941593994337 0.279107096324826 -0.0355830985431616
1464104888.58479 -0.988635786891978  0.178916613746443 -0.610386475603547 -0.0754568777381445 0.948264562030582 0.307742803625887 -0.0198732688664266
1464104888.75136 -0.955036242615395  0.187337591204831 -0.568802882975049 -0.0768404363519374 0.937793591830538 0.338554824040659 -0.00439972517556312
1464104888.98704 -0.910179718762247  0.212921436028324 -0.531958510812586 -0.0944487613878029 0.929280164867597 0.356944373624092 0.0104173314272894
1464104889.18478 -0.869240581014946  0.237486327512323 -0.514932912459114 -0.118035385001262 0.91580625549224 0.382969341562403 0.0264770412271557
1464104889.38471 -0.828630101794964  0.267378073293137 -0.522573492343253 -0.13696977256714 0.905556042148079 0.400734908926281 0.0248810912111349
1464104889.55127 -0.803123675109289   0.28830002646869 -0.538212991588198 -0.13707281029288 0.899286231159522 0.414928735233045 0.0181511377940871
1464104889.68468 -0.784816865459001  0.303769619324147 -0.560637310343647 -0.140375805605729 0.900326015328964 0.411722237166498 0.0138743916993022
1464104889.78469 -0.772457297987737   0.31935262191003 -0.584490467283196 -0.147428073935234 0.90076929877675 0.408108660756708 0.0180818807748468
1464104889.88507 -0.759870262905695  0.336456076298687 -0.613015635810754 -0.152111050489664 0.900861562687938 0.406128775964945 0.0192377369665172
1464104889.98711 -0.745292878384528  0.352271224101288 -0.647898921265475 -0.145367517408139 0.905045367911057 0.399479750737849 0.013307729173691
1464104890.08465 -0.728967836237728  0.361885852146247 -0.685118055762266 -0.137699861670459 0.910169509143778 0.390304452358666 0.0171069339716921
1464104890.18465 -0.710456261424274  0.369194997845837 -0.721156217106287 -0.127777335420023 0.914372757602435 0.383538076392013 0.0222251358824224
1464104890.28464 -0.691539134051797  0.373738764475118 -0.753213788284623 -0.128046959895897 0.917476882068551 0.37489589828658 0.0359612622009847
1464104890.41819 -0.672117944195337  0.385809766208918 -0.791628724771981 -0.130560951957841 0.918009964535463 0.370321666361545 0.0554383104059625
1464104890.55138 -0.643752504073011   0.39637280793283 -0.826184684898018 -0.132211496377386 0.91827231583758 0.365838983258618 0.0738776862133674
1464104890.68461 -0.616817048338837  0.414814811401947 -0.865283377264687 -0.136440212302973 0.919696148927765 0.356670100686235 0.0912661020895977
1464104890.78454 -0.594068366423914  0.427500447571269  -0.89847685025748 -0.133618316721313 0.924390607308592 0.343389396044742 0.0986502571727139
1464104890.88773 -0.567865607340414  0.434286216982213 -0.931194915002673 -0.129713143935776 0.927668846857854 0.330827863831825 0.114708044060505
1464104890.98694 -0.543756765606384  0.439034164514327  -0.96457324094885 -0.125647766589876 0.930191157485177 0.321213107803243 0.125615240567155
1464104891.08449 -0.519549524221528  0.439464846559625 -0.996504397103102 -0.115369717000557 0.934522748885566 0.307844407164923 0.136341047347649
1464104891.18454 -0.496755696998223   0.43991998363976  -1.02499274149818 -0.112138833332334 0.936163223658713 0.296110497758294 0.152780475994561
1464104891.28446 -0.477609837122604  0.442943450140443  -1.05095679830439 -0.106252407472591 0.938028772992678 0.282503248733207 0.170306668687147
1464104891.41779 -0.444494175664442  0.447082682409132  -1.08976718096886 -0.0959629487290543 0.939480385851359 0.265569490978405 0.194011758750026
1464104891.5512 -0.413663859813609  0.452604056812567  -1.12666086146479 -0.0786640461230081 0.939290896591802 0.250534519988136 0.220855232497761
1464104891.71771 -0.375112326753636  0.455560897915415  -1.16597590891297 -0.0673900119652837 0.936511886775166 0.231869903363025 0.254244803546816
1464104891.88436 -0.334165668387028  0.457091606345234   -1.2014398651497 -0.0563695638744774 0.928648037707299 0.223562278379456 0.290611771985877
1464104892.05108 -0.292792309851682    0.4626215893689  -1.22494693147656 -0.0417956797111501 0.920303190656666 0.221117314232428 0.32000358087259
1464104892.251 -0.232925082849101  0.474599629302441  -1.25000759851459 -0.0337675094680585 0.913358932829308 0.209967769642231 0.347201311686319
1464104892.51766 -0.136563724593155  0.489567767281106  -1.29453721911145 -0.0118022064959157 0.906742906397544 0.212927592166941 0.363785445164525
1464104892.75093 -0.0762476177012152   0.495263472117181   -1.32089315564679 -0.00672242937930496 0.895174892043289 0.209812981831007 0.393186004651372
1464104892.98621 -0.0178716921791294   0.517194362693164   -1.37052177712981 0.000547912949992453 0.883433618887636 0.204156972011003 0.421740052152736
1464104893.15362 0.0233259600756647  0.529796446076163   -1.4162945452945 0.0113859847010929 0.872657515485043 0.191645680392385 0.449011306324015
1464104893.3199 0.0614077913626935  0.541748317776104  -1.45660133754425 0.016427851683649 0.854757604125135 0.1838349277264 0.485102343044381
1464104893.48573 0.0939398676222039  0.553925654508893  -1.49146362839526 0.0149360409643227 0.836012890313466 0.182639496973933 0.517206125307062
1464104893.65384 0.129675445960481 0.572455673954628 -1.52908634775492 0.019057169452963 0.821602230340176 0.181674677974649 0.540000843309802
1464104893.82023 0.157543568809334 0.596325068972354 -1.57329135510676 0.0195561223810008 0.807037049953185 0.17110910388905 0.564827790256966
1464104893.95087 0.184939513804852 0.614403819667089  -1.6124514763053 0.0147471784584522 0.793779232775415 0.161954461362917 0.586061261974066
1464104894.11955 0.220247944867252 0.629427837077374 -1.66298101359522 0.021505096735894 0.781751071224098 0.166191971511329 0.600652163951427
1464104894.28411 0.235065209418297 0.644630436733109 -1.70706268074747 0.0338420772009817 0.766683841655883 0.169452441304675 0.618333624259902
1464104894.41748 0.245898111523482 0.656901456808998 -1.74299735651571 0.0438273190475129 0.750915179389309 0.156529532968396 0.640081295443419
1464104894.55086 0.249831305354181 0.677268179736906  -1.7835487007048 0.0479688158675112 0.73213188679706 0.150183869595588 0.66266635522904
1464104894.71795 0.257776162472258 0.693648102440494 -1.82871072169284 0.0483553460679653 0.703109028068737 0.140469742772994 0.695390326737561
1464104894.88547 0.255158359316387 0.712110272067313 -1.88124975032815 0.0623974565011071 0.681448703345709 0.137790183589963 0.716064303981764
1464104895.05067 0.267014679907734 0.729927502343646 -1.92548190656361 0.0756049880149903 0.664000798596608 0.130859989697816 0.732299452646666
1464104895.18404 0.281482410660538 0.744962498579783 -1.95415731082201 0.0859235487090789 0.644916713662817 0.123276315781266 0.749334722392462
1464104895.35072 0.302509795963518 0.762227997358375 -1.98702297147264 0.0900317761474479 0.618757066629083 0.107039057181341 0.773030796293419
1464104895.51827 0.327957632401505   0.7715768277804 -2.00708475074882 0.094143252208325 0.589521280789253 0.106939463687866 0.795088459648604
1464104895.75058 0.346266647202188 0.784899753712917 -2.04635767322106 0.101353106763064 0.558513849964212 0.119601127582862 0.814546129711839
1464104895.95098 0.371361646450385  0.79775273933012 -2.06548127737734 0.105744296739067 0.522608238307318 0.115476521702825 0.838071563707956
1464104896.1173  0.39547965725755 0.803538523585954  -2.0832937797307 0.114539442966878 0.49023539938007 0.102863201495226 0.85788643244759
1464104896.2839 0.420265674691796 0.808656629370479 -2.09527671492026 0.107330046288068 0.45700725257415 0.0941433628403568 0.877930327242167
1464104896.45058 0.444196795587882  0.81092617043081 -2.09762806845068 0.100688850527104 0.429822087673752 0.0933811155578052 0.892409488735125
1464104896.65315 0.475895085927424  0.81016589833002 -2.08064590091069 0.10430529053015 0.398313878290913 0.0827101662015949 0.907538147482065
1464104896.88388 0.525314118347691 0.803614350435752 -2.04741469845422 0.104210388143343 0.361094265189648 0.0728852683508661 0.923817549252873
1464104897.1842 0.566453827109735 0.787692137839096 -2.00104559645225 0.106253465807305 0.332202756720717 0.0701091291520776 0.934578107725956
1464104897.48386 0.616691028379702 0.778644109697924 -1.95493784946791 0.109133007025155 0.297937934733 0.0685026860355083 0.945849013231289
1464104897.71915 0.675160866639754 0.776832343979225 -1.91842586941543 0.100520725010056 0.256221396374081 0.0610915033632951 0.959434212492124
1464104898.05053 0.704899473330859 0.772893803131934 -1.86689684268307 0.085819362383813 0.225453896650835 0.0390815444028437 0.969679436933711
1464104898.48644 0.697686187547466 0.794906408839398 -1.86401941674157 0.0660883311169351 0.182677238455401 0.0479684711311512 0.979775680866711
1464104898.81909  0.65654386149813 0.804885075603911 -1.87350843756856 0.0624978207255014 0.132863931754316 0.0370320494186975 0.988468424057743
1464104899.18347 0.602320088524393  0.81026343482247 -1.88120527774897 0.062433041376951 0.0975456475661979 0.0248754446004898 0.992959301402249
1464104899.55018 0.528399288369346 0.809557312837868 -1.88631690957031 0.0697785273853158 0.0941960784461235 0.0270817152678311 0.992735934989492
1464104899.85009 0.448177121123936 0.803484952143991  -1.8914064859355 0.0788462200741874 0.0950211033694768 0.0309541578212896 0.991864962385523
1464104900.15233 0.378836137363972  0.79046273908084 -1.88453137786996 0.0844427568561198 0.0870223863117109 0.0371910019949333 0.991924066885045
1464104900.38348 0.337799315141526 0.782954179267723 -1.85597397287744 0.0855681388331484 0.0761404957171283 0.0331588047766006 0.992865153076876
1464104900.58432 0.309767106318547 0.759997811563989  -1.8131970276204 0.0816036249183611 0.0797283329598797 0.0425445335496999 0.992559420885551
1464104900.78607 0.278758864480311 0.728094512986674  -1.7682396242919 0.0896125432031167 0.0816335888472134 0.0397353763660821 0.991829949707932
1464104900.98617 0.237544271017084 0.701663404284309 -1.72228454163084 0.0940521844474356 0.083447614322906 0.029877786457174 0.9916138361988
1464104901.15191  0.19630335843888 0.680662176555178 -1.67891271010362 0.0967970441199821 0.0927390472927647 0.028619454594739 0.990560814980869
1464104901.31938 0.147004208816915 0.653244410695189  -1.6288011280436 0.0966936530545174 0.10949091090547 0.0299661721588517 0.988819551998346
1464104901.48539 0.100172983488172 0.626159405270968 -1.57987143555858 0.0903094966120794 0.115289129995533 0.0411559185692683 0.988361675548615
1464104901.65237 0.056073143189203   0.6056110111536 -1.52084272028752 0.0859816638185568 0.109851212854546 0.0400958586636311 0.989410019475952
1464104901.84994 0.00776558518170168   0.576190833826531    -1.4381090506636 0.0907795970823578 0.100528276981945 0.0370830468827475 0.990089883755257
1464104902.0499 -0.0351531585133783   0.533059392262855   -1.34672500476526 0.0903747357033449 0.0907060881242287 0.0412251803145672 0.990911346807464
1464104902.28318 -0.0796653969910628    0.48362603144256   -1.24391743672969 0.083681146141811 0.0751072966273181 0.0317071790222228 0.993152060145969
1464104902.58401 -0.146679283437174  0.418842089207092  -1.07884058660955 0.0894742194665998 0.0776621042208018 0.0297062701317763 0.99251221611308
1464104902.84984 -0.187726856497773  0.348370235027063 -0.937560385388368 0.0797622271781179 0.0843456002842863 0.0405380592414802 0.992411443193398
1464104903.15026 -0.211177151792049  0.282191280053088  -0.76015368456182 0.0879114603900466 0.0874134153530071 0.0436782804917526 0.991323699788165
1464104903.38314 -0.223913547163251  0.213261934165872  -0.62739156260419 0.0962176848463207 0.0806494571498927 0.0339866791969835 0.99150528380912
1464104903.64966 -0.242436300711987   0.13801307530171 -0.477636879872886 0.0965360874473346 0.078446437384109 0.0420573803518931 0.991341574352674
1464104903.88292 -0.256704277194743 0.0735531458927311 -0.338753265078334 0.104924963601502 0.0923734308289339 0.0360908448843826 0.989522790139594
1464104904.08345 -0.256990712065743 0.0174522868218961 -0.236721224608271 0.0913914747533572 0.101512104555069 0.0551151299031168 0.989093126771676
1464104904.28304  -0.254808504744769 -0.0273727145493116  -0.127270203870834 0.0832883060898938 0.0944430224674689 0.0475690216435693 0.990898966472243
1464104904.44968  -0.244345744507684 -0.0618088179349157 -0.0402391497849484 0.0993796231193823 0.0821603125505432 0.03560177043459 0.991012556677346
1464104904.58301  -0.234158740658959 -0.0913832190700121   0.021333732966904 0.0917687348922842 0.0694446461400275 0.0385018423278415 0.992609464268862
1464104904.71628 -0.218602767368583 -0.126732536596369 0.0700187887761587 0.100778188084908 0.0676468474483271 0.038944068054175 0.991842235640335
1464104904.84957 -0.199839968937265 -0.153560711148149   0.11588592487577 0.0834240008333295 0.0577176943661302 0.0347537304749897 0.994234017754417
1464104905.11654 -0.141086775128971 -0.190494393798691  0.199194793916163 0.0811985982672327 0.0559173795594733 0.0408549291355001 0.994289147616513
1464104905.28285 -0.0924101010350843  -0.200534634069357   0.241820824211566 0.0826635660676362 0.0581407767827092 0.0344442544608608 0.994283650803291
1464104905.41614 -0.0498167404303613  -0.205408080685095   0.265270891510515 0.0787914679646985 0.064377409425986 0.0419014664790746 0.993927422319391
1464104905.54952 -0.00343899975545341   -0.206898768079163    0.279763929930946 0.0763554065206106 0.0736450866438431 0.0496507168275291 0.99311684077293
1464104905.68284 0.0426801285581559 -0.206149854052158  0.285135031828858 0.0842428742635935 0.078524777837673 0.0551109418790027 0.991816405130789
1464104905.81618 0.0856826725001699  -0.19909258702441  0.280795770299947 0.0915224214964897 0.0696735527850664 0.0519928117697444 0.992001002988405
1464104905.94953 0.125252343570623 -0.18271848503703 0.271166954232793 0.0749035620367354 0.0640428604332319 0.0442184865717524 0.994149231185662
1464104906.28282  0.197134849577152 -0.141605203547323   0.23058335506946 0.0560445251108231 0.0724126888150385 0.0584740163556099 0.994080581801557
1464104906.48522  0.21864813556123 -0.11218068920351 0.194362303082045 0.0521206497347583 0.0899748189746474 0.0626238761928124 0.992605772677297
1464104906.65182   0.225125788697037 -0.0806255545816385   0.152959908254822 0.0415904231278766 0.1090105975948 0.0603618311598063 0.991334139256338
1464104906.818   0.222194574992344 -0.0489026287932076   0.110545421720995 0.0219898123942883 0.1147335085533 0.0646451091196322 0.991046759761024
1464104907.04935   0.208037966412716 -0.0164799217497099  0.0586341991261591 0.0163488332432961 0.117724733556025 0.0633216379055621 0.9908904949255
1464104907.28266 0.188000141530895 0.013592334755042 0.012831000973143 0.0237332236115817 0.124220887433672 0.0629253643423615 0.989972880307625
1464104907.48264   0.160416587767322  0.0397969347126663 -0.0286872857342578 0.0193579396744766 0.117936532010212 0.0602080261769649 0.991005165563146
1464104907.68286    0.12549279446336  0.0588760097732949 -0.0646905316593698 0.00261623615680687 0.112688292454578 0.0602144565606167 0.991800747767994
1464104907.94921  0.0655721207871784  0.0683354798098353 -0.0822347239881186 0.0059275186827665 0.111496670146155 0.0497623054357713 0.992500413111401
1464104908.18256 0.000185782093398441   0.0637395779730099  -0.0674924914324127 0.00339546774298748 0.113492854520579 0.0518454101685701 0.992179366957422
1464104908.38255 -0.0515599412168891  0.0493654911510481  -0.047533498367557 0.00412801317122223 0.119196764617617 0.0619038666447767 0.99093037197695
1464104908.61576 -0.0966878590287703  0.0264353743580354 -0.0142424500613502 0.0127746103272061 0.110963072583727 0.0544016170651313 0.992252220916872
1464104908.91574   -0.115943195843452 -0.00203614292322115   0.0552795908502426 0.0170230498999397 0.102792710880175 0.0458402623659366 0.993500148318173
1464104909.14914  -0.101632185060455 -0.0333674059559826   0.122375789116941 0.0174430292744907 0.103024424877335 0.0519585272234034 0.993167669659659
1464104909.38242 -0.0773925899045913 -0.0562626758295068   0.185879720660096 0.0110321684090369 0.110864548571644 0.0459284352780717 0.992712406471838
1464104909.58245 -0.0487786329045254 -0.0708815942792121   0.239157315125114 0.00631218186810455 0.126106986167193 0.0584604978684409 0.990272464824134
1464104909.74892 -0.0212899543420924 -0.0820300731793167   0.287086293631818 0.0107337634542429 0.139112362632579 0.0596635948130559 0.988419340330243
1464104909.88226 0.000103487410779226  -0.0908609290598528    0.329376998699342 0.010099147834999 0.143797828427431 0.0567554401950397 0.98792662266022
1464104910.0156  0.0215335587706696 -0.0995285534258899   0.370006600995381 0.00575254256329765 0.146151375210527 0.0513109438687319 0.987913898483784
1464104910.14893 0.0406049896093749 -0.107856866531029  0.408465708982806 0.000950742186948559 0.146038273026385 0.0454952857517128 0.988231803715674
1464104910.2824  0.057438529910563 -0.113973812591128  0.440161085204014 -0.00407745231997443 0.144503044633602 0.0388115803061112 0.988734497076106
1464104910.48305  0.077741929009828 -0.115470570800529  0.465442853450417 -0.017659343470074 0.152262325216519 0.0395393420682619 0.987390992634971
1464104910.84894 0.0751838478185233 -0.106966934358436  0.434065125206354 -0.0148213469012006 0.16333674612008 0.0661324158790278 0.984239776991838
1464104910.98482   0.064315339274159 -0.0998668533185878   0.403485605313067 -0.0112861447273635 0.162435754072727 0.0695042183802627 0.984203440536237
1464104911.11552  0.0502171792330175 -0.0886488155188558   0.365181699216104 -0.0129466288505689 0.155243487690331 0.0646191810088117 0.985675507343516
1464104911.24898  0.0345604148987503 -0.0761187658618708   0.320189009207171 -0.00502260767260832 0.145557190453357 0.0594081645662336 0.987551794946657
1464104911.38223  0.0184324158241275 -0.0597050112785061   0.270840339002689 -0.0173715489017308 0.13757571128325 0.0576159216440329 0.98866149845474
1464104911.51555 -0.000566258188605286   -0.0471701110161429     0.222726462437845 -0.0158696123730228 0.127464984056732 0.0603295775661873 0.989879374122541
1464104911.68228 -0.0291145187996875 -0.0344290650978136    0.16559110957083 -0.01000945686957 0.116177780142644 0.0630609453831119 0.99117397632388
1464104911.8488 -0.0614065871091308 -0.0229953424495279   0.109244590913525 -0.00782953451399539 0.109200095585088 0.0635795719666112 0.991953464403469
1464104912.01674 -0.0938378990533458 -0.0168665904501627  0.0480439240180028 0.00310377166147464 0.115914134332346 0.069612764147422 0.990811961540237
1464104912.21659   -0.13806221322867 -0.0172641707524477 -0.0320709755527178 0.0120793310715276 0.119074495574496 0.075936083469418 0.989903563733291
1464104912.41622  -0.182386741846561 -0.0296514971362725  -0.102187837445968 0.0166654870518559 0.102685168777507 0.0881502294058388 0.99066016105936
1464104912.61825  -0.212720654436718 -0.0516434941275409  -0.152818477930505 0.0377883947966628 0.0858150844205643 0.0675158866595442 0.993302277030088
1464104912.84915  -0.226029242455366 -0.0825225962989366  -0.194773221753372 0.0818923814627485 0.0687429872459862 0.0500805181407266 0.99300552932278
1464104913.18224 -0.201616473128494  -0.11834635374385 -0.243337129870844 0.102116733858041 0.088085737489336 0.0697625047641557 0.988405922911309
1464104913.44847  -0.15545545180976 -0.117505259838247 -0.256627304884099 0.0965678728760032 0.111946457510574 0.126071521094136 0.980942713999165
1464104913.65172 -0.111343652413368 -0.103473418461782 -0.248682483022595 0.0945733875322262 0.152662159132292 0.145113572683813 0.972981084380722
1464104913.91533 -0.0650700855133093 -0.0821133888635029  -0.217799935738578 0.0936475345898126 0.185320977499868 0.137983977898893 0.968424853257568
1464104914.21522 -0.0308037732448346 -0.0441306267575119  -0.152397645346755 0.070491275793965 0.202647899088321 0.131869856113045 0.967768128262526
1464104914.54924 -0.00760901861701007 -0.00513312826123541  -0.0808913246365981 0.0487480724342821 0.225321581170571 0.0965380583616969 0.968263504310934
1464104914.84904 -0.00106216590059825   0.0281109556268556 -0.00716482386685274 0.00983662496120017 0.224639501939632 0.0702933432653813 0.971853477058277
1464104915.18178 -2.8590963147208e-05   0.0276468357893482   0.0960520836650323 0.00923634306490063 0.214202718491412 0.0666999562309808 0.97446549512872
1464104915.44874 -0.0136030968301674 0.00921780781299913   0.161076187328091 -0.00386282978537672 0.194659240701826 0.0517692885053328 0.979496196686383
1464104915.68171 -0.0391225625831755 -0.0135532042503984   0.209377844090141 -0.012507413248916 0.173363903520984 0.0553489992937745 0.983221750088435
1464104915.88165  -0.060864999094425 -0.0404288187899241   0.259381599243546 -0.00842544782555804 0.1655949376547 0.0637277459406837 0.984096592235434
1464104916.04838 -0.0711441855822394 -0.0708351057908506   0.304925537310249 -0.00706374361661763 0.17235988969162 0.0755342085684179 0.982108321565169
1464104916.18183 -0.0754676411977783 -0.0981047658342075    0.34127815361619 0.00489547110201936 0.168096431346478 0.0746632368061026 0.982926764922445
1464104916.3172 -0.0698159312393555  -0.120929813443437   0.373794167420309 0.0174164592308716 0.174323202723097 0.0798322716392721 0.981292462187056
1464104916.4483 -0.0545846450781332  -0.133057544826259   0.403746270840265 0.0189559641896161 0.181357246840903 0.0701802098869957 0.980726750211366
1464104916.71498 -0.0118625381299457  -0.128263357699925   0.464866347813519 -0.0213641321125236 0.184351034862709 0.0628967199883367 0.980613212443538
1464104916.84839 0.0150541888751913 -0.130703353085873  0.490763213587299 -0.0261276722253817 0.188727072613142 0.0655606435014204 0.97949029542443
1464104916.94828 0.0347955788612084 -0.138114614866453  0.507130410750078 -0.0273066567261977 0.187943378928499 0.0684704382281016 0.979409736476123
1464104917.149 0.0755284169556358 -0.164103853950865  0.530071694333091 -0.030408174422629 0.192110217585456 0.0880763640586701 0.976939896473553
1464104917.24815 0.0959562870535135 -0.180256453325506  0.536349322825525 -0.0234502634455604 0.195789774035769 0.0951181723550827 0.975740223017984
1464104917.34943  0.115475145887501 -0.198648063495354  0.538190006412186 -0.0108672537202133 0.2044480870563 0.0957104383409902 0.97412647766508
1464104917.44812  0.133495656972846 -0.215590397224322  0.534821100497186 -0.00498785716813986 0.214455552416834 0.102298535366241 0.971349034580455
1464104917.61473  0.154777098570768 -0.241559022214177  0.519319066991144 -0.00321908902608174 0.228051226370606 0.102865876636333 0.968194653486861
1464104917.85079  0.151980686782808 -0.273898045285847  0.483405273243313 0.00939624780177699 0.225837012583303 0.0917573377578661 0.969788608533986
1464104918.04807   0.12924646755004 -0.286332887175542  0.440793160969986 0.0324155901281697 0.20556870782953 0.0839717458080461 0.974494474988898
1464104918.24811 0.0986423580903917 -0.275147925357557  0.392268525112445 0.0365390715372845 0.183071454475426 0.0833363849814452 0.978879351986581
1464104918.41506 0.0696754735845985 -0.255361577231152  0.357910910104752 0.0314970819606304 0.160447280621327 0.0890623123307134 0.982513363009121
1464104918.61495 0.035053484995664 -0.22875280927588 0.313938342524098 0.0330355767750971 0.135648532050165 0.0908538353685861 0.986029262759777
1464104918.78134 0.00845605029940302  -0.202181355837889   0.272909348515065 0.0372903170059448 0.108188003369948 0.0767719117244746 0.990459924355645
