1461244580.74292 4.94780071811289e-06 1.03343432206996e-05 4.79190346550942e-06 3.4056396315604e-06 2.78233171617295e-07 -4.45780744827293e-06 0.999999999984226
1461244581.10276  -0.0448891745983711  -0.0138678668566795 -0.00759782820019103 -0.0047535293727263 -0.0242558993870862 -0.0383581253911983 0.998958312203217
1461244581.14312  -0.0519672143450592  -0.0131973793393958 -0.00605295038405639 -0.0083813006398734 -0.0265076075787886 -0.0413533826499931 0.998757727521262
1461244581.38267  -0.100894936987238 -0.0127513092313613  0.0116878152650257 -0.0229824194853798 -0.0372108766931704 -0.0486806215104162 0.997856380517599
1461244581.62274 -0.144536196548061 -0.010511787863817 0.0417262254674691 -0.0431905687620469 -0.0214862312773514 -0.051489510455356 0.997507767863777
1461244581.82238  -0.185553504702894 -0.0115482520497111  0.0649177245660669 -0.0459938623818245 -0.0523052887603481 -0.0556192226219864 0.996019690300259
1461244582.02521  -0.227361582490159 -0.0139068916578118   0.088341916125139 -0.0533768991806498 -0.0670117010967718 -0.0469456521627774 0.995216782561964
1461244582.22434  -0.272329747486881 -0.0256148433076474   0.119412584842155 -0.0434789432642763 -0.0704908500313042 -0.0480769593305846 0.995404052400839
1461244582.38219  -0.311967968662687 -0.0417793919204232   0.146856493776724 -0.0403129933229572 -0.0789810473736734 -0.030849012100657 0.995582841946121
1461244582.54508     -0.355202945599 -0.0581962633753066   0.174324126585536 -0.04063832466685 -0.0867493552736119 -0.0461839716474441 0.994328978100685
1461244582.66196 -0.391257098125926  -0.06948193251648  0.194860540138084 -0.0376990042553407 -0.104069770074777 -0.0423174541616222 0.992953926981518
1461244582.82204 -0.438290339798702 -0.081911845872082  0.223600261949819 -0.038150867582544 -0.0960632339613616 -0.0478409459191587 0.993492632220866
1461244582.98185  -0.489360031564604 -0.0959024513797462   0.250926743485949 -0.0355322291030115 -0.0879306376083384 -0.0323463010879523 0.994967024815742
1461244583.14174 -0.540351315756187  -0.11304333262402  0.278801972309634 -0.045082594710471 -0.073820233202788 -0.0457636069138813 0.99520039444641
1461244583.26269 -0.578482335617339 -0.125526467279703  0.300926542123792 -0.0468475858259201 -0.085624916333233 -0.051103338755641 0.993912534468318
1461244583.42227 -0.625707357455558 -0.139561310901532  0.334769432984157 -0.0458287688274559 -0.0835246006103964 -0.057925085583574 0.993764584547452
1461244583.58169 -0.669788843389512 -0.154081865759378  0.377116014782981 -0.0451016638521579 -0.0787079235909173 -0.0565985883875005 0.994267319423864
1461244583.7019 -0.697587896042234  -0.17096912217143  0.413268298303404 -0.0355546015316407 -0.0659889241986934 -0.0443184548423494 0.996201388652622
1461244583.86153 -0.726512879775132 -0.194231675853457  0.458099892526221 -0.033683316503837 -0.0439731178533097 -0.0312723022153094 0.997974870530173
1461244584.02136 -0.753444723134679 -0.215499510968984  0.507508239846597 -0.0442949637958684 -0.0340636602164051 -0.020711420882235 0.99822275083271
1461244584.18131 -0.779952388150858 -0.232276658865515  0.563794867325854 -0.0515706534132528 -0.0245354590603754 -0.0136204388322687 0.998274993476869
1461244584.3013 -0.795651836212259 -0.245244865060796  0.604711338985147 -0.047708937783237 -0.000415875158130871 -0.00853188177941771 0.998824755048026
1461244584.42127  -0.80825550495891 -0.258601530538553  0.644183699912854 -0.0484801442105955 0.0302059894855535 0.00284360444037198 0.998363254397068
1461244584.58115 -0.819454372978431 -0.274917820176337  0.693842486674485 -0.0640377950229203 0.0611742179975434 0.0151889844595271 0.99595490390483
1461244584.70117 -0.822152689638575  -0.28698797522241  0.731331629709567 -0.0613915631183214 0.0863803127354709 0.0222603884350733 0.99411970740768
1461244584.86098 -0.819586159739448 -0.299071019611551  0.782735054695814 -0.0585113903214854 0.118177882032302 0.0261395536588771 0.990922362819369
1461244585.02353 -0.808501929724889 -0.312387845398269  0.834155993792659 -0.0570715019518238 0.151233993285248 0.025877280608182 0.986509751238317
1461244585.18115 -0.791636177008283  -0.32580709497089  0.879915249366906 -0.0657522365014343 0.172147068675373 0.0403301771013935 0.982046591031457
1461244585.34081 -0.768819012365511  -0.33567461263032  0.916650405044708 -0.0744676801692741 0.197511392472692 0.0606377895423461 0.975585400122984
1461244585.50074 -0.740181058583615  -0.33532807068433  0.948678553400443 -0.0673015071590622 0.217330474430035 0.0958800978275238 0.969043331775581
1461244585.6233  -0.71268333408668 -0.328553657010045   0.97046704028371 -0.0644146640825212 0.246444911138896 0.120556898833883 0.959469484125699
1461244585.74063 -0.679980724523016 -0.320877577092229    0.9862918398082 -0.0691769397413921 0.294305595410231 0.133592414138025 0.943796500524885
1461244585.86045 -0.644947074284573 -0.316075812298244  0.998421403705958 -0.0713904104189399 0.334944121612329 0.138493403081483 0.929266066312803
1461244585.98052 -0.607513925814716   -0.3108882750259   1.00606864783907 -0.0810945562153042 0.371579234164232 0.141036484623437 0.914035697166817
1461244586.10048 -0.569886181097606 -0.303308495737397   1.01022246041903 -0.0883918771867972 0.395003577780308 0.160006440891921 0.900309384856811
1461244586.22335 -0.531866694396785 -0.292064999962624   1.01086032056347 -0.0929963544103269 0.408445524034462 0.171702587118888 0.891651363224037
1461244586.30044 -0.504931928299482 -0.281880140637997   1.00717029550892 -0.0981044969723065 0.429631973363503 0.175434540661457 0.880349133628526
1461244586.42274 -0.463173582035288 -0.268734336253141  0.997164068438602 -0.101021176652678 0.44790683307883 0.176407094056516 0.870663383814628
1461244586.542 -0.421923543965967 -0.257299264442325  0.984571200727496 -0.103213961015038 0.455935416052811 0.175345353813742 0.866443178481007
1461244586.62216 -0.395264750494452 -0.250002987553409  0.975376173965301 -0.115396167852742 0.465442680571124 0.175494030927294 0.859795720306026
1461244586.7006 -0.368698848988187 -0.242919282842523  0.965397445990801 -0.123107261631774 0.480618462256551 0.180069861130341 0.849367612394171
1461244586.78023 -0.342290085197765 -0.234938748049958  0.957220809985999 -0.131360919588863 0.487920735572276 0.193909164444874 0.840878647931834
1461244586.90015 -0.301813617037348 -0.222022391023096  0.947892314293239 -0.138180306802706 0.493623134856116 0.206882057964214 0.833331997249129
1461244586.98001 -0.273456347918108 -0.211519505428265  0.942260696993158 -0.143352977499325 0.499073659571952 0.208505590811783 0.828794802568022
1461244587.09999 -0.227365624812943 -0.195804171268225    0.9343474996917 -0.140124126763408 0.506915818719045 0.205927060688975 0.825224592160941
1461244587.21992 -0.180470545532347 -0.182503076084679  0.924709059695052 -0.138317803164963 0.51783921830516 0.20201178813177 0.819696264947282
1461244587.33997 -0.133344948047233 -0.171463652289381  0.913474960423524 -0.141175608357015 0.528635279720724 0.206474892284492 0.811161086033919
1461244587.42278 -0.102636007466879  -0.16455206873739  0.904019014649806 -0.143711644889753 0.540241274021488 0.212840050746393 0.801364737036135
1461244587.53971 -0.0556800466098581  -0.154732065797184   0.890718694010222 -0.135800955329039 0.552985787056277 0.218226400895026 0.792554135562911
1461244587.62204 -0.0244495856430987   -0.14518254355838   0.882724506938278 -0.137954397179517 0.554663149319168 0.21793772208474 0.79108819001341
1461244587.7398 0.0246457714071781 -0.128019728223599  0.868567201704868 -0.145056809429714 0.563268554231604 0.209124577554751 0.786100482708449
1461244587.8597 0.0720034443415519 -0.115055981582669   0.85326528214596 -0.134343853888817 0.566383145648845 0.198837060493309 0.788432422355651
1461244587.97961  0.115190785410822 -0.106294416747007  0.841545111244321 -0.134020967190013 0.560192719241274 0.198114271581142 0.793078327189941
1461244588.0995   0.157216530127754 -0.0983397620581918   0.834114782097042 -0.141151663760723 0.555668562110366 0.208372135180275 0.792394920592119
1461244588.22353   0.198179912815197 -0.0900557256306467   0.832149880825693 -0.150874542711728 0.547277656087952 0.212491651623905 0.795343534265885
1461244588.33941   0.238517177444894 -0.0835624180975185   0.833095792879531 -0.143461521945635 0.549539760462902 0.207825878165722 0.796387624060083
1461244588.46124   0.278629712165059 -0.0770207236803853   0.833808246162639 -0.146759346147904 0.555329979831407 0.202293789341386 0.793188206299484
1461244588.57946   0.311663804057571 -0.0767966349389824   0.831332387576631 -0.142628282967716 0.566891930045228 0.199683786034291 0.7863950013462
1461244588.7393   0.342390873107316 -0.0868997395873399   0.823626118110448 -0.12317927816789 0.57865887489901 0.197328073064934 0.781692013206691
1461244588.89919    0.3584615257338 -0.100480664542559  0.812321039854434 -0.096383708928842 0.582905476541447 0.203130002806096 0.780813414351408
1461244589.13931  0.359300816520096 -0.118021804668285  0.790950194572528 -0.0842752825365759 0.575690068485414 0.199113011628236 0.788563650189998
1461244589.29895   0.34203497412395 -0.132920421953895  0.772842797988715 -0.0826033229721117 0.569427810732009 0.180387445534648 0.797739950668387
1461244589.45908  0.313925391560255 -0.148383470243903  0.753011759756568 -0.082788666534961 0.551598579401334 0.172877044979326 0.811787269680308
1461244589.62123  0.280645769284687 -0.163483350006015  0.731209956061741 -0.079711016455522 0.54390571218954 0.166837043395324 0.818521918493526
1461244589.77869  0.238079374246374 -0.175715957881662  0.715565641397215 -0.0706456881197182 0.529931120749417 0.160032550002769 0.82980225171481
1461244589.90145  0.196945258329322 -0.183980577595555  0.707452027877439 -0.052060831031686 0.511751242340043 0.150921237731623 0.844170075184656
1461244590.02305  0.152864137750783 -0.188076821735195  0.703162532847858 -0.0563938973359831 0.491388180966806 0.143695964689495 0.857151593174362
1461244590.14145  0.109054608010333 -0.188989256913688  0.700686505499987 -0.0593433583241307 0.463250022163464 0.151842330824843 0.871103719058783
1461244590.29884 0.0524385487184423 -0.183957960407152  0.690141786304594 -0.065848056409996 0.445042361074399 0.160322727314616 0.878577232474615
1461244590.45848 -0.00246011386743947   -0.174030948201222    0.673150057737403 -0.0788555882024955 0.428610353413494 0.144981352762542 0.888287886052231
1461244590.57877 -0.0439156667783384  -0.166839477363901    0.66101571905733 -0.0808026859263723 0.399883962799743 0.136569312714122 0.902725077234177
1461244590.69839 -0.0825837997856819  -0.160755176503713   0.652742311906903 -0.0848600752050568 0.357071955842015 0.148332414359413 0.918311429111964
1461244590.82101 -0.115411777919685 -0.151493457138675  0.645673999247369 -0.114580930952211 0.326459279002541 0.155221732074314 0.925311711428703
1461244591.02034 -0.149211334922047 -0.139767417697523  0.643924293053575 -0.123135455074797 0.28966461062349 0.164478011865081 0.934814985261134
1461244591.22039 -0.150891710633699 -0.120963508835423   0.66597168940272 -0.135026116649142 0.279147098476403 0.181769776126602 0.933169113141741
1461244591.33804 -0.136492497749813 -0.111222990003825  0.682011856942304 -0.151395168853903 0.312556103375566 0.189855372631923 0.918337150818355
1461244591.459 -0.115139434863514 -0.101822890330548  0.696682393093639 -0.167644416404484 0.349166298933715 0.204567763572961 0.898960664013776
1461244591.57822 -0.0883419353912122 -0.0941683107351224   0.709827274234948 -0.168303999313792 0.380215556781059 0.22646995366041 0.880807160668954
1461244591.69832 -0.0562623341429269 -0.0876939196556563   0.724052978123668 -0.161530177928164 0.404618299191468 0.240122842184732 0.867486630582297
1461244591.81779 -0.0164626234530224 -0.0788933223711025   0.737922142888937 -0.164761391039306 0.432223652961979 0.246116677320499 0.851741145529387
1461244591.93772  0.0279834388913606 -0.0744173586955895   0.749558481106984 -0.144734327632799 0.456881647836906 0.249969483584774 0.841324189329462
1461244592.05768  0.0730814873869862 -0.0741603334106934   0.758919130237466 -0.135431444030522 0.482223954447328 0.248961137374318 0.828937110884942
1461244592.17754   0.114811053916234 -0.0763699510263746   0.767438936872786 -0.135609713467989 0.500691232089311 0.244980453583057 0.819086609025113
1461244592.29755   0.155917554413071 -0.0793520440360982   0.778461239928856 -0.1284114991042 0.509609271254887 0.241736653005326 0.815703541823043
1461244592.41956   0.198543604522099 -0.0791257228536743   0.792573904027331 -0.118648636684958 0.519709423754001 0.243662482454581 0.810218001847747
1461244592.53744   0.241703432334207 -0.0754494860872056   0.807709370192545 -0.119493937849059 0.532804768350143 0.238634350818007 0.803052877617871
1461244592.6198   0.270862373492877 -0.0730550469305755   0.817689446513311 -0.115662381685053 0.548547960887742 0.235473596950407 0.793895165124514
1461244592.69772   0.299997683051198 -0.0712921462380002   0.826901916131889 -0.114415646320035 0.568830488966857 0.227091465187197 0.782157529617933
1461244592.82007   0.338444282106791 -0.0710112267286998     0.8415524037243 -0.125958751663136 0.581637793222302 0.224747770338175 0.771570029292853
1461244592.93973   0.374978058232025 -0.0740275125968749   0.859088145305173 -0.128145134922263 0.577208459036251 0.222426619424597 0.77520037292567
1461244593.02178   0.39931173459425 -0.075495070341828  0.870947871239568 -0.134556785264021 0.573115481317506 0.219522071433792 0.77797376354671
1461244593.09998   0.423300983830027 -0.0751354215876237   0.881973110353825 -0.130173474566046 0.577191298959977 0.219712279037488 0.775649138054346
1461244593.17715  0.447572525904831 -0.073159440051409  0.893596969307419 -0.126114657999561 0.574616564322392 0.215016718119817 0.779537496194357
1461244593.29718   0.484265300456293 -0.0682512177414109   0.911485752137168 -0.127074688026357 0.569783732701618 0.20991785846527 0.784304159308727
1461244593.37974   0.509559494218337 -0.0657237445712166   0.922246752695329 -0.135260138698976 0.568107743410443 0.20016739148762 0.786696448537344
1461244593.45733   0.536097561108976 -0.0653643369636965   0.931814247034789 -0.126254641180958 0.571256997920556 0.190370433641559 0.788342759148701
1461244593.53745    0.55781938946512 -0.0667641433152084   0.941737684655181 -0.120949801961516 0.569719211695257 0.184975976586527 0.791564939418533
1461244593.62369   0.577732420901952 -0.0668461467863945   0.950441959809969 -0.133221918144753 0.565255309356127 0.180873575045938 0.793739948358808
1461244593.73689   0.605884898687206 -0.0681701389422359   0.961258612626001 -0.134416645156453 0.556181470736402 0.181372613072329 0.799811422987752
1461244593.89685   0.635061353808418 -0.0660956689553415   0.978408069556223 -0.145191210216488 0.545953218405943 0.172804756967875 0.806841441522024
1461244594.02119   0.665266484507475 -0.0666707211378355   0.990352909290219 -0.142068952535961 0.527713801793658 0.172958701649713 0.819402125726718
1461244594.13818  0.689249900762316 -0.064727037596717   1.00716193259098 -0.146185629624216 0.503308406716177 0.16069001156391 0.836354667353382
1461244594.21922   0.704630691397151 -0.0582106380792216    1.02040333410157 -0.141761326946034 0.486049494844408 0.15172076849933 0.848905426505196
1461244594.2967   0.721507854970941 -0.0484134653059317    1.03168914962942 -0.129434453282466 0.451253909108701 0.151369938086673 0.869887218931984
1461244594.37663   0.723531022086978 -0.0552792821616706    1.04758637893759 -0.118679645485531 0.430849535415693 0.135710466194369 0.884232146523082
1461244594.49668   0.739503830911227 -0.0491754486529154    1.06892332073855 -0.113674826311051 0.408239851098664 0.133499399069627 0.895877317653562
1461244594.65654   0.757901309029742 -0.0485147546363647    1.08971987490645 -0.115597857316531 0.356569555529176 0.103671294320577 0.92127495905807
1461244594.85759   0.775189943079308 -0.0487224868778626     1.1176369763612 -0.118193089434959 0.297781337936018 0.0941353278434234 0.942600237873228
1461244595.05681   0.789986667432344 -0.0399492903153337    1.13053683565579 -0.103480672869813 0.216523154010475 0.0890428394924395 0.966685495316285
1461244595.25622   0.784187335969116 -0.0440597626938319    1.15565469122275 -0.116345111808589 0.153996661635994 0.0752549660093673 0.978307484001909
1461244595.41833   0.785826835117682 -0.0499695408548394    1.16757460517108 -0.12657994431092 0.0914391521629627 0.0330629829460406 0.987179435720109
1461244595.57613   0.794008754212644 -0.0532071503229192    1.19078772032463 -0.105550047094735 0.0440940057706995 0.00672571458165116 0.993413142140146
1461244595.73602 0.795951124147154 -0.06388526492577  1.21285573507857 -0.0795700266134054 -0.00103128876264002 -0.0278586090550122 0.996439383610338
1461244595.8959   0.794929395004122 -0.0767607330567655    1.23502664281706 -0.067133619103753 -0.0350372064349957 -0.0497376182989805 0.995887363448904
1461244596.0213   0.788425404542101 -0.0840808613629845    1.25597592154683 -0.0604238982688822 -0.0740791929446541 -0.0573320684610527 0.993767709083284
1461244596.17569   0.781697262843524 -0.0796345424138549    1.28179412178214 -0.0527858926573987 -0.123393549202465 -0.0719073433103403 0.988340536216961
1461244596.29557   0.770773687200957 -0.0822600184446365    1.30563908233717 -0.0500112499289187 -0.157854910205264 -0.0849116201425428 0.982532808088058
1461244596.41756   0.760657332443146 -0.0791954440861712    1.32854784119842 -0.0316634736897846 -0.200117043081698 -0.0973667874361378 0.974407667358226
1461244596.53556   0.747382665234073 -0.0810176545454343     1.3479577186027 -0.0153700295507722 -0.241476387619331 -0.10925867781 0.964113819907762
1461244596.65554   0.732397196788253 -0.0878869925428222     1.3613830785864 -0.0134826682554496 -0.278517913770666 -0.11920597109311 0.952909190752874
1461244596.81769   0.706903012048531 -0.0950477914624659    1.37546853325291 -0.0150085650286407 -0.321236333830087 -0.131395388422999 0.937719154493687
1461244596.93537  0.682475671370808 -0.101094535176917   1.38725151443282 -0.0135039890970523 -0.340782236041197 -0.147366059308914 0.928422508581621
1461244597.0553  0.658744688877959 -0.104108435843957    1.3988997238547 0.00136023179345386 -0.360360187588766 -0.151823983083718 0.92037392571229
1461244597.17527  0.632436347164273 -0.112097824109966   1.40808318356416 -0.00431087624887072 -0.368017709549055 -0.161737426595049 0.915633871502494
1461244597.29527  0.606093349062831 -0.118704077413726   1.41630688647692 -0.00468088455948967 -0.387032642040879 -0.1688691060503 0.906458519920449
1461244597.41846  0.578010679927524 -0.124799313025956   1.42303005846454 0.00809600782098235 -0.410612886238685 -0.183018737189005 0.893216465449357
1461244597.53515  0.546223791559258 -0.131463693987519   1.42985667934713 0.022740688818054 -0.436798094595159 -0.177227492451884 0.881635242914742
1461244597.6555  0.514430132501185 -0.139921954633551   1.43635545532311 0.0443689316578019 -0.459194324338076 -0.17675985450783 0.869441156280063
1461244597.77503  0.482518892303644 -0.148186973640014   1.44292463434505 0.0419411458553127 -0.486266080621243 -0.172808904718622 0.855525172961935
1461244597.89495  0.454072435344388 -0.156368559946296   1.45085653289251 0.0363041432258083 -0.490207764597167 -0.176722985311274 0.852729349310764
1461244598.01692  0.424853868845815 -0.162250423120301   1.45903705580635 0.0309460022275891 -0.495028469371136 -0.175857961296311 0.850331192481439
1461244598.17491  0.378963842326087 -0.170239480161244   1.47312995005458 0.0412383023476684 -0.496878106492559 -0.168513600242681 0.850302720353817
1461244598.29484 0.346795732886985 -0.17923900925978  1.48880063331463 0.0427055114574709 -0.478144974001551 -0.174999413447821 0.859609695397353
1461244598.41718  0.320617385429526 -0.188328364129231   1.49665925579621 0.0363518333420663 -0.46663180282848 -0.164941311215078 0.868174906718896
1461244598.53468  0.289509255058577 -0.197980234386069   1.51389123655533 0.0245273882433888 -0.459009009035951 -0.165690536298664 0.872499732395863
1461244598.65455  0.259185506704004 -0.203599913915059   1.53080090224325 0.0256939147975583 -0.458814247266388 -0.155626916769724 0.874419562924173
1461244598.77482 0.231356545466474 -0.21046956321029   1.5475134617435 0.0323852782310053 -0.468631632944492 -0.152638393751634 0.869503943125389
1461244598.93478  0.191705089829435 -0.223790254102621   1.56734683167057 0.0261833234470281 -0.475780490822275 -0.146800669550608 0.86683154161906
1461244599.05441  0.164575916453823 -0.234858544710251   1.58005389674955 0.0248513964285466 -0.491734091326754 -0.161005892316508 0.855369565838046
1461244599.17425  0.136327559757243 -0.244360936218435   1.59691602063715 0.0311402412859858 -0.501113016559826 -0.16191751673245 0.849528544418702
1461244599.29431  0.108433681113733 -0.249856185373373   1.61342021783213 0.0413339535226126 -0.49416638017147 -0.16566583179724 0.852435290898579
1461244599.37433 0.0881865248821622 -0.256211036762048   1.62478648229688 0.0557859344773328 -0.496709344397889 -0.176723229370728 0.847901324980148
1461244599.49569  0.061087092185885 -0.265897912463657   1.64001401535854 0.065955597238082 -0.492318989055941 -0.180584778681458 0.848917551895632
1461244599.57413 0.043775816042211 -0.27199809661349  1.64923125974787 0.0558026436193426 -0.499075588563201 -0.184691517515473 0.844806880430799
1461244599.65408 0.0269669204896293 -0.276749688410264   1.65875892269217 0.0477325904551978 -0.501510575587856 -0.191743059358699 0.842284596540706
1461244599.73407 0.00964598723516785  -0.280729099770716    1.66885434432305 0.0442751300775417 -0.506992617640531 -0.182328517610699 0.84128146905807
1461244599.85414 -0.0191446085160206  -0.287143061513434    1.68432403238855 0.0501348007647588 -0.513682256580645 -0.182354300947693 0.83687749996781
1461244599.97402 -0.0469132400320565  -0.297146234868927    1.69763142503112 0.0619047974021478 -0.524843601423934 -0.178904503707744 0.829879610941273
1461244600.09411 -0.0729109925205361  -0.307232225422023      1.709579780664 0.0586025408755678 -0.535862402087233 -0.179743090163651 0.822866726615343
1461244600.25395 -0.107235949721808 -0.316583672555328   1.72385447452217 0.0453895823264754 -0.546438490671078 -0.19164186373169 0.814013610325274
1461244600.37388 -0.135155042648213 -0.320108470264821   1.73386946264374 0.0467575180683589 -0.555549762821667 -0.194186737239382 0.807136733529828
1461244600.49381 -0.165262616892162 -0.323457078216911   1.74384616708845 0.0549415002266512 -0.56058045190413 -0.202731132671846 0.801018774025551
1461244600.6184 -0.194629481885639 -0.329698854708829    1.7541444193933 0.0563643737442737 -0.56233392883187 -0.191614667436788 0.802425964859075
1461244600.73367 -0.223804854676121 -0.340053051233604   1.76156591681998 0.052904529331724 -0.55371379933241 -0.203554428049804 0.80570946005764
1461244600.89357 -0.257915884585201 -0.348563421881943   1.77227664318983 0.0481298750920193 -0.560822418643777 -0.202467170323396 0.801354337862726
1461244601.05343 -0.295198157166914 -0.356020812666151   1.78305969617477 0.0570852385040816 -0.570973303942051 -0.196329065028209 0.795101037576722
1461244601.17456 -0.324158687953321 -0.362632093831798    1.7903872443894 0.0664984317279678 -0.575876853317929 -0.211521684932794 0.786894138492309
1461244601.29345 -0.351317343188219 -0.369490202133606   1.79643395650097 0.0704998775147354 -0.595227133156965 -0.211651541999119 0.771970240354862
1461244601.416 -0.377532672797975 -0.376566933784724   1.80050329881245 0.0671702502202562 -0.614230353394196 -0.232286201038478 0.751167325741543
1461244601.53329 -0.402552474037526 -0.383178985345011   1.80406686381341 0.070510058358976 -0.635756031163679 -0.231010272915988 0.733128129535692
1461244601.65597 -0.428783084504375 -0.387359760350818   1.80881595228785 0.0813339868967418 -0.65038380509118 -0.233351682577882 0.718284540338069
1461244601.7731 -0.455642384880526 -0.390340819915028   1.81340574289594 0.0975869257277185 -0.660772187317103 -0.242686371496056 0.703534102574469
1461244601.89315 -0.482783936512158 -0.395414072449132   1.81699990693766 0.10328132681409 -0.671401367379272 -0.243394070919098 0.69232398315687
1461244602.01309 -0.507410131579107 -0.401419548022056   1.82085027341524 0.103597471226054 -0.680418558815039 -0.249925129108968 0.681054754491515
1461244602.13479 -0.530486874779539 -0.407160847727464   1.82371020622718 0.0981277228848824 -0.694317949522585 -0.250505205980961 0.667488334541225
1461244602.25322   -0.5535364071161 -0.410647112388935   1.82645895809937 0.0967050073620887 -0.708551883387397 -0.253147239281293 0.651551107238359
1461244602.37307 -0.577022875574284 -0.413346606548855   1.82875413689239 0.102024000839806 -0.725933668761256 -0.260493324169456 0.628295026141867
1461244602.49419 -0.599263742925399 -0.417093140161925   1.82972889548131 0.107110590757927 -0.746824114697805 -0.268106037636016 0.599082812002182
1461244602.6152  -0.62012976305694 -0.422364571080197   1.82833869708276 0.11568978247283 -0.764400903629531 -0.286522154371093 0.565872943173902
1461244602.73374 -0.638627294422777 -0.426361813107226   1.82497889006362 0.113783749649252 -0.782879967206558 -0.296993832330142 0.534740010491333
1461244602.8527 -0.658775602925171 -0.427497210343228   1.81981589920099 0.119806429617067 -0.799743702065591 -0.304153876542157 0.503534358125851
1461244602.97241 -0.681098580872921 -0.425834052740364   1.81427325912069 -0.128749657685276 0.812662985107524 0.307411198119099 -0.478017524315828
1461244603.09258 -0.702239225569857 -0.424838385378867    1.8068124649086 -0.135286516600993 0.826114725609291 0.304888765010487 -0.454174921729322
1461244603.21463 -0.722227457395867  -0.42667539106987    1.7969939906338 -0.138896001429244 0.835350121675946 0.312739805124833 -0.43022306922506
1461244603.33343 -0.739675127685687 -0.429182531558221   1.78487601522611 -0.142125043851927 0.848516338666741 0.3167143025304 -0.399390217078934
1461244603.41648 -0.750860797316096 -0.430417672777069   1.77651019726145 -0.147804256229065 0.855538070712398 0.321945244264688 -0.377570882216349
1461244603.49358 -0.762913740155663 -0.431748887523713   1.76797564373693 -0.147032203851852 0.865376786545957 0.313932627430802 -0.36187132211914
1461244603.57214 -0.775294689025829 -0.433339249988937   1.75830559717426 -0.150798625010192 0.874260554880615 0.303523304903048 -0.347565620071385
1461244603.65243  -0.78813645430209 -0.434093722354266   1.74846227005987 -0.160601081616694 0.882667616354106 0.304317131673514 -0.320150363100394
1461244603.73234 -0.800540446429232 -0.435445209507894   1.73859947021485 -0.158043845474834 0.892675014414268 0.303374292701677 -0.293457833556663
1461244603.81424 -0.812919990664436 -0.436150372826991   1.72942696088808 -0.157395539749935 0.898720524524984 0.313292186228729 -0.263393372946981
1461244603.89273 -0.825857371942308 -0.437234643142808   1.72057548997881 -0.152640357028412 0.90298311740521 0.313101599327256 -0.251574640188798
1461244603.97191 -0.836923746658852 -0.438182578283459   1.70998852039363 -0.156726263040714 0.905370657366823 0.316584187325902 -0.235616857605008
1461244604.05212 -0.848354780780389 -0.437575765849193    1.6993500416853 -0.152725860078349 0.908863490435228 0.317540912510048 -0.223180949678751
1461244604.13206 -0.858954946650861 -0.436386194160821   1.68750935930587 -0.162417415880148 0.912903806964427 0.312930687850226 -0.205673544361585
1461244604.21412 -0.869397468384903 -0.434566477777045   1.67515874402627 -0.173710918742064 0.915854451308087 0.30500130112144 -0.194959860081966
1461244604.2935 -0.880174055979263 -0.432507954111642   1.66219305542109 -0.17920061011643 0.917620409217143 0.301105910957624 -0.187603721467463
1461244604.37615 -0.891056519905875 -0.430432428469729   1.64872150024684 -0.182127856061875 0.918048092180321 0.295780052538363 -0.191131643143624
1461244604.45182 -0.900981105878387 -0.428613025273977   1.63503924118583 -0.186994605422689 0.91647859413216 0.300046642319561 -0.187275242552534
1461244604.53184 -0.910873205605308 -0.426174087050674   1.62103665941512 -0.180477739635572 0.915460821694541 0.310404125473134 -0.181682548219825
1461244604.615 -0.919392422369934 -0.424836420089691   1.60682561946741 -0.177106625450083 0.918505528764567 0.306281726452394 -0.176556905534583
1461244604.73194 -0.932117761910637  -0.42184101401163   1.58563418127534 -0.172314993109016 0.921204219298405 0.302043000225424 -0.174528953218312
1461244604.85194 -0.944352324288101 -0.418288346734041   1.56245606445955 -0.171990340430836 0.927404663041672 0.286970396492326 -0.167295861586849
1461244604.93171 -0.951688594289155 -0.416044838319632     1.546510616531 -0.170835483205624 0.931054970523193 0.280249784279456 -0.159411222795877
1461244605.01441 -0.957967769415536 -0.414087137509481    1.5298375238853 -0.172054010783466 0.934140127021762 0.277941296162883 -0.143276921897372
1461244605.09166 -0.963840496317627 -0.412601314818456   1.51396785912006 -0.170021255617399 0.934851852221413 0.278833219941076 -0.139272475722116
1461244605.1744  -0.96843798854619 -0.410063193046355   1.49817381908186 -0.167693623662674 0.935031095187132 0.283828948306891 -0.130525199555633
1461244605.25154 -0.972958474124934 -0.407558335018219   1.48315715471827 -0.170627987809212 0.933866970083396 0.289171394563097 -0.123119764984633
1461244605.33155 -0.977567634576594 -0.403630471226423   1.46856873242725 -0.171698105720186 0.930468899748118 0.29930107227008 -0.123151350912637
1461244605.45149 -0.984614636524305 -0.396430354335467   1.44603773248103 -0.166963985805272 0.931545045859531 0.296490926331148 -0.128218507173803
1461244605.53182 -0.989594273483306 -0.390560197981548   1.42950693221414 -0.168871754273905 0.929991409108651 0.297006101935597 -0.135593823626233
1461244605.65139 -0.995893587164489 -0.382329679650207   1.40320027449402 -0.172829552394961 0.927489330039224 0.297457277383924 -0.146330641403951
1461244605.81344  -1.00170443400532 -0.374720709033634     1.367412220418 -0.180191596122978 0.921315222864569 0.30763017796527 -0.155154511406276
1461244605.9717  -1.00821812284151 -0.367507964913465   1.33250775790255 -0.174572246955087 0.921572087224099 0.304949759897008 -0.165030489853321
1461244606.13237  -1.01388695629706 -0.357657031858468   1.29829117265014 -0.171257272389562 0.923077492496313 0.301422668575013 -0.166563094260175
1461244606.25112  -1.01704412742196 -0.351642118460216     1.270408655826 -0.174028713692991 0.928136330888764 0.288552884958259 -0.15815875150295
1461244606.37098  -1.02051172471362 -0.348337804104277   1.24236998913913 -0.165545965514038 0.934746530386967 0.273409702207806 -0.155211442781103
1461244606.49109  -1.02332108737066 -0.345158875743818   1.21431245853861 -0.171361710018145 0.933303893755972 0.27889313416899 -0.147640190845844
1461244606.61094  -1.02587246685524 -0.340906018997708   1.18634986276294 -0.171583823487968 0.933802696984436 0.27872670973333 -0.144509293483412
1461244606.73108  -1.03014994112453 -0.333944529574346   1.15826629320933 -0.172840334180323 0.932466258129477 0.279508388238715 -0.150026521770791
1461244606.85082  -1.03598159558825 -0.326037557051447   1.13006279712112 -0.169358359052929 0.932799195568394 0.272719693360009 -0.163790646312539
1461244606.97057  -1.04003719550734 -0.319588134941785   1.10180324902591 -0.172437981195122 0.931243666359676 0.267291101907957 -0.177780323284577
1461244607.09075  -1.04545499531091 -0.314743027171753   1.07335085155245 -0.16544877345719 0.929202803598079 0.266334954702309 -0.195638812740978
1461244607.21253  -1.05054673072213 -0.310668517196861   1.04647015295834 -0.170077286971389 0.924351189482365 0.273389324712427 -0.204711680400195
1461244607.37036  -1.06064476388985 -0.301241703078658   1.01363975056804 -0.165046630404716 0.921957881304547 0.274989719672744 -0.217103498283157
1461244607.5305  -1.07126761406762 -0.290370261530141  0.979244671475416 -0.168489861059056 0.921120064639586 0.278474197842937 -0.213544174292809
1461244607.65047  -1.07879968509196 -0.284359842746914  0.952357742637557 -0.159779959365037 0.918427371594249 0.29234603073491 -0.213296333783144
1461244607.81292  -1.08899398286678 -0.279465558450083  0.917290569987316 -0.139400548018644 0.918354403843754 0.300827326559513 -0.216091637385489
1461244607.97295   -1.0990621592106 -0.271875633415144  0.882586430713606 -0.111574696529086 0.921214479322718 0.297642502104054 -0.224329915797815
1461244608.13029  -1.11282879019729 -0.261085900054402  0.849015622779655 -0.1176038886407 0.911346373917291 0.301378346002469 -0.254535271986431
1461244608.25025  -1.12294712337043 -0.254988058792963  0.825285535240293 -0.137704718403471 0.897538234761957 0.310807213958574 -0.28082272596982
1461244608.41574    -1.137890247862 -0.249033916380616  0.793601446767783 -0.134108465282287 0.886694010639552 0.324185439483196 -0.301151875077446
1461244608.52997  -1.15013673857256 -0.243797258282176  0.772239365687409 -0.113045179336026 0.883144221422318 0.325032632040692 -0.318795953089047
1461244608.68997  -1.16684701934462 -0.233892263493667  0.747537168820075 -0.103891669320507 0.873972565177855 0.333867238002048 -0.337507249923793
1461244608.81207  -1.18100390295835 -0.226406793574977  0.730422939598342 -0.0915270588765139 0.867958013851981 0.333052562908866 -0.3568580586499
1461244608.92979  -1.19561581161304 -0.220035763182858  0.712289235633471 -0.0831952758098761 0.86000668581946 0.344885997200464 -0.366770630454224
1461244609.04976 -1.20945269819772 -0.21552187893932 0.694920531168997 -0.0704959376183417 0.850896196590127 0.353313471436538 -0.382329146559909
1461244609.16961  -1.22098732798631 -0.212793598350766  0.678433513271782 -0.0662101757477399 0.84796905723868 0.356304375095572 -0.3867969530399
1461244609.28974  -1.23178308245755 -0.208065641169642  0.665649682770099 -0.0550537824038046 0.837372629591263 0.364319782792928 -0.40379110455799
1461244609.41154  -1.24199054960419 -0.203406655816399  0.653774394301695 -0.0467308505718973 0.826114791389938 0.365397991746627 -0.426421020447067
1461244609.5295   -1.2506655818986 -0.199525236487549  0.642386069112025 -0.0370253692053588 0.814246990151402 0.357756625108737 -0.455676593929726
1461244609.6495  -1.25759599226878 -0.196108672774687  0.631013495639102 -0.0257434328594419 0.802394768141947 0.354057818446408 -0.479732188747027
1461244609.81164 -1.26386710392972 -0.19310693787541 0.618319735118029 0.011563476514208 -0.788880238657178 -0.353574842923999 0.502512771497769
1461244610.01137  -1.26944738195963 -0.187538260685141   0.60800144146205 -0.00452892506253501 -0.773774391263603 -0.355281002401391 0.524431205779254
1461244610.24925  -1.27467978709697 -0.179207292385847  0.603608280593269 -0.0491273755470343 -0.756288762091365 -0.34954683684227 0.550845548370625
1461244610.80908   -1.2823763231469 -0.170790157023853  0.610649263575897 -0.0702643688970653 -0.743644895092934 -0.352566507791847 0.563694993812415
1461244611.04907  -1.28433363808654 -0.165897371550794  0.622272909038829 -0.0861201154862712 -0.730358777597101 -0.379483460003321 0.561383723739304
1461244611.28881  -1.28350883783561 -0.161205529222538  0.634520626702881 -0.112111085889665 -0.723828025281961 -0.385760874616742 0.560974724788901
1461244611.52863 -1.28177166941103 -0.15987855260059 0.648320180823169 -0.13324341788988 -0.72268101128549 -0.389931494462426 0.554916009088497
1461244611.72855  -1.28009264192752 -0.159129564214176  0.663021363949382 -0.150781830849724 -0.71859777404708 -0.396728835402357 0.550897730781745
1461244611.93011  -1.27674550531561 -0.160416070911715  0.682583619814119 -0.16892946711194 -0.706529601209104 -0.396405464384402 0.561374621409596
1461244612.08838 -1.27484503130502 -0.16244380549403 0.701737118997588 -0.19102741065112 -0.688722161487379 -0.386997804299611 0.582583051695946
1461244612.24842  -1.27313766544648 -0.164976719159458  0.721248893267994 -0.209057606806416 -0.6775011199083 -0.374892775729574 0.597279295024655
1461244612.44856   -1.2705098247883 -0.166944393294888  0.743479594906631 -0.226786057799712 -0.663881612147842 -0.368045094166314 0.610222990143568
1461244612.61253  -1.26730658334072 -0.166384156277395  0.760867887083344 -0.247851488041178 -0.649228850502811 -0.35897632585371 0.623063028133706
1461244612.76809   -1.264237155367 -0.16672010519443 0.779869616835626 -0.27171461470105 -0.626293738287533 -0.343614379026223 0.644869351160459
1461244612.88832  -1.26295890875688 -0.167364327605087  0.794998072865759 -0.287609841976937 -0.610994163105163 -0.329996016071443 0.65959786296379
1461244613.01089   -1.2614334017645 -0.169303823333922  0.811236069129209 -0.298522894944069 -0.592602935286484 -0.316322934024305 0.67797171304879
1461244613.12803  -1.25968610932166 -0.171396682821966  0.827863691830151 -0.310479041942247 -0.574704634711368 -0.30198634533396 0.694349763871016
1461244613.24778  -1.25776384338949 -0.174332682540097  0.845379701881158 -0.316228995160625 -0.553640176121552 -0.289929319802168 0.713738584863429
1461244613.37055  -1.25605092617223 -0.178171022516485  0.862484904531186 -0.317528794360702 -0.53821920187099 -0.280235943528942 0.728672334759347
1461244613.48778  -1.25387593649178 -0.181410374137542  0.878447820010331 -0.322742851339748 -0.529587922287994 -0.274679196427071 0.734795906035107
1461244613.6106  -1.25276136239544 -0.185033883639639  0.893810791744239 -0.327981338991154 -0.517490452499359 -0.26613986436301 0.744178369372839
1461244613.72849  -1.25107102462626 -0.187884255805989  0.909079602180031 -0.331505323595404 -0.507734490711114 -0.250676007125871 0.754633319448368
1461244613.84737   -1.2492152596184 -0.190511387268671  0.924094762180382 -0.335435818598285 -0.497702996995293 -0.236625265488135 0.764056949523968
1461244613.96756 -1.24594685386752 -0.19344083885766 0.939906592359146 -0.341222119117481 -0.480538942190122 -0.227578211576548 0.775150274514171
1461244614.08864  -1.24210856217274 -0.196865420560936  0.955326628162852 -0.342108352182906 -0.469633923717465 -0.214673447784144 0.785061248487596
1461244614.2096   -1.2386494734066 -0.200373980649588  0.970552025689369 -0.343107606688952 -0.461162707004984 -0.20115927055252 0.793184137367101
1461244614.32735  -1.23260524987485 -0.203516739261927  0.984954691375589 -0.348558619851163 -0.456654960176008 -0.193472878961948 0.795324701603236
1461244614.44738  -1.22634824859173 -0.206625506190771   1.00136348682823 -0.353954418112379 -0.448618819565561 -0.181497816967087 0.800322414447147
1461244614.5273 -1.22099082650418 -0.20939755129492  1.01240802124089 -0.355039226691015 -0.438698612372511 -0.171317502986033 0.807552467759037
1461244614.60905  -1.21489091698108 -0.212499947310203   1.02362939173339 -0.352089148363428 -0.428828735069667 -0.169517436677177 0.814495540961192
1461244614.68724  -1.20826921103701 -0.215162343506964   1.03547368900562 -0.353363998547938 -0.412296822685019 -0.160580668010888 0.824232408726585
1461244614.81044 -1.19892592017766 -0.21928416338583  1.05203740968265 -0.356490498923154 -0.39090009453448 -0.14752826859748 0.83567161626747
1461244614.88714  -1.19313379145148 -0.221163609087948   1.06308722574403 -0.361746393779835 -0.37811785728012 -0.139096197705556 0.840725092034865
1461244614.96705  -1.18582017363439 -0.222420400332383   1.07467202432847 -0.364907730325875 -0.365536971670755 -0.133616595046274 0.845796474465596
1461244615.04708   -1.1824454181703 -0.224104495909855    1.0858758378426 -0.366951481432479 -0.356801854636252 -0.125398630599239 0.849890716649191
1461244615.12697   -1.1772925582939 -0.225221700898964   1.09825764399695 -0.36768804832711 -0.346406228428858 -0.122752722428849 0.8542482034862
1461244615.20945  -1.17196394447045 -0.226261640260735   1.11104345942846 -0.370206054293829 -0.334216649248135 -0.117636208626998 0.858724886764911
1461244615.28684  -1.16642137179311 -0.227967759663595   1.12430067752433 -0.369837102300724 -0.321342044398963 -0.113592265344415 0.864324363602706
1461244615.36688  -1.16170754506975 -0.230996273060453   1.13701629933423 -0.368724531509819 -0.307453501048113 -0.108461094065294 0.870488802702414
1461244615.44665  -1.15688258127054 -0.233607890940256   1.14928963868147 -0.372659774712209 -0.297637428904218 -0.103333286018355 0.872845281380028
1461244615.52844  -1.14877868548357 -0.236666704109061   1.16212024321363 -0.368574016004495 -0.290385179213797 -0.0960037765910999 0.877845611311884
1461244615.61037  -1.14821937675828 -0.240538672949483   1.17392959455016 -0.364147949253425 -0.280761319940768 -0.0876497148963602 0.883678040780821
1461244615.68674   -1.1440338052506 -0.243477756069534   1.18554111784892 -0.365007558025014 -0.27306490602136 -0.0849107424689023 0.885999551635068
1461244615.76671  -1.14011849575551 -0.246621890723816   1.19797424774731 -0.360788265170684 -0.262463370869087 -0.0755073819737864 0.891764230015215
1461244615.84669 -1.13453113752409 -0.24951601352906  1.21021925647816 -0.363293716457321 -0.250257360893054 -0.0691441618436629 0.894767016482173
1461244615.92666  -1.13139710973857 -0.251934781114667   1.22285098426673 -0.362768491372294 -0.237790918368908 -0.064627087997105 0.898708985326038
1461244616.00875  -1.12676525707815 -0.255780018388696   1.23560192683404 -0.363564441210367 -0.22411129876626 -0.0648005109459711 0.901884647077349
1461244616.08724  -1.11637302169009 -0.260142122704488   1.24869839820656 -0.359676405700569 -0.210645357032249 -0.0553147003481079 0.90730463498677
1461244616.16654  -1.11736220448477 -0.265803418749117   1.26163185817537 -0.355272755306285 -0.196297643953344 -0.0426783140802093 0.912922267130514
1461244616.24649  -1.11250648454909 -0.271390517914115   1.27456968258531 -0.355743028198679 -0.183933830075328 -0.0337105505182586 0.915684903678995
1461244616.32744  -1.10796848370519 -0.278314392854893   1.28784444190623 -0.341812944219653 -0.168069133854484 -0.0271281404606275 0.924218989960953
1461244616.44636 -1.10210896265986  -0.2872145982851  1.30670891143159 -0.33499608477141 -0.146446477028153 -0.0249711153363634 0.930434036325374
1461244616.5263  -1.09873573496448 -0.292221150677724   1.31947614004047 -0.331926874188112 -0.132976769906052 -0.0178732658161673 0.933714236383984
1461244616.60874    -1.093685385791 -0.297101522491214   1.33292444053572 -0.326387085365227 -0.118969159489239 -0.0146462312905876 0.937605086113657
1461244616.68925 -1.09324350088551 -0.30054939900719  1.34706950607344 -0.328185507142843 -0.103797137343003 -0.0109372291210967 0.938829486222043
1461244616.76618   -1.0905248514573 -0.303883132096632   1.36221410818593 -0.330277564020738 -0.0845446409647248 -0.00170708855089832 0.940088304489186
1461244616.84619    -1.086863995062 -0.308598158813432    1.3786048433893 -0.327800042790395 -0.0564790887717979 0.0121127166799636 0.942979600295125
1461244616.92643  -1.08488230018868 -0.312236996690118   1.39106356910236 -0.332404861711329 -0.0386764519461796 0.0157863898823376 0.942211191755866
1461244617.00901  -1.08055709580725 -0.317310168214411   1.40507228818518 -0.332932301385645 -0.00916647628464673 0.0264284790526834 0.942535725530626
1461244617.08615  -1.07723295410683 -0.323024428504987   1.42042687830413 -0.319347926546174 0.00799161984502893 0.0520110298039875 0.946175400547721
1461244617.16642  -1.07178622101157 -0.327819064798018   1.43693288493248 -0.308907310093594 0.0191968678385021 0.056047187502727 0.949245208999743
1461244617.24604  -1.06855294750951 -0.332721611870564   1.45372435001078 -0.298116872051212 0.0357178165862395 0.0600331290260004 0.951969848049853
1461244617.36636   -1.0606399246351 -0.337488371995813   1.47784889809401 -0.29013458175308 0.0529361292944068 0.0814047301279985 0.95204672185722
1461244617.44594  -1.05299738640872 -0.340940248514015     1.493514148031 -0.284211440961529 0.0647136325851996 0.082776574251959 0.952986905124781
1461244617.52578  -1.04798044295215 -0.345711125931206   1.50899154800311 -0.272046113540306 0.0746072200358594 0.0983914742626703 0.954328975049251
1461244617.60799  -1.04212693076172 -0.350097570770247   1.52281373706912 -0.271459950483845 0.0743664014866748 0.100154081368611 0.954331333237278
1461244617.68576  -1.03497541603953 -0.354459066713123   1.53610521374851 -0.272704351359303 0.0859147063099634 0.0973075859066536 0.953300704769693
1461244617.76851  -1.02825990308186 -0.359335684002288   1.54879139449732 -0.264841404356546 0.0940791628871761 0.0979040330278776 0.954684734331589
1461244617.84572  -1.02684283286989 -0.364712756911969   1.56301852910249 -0.263576917158673 0.105066167273514 0.0981943518807346 0.95385857363359
1461244617.9257  -1.01496731433635 -0.367913864042084   1.57486570045351 -0.258456189635888 0.111249841618161 0.0986427112587399 0.954512171894291
1461244618.00792  -1.00772444498625 -0.371368075884985   1.58926303877497 -0.253602340835953 0.123181193093706 0.102567172365199 0.953935124389255
1461244618.08567  -1.00039263161483 -0.374550355411394   1.60437656589432 -0.249263031580036 0.136142374497193 0.106764529207265 0.952855986105428
1461244618.16566 -0.993178426758739 -0.378057894153333   1.61968253484659 -0.244674295477813 0.149114070408394 0.107783779828582 0.951988518809203
1461244618.24553 -0.986202098409013 -0.381310162308925    1.6345465201398 -0.2455305200294 0.162380857474092 0.107159344419288 0.949665254583793
1461244618.36543 -0.980093054953808 -0.387052866687314   1.65654836016654 -0.250156889936712 0.178164435964609 0.110212327483022 0.945268325421612
1461244618.48546 -0.967520244385326 -0.389746433645416   1.67468175620719 -0.257161761313256 0.184743390507611 0.12333623740036 0.940492360801478
1461244618.60796 -0.956795434168862 -0.390902363026857   1.69313083507394 -0.260030933399974 0.195698538354724 0.138902064588495 0.935303272855397
1461244618.72535  -0.94657072413972 -0.389685255312789   1.71278634855711 -0.270108485613755 0.205113782416438 0.147090307011044 0.929157781997042
1461244618.84594 -0.929312106944239 -0.387334245743539   1.72835825885357 -0.276755357306878 0.226496825345956 0.161529933233007 0.919790052664132
1461244618.96527  -0.91446319350776 -0.386664891171014   1.74369329959408 -0.287954092467008 0.241166240621067 0.18346543628477 0.908439166210397
1461244619.04525 -0.902948411993523 -0.387752972730398   1.75347728689185 -0.288176309724454 0.264850761199096 0.199186319882675 0.898405976592683
1461244619.12506 -0.890505438102709 -0.391597391988009   1.76205711961445 -0.271602246610648 0.28947869115254 0.202925984028397 0.89512867902373
1461244619.20508 -0.879506300684199 -0.394270949292549   1.76992372785702 -0.273040301704423 0.316617382342901 0.204844124046503 0.885009215594452
1461244619.28531  -0.86573320517479 -0.395973838442436   1.77713961121826 -0.265104215078609 0.344620606328855 0.209830581376097 0.875743980830275
1461244619.40743 -0.847551803499972 -0.395362101336064    1.7878197947414 -0.255929584370655 0.386471000022461 0.236957378202333 0.853809940736801
1461244619.52469 -0.831787153835653 -0.394442997130615   1.80049741693585 -0.258622554579135 0.425286726104959 0.252846011500299 0.829647195698435
1461244619.64526  -0.81401400713376 -0.392822713819853   1.80792512182858 -0.268004756644492 0.454353728716565 0.27151224388002 0.804995180756082
1461244619.76483 -0.796023655132672 -0.393076362369617   1.81698712351956 -0.266662542180975 0.480228059815195 0.29287271206755 0.782622305898517
1461244619.88491 -0.776283856629103 -0.391722340680409   1.82580967698108 -0.264282023132209 0.504863611642309 0.302244377935527 0.764144019079517
1461244620.00481 -0.755812657123512 -0.388637417016804   1.83392743944613 -0.258056984994385 0.532540805756278 0.31338467106813 0.742695718743269
1461244620.12476 -0.730819217175016   -0.3844586859268   1.83842040210917 -0.24497317907829 0.55643551121976 0.322350396566786 0.725574176235012
1461244620.24458 -0.707067721904791 -0.381883807740335   1.84149722598351 -0.243973030211515 0.578074292020751 0.325562897316875 0.707330243468184
1461244620.44474 -0.669671683319368 -0.378018558415258   1.84086254149409 -0.250491064407776 0.608627800167981 0.339935543566367 0.671766517277232
1461244620.60684 -0.636834094194901 -0.370242430200715   1.83959045998031 -0.247124913112961 0.625574552820936 0.351765661481368 0.651035080148814
1461244620.72449 -0.610519904545975 -0.364546153166294   1.83793791518904 -0.244815076282509 0.649711261067703 0.350575426905771 0.628520266750756
1461244620.84428  -0.58092934265592 -0.361439736491121   1.83544623910875 -0.254347724858844 0.666823874258666 0.338862092199295 0.613046195688472
1461244620.96463  -0.54930131722351 -0.359278192202806   1.83167370950342 -0.256532865878022 0.675331578533979 0.334969091446227 0.60490813809611
1461244621.08556 -0.518866628077163 -0.356774668807051   1.82625033425987 -0.253094550919732 0.681750176144793 0.339144361902864 0.596775458117023
1461244621.21011 -0.485167274817408 -0.351841723685892   1.82025085020965 -0.229768693865076 0.694501408150259 0.343208284145956 0.589136839019962
1461244621.28414 -0.462259384483118 -0.348172810899192   1.81375597328497 -0.207116001074653 0.710614109988212 0.337912025656158 0.581331240947412
1461244621.36725 -0.440550529034308 -0.345552769518083   1.80838414119146 -0.188324097471225 0.720638374580077 0.329125828738668 0.580422739261066
1461244621.44417 -0.416196469451808  -0.34342883062261   1.80381459869773 -0.184990798663861 0.721074213663082 0.315744739417248 0.588332934935832
1461244621.56404  -0.38390216375112 -0.340662874815877   1.79521796297206 -0.182933603890508 0.724179855646958 0.316512075268545 0.58473835127515
1461244621.6839 -0.351794780129087 -0.335496277209679   1.78564095805065 -0.184793001704682 0.727001052495954 0.323072193929636 0.57701418847394
1461244621.76576 -0.329853187254866 -0.329423701117846    1.7798390220341 -0.192532425166567 0.728218638592653 0.315017386807523 0.577401875364726
1461244621.8438 -0.306616077926972 -0.321017784094325   1.77221233547232 -0.182377255925546 0.738642281499161 0.311178969312564 0.569485527085942
1461244621.96378 -0.274708264665674 -0.313317119096433   1.76263420109488 -0.182166862981768 0.748761749487381 0.299124626194068 0.562757083065366
1461244622.08385  -0.24244959790869 -0.309270153174948   1.75234071990635 -0.185357934005621 0.753627884308745 0.292272053039137 0.558806312872163
1461244622.20663 -0.212712866327721 -0.303975201062515   1.74182332945809 -0.188754697454959 0.74991726934269 0.313804718865841 0.550928626727475
1461244622.32361 -0.180711764475837  -0.29509780553736   1.73243139968783 -0.194323851543681 0.747095127748084 0.314655416872138 0.552339641388634
1461244622.44356 -0.148810465930636 -0.284617506842675   1.72292084215271 -0.175452071709553 0.747941872358431 0.304483063715254 0.563107085745121
1461244622.60581 -0.105246631072801 -0.274216286240958   1.71264797703393 -0.197676273861788 0.742447722190298 0.302762895927091 0.563941574470618
1461244622.80623 -0.0552852028558726  -0.265382845275444    1.70045212110471 -0.203393288355083 0.734220219543407 0.306331156131843 0.570712766852701
1461244622.96335 -0.0119169364732081  -0.254178518946952    1.69181097505748 -0.179232004461347 0.745603086789842 0.298460341173069 0.568219456102202
1461244623.08332 0.0229835890932053 -0.247502864372129   1.68386096294168 -0.164583346651172 0.756017832068861 0.290131531332894 0.563181191203531
1461244623.20586  0.057187657212836 -0.242960768206175   1.67547262657773 -0.166282825181336 0.764270530041657 0.294344775499056 0.549182785687943
1461244623.32319 0.0874457342017707 -0.235228232442987   1.66746571322403 -0.176900843650383 0.757645831131505 0.316234089265046 0.542839651160028
1461244623.48305  0.130687210693714 -0.219785681775717   1.65839244936933 -0.197908953690664 0.765403643090993 0.318033085748181 0.523301314312885
1461244623.60572  0.164950903991949 -0.211001509033981   1.65139740052495 -0.176507142992573 0.773906148636748 0.31373295227349 0.5210433151213
1461244623.72296  0.19869241435082 -0.20506089005052  1.64459961297321 -0.178533712095431 0.768542165196116 0.321280121797597 0.523686678557716
1461244623.84319  0.230799954392939 -0.202681888719573    1.6361655794258 -0.179394531276458 0.769811988405615 0.323953152856841 0.519866770826147
1461244623.96289  0.262814865222772 -0.196825485334113   1.62947982076456 -0.17776531418448 0.770034789127831 0.323151539306039 0.520594851347848
1461244624.08293  0.296450870846377 -0.187096977012573   1.62124551134084 -0.174140516706237 0.779885756237858 0.32170035381698 0.507899763745387
1461244624.20538  0.329488582845306 -0.178286354001879   1.61242940295097 -0.166898833872327 0.79140554719748 0.312330818439134 0.498268500881057
1461244624.3227  0.360722081190757 -0.174214141977149   1.60162097160384 -0.178444053032408 0.801254079229202 0.306323456455471 0.48199124523284
1461244624.44262 0.389100263629509 -0.16970642637195  1.59052712683224 -0.170796608370283 0.803510216468985 0.320386099370617 0.471754807001745
1461244624.56261    0.4156324149563 -0.163731707854194   1.57919529616613 -0.16319001971824 0.812855622657966 0.322695810445843 0.456620376350412
1461244624.6429  0.433220990172462 -0.157019783457325      1.57032429459 -0.1508971897926 0.818805099037938 0.327887375283671 0.446405776207873
1461244624.76274  0.459980997241091 -0.147365420534737   1.55669747738587 -0.136601850522181 0.831866718161706 0.324303856880971 0.429144155338173
1461244624.88246  0.486099097350979 -0.139800887434851   1.54440847862466 -0.141503099820637 0.830615566222027 0.333888380026567 0.42257922757046
1461244625.00245  0.511884495018771 -0.134655839384534   1.53282250091561 -0.149762405744417 0.831166534606272 0.338711748560515 0.414738188455469
1461244625.12491  0.537134826666369 -0.128350460595453   1.52102227049251 -0.158019525125991 0.831732818341314 0.341657248814383 0.408069446179885
1461244625.24237 0.561972001037251  -0.1179631899277  1.50942185978436 -0.15110582052991 0.83981942626455 0.347453492427978 0.388775555906316
1461244625.36227  0.586771842658331 -0.107647079448838   1.49757494073716 -0.153057435876959 0.849021408438338 0.346948935312819 0.367916438368079
1461244625.48218  0.610380455258525 -0.100670858348473   1.48537559406621 -0.155911672979485 0.856008612829534 0.354617637399511 0.34232606712838
1461244625.60475   0.632077030881281 -0.0939907575977268    1.47200658877513 -0.148343717335876 0.861916020053309 0.367319723225944 0.316498241435327
1461244625.72381   0.653407208820569 -0.0892887729901585    1.45715340675079 -0.149102350448024 0.871165972548708 0.366668973269832 0.290503358681763
1461244625.80453   0.667218144206947 -0.0841036489127767    1.44563778019944 -0.144519361568751 0.880325065087422 0.362753569631049 0.269354379267385
1461244625.88223   0.680486543953917 -0.0781413561313486    1.43391362686159 -0.136571239452895 0.888724569874664 0.360447383610634 0.248182632558449
1461244626.0042   0.699997312608777 -0.0701771089918316    1.41466657245167 -0.126123931089451 0.900216873668454 0.356753173996017 0.215475073298295
1461244626.08213   0.711677083223569 -0.0663190549883793    1.40135105876513 -0.120897498520805 0.905815298805497 0.356892951421053 0.193674625408934
1461244626.16181   0.722726607298355 -0.0641288904630722    1.38773854744277 -0.127106797553167 0.909806667946038 0.358683532196703 0.165655705327655
1461244626.24225    0.73182719599219 -0.0622532436778641    1.37508741455715 -0.123974980209387 0.914061093876728 0.359828682635018 0.140163619017593
1461244626.32183   0.740127323911272 -0.0601387395316664    1.36384475682928 -0.115035828300032 0.91929648613815 0.360116502566419 0.10943871965948
1461244626.40409    0.74908047717792 -0.0567986131015355    1.35340770633401 -0.118882580101907 0.921138078422639 0.358233771524124 0.0950796380291967
1461244626.48178   0.757096918997859 -0.0525253972676918    1.34325447718875 -0.119730800558211 0.923939071605244 0.356858052342055 0.0682162578683795
1461244626.60175   0.767670746973999 -0.0454396440481767    1.32965418114168 -0.114901060179626 0.927746486372364 0.353707482295591 0.0312285183997914
1461244626.68417   0.777025008347454 -0.0408689580066126    1.31905261315741 -0.124376552507383 0.927786834509911 0.351607100761879 0.0107009153946358
1461244626.76165   0.784923623064346 -0.0370808728920473    1.30914069471311 -0.137964426360726 0.924618052108742 0.354907366371738 -0.00938275378919982
1461244626.8416   0.791842940537402 -0.0331318901092041    1.29946361507412 -0.128693982148696 0.921773859606889 0.364463017203326 -0.0306189450369918
1461244626.92225   0.796883106147292 -0.0299109228999809    1.28925807357435 -0.114981103733626 0.922095040585108 0.364643802700171 -0.0596236451829538
1461244627.00402   0.800624589766101 -0.0263361133877239    1.27872771118469 -0.112557834573629 0.919249471558744 0.369081108678577 -0.0780402340569076
1461244627.08141  0.802692922487783 -0.022444592580533   1.26771207426448 -0.106571141687142 0.918843676697856 0.365690956639056 -0.103145595079367
1461244627.16369   0.803627246189965 -0.0180435620538049     1.2567228962881 -0.0988985784925094 0.917786827048156 0.362903791201008 -0.1272291224562
1461244627.24136   0.803835350443203 -0.0134388342832162    1.24542294013213 -0.0955916237125182 0.915896901762711 0.361680331094894 -0.145541900896475
1461244627.32133    0.802893310772298 -0.00963177847176677     1.23286475315398 -0.101285325960441 0.911920896652989 0.361788091263244 -0.165078581326574
1461244627.40374    0.802049461457665 -0.00671012350515232     1.22084878999064 -0.101416167819724 0.907169616220799 0.364837884410505 -0.183443087657829
1461244627.48123   0.799743663104378 -0.0055377629892992    1.20814429497037 -0.093945581523295 0.903693215660536 0.363501238733036 -0.205863180585841
1461244627.5612    0.798587008799009 -0.00348893925458316     1.19649871955839 -0.0899059910032388 0.9005927100271 0.361914237702218 -0.223310922205324
1461244627.68105    0.794275050563169 -0.00150935890505255     1.17924215007646 -0.0778052372353365 0.895501029054403 0.358763537745773 -0.251620698682352
1461244627.7611    0.789742645213539 0.000930112792192572      1.1681170703157 -0.0650150896824191 0.893354877812126 0.350269929080571 -0.273863245406827
1461244627.84109   0.784458413409011 0.00382138530956999    1.15692661291694 -0.0629749211062926 0.886599067436422 0.34602736615186 -0.300401922108582
1461244627.92377   0.779002509212514 0.00760898176312719    1.14538593339978 -0.0622937805201705 0.877952690645597 0.343933711744402 -0.327151585388762
1461244628.00372   0.772804493655837 0.00962562200772832    1.13456902179199 -0.0611449484109515 0.869140165499258 0.339081081153927 -0.354796686009366
1461244628.08168  0.766426782283922 0.0115820609670607   1.12513058243017 -0.0547973716575604 0.855772082616167 0.340957065056561 -0.38522677796621
1461244628.16102  0.759921043488254 0.0135031754390068   1.11690820868463 -0.0406413294746253 0.844483254245452 0.339471400264743 -0.412256575496184
1461244628.24149  0.752832835652005 0.0150447509857402   1.10775873750085 -0.0296309064288165 0.841330561394052 0.331248568901327 -0.426097736968174
1461244628.36126  0.741440573841709 0.0189575411111182   1.09533747257866 -0.0286435237184567 0.827853916603019 0.339345800387859 -0.445737444100397
1461244628.44079   0.73292973573548 0.0232329365249225   1.08664543495066 -0.0210701307890518 0.822391003819378 0.340903498630663 -0.454987792195419
1461244628.5212  0.723972177339193 0.0273677322280212   1.07716763560863 -0.0199614266358341 0.816709655982516 0.345123244099635 -0.462035524233502
1461244628.60401   0.71372930935621 0.0294068648059403   1.06828734877495 -0.0221165851966794 0.813105619786753 0.344016916894201 -0.469065527001343
1461244628.68078  0.703041555957319 0.0308921177701537   1.05975094971343 -0.0213205355122688 0.808401640162835 0.336665612013414 -0.482377952061599
1461244628.76069     0.691985900289 0.0316621716880121   1.05215248232501 -0.0251240121923175 0.799414688700971 0.344109158940317 -0.491827028775237
1461244628.88085  0.677508704143738 0.0326510515795919   1.04238697121012 0.0163166413314141 -0.793125443939481 -0.34475238021152 0.501828251227405
1461244629.00263  0.666237143043434 0.0352306574118549     1.031521181562 0.00974264458818428 -0.786362338998223 -0.353782329629419 0.506337255121184
1461244629.12049  0.654901354246421 0.0379068355794979    1.0215877160421 0.00416085056627203 -0.785016574736872 -0.360216814789505 0.503959830793942
1461244629.24038 0.642474966069972 0.040909069115962   1.0104457414975 0.00197964831454625 -0.787244552275396 -0.359224111720022 0.501198696590708
1461244629.36023  0.627624488768588 0.0432256917749082  0.998437887234857 -0.00544522237665942 0.78973883747037 0.362990598208501 -0.494490387931305
1461244629.5203  0.606875313436436 0.0427573788285632  0.979877638471272 -0.0235077928925499 0.794877399786236 0.362501927889958 -0.48601404841677
1461244629.72022  0.584727792176957 0.0391501437288129  0.954913613187064 -0.0508669046247962 0.802778223856705 0.370831608972756 -0.464159023506
1461244629.88024  0.564405288517981 0.0360883054210546  0.933326004025197 -0.0637252176191249 0.819609508058258 0.357620598628451 -0.44304272748407
1461244629.96007  0.553303145252644 0.0349668834278594   0.92244834846657 -0.0729953837241297 0.830783374267615 0.354505275920562 -0.422843550666165
1461244630.08126  0.536974576592292 0.0343404499108393  0.905891091926073 -0.0995087995968609 0.843841205817493 0.360849334566403 -0.384470773805051
1461244630.2  0.520354679867287 0.0315258094395892  0.888550440213291 -0.115713530124659 0.858810324752787 0.362282981322876 -0.343229145743644
1461244630.31992  0.508984002861568 0.0278190244457611   0.87256443787051 -0.127124402137482 0.873412998994674 0.370058378844645 -0.28990673640878
1461244630.43993  0.498818735948496 0.0247279160163845   0.85792652378976 -0.135421932468565 0.882198387364493 0.380420370549447 -0.242213226742447
1461244630.55997  0.487189083705243 0.0261403863416265    0.8444567662132 -0.139233872437515 0.885146602841932 0.392555727473237 -0.207435341905373
1461244630.67987   0.47326772627151 0.0305455424759406  0.830657316519169 -0.149110724328627 0.889949414022205 0.397713759622147 -0.166071664587744
1461244630.75977  0.462580501448803 0.0332420050321516  0.819586535416774 -0.164923666535563 0.893454959960904 0.393426677560717 -0.140548454709622
1461244630.8398 0.449606383249068 0.034427222362327 0.805781263174607 -0.183945266668799 0.896715677201933 0.385399027955763 -0.116330229868151
1461244630.91972    0.4388957744271 0.0331637518530559  0.794661841852436 -0.195084791810982 0.90214369408351 0.370429270041165 -0.104215330571819
1461244631.00221  0.428446122877507 0.0302713484839146   0.78147024744042 -0.213366686329918 0.900780140484204 0.370746114141946 -0.074947411713111
1461244631.07962  0.418691707153209 0.0250071949051791  0.768324692330863 -0.216499213560233 0.908704822977673 0.353804702635466 -0.0469666649651179
1461244631.15954  0.408134535401459 0.0203722249327936  0.756377192217957 -0.205278462486683 0.914962574952475 0.346603038915861 -0.0238866634281352
1461244631.27953  0.390952526823561 0.0166695973462731  0.740692235684316 -0.194023773496677 0.922918409510865 0.332515798919016 -0.00310292979197156
1461244631.35925  0.378685188824435 0.0162612545239569  0.730651451122514 -0.18853143711159 0.928685066497204 0.319049613395976 0.0143975233148407
1461244631.47936  0.357332688353891 0.0156478993065617  0.714980223024936 -0.173374150252196 0.935465445467932 0.304232767360168 0.0478354222745727
1461244631.60145  0.334117194837686 0.0119955721220164  0.701119204505945 -0.179887230564689 0.935354430474456 0.293780481836442 0.0802851304010877
1461244631.71932   0.314528211000388 0.00700687020574522   0.689020061446555 -0.19327685598705 0.927339366381314 0.292682804986556 0.130470426397961
1461244631.8393     0.292860981257 0.0033623334806277  0.674935718764449 -0.191845554814199 0.924477849564683 0.296061631019749 0.144511243161971
1461244631.95924   0.272852991533586 0.00230493296024878     0.6587078295058 -0.167528730703497 0.927617487900197 0.281281095200117 0.179835663909094
1461244632.07918  0.248979596853561 0.0039585634090636  0.640858471005831 -0.163040890478409 0.927676415041511 0.273691701922948 0.19474852838021
1461244632.2012   0.22161642108461 0.0046506700699003  0.621167535818922 -0.16345363515939 0.928829026120057 0.26553314208291 0.200129207877375
1461244632.31899   0.193323287687156 0.00201876306315887   0.602605392938935 -0.170237466531492 0.927059585303381 0.269448921752634 0.197425957899173
1461244632.43891    0.168470250885951 -0.00145187800545225    0.584260945578493 -0.157234057721715 0.924759452326743 0.272718540977907 0.213827041862315
1461244632.55883    0.145420698406928 -0.00489913861367854    0.566385540957972 -0.143824009309404 0.924663442033212 0.267070241007937 0.230186141375679
1461244632.68007     0.12156298702188 -0.00748388970355569    0.551147399998894 -0.141443127483525 0.924644215191854 0.250156383353734 0.249897380673144
1461244632.80104  0.0966344000717112 -0.0102819447996652   0.540303047966132 -0.1528012275432 0.919264033990182 0.250285328654719 0.262607454070879
1461244632.95878 0.0716278911879929 -0.019078368634995  0.527313345465796 -0.146244870599512 0.914794014944159 0.234880374563532 0.294271231503477
1461244633.12151  0.0482039950876909 -0.0267157179600166   0.509232876776697 -0.139212843171242 0.919880677945707 0.241952547333265 0.275496438229735
1461244633.27952  0.0298238392364174 -0.0324378430182564   0.489077436354479 -0.137875543305374 0.92679451878851 0.217259422337924 0.273570096880513
1461244633.43835  0.0120762667224405 -0.0330148182912306   0.469211339687853 -0.1637542743327 0.929484678848428 0.205136100768284 0.259156226213822
1461244633.71867 -0.00465861749802787  -0.0379126544268256    0.448588169602238 -0.158608730189321 0.930528729723488 0.206206980099675 0.257756154582381
1461244634.20012 0.00155483400723322 -0.0524080539285164   0.458150085618858 -0.127038394338972 0.92410715053664 0.232615462653297 0.275276710285159
1461244634.47796 0.0209040327734188 -0.046436893006818  0.463827366502465 -0.156297978395534 0.916002774577723 0.249985196814962 0.272061133366689
1461244634.63783  0.0425871204365718 -0.0390299099516127   0.463228380108549 -0.170595824547575 0.912075494851831 0.253887638671104 0.27305022114573
1461244634.79982  0.0678918249368315 -0.0348096826066061   0.456248439224963 -0.159971184667209 0.92002697946243 0.252443257523977 0.253440286592503
1461244634.95787   0.091598193254523 -0.0340878275057913   0.446387658504252 -0.156766086070641 0.927311235807662 0.245084019076922 0.235482674088904
1461244635.1577   0.117196029487712 -0.0324721174410074   0.432096997843367 -0.157002062960419 0.931035127666011 0.249184741327469 0.215478323660803
1461244635.31763   0.137082619214137 -0.0292473610260625   0.417399204419327 -0.169148996700116 0.935163669747769 0.241009552117833 0.196905874689382
1461244635.47754   0.160229907177383 -0.0251127046800997     0.3990964406679 -0.169931109278383 0.938819245683421 0.243728579015932 0.174178706519208
1461244635.59747   0.176124911597965 -0.0239212250933145   0.384847652794483 -0.187983992998762 0.945249648488823 0.224415662126213 0.144231518748337
1461244635.75741   0.195857506502495 -0.0235567872776321   0.368522795195393 -0.167052384468074 0.951963305351442 0.226988408258683 0.119731485516879
1461244635.87744   0.211274794657027 -0.0248780211908197   0.357520652690803 -0.171142368918685 0.955456308695308 0.219388305050193 0.0983986958370933
1461244636.00019   0.227387144828991 -0.0241482327147254    0.34800874180796 -0.171981497363427 0.960238882088919 0.205602601039933 0.0780462960996253
1461244636.11759   0.245715237466413 -0.0193397955069012   0.337765731560108 -0.171572169236964 0.961825194708011 0.20684037103743 0.0516947432271141
1461244636.23719   0.264214956710249 -0.0137471932526154    0.32771620116325 -0.156529580712384 0.966051535215382 0.204265809325633 0.0227684169531549
1461244636.35725    0.282446967075097 -0.00978777897939189    0.319167771032698 -0.146485740307828 0.968232446426066 0.202179968929307 -0.0138245339164278
1461244636.47709    0.301204461747785 -0.00468622366563592    0.313417613148594 -0.133564833972423 0.969278051013258 0.203238371643265 -0.0368056957773205
1461244636.59929  0.317501828654078 0.0029935748068441  0.310613105207773 -0.139826014078428 0.966443758061355 0.208862724133339 -0.0530236811131059
1461244636.717  0.334855304492967 0.0121633658972644  0.311619404868857 -0.136800547048271 0.965746641562533 0.210763269627971 -0.0647910396097364
1461244636.83718  0.355439259655487 0.0222772967443806  0.315593041557202 -0.129759692137463 0.965655701939802 0.21704446008199 -0.0596924614608621
1461244636.91746  0.370087450874894 0.0290874398371001  0.319435858351152 -0.111334178117453 0.965615266118949 0.228014428185649 -0.0565798476501453
1461244637.0369  0.387543888504843 0.0397248734154839  0.327815776453509 -0.0743583349079651 0.966982522430426 0.23539366927655 -0.0632887020591195
1461244637.15686  0.403214000811462 0.0508501821503641  0.336387363026392 -0.0654040373398174 0.965132761223518 0.244980477127384 -0.0650048531969595
1461244637.27682  0.417855686076826 0.0626155104711378  0.344822263436891 -0.0701461009248017 0.963372607034959 0.251504844762275 -0.0611396565317233
1461244637.39911  0.429740417068816 0.0768803494181211  0.355962496753349 -0.0733458198262233 0.958610342385107 0.267410208643446 -0.0646404091849398
1461244637.51914  0.439831171478388 0.0915334097493008  0.368493841741276 -0.0726176173621117 0.952765997293317 0.288359357549252 -0.0617455825472917
1461244637.63787 0.446093959122048 0.105069113834787 0.384306613544566 -0.0525361702923498 0.948138598979279 0.305416171052677 -0.0706690200593281
1461244637.79823 0.449199070773262 0.117765850097141 0.404830384317313 -0.0384095362959344 0.941181680045952 0.323466006019079 -0.0898415027561094
1461244637.95645 0.448093273069409 0.127596229628057 0.427681707125325 -0.0718743456397302 0.934338553540095 0.338631688228656 -0.0847002097687738
1461244638.11639 0.443835123246251 0.131401236057302 0.450480024047413 -0.107143537980923 0.928194693524629 0.35007131199197 -0.066520295413289
1461244638.27614 0.434835795153323 0.130801992236358 0.474743064551616 -0.116721009351582 0.926252706266551 0.35496383188119 -0.0493235052085801
1461244638.43664 0.422645168664019 0.124021882096883 0.495882740791535 -0.114864840438437 0.926833686127099 0.355454063417604 -0.0379182738402063
1461244638.63614 0.409584566335994 0.113795680491264 0.511504392706921 -0.117754916062316 0.929931177166671 0.34690964597422 -0.0318666441064549
1461244638.87598 0.401853739373247 0.102667724944995 0.505588195007719 -0.123680342829002 0.940447757392836 0.31662836018665 -0.00276946529133008
1461244639.03675  0.398993526324275 0.0969437470866484  0.490729193592167 -0.127169948790843 0.948213730329603 0.288942657045349 0.0350808591475177
1461244639.35559  0.399485359772827 0.0911018289026892  0.458003790033775 -0.142964336379962 0.945335882757444 0.257191814571237 0.140547635384577
1461244639.55561  0.398867733656236 0.0978257371154968  0.438332848861029 -0.151113959802136 0.932952821434215 0.268697696103368 0.185917057419696
1461244639.71558 0.401102279843728 0.105521227217768 0.419967806107727 -0.167720340952464 0.91916953115215 0.271531927571469 0.230797904110175
1461244639.83559 0.403303651404474  0.10936151680166 0.404549311003961 -0.158069485887115 0.910204402881333 0.265851250572643 0.275436190751653
1461244639.95554  0.40526264715595 0.110221482501791 0.390104125809622 -0.14087835526171 0.905860289843723 0.244025406696546 0.316262588981982
1461244640.07723 0.409654411413138 0.110615823242564 0.378665898699954 -0.140768010403486 0.883579104245782 0.236249678678999 0.379022984938032
1461244640.19815 0.413598278406742 0.111418058927388 0.368085287065335 -0.138959225166356 0.864940583260525 0.233148723269073 0.422149018722192
1461244640.31535 0.420728314748933 0.116105947352127 0.357895976505257 -0.135197757751261 0.844478339374667 0.239173337695198 0.459754298687652
1461244640.43523 0.430974907637819 0.126195813110097 0.349038881761797 -0.133827326310668 0.816069525577878 0.24687099117464 0.505148977898685
1461244640.55525 0.442165056397614 0.137281536309512 0.337055228611366 -0.141500640786993 0.795223078365614 0.244794461513692 0.536352026102083
1461244640.67524 0.454716245345061  0.14520697103882 0.320429018610096 -0.118455728068509 0.794806272945221 0.231789628922018 0.548201420008083
1461244640.91508 0.481918911415351 0.155996346039398 0.290422717864209 -0.129469114995535 0.769285911895889 0.2069956428542 0.590414886211518
1461244641.03502 0.492646267515877 0.161930588330718 0.280059589734046 -0.131997372431161 0.746894422041057 0.202415943891209 0.619478168827487
1461244641.15506 0.500274569268981 0.170643744646736 0.269633436400913 -0.142884953778922 0.728904700526876 0.214332795412179 0.634305352605685
