1461161170.97319 5.69508449960865e-08  9.1389010891813e-06 5.37615110638716e-06 7.15483286051821e-06 -3.55735523310436e-06 -5.24161580567078e-06 0.99999999995434
1461161171.17307 -0.0360186299669388  -0.019449277344029  0.0387857452593752 0.0372969329060267 0.0057323971209543 0.000928843557162086 0.999287353902118
1461161171.19314 -0.0399673634729366 -0.0214166852321233  0.0434821102289559 0.0414869485923343 0.00412211868745297 0.00424902024788539 0.999121507656079
1461161171.33307 -0.0718630944964844 -0.0361006102852571  0.0782022488000897 0.0605962706752953 -0.00622059877272098 0.0142190535744557 0.998041689833948
1461161171.47311  -0.108591059622887 -0.0575741103090191   0.113773932428797 0.0805049300533763 -0.0174970136223093 0.0314161475913063 0.996105333999333
1461161171.61302  -0.144357389207746 -0.0805440516376237   0.146096280210853 0.0929432871049249 -0.0146844600485199 0.057759629406748 0.993886179210683
1461161171.75301 -0.185816988804391 -0.103987928810762  0.177933794948531 0.118786549547864 -0.0127194192610975 0.0586080120769274 0.991106993689664
1461161171.89305 -0.230235508746938 -0.122784377142242  0.211847773915703 0.134856889909185 -0.00468654116055069 0.0654208441697231 0.988691948345941
1461161172.01307 -0.270840799872847 -0.140340343985366  0.240066604334344 0.143017380388904 -0.0121063040692248 0.0901492173523627 0.985531625529712
1461161172.11331 -0.308767175727639 -0.157147714045134  0.260162286567994 0.155524524028277 -0.0365767550780349 0.104715026591195 0.981584956394374
1461161172.23309 -0.355164551437059 -0.175491815301232  0.279621966890143 0.160931603250679 -0.0606585664363271 0.113071515850735 0.978588978936649
1461161172.37299  -0.40925184300132 -0.193623562489471  0.297353091025187 0.163897867838555 -0.0721019950317567 0.122401964775289 0.976194934554347
1461161172.49305 -0.456025066124357 -0.207300495364647  0.305633501646464 0.182241140454415 -0.0822135844345077 0.133629130475743 0.970655628299039
1461161172.61299 -0.508805837767937 -0.212703692869516  0.309807047589984 0.181396503132163 -0.103443013001851 0.15449108519386 0.965674560246953
1461161172.73306 -0.566907567846931 -0.215950439033857  0.311324892471883 0.180235120999624 -0.117827137497339 0.170650657525286 0.96151464882945
1461161172.85296 -0.625483564701136 -0.220583852557255  0.310173995628244 0.172480787575494 -0.116879365489057 0.172685707591034 0.962688546848874
1461161172.97301 -0.685357365753969 -0.224997276944392  0.305527226173967 0.168581512458865 -0.121384063156019 0.178571298900276 0.961747614542342
1461161173.09292 -0.748868192974166 -0.226628425692496  0.297155373742871 0.178035769645745 -0.131615615317055 0.180539556103251 0.958324612651371
1461161173.213 -0.813026044843632 -0.220684422621228  0.287513114501169 0.174417343915948 -0.140165545672293 0.172983986674625 0.959170866061854
1461161173.3129 -0.867936400210224 -0.211969012469735  0.279278613176727 0.164708013722474 -0.145431872476264 0.18270325776742 0.958300767131497
1461161173.41294 -0.925610962475249  -0.20343460023997  0.268552240857187 0.139439825682493 -0.157166377162074 0.191915995474767 0.958657141831382
1461161173.51299 -0.980424114537502 -0.203111214554698  0.255300158692453 0.128599250821178 -0.16305832762074 0.20951704970381 0.955498205317608
1461161173.61296  -1.03510019662659 -0.205180350944641  0.240582719725248 0.12984531087124 -0.168622139427053 0.207921151834859 0.954712293813932
1461161173.713  -1.09609724294723 -0.203370528209661  0.224561768214217 0.127809174113534 -0.186916199899271 0.199233654193978 0.953432273559138
1461161173.79299 -1.14527373267369 -0.19646537549718 0.211202667884897 0.120165870899382 -0.205319673895495 0.20066174819716 0.950336181460487
1461161173.89294  -1.20229130547474 -0.182789936640282  0.195063913136045 0.121533631485752 -0.210945391944727 0.195193904293777 0.950068922637575
1461161173.99295  -1.26058141555356 -0.164185322111298  0.180294855919415 0.10856055011241 -0.223023210393226 0.188838251701637 0.950165969333494
1461161174.09293  -1.31608456583857 -0.148499013637689   0.16703181294682 0.111699044267126 -0.222583140331462 0.168365635473101 0.953746864708731
1461161174.19302  -1.37082549380375 -0.128665830172014  0.156746296587871 0.0951220720353798 -0.232437190965929 0.15046774266426 0.956182096718552
1461161174.27289  -1.41547779036778 -0.108302939385276  0.150355851959513 0.0743129641274333 -0.243644153642024 0.129105029243765 0.958356406136372
1461161174.35278   -1.45695009100886 -0.0865572222968973   0.144210256362889 0.0601722070181274 -0.254543360369144 0.105598141290779 0.959393566660984
1461161174.43497   -1.49516520970794 -0.0632450934698026   0.138403438906886 0.0424695447761201 -0.267466875630397 0.0965318156440934 0.957778375604439
1461161174.53294   -1.53272021481256 -0.0357346534589836   0.132806562379471 0.0294082397300692 -0.262768633712306 0.0881246244173559 0.960375890547158
1461161174.65293    -1.56426385925702 -0.00562361293975163    0.129075867415888 0.0232795396613461 -0.24639918994011 0.0742001610177532 0.966043393608668
1461161174.77284  -1.58236684465232 0.0232464757421179  0.126141129213002 0.0141226825863972 -0.22827380988806 0.0484153974372238 0.972289857422543
1461161174.8928  -1.59091946147622 0.0533104396686014  0.122420690288853 -0.00185916158237777 -0.219622585190972 0.00994405262093833 0.975532459434189
1461161175.07359  -1.58493544229853 0.0883409071081372  0.114609057392267 -0.0192377482600978 -0.208207811317245 -0.0123904974941803 0.977816901019925
1461161175.21276 -1.56490430769911 0.110839053153663 0.110786874567534 -0.0405084016422933 -0.183419454147198 -0.0190540855326667 0.982014926088827
1461161175.37277 -1.52820488524274 0.124548084019346 0.109599039597803 -0.0578337355322506 -0.154434149993486 -0.0204442261718944 0.986097046931187
1461161175.51282 -1.48319452347025 0.128519057203443 0.114472251916905 -0.0637341969898907 -0.12717424541415 -0.0120595179835581 0.989757157823776
1461161175.63298 -1.43518705044005 0.133525477596443  0.11982140675636 -0.0635762621942211 -0.100008468972847 -0.0232749986359118 0.992680532426025
1461161175.75279 -1.38305738355013 0.141446110125907 0.123384073626743 -0.072521020159308 -0.0833311667972705 -0.0214105674257709 0.99364893492509
1461161175.85268 -1.33358475642508 0.151150252695876 0.124151397268032 -0.0932378881341292 -0.0582652825640327 -0.017886876261142 0.993776590950722
1461161175.97278 -1.27677250462649 0.156858372995713 0.123907762214402 -0.110762905785387 -0.0544528283586878 -0.0104760677048124 0.992298705124198
1461161176.0927 -1.21785106533635 0.146808694264013 0.129662262216169 -0.0868478698755995 -0.0466100008427886 -0.0284303995953959 0.994724417966279
1461161176.19277  -1.1645175107266 0.137904267221019 0.136893983856301 -0.0793495129411018 -0.0338044754938692 -0.0283667498303476 0.995869589723804
1461161176.29279 -1.11162817896189 0.130529665432941 0.147967905491454 -0.0806683396071435 -0.0223587020613769 -0.0247684147062989 0.996182329224974
1461161176.37273 -1.06635558980786 0.124142236120631 0.159382555360588 -0.0717086097636351 0.0066007103576868 -0.0349256391320238 0.99679210753284
1461161176.47284 -1.01313097565099 0.116241406347904 0.176927050000588 -0.0491924080842036 0.0164267177036745 -0.0323676126427657 0.998129554508917
1461161176.573 -0.961234644882308  0.109943930819121  0.196421947953491 -0.0337732727533398 0.0226929568912349 -0.0383678791512106 0.998434926074053
1461161176.65277 -0.921352387963314  0.100929127302486  0.211322991925086 -0.00627316284720677 0.0429752968781264 -0.0429368615757958 0.998133356422953
1461161176.77279 -0.869106961324736 0.0932309905074095  0.234694532650796 -0.0120037452004628 0.0570561368303364 -0.0538443953613723 0.996845669318641
1461161176.85267 -0.831193861777422 0.0884711233021113  0.251649036760763 -0.0112110739504315 0.0972697441310024 -0.0489790086200724 0.993988916141504
1461161176.93465 -0.796506574643623 0.0849124159354187   0.27227909554052 -0.0171483966233213 0.125697261898668 -0.0478187516457426 0.990767125935994
1461161177.05367 -0.752534945239948 0.0803742768540506  0.311095768275183 -0.00612628074623758 0.138409577458162 -0.0316243610943127 0.989851078363532
1461161177.17276 -0.712189827993726 0.0820514418438478   0.35685008788247 -0.00901466476565128 0.142710661857224 -0.0200791632110468 0.989519696628713
1461161177.29268 -0.673958871652401 0.0789802858780505  0.401829017359825 -0.0093482408691172 0.166309746741167 -0.0162893518978525 0.985894687857831
1461161177.4347 -0.646423268197498 0.0698617184840991  0.456794568354108 -0.00895529286787738 0.162903346790106 -0.0150083805796556 0.986487227918643
1461161177.57267 -0.623092842094653 0.0657667866863522   0.51665705177955 -0.0128559741683208 0.168688093142594 -0.00638835459833759 0.985564934484595
1461161177.69317 -0.604096255971197 0.0716937152280389  0.573834093716145 -0.0192706848156337 0.17827852910897 -0.0158887551684127 0.983663028798316
1461161177.81476 -0.585022272526829 0.0811703631477534  0.633448472459359 -0.0275769714121587 0.186030387621927 -0.0306435289215759 0.981678755838284
1461161177.91298 -0.563043212115385 0.0866027445452398  0.680753869798302 -0.0348579680085463 0.219927503989904 -0.0359133619010972 0.974231515345324
1461161177.99335 -0.545178353787373 0.0874982905134918  0.718643763856058 -0.0325347357719502 0.25130606730146 -0.0179377092940921 0.967194391056422
1461161178.09274 -0.530243247323981 0.0882560824761789  0.766132595770549 -0.039980964670082 0.259112908396137 -0.00977879261260395 0.964969635989436
1461161178.19273 -0.515795698448856 0.0876381302283077  0.815054619710498 -0.0371848049534656 0.260619780041076 -0.0139268830717935 0.964624622565596
1461161178.29305 -0.501062748691132 0.0887319496914673  0.865820802272721 -0.0319596130895932 0.257943905260698 -0.00950648942933468 0.96558435754146
1461161178.37282 -0.487350373709436 0.0893639772303057  0.905169174174054 -0.0190220437296329 0.266751140921232 -0.00254762257837767 0.963574335632061
1461161178.45318 -0.473520732306658 0.0903466030815546  0.944984896690262 -0.0118943241128488 0.2641225495053 -0.000187993626344613 0.96441576540158
1461161178.5347 -0.459856424128319 0.0912446711166706   0.98253462343592 -0.0212285972176961 0.270570876738246 -0.0103477064182758 0.962410345067605
1461161178.63439 -0.445269053876677 0.0864912212607162   1.02788434666956 -0.0210396655058658 0.260430484257852 -0.0141821214415241 0.965159138575624
1461161178.73469 -0.434523497698412 0.0787119070718923   1.07110384376995 0.000352314549258799 0.23036109717841 -0.00720394155760591 0.973078488102194
1461161178.83469 -0.419078009212137 0.0755161177813718   1.11066833781021 -0.00396270221291108 0.237916561581252 -0.0100744500942855 0.971225263351311
1461161178.93455 -0.405879862101942  0.071293312017579   1.14919990135597 0.0139161255229613 0.232457490584178 -0.00688765962850645 0.972482604814388
1461161179.01261 -0.396698441140394 0.0690663902337454   1.17976912866979 0.0234334481421028 0.221133385683583 -0.0102417871938347 0.974908203391152
1461161179.1131 -0.382594982118156 0.0652665291851492   1.21587632620083 0.0451452083255746 0.235290683055111 -0.0195469382855597 0.970679206451009
1461161179.21304 -0.370691598814873 0.0675060289807397   1.25040325274116 0.0284267676985849 0.246079691513736 -0.0250097782588414 0.968509791016156
1461161179.29262  -0.36262794608376 0.0679359527087709   1.27817237693995 0.0244545440901561 0.243491619526721 -0.0210316701589787 0.969366533022428
1461161179.3533 -0.355174012794793 0.0687846046951506   1.29783850364526 0.0175706921133532 0.240536813727331 -0.0261732027428861 0.970127968609678
1461161179.4533 -0.344632617093392 0.0702401197591641   1.32804354424653 0.0157746897828852 0.237469499028362 -0.0246785963319254 0.970953326930063
1461161179.57254 -0.333864624385411 0.0739358850408107   1.36086823584699 0.0131789296642184 0.228081969604857 -0.0331191586914941 0.972989235439757
1461161179.69264 -0.331004309595424 0.0765878914835381   1.39299260032329 0.0213226155609395 0.196605530849036 -0.0376127109778543 0.979528914978065
1461161179.79288 -0.331125271457733 0.0802021447671336    1.4189147153975 0.0283997389105234 0.161881669598206 -0.030249145858163 0.985937507681274
1461161179.89259  -0.33230196917796 0.0883605539052489   1.44422709534474 -0.00198923744814977 0.130502351777706 -0.0458523679223765 0.990385147036633
1461161180.05261 -0.335533539369554 0.0897695043475929   1.47993064486411 0.00923953860377035 0.0759008808023015 -0.0582689793299117 0.99536848115041
1461161180.21248 -0.335905356195769 0.0926015689003377   1.50939846123269 0.0075428866427736 0.0280927053275935 -0.0318115379613971 0.999070533456473
1461161180.3533 -0.335633933908953 0.0945408653510136   1.53401100938731 0.0140900253987276 -0.0193415618566296 -0.00646849900653289 0.999692719634294
1461161180.55253 -0.334785283427005   0.10973672138285   1.56787814230505 -0.00461487968207807 -0.0561233005272451 -0.0308013664904262 0.997937950899639
1461161180.71301 -0.340764363957552  0.110992355519913   1.58824698002837 -0.00973095706986893 -0.10536677666706 -0.0307796714136901 0.993909333227616
1461161180.89247 -0.345118185387326  0.113497901057535   1.60844651777785 -0.0150327416502069 -0.159229755140357 -0.0362613228669447 0.986460854884956
1461161181.07256 -0.349375426967345  0.122518166034085    1.6317084794835 -0.0299769230311163 -0.213554070381101 -0.0456950603262089 0.975401458155069
1461161181.21269 -0.356077967665308  0.131742039780738   1.64709369253468 -0.0587642315589807 -0.259827546825832 -0.0563681757761968 0.962215692950087
1461161181.35243 -0.365668839350747  0.138143354631685   1.66116530133707 -0.0707230522398554 -0.303197665645456 -0.0593269645319822 0.948445958770686
1461161181.5125 -0.378797027599162   0.14460375591791   1.67822028441214 -0.0763388946132465 -0.34808976755397 -0.0637390467039477 0.932171240072726
1461161181.65251 -0.398539555387345   0.15348849438092    1.6943018213983 -0.0795008553839428 -0.3953887916643 -0.0690583218603397 0.912457267822061
1461161181.81252 -0.423135734370089  0.159396669221594   1.71278540295861 -0.0694136581042636 -0.434741092363879 -0.0684102077263279 0.8952664241206
1461161181.95291 -0.447997216465247  0.164839405812498   1.72258176813274 -0.0752304626613601 -0.467856362180459 -0.0744790305739314 0.877441551249878
1461161182.05253 -0.467898993796197  0.167336021421982   1.72710673456969 -0.0806219850026035 -0.496377158780805 -0.080038849746217 0.860641385424985
1461161182.13459 -0.485620674234101  0.167284005887205   1.72836428041635 -0.0784623542181774 -0.523682372890436 -0.0760669903183844 0.844875283268653
1461161182.23425 -0.509094735102095  0.170533336597318   1.72932982150793 -0.0784655782399919 -0.553189402390257 -0.0819423762203813 0.825293938602442
1461161182.33439 -0.535032303582098   0.17309961922604   1.73195200881274 -0.0762460670925221 -0.581064261131188 -0.0765553962352611 0.806653663598109
1461161182.43429 -0.561980693640176  0.174230606696049   1.73509379305392 -0.0713205903425475 -0.606370103168049 -0.0702081552206219 0.788859611285606
1461161182.53428 -0.588279936665449  0.175832736010084   1.73621944288357 -0.0685677716407216 -0.634047273442282 -0.0697550010709287 0.767083278111463
1461161182.6525 -0.620134401093094  0.178947533496748   1.73755039897676 -0.070951069995957 -0.656582140371824 -0.0730775784420439 0.747345640343362
1461161182.75239 -0.64757209913504 0.180144529953752  1.73560026472318 -0.0585883036014172 -0.679237001383795 -0.077469899306133 0.727463347072384
1461161182.87252 -0.684737127489795  0.185301683634848   1.73363824182559 -0.0541722247654848 -0.698136573683527 -0.0801212484860689 0.709402058137991
1461161183.07297 -0.76446104466901 0.191857158132181  1.73247449018609 -0.0449926744732234 -0.707374598679078 -0.0811621909621093 0.700720725500246
1461161183.23476 -0.832015818254403   0.19038398482898   1.72953124041132 -0.0359335281122702 -0.71627856819292 -0.078934245335331 0.692403913347005
1461161183.37241 -0.892381020892474  0.188125861639972   1.72978125812423 -0.0377600698361122 -0.721471220338662 -0.0741293684965885 0.687428754181341
1461161183.49244 -0.947209241734636  0.187134551052359   1.73475934319924 -0.0333864349297479 -0.715917884303147 -0.05589280394925 0.695142376326086
1461161183.59234 -0.993440810457342  0.188031275895622   1.73627067538151 -0.0290243045366645 -0.721727381049857 -0.0348779514341156 0.690688573593654
1461161183.69239 -1.0388906028749 0.18879871401244 1.73542627721479 -0.0268002576999289 -0.729238314001991 -0.0219464746955143 0.683382455018557
1461161183.81232 -1.08999888228643 0.188108181635155  1.72880952312024 -0.0356754209208604 -0.755621513480528 -0.0312647804874588 0.653288532126952
1461161183.93411 -1.14283763208271 0.176328425542224  1.72196029206712 -0.0278043846495422 -0.771103285725678 -0.0105351731234198 0.636015447190226
1461161184.03467 -1.18657741305324 0.163231770821068   1.7172223748154 -0.0123628216188035 -0.783039610932716 0.0130238339416431 0.621712560675288
1461161184.1127 -1.22235603370441 0.153446965539655  1.71344571206203 -0.0102669180169307 -0.785244203495588 0.0549432303159047 0.616658230070326
1461161184.2125 -1.26718053378898 0.149437625193648  1.70765411979721 -0.0012619846842135 -0.78840416788365 0.0720569188060166 0.610921497338676
1461161184.31242 -1.31302916720323 0.147475283221904  1.70246042541789 0.0103951424547617 -0.792235741048496 0.088888720527849 0.60361682132095
1461161184.41236 -1.35842461550039 0.147943696558268  1.70059809315812 0.0122335113522235 -0.794394189360615 0.0767916380669972 0.602404562925177
1461161184.51234 -1.39919078440475 0.143448438922655  1.69782286422581 0.0256320432866498 -0.802683871938215 0.0778372490433208 0.590747799613841
1461161184.61236 -1.43637244896898 0.137251747740276  1.69769230026994 0.0476078663322965 -0.811005908117239 0.0916305472338521 0.575853063615922
1461161184.71235 -1.47342561258807 0.134442394124781  1.70086539803989 0.0609450377858939 -0.81354658387586 0.113809490901197 0.566987705346425
1461161184.81248 -1.51202184432486 0.135581008650543  1.70318327214807 0.0593567736266018 -0.820898008968971 0.122981396457753 0.554507717187706
1461161184.91253 -1.55012240663158 0.135281499064556  1.70615109090072 0.0581222348178297 -0.825939981396035 0.134448127790319 0.544397514583761
1461161185.01226 -1.58773629018134 0.135725031189052  1.70895620504649 0.0536989135964944 -0.829308103584234 0.134027323088864 0.539815869231085
1461161185.11263 -1.62364134374169 0.134339921877678  1.70969768179006 0.0504950998633612 -0.836710180922316 0.135666437058895 0.528167526346026
1461161185.23417 -1.66444154626042  0.13172806181727  1.71192837012846 0.0555721871045948 -0.839360637951918 0.149261474694899 0.519717676868187
1461161185.334 -1.70113415098333 0.135742454514886  1.71786499726165 0.0591907276913149 -0.830814624636257 0.152155553609402 0.532064098348784
1461161185.41232   -1.732422024662 0.142133862781773  1.72295137820403 0.0632853593486591 -0.822238604218335 0.146933575813984 0.546195171457706
1461161185.51234  -1.7772449767385 0.151463089057534    1.725904105985 0.0660903508506414 -0.817728286155277 0.131436159036323 0.556486344525875
1461161185.63239 -1.82586110598588 0.160703709146369  1.72470266150912 0.0611868600466566 -0.81336815637097 0.119142573246697 0.56612141595198
1461161185.73233 -1.86633121945473 0.164240729889209  1.72601730302509 0.0575371998056588 -0.804217249942388 0.114858995357345 0.580285702666477
1461161185.85237 -1.90998720883069 0.168468281233444  1.72742160137116 0.052866908554331 -0.794383037620392 0.0974836452162774 0.597208186846308
1461161185.95235 -1.94635110201769 0.170127655552966  1.73050194035886 0.0489966935345475 -0.782144270104687 0.109844641556376 0.61137862203911
1461161186.05238 -1.98461128736861 0.173320258632773  1.73068002037846 0.0487372319809525 -0.777048543738255 0.117990785804392 0.616359000387237
1461161186.15234 -2.02516228805856 0.177484762784262  1.72784701124648 0.0484044154188761 -0.778824352185026 0.12296331523504 0.613163651986923
1461161186.27239 -2.07227430440294 0.180432730901464  1.72268328284848 0.041683060546225 -0.781259404608316 0.130202588225407 0.609051353494896
1461161186.39223 -2.11785151260577 0.183468601820983  1.71012034811038 0.0330593246066672 -0.798402930407348 0.119615575325718 0.589196025031574
1461161186.49231 -2.15292307112092 0.180351102393541  1.69955625067809 0.0324476694378977 -0.812036718332933 0.11762852381673 0.570707497069932
1461161186.59226 -2.18815427379934 0.181910632025279  1.69169776317877 0.0341177173235087 -0.818557245390719 0.117421329244768 0.561259520027397
1461161186.69223 -2.22329085375575 0.187450746557501  1.68113097445977 0.0370175445620314 -0.830251071791601 0.116886519004295 0.543737437425965
1461161186.79235 -2.25965646213238 0.194326662226144  1.67012678795169 0.0434333466472164 -0.836049718898189 0.105684371414701 0.536623914457753
1461161186.89232 -2.29699344391382 0.199316588690909  1.65703202039455 0.0420995776622802 -0.84509335864939 0.103267431420854 0.52285818185727
1461161186.99232 -2.33217123675432 0.200622123553233  1.64520263596683 0.0412683624631825 -0.853006183636242 0.0951560602114936 0.511490661833593
1461161187.11227 -2.37352271592078 0.202670783603719    1.637777086106 0.0359186638709367 -0.854269968719133 0.0886987764263734 0.510945395507976
1461161187.23409  -2.4150812278776 0.206201229428512  1.63146563078985 0.0317284455045146 -0.85534581871329 0.0925670726797182 0.508731926667736
1461161187.33404 -2.44945369361987 0.211318080970359   1.6275590485482 0.0253164129941174 -0.860241525901501 0.0958594172237744 0.500154544593255
1461161187.43399  -2.4811191951118 0.213569068438284  1.62277556785474 -0.0250177972078083 0.870288844156638 -0.106068346370956 -0.480334199758359
1461161187.53393 -2.51061951564749  0.21467752778933  1.61651234687936 -0.0210958899683629 0.88395911742897 -0.111330149003847 -0.453626322057505
1461161187.63212  -2.5351876113067 0.213421870208631  1.60556691829843 -0.0187573130365564 0.900615225312544 -0.106871644556941 -0.420854880846805
1461161187.73214 -2.55599976286193 0.212006718257715  1.59598020943584 -0.0113659881815273 0.916683215253248 -0.106148349469126 -0.385091190616723
1461161187.85216 -2.57880352349499 0.211583093355952  1.58437724671518 -0.0105728536948862 0.929303395800436 -0.107327069477352 -0.353219922252311
1461161187.97222 -2.60081407967255 0.213160285241999  1.57075863356975 -0.0186162080557873 0.9415685391751 -0.109629282312447 -0.317936382461884
1461161188.09209 -2.62207578285034 0.214581099408432  1.55475094504458 -0.0223858264964995 0.951961794568172 -0.119267127722261 -0.281145813946245
1461161188.21232 -2.64366133385573 0.216682578968118  1.53999584289513 -0.0240931665304202 0.959499002779119 -0.129879352132908 -0.248822299808418
1461161188.3125 -2.66074750648778 0.218511311825938  1.52472674518734 -0.0238800288220564 0.967380341219468 -0.122879874619643 -0.220239769476414
1461161188.41229 -2.67708478757114 0.212384053467882  1.50945062473089 -0.0066517778209465 0.971103962820822 -0.14820571982949 -0.186943606083063
1461161188.53414 -2.69663025999174 0.206989858512736    1.490367757145 -0.00617667247936447 0.976005733084991 -0.150354101956724 -0.157379483183481
1461161188.63217  -2.7116783213123 0.204927797658416  1.47219035505448 0.00766252497830907 0.978747976709375 -0.158238059291295 -0.130209064162164
1461161188.71225 -2.72208626641258 0.206848111996588  1.45566149503968 0.0168185088454364 0.981958671403114 -0.158072332783832 -0.10240821756444
1461161188.79205 -2.73174735347868 0.209802224497442   1.4372248273465 0.0297982299519197 0.984623692101129 -0.157467998112964 -0.0695131643299941
1461161188.87216 -2.73943437948379  0.20720215986656  1.42001349565615 0.0291167423445834 0.983900064108541 -0.172783194920027 -0.0351972543769698
1461161188.97224 -2.74764092692266 0.198602075164461  1.40291498360786 0.0486058510743316 0.978110310137243 -0.202110505278911 0.0094358942591708
1461161189.05217 -2.75391101063594 0.192039948886214  1.38833783738813 0.0538501187890507 0.975062327963546 -0.212436624326463 0.034990026257397
1461161189.13455  -2.7595947093706 0.188913045653218   1.3723236864158 0.0644550807120167 0.974702510737148 -0.206227130562458 0.0571920340002172
1461161189.21219 -2.76300847622843 0.187935400234992  1.35472091067227 0.0673120632503713 0.974819842732652 -0.197471056286666 0.0787435221760767
1461161189.29203 -2.76373876460454 0.187669270398489  1.33623151649427 0.0682384983917392 0.972741299503489 -0.196052791305184 0.103349768257842
1461161189.37209 -2.76291961854975 0.190281987913827  1.31618687573428 0.0590240763565397 0.973764545177378 -0.184140172874417 0.119963184767373
1461161189.4339 -2.76178139781775 0.192095744295897  1.30009588808484 0.0553896628120784 0.972819237280907 -0.180859050550801 0.133584133277951
1461161189.49211   -2.761079683754 0.194866180580313  1.28231859429124 0.0505784952186956 0.974275906090612 -0.174734667327509 0.133026578797903
1461161189.55201 -2.76117387606749 0.199199003607481  1.26347673536578 0.0410793955179183 0.977971068658426 -0.158802544584265 0.129100054084189
1461161189.65215 -2.76096565849346 0.201129318851638  1.23640357907258 0.0409527741203661 0.978799474873323 -0.150834763314516 0.132375724569902
1461161189.75217 -2.76385448190206  0.20110381343154  1.20928336420023 0.0450669806770758 0.981198333445016 -0.149026315982046 0.114061189026748
1461161189.89199 -2.75723183657145 0.195509114376759  1.17792064128915 0.0568572982663356 0.976803596628848 -0.152075121203028 0.13962499331382
1461161190.01379 -2.75120841105808 0.190315230727489  1.15405045128188 0.0616334170524129 0.971922487895213 -0.162577786355091 0.158544829022903
1461161190.15199 -2.74540219546195 0.188069211302409  1.12195828434761 0.0755410278848059 0.96834792862246 -0.170082922527304 0.166335930283474
1461161190.27228 -2.74365484741273 0.186792054823691  1.08987417935784 0.0850926994021861 0.966781088081046 -0.171581354759129 0.169273148893436
1461161190.37207 -2.73846972069827 0.183812974658245  1.06387062505565 0.0937278082225281 0.960739847981399 -0.1829574573721 0.186334675405347
1461161190.49211 -2.73387140560224 0.182600511150836  1.03077801829647 0.0972962814310584 0.962135301729612 -0.166774857906642 0.192393455074688
1461161190.59207 -2.72868697502528 0.175991398540085  1.00597054660953 0.110584594496953 0.956962183643859 -0.175191016637687 0.203230249286309
1461161190.71209 -2.72080601084754 0.171422913915008 0.977617824056831 0.113610535970307 0.953936783021352 -0.178533568983092 0.212657059279895
1461161190.83406 -2.71720418871199 0.168161001889904 0.949074470947809 0.116468932872542 0.952162910314409 -0.179569764288231 0.218118040635329
1461161190.93393   -2.713437087577 0.170518758494387 0.920558379090708 0.11722508973595 0.955045087427106 -0.174336905734028 0.209174096428873
1461161191.03394 -2.70856914668406  0.17315986670853 0.889245955116914 0.113380839405503 0.95843108203494 -0.165405404724763 0.202967234628833
1461161191.15207 -2.69900159910845 0.173833108345975 0.850799142018621 0.10808368017477 0.957661990308518 -0.164887917218503 0.209793720481692
1461161191.25232 -2.69485195337587 0.174006330300334 0.816445684241317 0.108224743129495 0.95918202402649 -0.163905253449097 0.203451020274632
1461161191.33415 -2.69097149884432 0.171301140391548 0.790118426868814 0.107954181056391 0.960622840334268 -0.166503655922966 0.194489552379696
1461161191.41214 -2.68464981053528 0.171041044199109 0.765005047769204 0.104182683481503 0.961026838572092 -0.162310093804323 0.198062660428345
1461161191.49203  -2.6781253008827 0.173003671076752   0.7395155404599 0.0990254789511785 0.963705758369882 -0.145202452335907 0.200951271802044
1461161191.57197  -2.6691601234548 0.176623631280858 0.715024452466673 0.0915376791441714 0.965775311146158 -0.129319057644297 0.205366703745837
1461161191.73405 -2.65334178471098 0.182663343605004 0.667138610845539 0.0803523665054542 0.966203137954232 -0.110791844137428 0.218449446501925
1461161191.81201 -2.64474824554899 0.187167514479467 0.643162566792028 0.0699686432731842 0.964955273867558 -0.0902462535366051 0.236265363767739
1461161191.91198 -2.63791885409341 0.190520865899655 0.611070590275915 0.0690914827670529 0.967006758804999 -0.0794087021038555 0.231988261480366
1461161192.05214 -2.62333946965114 0.194705094931865 0.572426783011109 0.0588714729804929 0.958914460810534 -0.0646072464141861 0.269894628009389
1461161192.17195 -2.60725660318329 0.200482592332973 0.546067745180811 0.0467384043179044 0.946403525259314 -0.0362576394392525 0.317523656631835
1461161192.29188 -2.59364793191115 0.203098347017828  0.52465943605114 0.0288761212747411 0.933705990269815 -0.0225196634653567 0.356163106050862
1461161192.43368 -2.57905695838692 0.205783671332779 0.497692900338872 0.0212466453692499 0.920689733784883 -0.0191096399441543 0.389247756351759
1461161192.53395 -2.56874365487552 0.210789127429166 0.480495079483778 0.0114679490017641 0.907296558193018 -0.0118648110934017 0.420167428407432
1461161192.63399 -2.56029826332862 0.216550934244631 0.460986689520865 0.00316218232134903 0.896758969906525 -0.0052348602967284 0.442477057860438
1461161192.73374 -2.55288514865965 0.222638638841166 0.439518760042062 -0.00788414302553699 0.888997981003296 0.00636716872657605 0.457798961579452
1461161192.83375 -2.54495493876066 0.226460633247026 0.419176429751209 -0.0167621571552655 0.879107859442751 0.0148111229785519 0.476097712859031
1461161192.93389 -2.53681743999631 0.228551794624099 0.402788093674849 -0.0215556870135447 0.860601209989226 0.0226047097811297 0.50832070272434
1461161193.01204 -2.53206790742078 0.231769528669372 0.390358789476989 -0.0418209457913892 0.844317346810449 0.0328980996479342 0.533195031304337
1461161193.11279 -2.52825019468669 0.234761357853274 0.373831511037902 -0.0523599905666018 0.825974270437688 0.0423412788342774 0.559671467978735
1461161193.21196 -2.52496887473476  0.23751899533089 0.354640986236286 -0.0520743070786233 0.812060076974294 0.0490613491073276 0.579171547946335
1461161193.31201 -2.52043552536296 0.239129118114733 0.335690117328805 -0.0480145909097661 0.790603972755453 0.0501095067096364 0.608382276747424
1461161193.41224 -2.51852514640011 0.241952234329351 0.317402406630978 -0.0566721699487278 0.768069721036411 0.052040571702648 0.635727101575208
1461161193.49196 -2.51712696790903 0.243233171248186 0.304770416147889 -0.0647822953101201 0.747170345919366 0.0576652023558497 0.658949507041584
1461161193.57201 -2.51573049701277 0.242687372374884 0.293303519436804 -0.0771415696095651 0.725290343261049 0.0607080862136739 0.681408559146945
1461161193.65198 -2.51309296585732 0.239212169051548 0.280698472437014 -0.0736241308603996 0.709807198340218 0.0594429549406294 0.698011291919685
1461161193.75204   -2.508450371745 0.237074288182317 0.265672522438235 -0.0782796960003517 0.688370746839262 0.0600802845868708 0.718615588123449
1461161193.85196 -2.50197538295127 0.237797386346753 0.252784978460253 -0.0927018845763718 0.660309198638129 0.058650259433274 0.742938940868138
1461161193.93366 -2.49506754956215 0.239516742390344 0.242585609200921 -0.102899177943953 0.639838611302822 0.0516404700881872 0.759836543286519
1461161194.012  -2.4864741875293 0.241889133444814 0.232487796425176 -0.110579299004432 0.621358580458527 0.0478623550978698 0.774205998482793
1461161194.11205 -2.47272752457421 0.242651691288315 0.220939817686337 -0.122390672300384 0.599021774579665 0.0349658852758436 0.7905509621651
1461161194.21188 -2.46208634319728 0.243099904298146 0.212266955414053 -0.140245176808531 0.566013520370679 0.0296863363991761 0.811836625541574
1461161194.29193 -2.45308712056668   0.2415014005667 0.203480296433784 -0.138959166080605 0.551618579390817 0.0272813913909497 0.82198723756322
1461161194.37204 -2.44394114417954 0.241711444808527 0.195910683809591 -0.140631096560288 0.533363846655212 0.031085249334722 0.833534407829218
1461161194.4719 -2.43566569959376 0.241710848387238 0.188253610697578 -0.150585175142355 0.507225617660373 0.0337549089532768 0.847883767941075
1461161194.57196 -2.42722012445933 0.240977378194867 0.181908401441357 -0.152770411703645 0.481331633720314 0.0348995711061437 0.862416998687201
1461161194.67204 -2.41994927145282 0.240156601320175 0.177446313298863 -0.154104780657275 0.452128127594297 0.0335705859011977 0.87789799440419
1461161194.77187 -2.41215678954696 0.239516096520984 0.173681284388642 -0.152714484368387 0.422438291306007 0.0274910425025404 0.893010872769577
1461161194.89189 -2.40915201808753 0.237926929001487 0.172967743867542 -0.148231042934615 0.367633764662072 0.0266919779477573 0.917693037624316
1461161195.03189 -2.40857301302678 0.233370554031099 0.171364565992675 -0.147143993103459 0.322778192454126 0.0243078015113375 0.934650744693066
1461161195.1719 -2.40495641829617 0.223406006837171 0.171155158211502 -0.138868052627417 0.308393075160507 0.0159605799520597 0.940932853629901
1461161195.25205   -2.404215811206 0.212817343847563 0.173863715508865 -0.1123059582011 0.298783428003619 0.0245992177203233 0.947370420369186
1461161195.33366  -2.4055235496965 0.202122473364771 0.176697954439046 -0.0905911919465344 0.292844676899819 0.0268161331342495 0.951481017234118
1461161195.4337 -2.41173400376123 0.191785368940689 0.181816543068393 -0.0759473990542027 0.279589109075482 0.0291084389553872 0.956668501334114
1461161195.53374  -2.4198793694861 0.180724687903632 0.187230007042559 -0.0515251243885309 0.28582207442282 0.0250145308918581 0.956569483400784
1461161195.61189 -2.43157723175439   0.1729913828531 0.193712374824999 -0.0353363864038014 0.275973366524858 0.0298444597947595 0.960051742868277
1461161195.69184 -2.44275554487333 0.166687265609731 0.201092053157468 -0.0258517191392837 0.27929616821079 0.0244551471411932 0.959545353184839
1461161195.83374 -2.46454437349225 0.160244312612782 0.217047561872616 -0.0186997142402186 0.284137428293639 0.016532589281698 0.958458614662967
1461161195.91196 -2.47793856214824 0.158717736509951 0.226644184639558 -0.0212829732301535 0.285100443243859 0.0152071748652938 0.958140654677201
1461161195.99183 -2.49301432188844 0.157910505756145 0.237933638529659 -0.0250048786721036 0.273198494513227 0.0132361274791375 0.961541545419466
1461161196.09183 -2.51274609591886 0.157166881631141 0.250547833310329 -0.0262346318645844 0.265516681909967 0.00675251318982215 0.963725603729647
1461161196.17179 -2.52855310921794 0.159856155065066 0.260828849400463 -0.037263608039814 0.257134938710095 0.00396148970761192 0.965648669760233
1461161196.2718 -2.54609257807321  0.16603344737901  0.27250477131898 -0.0488670227701839 0.257473473818384 0.0082486478055449 0.965013670460089
1461161196.35197  -2.5601175406768 0.173067369458976  0.28124876896776 -0.0594967504274478 0.252419013571571 0.0116286951419008 0.965717117858758
1461161196.43385 -2.57353930163849 0.181890901051037 0.288489690962124 -0.0762522902168355 0.246864109419919 0.0100614645259702 0.965992995134328
1461161196.53365 -2.59423751378438  0.19037640242002 0.297111907682112 -0.085548454310699 0.231158894694857 0.00849041353152812 0.969110385996645
1461161196.63367 -2.61377944645601  0.19887015539263 0.304878311343267 -0.0961453828075428 0.214087030146812 0.00590813352085152 0.972053446496646
1461161196.73369 -2.63189134466524 0.208691881571826 0.310117268910941 -0.110179522959636 0.196056240106852 0.00607662360017254 0.974364150654761
1461161196.85207 -2.65307239234585 0.216011676418968 0.313357068818094 -0.11460415089757 0.171787138229957 0.00747621577532196 0.978416666831412
1461161196.99171 -2.67722466047506 0.219517235049471 0.312738308667196 -0.110924370939641 0.137963034238515 0.00127637871543062 0.98420544398653
1461161197.15185 -2.70106086101802  0.22118089332595 0.305774842730299 -0.102225720508224 0.105706050129177 -0.000871098968349956 0.989128593368552
1461161197.31168 -2.72470020216782 0.225744876790744 0.292530382344824 -0.0994500108550743 0.0759481104229244 -0.00523043216800605 0.99212611216692
1461161197.45176 -2.74821292603796 0.225546400902379 0.276769701092789 -0.0953922054720617 0.044000287681585 -0.0108025066528373 0.994408169550678
1461161197.61181 -2.77150566129869  0.22025486817402 0.258045247580812 -0.0819486774396373 0.0120037046979792 -0.00318521548017613 0.996559170216081
1461161197.75177   -2.787752717215 0.210935492588367 0.241850464457517 -0.0545912396564656 -0.0240668400587259 0.000891604007741901 0.998218307187687
1461161197.91175 -2.80050454412762 0.199569947197105 0.228468062027583 -0.0327282979561246 -0.056426948797172 0.00741485599853105 0.997842611774451
1461161198.11169 -2.79208577929145 0.182462880794469 0.219566288725072 -0.00447575008584915 -0.0856641379861582 0.0145263013580243 0.996208115653107
1461161198.33385 -2.77418899619596 0.180239762118242 0.222696697940731 -0.00658696242065809 -0.120832409716752 0.0366906149516935 0.991972751371013
1461161198.57174 -2.74617936332802 0.184763212945695 0.237259977150081 -0.0221935516451367 -0.133503875929032 0.0479076502069053 0.989640853253822
1461161198.7917 -2.72462937759896 0.198241115514268 0.259722158467276 -0.0512041141006753 -0.130370194750444 0.0385536291432703 0.98939141329394
1461161198.9917 -2.71524538926403 0.212205758761312 0.293563060029927 -0.0711918418088718 -0.105209247050891 0.0230474955353814 0.991630752318821
1461161199.19164  -2.7173531616601 0.217442233345557 0.339010045867606 -0.070029750309117 -0.0889684460419565 0.00572478793335744 0.993553056702882
1461161199.35165 -2.72292364817724 0.217112065831443   0.3793256626322 -0.0621175852710644 -0.0788170755830601 -0.0039861671255878 0.994943910312673
1461161199.49164 -2.72789846836795  0.21718425108076 0.413088023856553 -0.0587959154424386 -0.0813021209870318 0.005389766989538 0.994939171940724
1461161199.61164 -2.73108379625425 0.218158806056875 0.444046971084104 -0.0549117892083341 -0.0751885062865507 0.0205929277191133 0.995443275760247
1461161199.73346  -2.7354907502885 0.221130528509112 0.477657089293308 -0.0484524663423089 -0.0771409202911253 0.0354780083525015 0.995210001881676
1461161199.81166 -2.74008163727825 0.224810938491894 0.501362687635048 -0.0511972391619576 -0.0861837701209197 0.037223959278145 0.994266351299086
1461161199.89196 -2.74522352589551 0.227900086152572 0.525841322313393 -0.0519618031452037 -0.094302202225764 0.0462803751770271 0.993108852313151
1461161199.97158 -2.74916346801585 0.231359067059115  0.54970926848507 -0.0599264671778376 -0.0923809507990516 0.0459004879787809 0.992858360323544
1461161200.05164  -2.7562002845367 0.233940837031407 0.571565530711482 -0.0676765972798152 -0.111226154000281 0.0457819312287096 0.990430530436083
1461161200.13333 -2.76042323878865 0.234278962871456 0.592861142947408 -0.0697155132221383 -0.111380037037372 0.0460826497444051 0.990257857307006
1461161200.21189 -2.76349161226534  0.23091668581075 0.613807568261773 -0.062092200688596 -0.12404884192179 0.0540980802900704 0.988852790429616
1461161200.2916 -2.77015997109935 0.228530696308248 0.633592561146759 -0.0493349260798895 -0.129591381925613 0.0567516123745295 0.988711987027665
1461161200.3717 -2.77390978344384 0.229502538440452 0.653835626340857 -0.0523485043484798 -0.141526640689597 0.0431296153346417 0.987608060086936
1461161200.43333 -2.77367806003735 0.230220391635927 0.668906353207384 -0.0500148076601112 -0.139785808851892 0.0388834906691959 0.988153085716845
1461161200.51161 -2.77489129818634 0.232724135913423 0.689636436372581 -0.0481799808480758 -0.1392265228043 0.0258482128834536 0.988749985933772
1461161200.5916 -2.77653780421968 0.237100953367547 0.711271671011927 -0.0537258735064571 -0.138768934507252 0.0188693348127865 0.988686331217041
1461161200.67161 -2.77839814995568 0.240630837513799 0.734373083904458 -0.0503496005093031 -0.138304885700349 0.0136300340606877 0.989015115400908
1461161200.73341 -2.77983554319141 0.243494909551548 0.751578006906782 -0.0565524654782217 -0.141901021564372 0.00590318807297238 0.988246462729767
1461161200.81165 -2.77760754487833 0.246622267221883 0.773156690480158 -0.0656191022976689 -0.149148907777193 -0.00412373950925468 0.986626439689804
1461161200.8916 -2.77974551884954 0.248717837665038 0.792083903288515 -0.0714010422820758 -0.147618191526908 -0.00423492693282673 0.986454675129695
1461161201.01157  -2.7799998125059 0.251026069797368 0.820074200033485 -0.0780143829787306 -0.160621871867167 -0.00659661291891518 0.983905917770766
1461161201.13341  -2.7834318070087 0.250289432503702 0.847577677306961 -0.0727639293468858 -0.174553640961633 0.00175145140854428 0.981953853004815
1461161201.29154 -2.77838275739014 0.250881280413157 0.885772468585307 -0.0809402382363574 -0.201509254338561 0.00322522971503701 0.976131290423293
1461161201.43161 -2.77597734736397 0.248372368176332 0.917493442670727 -0.0855115088893613 -0.228553053881909 0.00961176504649429 0.969721041012006
1461161201.55153 -2.77645079412896 0.249592426857216  0.94011653224884 -0.102144330816337 -0.252178052179462 -0.00286778150572876 0.962270513686401
1461161201.67153 -2.77382694635449  0.24750393213267  0.96403932901993 -0.110621476581575 -0.275592710905178 -0.00283180406998407 0.954884038771492
1461161201.79156 -2.77560915894298 0.246938913473617 0.983824452876292 -0.115439540940126 -0.29098352700795 -0.0140907499500531 0.949633482014715
1461161201.89157 -2.78647733229848 0.248784150847549 0.997230997714821 -0.11283848002402 -0.312172492555055 -0.0266307698327972 0.942924500909774
1461161201.9916 -2.78783598388976 0.248101539789061  1.01379370152011 -0.108964874284811 -0.327073424724685 -0.029337519033631 0.938237145389114
1461161202.07154 -2.79420038346657 0.251162301116413  1.02561385203478 -0.111014019349319 -0.338832924528767 -0.0430746240813888 0.933280618851286
1461161202.1715 -2.80251610033907 0.254259788055793   1.0408868654661 -0.110672522906147 -0.346519716947427 -0.0555151345605697 0.929835333957032
1461161202.25166 -2.80882589552272 0.256016715374975  1.05351399649645 -0.112122921497395 -0.344517950552401 -0.0563020560723722 0.930357947622358
1461161202.3332 -2.81600378310874 0.256466401342497  1.06567140737765 -0.113081940562275 -0.342365382654526 -0.0526674521370534 0.931248924275288
1461161202.41151 -2.82596999998722 0.256722310537651  1.07695397370651 -0.112277582301472 -0.338764791681645 -0.0501064059261522 0.932803038435549
1461161202.53345 -2.83565982995145 0.257323100094064  1.08898099446056 -0.118774339587834 -0.351194189359181 -0.0406076266515613 0.927850374938519
1461161202.65147  -2.8474835126679 0.256966931200465  1.10003430175785 -0.121173112156754 -0.36091251666152 -0.0391269754206989 0.923865959975646
1461161202.79152 -2.85875355786067 0.255484894097256  1.11226261123837 -0.120644507851479 -0.370497948047919 -0.0323076508087688 0.920397951386668
1461161202.95146 -2.86979701848213 0.258411083326901   1.1259680328679 -0.125211266500213 -0.390379820941543 -0.0409886034762839 0.911178176060053
1461161203.07137 -2.88444325735902 0.262349904759585  1.13709633848424 -0.125874361275506 -0.413227915254757 -0.049793240267458 0.900510393305573
1461161203.17152 -2.88920394119529 0.265686804838112  1.14752167911054 -0.130573512134217 -0.434058905179558 -0.0496150831842729 0.889989757403913
1461161203.27144 -2.89921266628508  0.26956760653878  1.15898495424918 -0.135747226523567 -0.455974261926049 -0.0536888005056821 0.877939448739157
1461161203.35183 -2.90800586754219 0.272304027328799  1.16815917962062 -0.139010211519893 -0.475928055359845 -0.0597466987901994 0.866371155566865
1461161203.45142 -2.91744027005893 0.274834885110993  1.17768469873695 -0.142412176278752 -0.501279751915732 -0.0683315221638876 0.850745664370743
1461161203.59143 -2.93005596455276 0.277744437602678  1.19185891079424 -0.142543560320321 -0.528665854638634 -0.0868785312251061 0.832253488044705
1461161203.77145 -2.94507932823451 0.275164975712059  1.21163956674355 -0.132265004229647 -0.555622765900951 -0.088793636496354 0.816030024439335
1461161203.93313 -2.96149710289792  0.27220603217781  1.23012176166546 -0.118449639082356 -0.574843881013325 -0.0912266573230903 0.804488590631622
1461161204.17136 -2.98874145239984 0.272082989803368  1.25691363635094 -0.0954926836460129 -0.605310226521115 -0.0898366488967873 0.785117859658048
1461161204.4114 -3.01898265831592  0.27606210156043  1.28487883891652 -0.091306189249557 -0.635051930046135 -0.0842043671868031 0.762418422190908
1461161204.65134 -3.05061228813807 0.278512575445946  1.30615431518532 -0.0925004634226564 -0.66795112354259 -0.0863836254523356 0.733364050167784
1461161204.89131 -3.07671178920323 0.281591629609182  1.32296312733422 -0.0904731835093137 -0.702254981107807 -0.0889529870730596 0.70052830825438
1461161205.09133 -3.09785291948975 0.287897409900721  1.33714413049622 -0.0841177999538159 -0.742895877164965 -0.0945239997761629 0.657339428977559
1461161205.25158 -3.11235957320563 0.290793762078313  1.35118567010023 -0.0843090857770186 -0.777255546603761 -0.0976411187549372 0.615818159246231
1461161205.41134 -3.12544095725793 0.288521095924937  1.36197377658361 -0.0798488560555745 -0.80887349921697 -0.102784475139908 0.573396175537754
1461161205.59135 -3.14457422152757 0.284666755817545  1.36817017173364 -0.0669465597437443 -0.838284063125305 -0.097867969094958 0.532184036094504
1461161205.81132 -3.17522434719562 0.288022668503779   1.3756712321247 0.0558098697935344 0.86293426108675 0.0943309531791948 -0.493286317212021
1461161206.01133 -3.20926659701562 0.291221387943866  1.37835396666582 0.0437915934647476 0.881597450067766 0.0930333211186063 -0.460665858879811
1461161206.23133 -3.24826054532476 0.292467350763297  1.37910442188366 0.055887604050631 0.893187457813178 0.0931329334448447 -0.436370252912215
1461161206.47133 -3.29094674872783   0.2927555716487  1.38170170700872 0.0543544387671105 0.902901044663024 0.090059403741642 -0.416778841030148
1461161206.63294 -3.31889836158893 0.296047800116219  1.38107468886779 0.0505928819792283 0.917686240712138 0.0889552040631244 -0.383900111449252
1461161206.77126 -3.34689277017985 0.299198572059365  1.38276281098742 0.0473970419816807 0.932233063161747 0.0907062910688656 -0.347084147030634
1461161206.91117 -3.37093490498776 0.302694602409174  1.38330314623923 0.0476215078248052 0.94579332707454 0.100546005226592 -0.305119116554075
1461161207.07123 -3.39617578440199  0.30398121798246  1.38275393080085 0.0387139212369019 0.957125177410651 0.113545029535044 -0.263666746740993
1461161207.25143 -3.41928057648762 0.304459369240549  1.37430304374818 0.0287004255454221 0.968534992880877 0.111988004075876 -0.220397232473215
1461161207.43167 -3.43991252568456 0.313181858409355  1.36034138445297 0.0162643616585072 0.977173886768167 0.121549511449009 -0.173471559123511
1461161207.61193 -3.46016315135816 0.318678534604025  1.34125835038405 0.010013388088902 0.983602526650695 0.123615245120806 -0.130939195045157
1461161207.77109 -3.46785771002058 0.321090093129944  1.32263859528844 0.00460039743213192 0.987547278977826 0.135166606218596 -0.0803691277189476
1461161207.93113 -3.46975882527434 0.317752084054611  1.30373064120875 -0.000460900995631421 0.990431919004501 0.132213909739835 -0.0395459664016649
1461161208.0512 -3.46496240015752 0.315704131680493  1.28581119526256 -3.6511709269155e-05 0.991358010688777 0.13117721628333 -0.00135323251575718
1461161208.19111 -3.46099486772143 0.314295239905005  1.26404429283983 0.00427794149881656 0.990750531029283 0.130084346715277 0.0383816000368224
1461161208.35129 -3.45741189605409 0.313882999364793   1.2345024985374 -0.00217035897165341 0.987515284614847 0.142710021365811 0.0666535970204259
1461161208.49114 -3.45483435301875 0.310016375809075  1.20799688354402 -0.00556484905739154 0.984545734738883 0.143606646719958 0.100079266985182
1461161208.63279 -3.45111853219977 0.307220154433601  1.18243641212614 -0.0131272287471401 0.979322349719143 0.146133142778638 0.139285734329235
1461161208.81109 -3.44698414297493 0.306438449790531  1.14327326382001 -0.0195537211729794 0.97528859121208 0.147290744514473 0.163509181455412
1461161208.9332 -3.43960787478123 0.306807069681772  1.11493547851473 -0.0275847414218327 0.970276904231335 0.14287352203622 0.193362271027503
1461161209.05152 -3.43297328454166 0.307304565224411  1.08542679157478 -0.0422443795098895 0.966973161668912 0.133820254007343 0.212768551786355
1461161209.21103 -3.42707411079422  0.30908471797491   1.0484640520193 -0.0526926111086582 0.963910011368329 0.144531321765024 0.217282479154016
1461161209.33185 -3.42169329838088 0.311380274545903  1.02372083156283 -0.0562358057537561 0.957783014400471 0.155077000032892 0.23545775743851
1461161209.45114 -3.41846821070575 0.313667147532165  1.00207949026439 -0.0596758350116015 0.951894152032239 0.161075212230736 0.253754003017325
1461161209.57103 -3.41753173778945 0.317944314457967 0.980064257989561 -0.0688222760417054 0.942596441815237 0.167829087822366 0.280372679621974
1461161209.67102 -3.41705132521523 0.321731960222937 0.962726024342947 -0.0797582618909477 0.931426869777114 0.172915341098186 0.310133665909138
1461161209.77106 -3.41593457989352 0.321742309105475  0.94674141704687 -0.0856289907447335 0.91955852723249 0.168051056159681 0.344729797757125
1461161209.87101 -3.41498649070311 0.322601811382123 0.934607997637972 -0.0945798628792966 0.904222898070503 0.172472849731547 0.379062944968501
1461161209.99103 -3.41556048060247 0.321895030135383 0.921573856469643 -0.104547247573877 0.888953494129688 0.177987740071774 0.408842173318125
1461161210.111   -3.413215268302 0.317838034861688 0.909730572036546 -0.112499784847827 0.874751620821182 0.170657890178076 0.439350981334827
1461161210.23367 -3.40827425251099 0.314561199169803 0.896174712192684 -0.110895764511008 0.86108284422182 0.160341673192086 0.46960516675005
1461161210.33372 -3.40374809490297 0.314137682304134 0.884871194476866 -0.10676852350224 0.846869397703976 0.157380172996095 0.49663284906395
1461161210.43282 -3.40138030100625 0.316955677313857 0.871693555815811 -0.118854781109547 0.833729684978621 0.164660287637727 0.513473799787207
1461161210.53279 -3.39754154492998 0.315154166274314 0.858593413777887 -0.112670420047596 0.824477324185239 0.165304312216842 0.529355270790009
1461161210.63276 -3.39310397719114 0.314159524781657 0.847716583490608 -0.126257215790721 0.813249368413767 0.174942398228988 0.54044401887455
1461161210.73273 -3.38765556643495 0.310674913207273 0.838604450099126 -0.117685690238982 0.805993363608242 0.180029810284968 0.551465360236893
1461161210.85191 -3.37992349332419 0.309201886867373 0.832766364023347 -0.123456437918232 0.785403909997275 0.19178198571983 0.57542929717811
1461161210.97135 -3.37432252851664 0.306507188567129 0.828071492539592 -0.127162864343424 0.763298634483237 0.19207699646503 0.603581997707829
1461161211.09146  -3.3711694044493 0.303663610500162 0.821281774969067 -0.134537464780676 0.741858654687293 0.190478941442922 0.628699594323658
1461161211.19099 -3.36996218824219 0.301270658892372 0.818729937324304 -0.13458811684245 0.704543402716781 0.192340949614734 0.669708587069306
1461161211.29096 -3.37337876078085 0.300369474487783 0.813169884070112 -0.14755862511346 0.66690044439677 0.195586457700156 0.70371598460055
1461161211.37098 -3.37902201126371 0.299546167852137 0.807330362321716 -0.155757695206413 0.634182395098907 0.205316560288878 0.728970054393007
1461161211.45094 -3.38454712839077 0.297477495538065 0.797094691021885 -0.160218651127093 0.611522052962345 0.211684286757566 0.745359326306228
1461161211.53292 -3.38760401763954 0.294561566742661 0.785779529690065 -0.166940624705288 0.596804667929545 0.207888217665505 0.756794229045369
1461161211.63414 -3.39003855425107 0.292420184254075 0.771366593480606 -0.169799225862283 0.575090157200607 0.207099759534652 0.773013081123625
1461161211.73268 -3.39172868790859 0.292421717055925 0.757432836405448 -0.171744065684488 0.553487065600782 0.206218769117056 0.788435072392549
1461161211.83095 -3.39211056736819 0.295929244765199 0.744415003367741 -0.180157065396281 0.527393496635515 0.199927700973247 0.805871234055365
1461161211.93358 -3.39167023038718 0.301678966063202 0.731257025042755 -0.194076747196245 0.496027263992404 0.189175339783813 0.824926578788448
1461161212.03269 -3.38834847309237 0.306891784513735 0.717722902643133 -0.204703873896991 0.469713507062769 0.179291823007151 0.839833309351999
1461161212.1335 -3.38712237154788 0.308118193638593    0.703103813274 -0.218291233839349 0.444833013349629 0.169342035791738 0.851936501376184
1461161212.23139 -3.38509685387075 0.305258565841028 0.690360469823554 -0.223559480110824 0.423045046659144 0.154705141594984 0.864361247693241
1461161212.33102 -3.38132586459169 0.296135552952165 0.678189876831916 -0.208476933536093 0.410703957670923 0.135451325609748 0.877218653317056
1461161212.43088 -3.37976145301902 0.286804240118113 0.668109979222536 -0.195756565745186 0.388837046196472 0.124170320888455 0.891665211771386
1461161212.55093 -3.37773033297933 0.274034265123986  0.65714771653183 -0.17792251335979 0.365728425367721 0.124575684469436 0.905023312935504
1461161212.67203  -3.3781488527026 0.262364859204973 0.648824352840293 -0.162159637770857 0.33024079432299 0.126546168415589 0.921211884911543
1461161212.83111 -3.38377791501742 0.253788389224086 0.639146434359206 -0.168924825679733 0.272117781303475 0.114257681279554 0.940404965233684
1461161212.99093 -3.39443896524055 0.256906666816491 0.637285204670873 -0.190482858592145 0.214165881545657 0.093267714639066 0.953493780352207
1461161213.13272 -3.40383363369974 0.262914353074684 0.641945658340146 -0.205287025457148 0.167900535880266 0.0806923066920627 0.960809762060518
1461161213.27095  -3.4153354898982 0.267369307858838 0.652375544806245 -0.209539544319078 0.125336075983741 0.0649218382679918 0.967558371541199
1461161213.43078 -3.42975732164652 0.272275130852705 0.666419806404045 -0.209888180595049 0.0899448448664047 0.051752936061415 0.972202916132986
1461161213.61101 -3.44360459314427 0.278224303608035 0.686377422795595 -0.215290801846627 0.0694700527986869 0.0306775384658376 0.973592661762639
1461161213.75079 -3.45405897798888 0.279540051916631 0.707033395395403 -0.21328249791732 0.0565120098019885 0.0320560646857054 0.974827870727522
1461161213.89095 -3.46433007081522 0.281009650265863  0.73448557770541 -0.210967466907842 0.0551832934369086 0.0334039507372009 0.975362347082914
1461161213.99078 -3.47414030965007 0.280369662918659 0.758400916199109 -0.205592119155761 0.0456405347714296 0.0390498282880113 0.976792676588793
1461161214.09075 -3.48483679451763 0.277904811460596 0.783411404294383 -0.200746237015867 0.0338178281550736 0.037923839034414 0.97832463183533
1461161214.21108  -3.4958160138036 0.276675727809382 0.810710072868063 -0.201589963023558 0.0189807321419656 0.029904061091692 0.97882938541185
1461161214.39109  -3.5055451444813 0.278291693136789 0.849512075491111 -0.202677636910953 0.0243574131873346 0.0355365503020239 0.978297319587274
1461161214.57068 -3.51528322771037 0.280722769003099 0.886647356371685 -0.198947819329202 0.036503468729924 0.0390827516045243 0.97854984568077
1461161214.75154 -3.52505841812168 0.288510852166217 0.922977334746885 -0.204379328998461 0.0700168550631627 0.0383381297456259 0.975631548122964
1461161214.9107 -3.53252805642651 0.287006578162071 0.957854617091524 -0.190694457247186 0.114707450637397 0.0430429083285933 0.973973887117148
1461161215.07114 -3.54164197300834 0.279278590631688 0.994227606079356 -0.156940533065406 0.154231889820325 0.0484329907088958 0.974287657036971
1461161215.21129 -3.54753653321486  0.27518449831832  1.02481506163166 -0.141715312418175 0.190149645999096 0.0484462286878163 0.970264317224211
1461161215.41083 -3.55610427220177 0.269878301239878  1.06998666323609 -0.105963711413758 0.216150726615431 0.0493422391590376 0.969337866113676
1461161215.63323 -3.55871178301177 0.264040540696444  1.12375367013281 -0.0711946919669187 0.243030089796441 0.0455228547449683 0.966330875520977
1461161215.85105 -3.55268285724959  0.24970351302803  1.18072504369331 -0.0422646347901701 0.277760002311228 0.0450187808627775 0.958663857215734
1461161216.05121 -3.54215286834016 0.240881305052895  1.22718148767267 -0.0192198067177611 0.318183382609808 0.0344607386318369 0.947207681321082
1461161216.21073 -3.53206135068577 0.237133375034216  1.25959970606834 0.0162160222943005 0.362543069223656 0.00802578010812549 0.931791366365078
1461161216.33249 -3.52456322462835 0.237302046549265  1.28404060604033 0.0349891186406031 0.405012828470239 -0.00901078941805079 0.913596834509268
1461161216.47074 -3.51662128037261 0.237859725736416  1.31532288059491 0.0512389427762749 0.450787173986148 -0.0320771677269013 0.890582140974864
1461161216.61126 -3.50611810371793 0.234047021119083  1.34494667424684 0.051313684722522 0.501109093267529 -0.0452494370471608 0.862675530458415
1461161216.75097 -3.49014461024403 0.227187775593086  1.37540561687959 0.0592150836405758 0.539039286429482 -0.0486189730954233 0.838788660515973
1461161216.89085 -3.46584536549105 0.224976805038813  1.40331110021028 0.0712499201268779 0.570310097496794 -0.0499284913473456 0.816809027451882
1461161217.03096   -3.436298917639 0.229323177747679  1.43020022037864 0.0695272431000514 0.595937266691101 -0.0432618974781928 0.798844881602325
1461161217.17069 -3.40467231649433 0.234172458787425  1.45774880848142 0.0419644692576396 0.599813710546639 -0.0417461671533123 0.797947212219083
1461161217.27112 -3.37811432106402  0.23446512344942  1.47127687184966 0.0324533874504363 0.624082203364265 -0.0333158852589323 0.779973225743301
1461161217.39069 -3.34175830755905 0.236221484888835   1.4873307195367 0.0253310484545613 0.648332330899301 -0.0180877854690941 0.760720946676044
1461161217.5706 -3.27640265640083 0.243976952995303  1.51564264379855 0.0048319844349843 0.666430098952364 -0.0211094464811487 0.745252954644275
1461161217.73294 -3.21903149040849 0.245604881177606  1.52952244181665 -0.00764253498521016 0.685567246154455 -0.0302260000065337 0.727341413356067
1461161217.8712 -3.16466263152442 0.245096098315343  1.54415021820341 -0.0203318617395463 0.707716793964957 -0.0309767214756581 0.705523917145823
1461161218.01096 -3.10499412748732 0.245691796134258  1.56149942248686 -0.0337606616677494 0.710767110282671 -0.0271024779842207 0.70209386007235
1461161218.1507 -3.05114861948056 0.246822179749965  1.57012196567177 -0.0319192439599236 0.712918489636164 -0.0190270861277648 0.700261636099968
1461161218.27056 -2.99932231734215 0.248261487426119  1.57769625241186 -0.0245244867179219 0.709555976603036 -0.0281173583522113 0.703660628270068
1461161218.35083  -2.9646497426599 0.249845389996483  1.58601239981164 -0.0322815705153594 0.69263949529558 -0.033191658470198 0.719796320892059
1461161218.45057 -2.92270460904155 0.251637924808911  1.59467212319548 -0.0405339148371816 0.678650795703704 -0.0233552680161193 0.732969733818933
1461161218.57058  -2.8713328214241 0.251318021074616  1.60727170491236 -0.059715658633186 0.656375298557189 -0.0187995074699577 0.751832485382783
1461161218.69061 -2.81808449059654 0.248765548574863  1.61582023168746 -0.0463720860915684 0.649465191803626 -0.0120147933529127 0.758880912269957
1461161218.81068 -2.75915897077846  0.24922192712147  1.62820815003893 -0.0409283139517484 0.642223560311316 -0.0261761538205646 0.764976196145531
1461161218.93292 -2.69931866867676 0.250813394610158  1.63508390319611 -0.0503563784798558 0.647819056881115 -0.0409319410991212 0.759025217555988
1461161219.05075 -2.64278183175428 0.248388302095205  1.64386210578109 -0.061871181518378 0.640431059193557 -0.047779295715739 0.76402693291444
1461161219.17137 -2.58491310262789 0.242850994137595  1.65319651683641 -0.0574900337306919 0.632654685985536 -0.0365148681694384 0.77143347653881
1461161219.27061 -2.53609554391542 0.238777468365135  1.66038196751584 -0.0454351396160723 0.631063682218073 -0.0377755876671795 0.773477395952742
1461161219.37056 -2.48653308701926 0.240008412688679  1.66728014170582 -0.0447814588033047 0.628711260593783 -0.0361088624273638 0.775508170043505
1461161219.45052 -2.44746878302469 0.239919330005919  1.67309517808164 -0.037487449348669 0.628192046451871 -0.03783150974289 0.776233354595456
1461161219.53245 -2.40830312880325 0.239115973398891  1.68104108946278 -0.0350354675258161 0.622436817938204 -0.0369714579496477 0.781010905805603
1461161219.61052 -2.37253492186196 0.238129977136291  1.68798545241698 -0.0454503934587781 0.619225756912779 -0.0271559776984481 0.783425986667202
1461161219.79105 -2.29152742021836 0.228911448348574  1.70665377946618 -0.041173094932561 0.608330859755486 -0.0108274467110372 0.792540918641142
1461161219.95108 -2.21477194702762  0.22308432887676  1.72415014769149 -0.0333966997642593 0.603163977829565 -0.0260724124495811 0.796491120856178
1461161220.09072 -2.14605731456334 0.223268296728679  1.73648470242982 -0.0393765365978094 0.60700131382103 -0.0358477722810411 0.792914768816669
1461161220.2107 -2.08884399213606 0.222950979405568  1.74922557511384 -0.0502250124553753 0.61046687731352 -0.0400441944115597 0.789432772515093
1461161220.31063 -2.04339139990284 0.222583515529401  1.75919334202805 -0.0592782787834 0.608715149251002 -0.0282281639491181 0.790667517669007
1461161220.45044 -1.98126689962474  0.22104638822087  1.77225679067078 -0.0614748452205698 0.601894871752476 -0.0253729636525397 0.795801243702637
1461161220.53278 -1.94624032856996 0.222819344825824  1.77767041268724 -0.0678059600530212 0.598099404045058 -0.0235515144259884 0.798200965190144
1461161220.65083 -1.89262384032164 0.225355404612371  1.78312708814172 -0.069139566975186 0.592079900743458 -0.0222333012276629 0.802600019767394
1461161220.83216 -1.81902114754929 0.222798438496081  1.79381038431167 -0.063630803817332 0.589719424319321 -0.00256058512613855 0.805093513071531
1461161221.01122 -1.74435675966612 0.217272578808935  1.80873237076634 -0.0621080476123331 0.601383847640579 0.00729617859869706 0.796509148721252
1461161221.15188 -1.68439359179907 0.215514533987627  1.81823014992689 -0.051606229799481 0.614340375106117 0.00459670545238025 0.787338282353489
1461161221.25203 -1.64054511223186 0.214616141551648  1.82416950577743 -0.0535170622435495 0.627320601331748 -0.00151966234933553 0.776918578629665
1461161221.33256 -1.60523168355121 0.210111787619936  1.82616261345101 -0.0595935250172717 0.642797755243604 -0.0181214942850178 0.763499357612485
1461161221.47038 -1.54508250693304 0.199263579938643  1.83460064107049 -0.0468883082468214 0.667410300069476 -0.0170521322234532 0.743016959899003
1461161221.61044 -1.48397327281014 0.184219936219234  1.84220335552822 -0.0356617636366544 0.679440630039966 -0.0283923908756347 0.732313144089045
1461161221.73213 -1.43105801242271 0.175049487244885  1.84853027318456 -0.026494173641119 0.687902315928786 -0.0379888056165913 0.724324038777336
1461161221.83223 -1.38625363801881 0.168317639871723   1.8549559957753 -0.0121566351252263 0.691142942846329 -0.0494285636206505 0.720923342578493
1461161221.91047 -1.35000053866029 0.164200879165047  1.85870825134406 -0.00447622691361419 0.696743687063586 -0.0581703667253248 0.714943638593071
1461161221.99046 -1.31495750026539 0.162511666796273  1.86354185218074 -0.00901209483414953 0.695957891303724 -0.0614354731406377 0.715392953780481
1461161222.07047 -1.27884482047847 0.157847475525706  1.86487678809587 -0.0152110384860625 0.707924599936991 -0.0639585453311136 0.703221650400039
1461161222.17043 -1.23657342099039 0.150037294521073  1.86581470059374 -0.00660623164769877 0.715872169854411 -0.0662450001713808 0.69505035363177
1461161222.27042 -1.19557075520382 0.142700226647926   1.8664614479832 0.0078518014369564 0.720263212285171 -0.0757552178965158 0.689507361240105
1461161222.35041 -1.16138778807591  0.14030717505498  1.86254668775746 0.00828881030542821 0.733950840043674 -0.0884626474681921 0.673366037178758
1461161222.45041 -1.11874324555431 0.141324857023654  1.85746592164752 0.00121565305119758 0.747244462780229 -0.100232282499082 0.656945754668504
1461161222.55039  -1.0771258247296 0.142080500779202   1.8524220421128 -0.00865100038488373 0.762365327371408 -0.110410844276945 0.637599963362827
1461161222.6904 -1.02018955618907 0.138511949752303  1.85368491055835 -0.0135981525164528 0.763839814868012 -0.109302259852786 0.63593776697222
1461161222.79041 -0.980719062878945  0.135163307441006   1.85155411076733 -0.0221603883454891 0.775199686094909 -0.104723390418285 0.622581219895068
1461161222.89038 -0.942168165252891  0.130871293745247   1.84828340149326 -0.0169235194181858 0.785489438771817 -0.109368295393361 0.608899426860618
1461161222.99044 -0.904140373480767  0.130017419211126    1.8435463310772 -0.00960876238171364 0.79667010363664 -0.113945772869244 0.593498760320785
1461161223.11045 -0.858451788619574  0.131482442251587   1.83915478272059 -0.013369267955205 0.800880162602101 -0.124236761115959 0.585642770818688
1461161223.23213 -0.815606693574832  0.132175076577584   1.83309299669166 -0.0120721402940411 0.810607252495025 -0.120668567478538 0.572895489992604
1461161223.35034 -0.773796401029196  0.128500716344939   1.82877702507744 -0.00791045708424636 0.819853829354228 -0.114517675825609 0.560948148303769
1461161223.45039 -0.738201492610815  0.123127137772902   1.83012885867815 -0.00665010210733228 0.817389075657688 -0.11531345547291 0.564387882687367
1461161223.53218 -0.709745294279396  0.118662951539915   1.83174408178834 -0.00218200217797224 0.814847151908352 -0.124299463850938 0.566188132319737
1461161223.61031 -0.682097849588943  0.114953121865956   1.83102826144666 0.000997793400991619 0.822045060733428 -0.13549754266392 0.553065401615526
1461161223.69038 -0.655095613457755  0.112755069292103   1.83062405762694 0.00420577499727435 0.829949004254293 -0.138872709455888 0.540260430128248
1461161223.7904 -0.623246301979362  0.110206926931772   1.82970905016252 0.00404453873051981 0.842690973170238 -0.145716166192611 0.518287916465338
1461161223.89039 -0.593357341598683  0.108489809546394    1.8267875878753 -0.0105019159001048 0.855996860680759 -0.141446832792417 0.497143719421363
1461161224.01031 -0.561168880850214  0.104421700541262   1.81950857542985 -0.00570941915178681 0.872479782250751 -0.140510492270053 0.467977813211972
1461161224.1322 -0.533154791146633  0.102032383208787   1.80658508298402 0.000533296305270306 0.888389407117055 -0.145577631106804 0.435397669078038
1461161224.25041 -0.508161936651164  0.104256704033744   1.78914557837052 -0.00179327461618655 0.9058874337987 -0.143710372317737 0.398386835048619
1461161224.39029 -0.479425330130176  0.105688249560271   1.76904829600994 0.00379711774894347 0.91882654166531 -0.137076325591028 0.370072221587394
1461161224.51037 -0.459614672943133  0.107126678906422   1.75266328970549 -0.000269757498347035 0.933702026711232 -0.116461795577844 0.338581013521159
1461161224.61039 -0.447424113581505  0.105468088162527   1.73719744681049 0.013324650841396 0.950631821043448 -0.105908544353305 0.291384582180555
1461161224.71031 -0.433112592165158  0.103362494219904   1.72156731571645 0.0225247185283346 0.961938399637776 -0.100277268395478 0.253202728659615
1461161224.8105 -0.418074925229586  0.103165660991889   1.70425280348064 0.0226658775830628 0.972585810046835 -0.09136905545992 0.212637710186347
1461161224.89037 -0.406417092204102  0.105712749746795   1.68987313592218 0.0170454938571205 0.982067588343075 -0.0787055360415266 0.170464487977996
1461161224.97028 -0.394564752728185  0.107938352410417   1.67686431495864 0.00928364744187075 0.98847250147648 -0.0676632873443266 0.135120713662876
1461161225.09026 -0.380620739399478  0.107171671040575   1.65893098955949 0.0175009733522745 0.994329955470026 -0.0637134129820151 0.0833202051898686
1461161225.19029 -0.370948384255709    0.1100134669554   1.64340728610694 0.0158828889800274 0.99787164096064 -0.0442380625311636 0.0451986263912549
1461161225.31025 -0.364075281692831  0.113655002599298   1.62415315940695 0.0112218912944915 0.999665600914957 -0.0232356937245264 -0.00169057394157937
1461161225.43207   -0.361304386155 0.112453152760374  1.60519528347285 0.0102353491862797 0.998538941368575 -0.0282298618151665 -0.0449254393351655
1461161225.5702 -0.358398285989848  0.114926506009409   1.58336067486635 0.0141703190518645 0.996265177755534 -0.0225298739591002 -0.0821419650914756
1461161225.77021 -0.352049076902777  0.115926651252007   1.55357275596563 0.0208121031457881 0.993668036553563 -0.0196197003574824 -0.108654299741512
1461161225.93201 -0.349889536220211  0.119847305674681   1.53130624774012 0.0269764280228554 0.989859542625151 0.00378920961724349 -0.139413055685366
1461161226.11026 -0.349757001285944   0.12257460119161   1.50492014441272 0.0294894235667266 0.984880865392392 0.0212540954558252 -0.169376262528107
1461161226.23203 -0.350935863722879  0.126991320954944   1.48658217371551 0.0315533246451387 0.979943092573611 0.0383536419162978 -0.192989432801028
1461161226.33196 -0.354166417918198  0.130193457717244   1.47227019702644 0.0320996443664654 0.973949319074986 0.0511536011845672 -0.21857640721443
1461161226.45023 -0.358614034735327  0.133208197992698    1.4558037227173 0.033793557736501 0.965499068457164 0.0615808736746424 -0.250753544862933
1461161226.59022 -0.364100288666871  0.137695597609824   1.43724224937978 0.0378208404580732 0.958434397129369 0.0788387605674103 -0.271583394666359
1461161226.67027 -0.369427720669128  0.141519745073874   1.42835822773346 0.0412624340560731 0.951404935319251 0.0904222862954857 -0.291461611069171
1461161226.79014 -0.37626225084833 0.149245238926093  1.41505375325726 0.0457679341078116 0.944875630052939 0.112647629767582 -0.304016202606555
1461161226.93259 -0.385868673277226  0.159345681438203   1.39903455824692 0.0520413389026531 0.935347719028916 0.138557350846006 -0.321275900246438
1461161227.05008 -0.395452654687884  0.164404421899875   1.38598245343069 0.0701519692656062 0.924711447987422 0.145509741266958 -0.344694581282599
1461161227.21021 -0.409597492247458  0.168388554358122   1.36806181435556 0.0884566947082411 0.910821616225609 0.159916356521193 -0.37014342557237
1461161227.3902 -0.424648098419881  0.170116447356381   1.35147158771672 0.115805939106092 0.896118921090394 0.156188293012507 -0.398954986003914
1461161227.59028 -0.439884085272091  0.177752742871314    1.3369473224901 0.147287732363997 0.878723562825458 0.170124569155775 -0.42096182130921
1461161227.81023 -0.451402754703977  0.186251674895204   1.31991987263076 0.169764133746988 0.861584486863166 0.188691446984365 -0.439599645956201
1461161228.01011 -0.465357838410191  0.196992159474903   1.30162201348722 0.177197880732904 0.847703577472852 0.208600834031042 -0.454406478656555
1461161228.17014 -0.477048794753258  0.205467565550664   1.27755349292867 0.174516483077638 0.849307858592302 0.220542918767372 -0.446744870646702
1461161228.31011 -0.489414966144138  0.210165147597697   1.25303751863456 0.167544351381795 0.848548471735922 0.228023795472809 -0.447101252663039
1461161228.47011 -0.502163163033728   0.21013657255867   1.22439281526353 0.165415049100979 0.850784874122789 0.231976119289418 -0.441576765211002
1461161228.59006 -0.51082389316409 0.201807247544797  1.19566653782433 0.159695757777801 0.866491320899243 0.211407963667369 -0.423080049933905
1461161228.69025 -0.519381802299897  0.190161313873224   1.17099720795136 0.143380430730049 0.879726339018699 0.189026813437551 -0.412058835995623
1461161228.77015 -0.526428008887966  0.181739313698067    1.1481970274782 0.137420513407607 0.893967293990616 0.168175238460776 -0.39198873572916
1461161228.87005 -0.538041471997217  0.174089928272664   1.11940323368566 0.127363373160005 0.90622938690924 0.14645383879786 -0.37560370416275
1461161228.99005 -0.554545021520826     0.170643741705   1.08238721274181 0.114824170142282 0.919702012075421 0.129743867242194 -0.352321086295723
1461161229.09004 -0.568585013919408  0.166624006254878   1.04833119495773 0.109915758966591 0.932090398162263 0.117842076649341 -0.324406011897874
1461161229.19188 -0.578466671388635  0.158814239373121   1.01315656779379 0.100655923266796 0.946728244346187 0.105792464311979 -0.28702259660747
1461161229.29006 -0.585453290173261  0.147956186552777  0.980319145445971 0.0936396783257425 0.958060915674878 0.0944418900160333 -0.253833847052489
1461161229.37056 -0.588409616140021  0.135779697349855  0.953668015507385 0.0871825302010327 0.968476652115499 0.0797774765997984 -0.21928915833271
1461161229.47014 -0.59351357964632 0.122177141736279 0.921225694056644 0.0871339749755056 0.9770026867427 0.0677648400552784 -0.182431759720717
1461161229.59012 -0.602185192417523  0.115060925878858  0.879481897099484 0.0872009001330774 0.982442160151569 0.067098881595148 -0.150668991704931
1461161229.71 -0.608669808671451    0.1157780980445  0.834837240020534 0.0806305428664039 0.987983323179535 0.0757435906820719 -0.107937839272323
1461161229.84999 -0.617135543315993   0.11586844376438  0.781450623689399 0.0557633779001525 0.992658000841893 0.0778760304090744 -0.0738638134506129
1461161230.011 -0.631254669268934  0.109465731563672   0.72321654758572 0.04775463039159 0.995234245410422 0.0640362370076521 -0.0559254180888245
1461161230.14995 -0.640405162090649  0.104283301733158  0.674730621499335 0.0558417043670548 0.995835185438208 0.0664152790788763 -0.0279821050227968
1461161230.29017 -0.649723391396043 0.0992756440821006  0.627180044296651 0.0672542834971385 0.995205568388617 0.0707066915764511 0.00658040772964605
1461161230.41025 -0.657785174307185 0.0962988158288311    0.5846229413556 0.0711012029950602 0.994423066549458 0.0679166583504338 0.0381406759974047
1461161230.53076 -0.667553370922204 0.0871463779351178  0.545231702452066 0.0632362794416559 0.993335907392259 0.05623603014937 0.0782461306430799
1461161230.63224 -0.677945470483597 0.0700534876475399  0.518380022538384 0.0715141767230395 0.99090998239518 0.0327957950883593 0.109121790407471
1461161230.74993 -0.692545876773315 0.0435254474967254  0.491705714858758 0.0709315093344966 0.986751525680585 0.0177569847544203 0.144826920988465
1461161230.87001 -0.710713913599947 0.0170584834101077  0.462903050692648 0.0845745414102985 0.982900299609101 -0.00315034879500915 0.163536611424006
1461161230.98993   -0.734936342124615 -0.00806443596631679    0.435621807814348 0.0898753269773348 0.978229020344033 -0.0276126502484308 0.185007975243578
1461161231.10997   -0.76637448730769 -0.0283305952600214   0.409255145249164 0.0990545761642189 0.973041686392937 -0.0529732844052642 0.201424672326493
1461161231.20993  -0.800549973699925 -0.0429949980062665   0.386065503904117 0.107683097448663 0.970592769089243 -0.0802759254080756 0.199774380027606
1461161231.30988 -0.837720262005783 -0.057737325760474  0.364573113704063 0.104539000435094 0.970088561743468 -0.102002827300868 0.193894824544522
1461161231.4099  -0.874038200983164 -0.0745894244113659   0.344050158033715 0.116863059801686 0.966628998438444 -0.118303754249134 0.194873359806412
1461161231.51041 -0.915083123331418 -0.086953198531502  0.324454882990024 0.115560143975343 0.968761442363032 -0.118979994439995 0.184366162400142
1461161231.58995  -0.950969225037024 -0.0982147010656627   0.310477255577813 0.126814782833575 0.966786923777209 -0.128057999457876 0.181224180624775
1461161231.69012 -1.00127149321353 -0.11261834610395 0.295745736431925 0.134389744704497 0.96502087250291 -0.145246539161933 0.171981263553514
1461161231.79092  -1.05557310371775 -0.123028826376794  0.287306003714872 0.129236192404035 0.963976429144646 -0.166000752780286 0.162761176890629
1461161231.87022 -1.10461763037381  -0.1308029495539 0.282248961082737 0.132395153538396 0.964537796398842 -0.17437312621157 0.147419047252433
1461161231.95036 -1.15652895174886 -0.14070237314545 0.277510400598864 0.144803778559872 0.963421495487153 -0.190936985784672 0.119974810721027
1461161232.05002  -1.21263473642908 -0.155707964906133   0.27012975964556 0.138578243948619 0.962797649835428 -0.19784245080928 0.121140911476143
1461161232.12997  -1.25561071171835 -0.166747061875363  0.264292605322506 0.137050497090552 0.963585799742204 -0.198549069724944 0.115316237771478
1461161232.21004 -1.29787567565522 -0.17585079406463 0.260007557376327 0.135556940378858 0.963323661189257 -0.207541236870649 0.102754438863973
1461161232.28997  -1.33656639445089 -0.174797904787855  0.255431670657035 0.12971141214695 0.96405551534336 -0.21028617455413 0.0977324802012242
1461161232.36995 -1.37828691579338 -0.17429576813214 0.250887905842115 0.124621044041516 0.964465294775975 -0.215581479093334 0.0883227967549989
1461161232.43044  -1.40885272800195 -0.168464275198521  0.247706405553935 0.120734630981056 0.965295474407047 -0.218975374013429 0.075349728246495
1461161232.48983  -1.43924674342403 -0.160773055702204  0.245054934901309 0.11733365390577 0.966144551404487 -0.220928066288258 0.0631530599312048
1461161232.57013  -1.4799292208771 -0.14705212811872 0.239763999863654 0.131824689365624 0.967041821126677 -0.213045516181725 0.045430997133219
1461161232.64994  -1.51526323749219 -0.135368217215858  0.236439593187561 0.131593550944613 0.969222627381825 -0.205785327033004 0.0307088765469966
1461161232.73237  -1.54588725043375 -0.124365510004522  0.235430783553051 0.125925360926069 0.971130777206578 -0.201161839192157 0.0241191104856014
1461161232.81022 -1.57338919024087 -0.10920656431543 0.236241855986552 0.116210294609332 0.974210771003522 -0.193145060961494 0.0101747979693364
1461161232.90976   -1.60539544270579 -0.0885564357798744   0.239676358274887 0.114578829542346 0.977757770145373 -0.175625567500337 0.0041345835629029
1461161233.03182   -1.63455818167275 -0.0589571962652637   0.250862370064272 0.106206568238562 0.980975950562711 -0.162433937066178 0.00464385289972436
1461161233.14979  -1.65345153745572 -0.024608444505957  0.267249591034298 0.0817332871678324 0.986020679279835 -0.145009575199961 0.00742380640918538
1461161233.2498   -1.65894167968026 0.00706610855017242   0.283812541765776 0.0700186969363165 0.991097164298336 -0.108823554407455 0.0313245431772899
1461161233.34999  -1.65685823318271 0.0362056904819405  0.305658059360036 0.0559666380564024 0.99352822904339 -0.0822978785020565 0.0547398640172657
1461161233.44971  -1.65089705560762 0.0639351720880476  0.332374377794128 0.0396350437310134 0.994794930643879 -0.0566189027590187 0.0748759582512643
1461161233.56978  -1.63970288164623 0.0944119188168453   0.36862754169168 0.0277134292954006 0.994878310184449 -0.0356922020096553 0.0904167046342963
1461161233.68982 -1.62003350899546 0.119715316337405 0.411641428082717 0.0173132148857174 0.993614784674596 -0.0192753082746474 0.109810631349127
1461161233.76974  -1.5987826433611 0.132618388854971 0.445889405846592 -0.00938221347261097 0.990263991398089 -0.00768737449557001 0.138672656583928
1461161233.87003 -1.56750681855078 0.141726062119758  0.49166831851418 -0.0137155863716084 0.985756562200723 -0.00236743802359059 0.167601545356535
1461161233.94982 -1.53691566741877 0.143558120566675 0.530301183221048 -7.96007680800413e-05 0.97899751759695 0.000586962835357132 0.203871306655344
1461161234.03314 -1.50334545109945 0.142828064536828 0.568690278398874 0.010427767331422 0.969678065920782 -0.0027846998481364 0.244147405448775
1461161234.11074 -1.46641964454194 0.141608949183611 0.604953287780233 0.014219194966316 0.959528778539602 -0.00337205962342784 0.281231162680642
1461161234.18985  -1.4245847620167  0.14047274563441 0.639450011670778 0.0236272981553563 0.93853020435354 0.00255103841721242 0.344378133018015
1461161234.26968 -1.38470357649665 0.136676880935453 0.670373521142138 0.00952810784153224 0.923342467295252 -0.000205232022503902 0.383859168354612
1461161234.34978 -1.34257039537987 0.134663452503677   0.6977402275127 0.00504279695506867 0.905942898719263 -0.000525610884600412 0.423369529125806
1461161234.43166 -1.30092517438261 0.131753005464531 0.722440253391742 -0.000678547636191678 0.890108978975261 -0.00548940675386057 0.455714177455799
1461161234.53165 -1.25021018648949 0.123911032992955 0.748997723967413 0.0179543604667072 0.877086386351214 -0.00680220258890857 0.479948790869964
1461161234.63142 -1.20050852770116 0.113337237229256 0.770600430565244 0.0410666508626169 0.863435469629505 -0.00896635380034763 0.502705007407059
1461161234.75058  -1.14363764866089 0.0954558072401393   0.78993978170266 0.0655161884089049 0.847993263199404 -0.0300912562698513 0.525080537556761
1461161234.88982  -1.07400938750258 0.0912994568771949  0.800953649757254 0.0473154993690868 0.837196425833262 -0.0117072842635891 0.54472591969415
1461161235.04977 -0.992558012532432 0.0949264710867655  0.799142994797937 0.0425735009493857 0.839480186605504 0.00783579375141919 0.541663284384299
1461161235.18991 -0.926749201370469 0.0912787037444128  0.787175352514607 0.0475938276356232 0.852557323378832 -0.0111365734792665 0.520342977905202
1461161235.30965 -0.875595278939153  0.086420961391471  0.770668167758508 0.0426155778616262 0.872633507240283 -0.0182827006725059 0.486169124298493
1461161235.46976 -0.807960466692818 0.0826489523867989  0.747246091799003 0.0264953861095975 0.884393638252837 -0.0111288772801485 0.465856238794005
1461161235.6098  -0.74824012604635 0.0863482262959064  0.719038900072034 0.0172445069313391 0.895003086373019 -0.00446922969342198 0.445704081593845
1461161235.7317 -0.695266509369768 0.0889633381393487  0.690033779521072 0.0381893212609801 0.905923144150315 0.000920576641998252 0.421715526359985
1461161235.82959 -0.653031476044333 0.0861238280860668  0.664771636135486 0.045281737013932 0.919003229950228 -0.00669388621635011 0.391583732452426
1461161235.96988 -0.593825118953597 0.0793202241440513  0.635504764880683 0.0403037334810873 0.923198395757576 0.0033686847575307 0.382189721344162
1461161236.08958 -0.544979256175385 0.0697297960399009  0.609096887821144 0.0390950080423807 0.926232141716664 0.00073299264431231 0.374920075107897
1461161236.2096 -0.495547285097684 0.0664359243514922  0.576830877676326 0.0447113058411686 0.931340477913226 -0.00672030800316746 0.361331773845981
1461161236.30962 -0.453671165593052 0.0672041120676727  0.546394921871897 0.0410666214632446 0.937765432044411 -0.0142475272321413 0.344538147426267
1461161236.43186 -0.408853473230825 0.0646551539074388  0.508484638784967 0.017539343761126 0.947711649473534 -0.0348837825478576 0.316730362592122
1461161236.55 -0.369156865456341 0.0618714375931783  0.468665939026389 0.0162316019223276 0.958739634403263 -0.0206750132325128 0.283067822882023
1461161236.66961 -0.329569245819976 0.0576811164972011  0.432621490749692 0.0154318414135476 0.95983024731282 -0.00813184969520523 0.28003861811281
1461161236.78975 -0.293363125751339 0.0579048090744303   0.39351599782193 0.0101575173538673 0.961928914827813 -0.00362221629896396 0.273086922441327
1461161236.90968 -0.259957638260171 0.0609078761678765  0.350914392668843 0.018123025545689 0.968057117707413 -0.0033236274115661 0.250051847227562
1461161237.04975 -0.223738240534266 0.0610981184138912  0.308822898540977 0.0040148357817271 0.969826034469416 -0.00117963100982917 0.243762081607566
1461161237.16963 -0.194812859370975 0.0507226292632264  0.279789795332757 0.0169485453129967 0.968553638530241 -0.0138859041801456 0.247838208851468
1461161237.30968 -0.158056784232467 0.0464128620573885  0.248583410790906 0.0225984346160258 0.967473070356356 -0.00461799964355433 0.251920310748148
1461161237.40975 -0.134251076477278 0.0480975752766375  0.223340415358665 0.0233277998966931 0.972142401205032 -0.00732659208804974 0.233112175957565
1461161237.50993 -0.107138884612396 0.0516662416004893  0.200217841466413 0.00549933012262099 0.970760791794993 -0.021477031465094 0.239022968773312
1461161237.60974 -0.0813270323770894  0.0564327574478562    0.17822781448058 -0.00919956517874905 0.967877273928582 -0.0249740179464267 0.250010497861009
1461161237.68965 -0.0666452722089397  0.0621175528807866    0.16053935347812 -0.0184077083469056 0.972463612051022 0.00486945772325578 0.232275629138264
1461161237.80977 -0.0434669081092613  0.0628002875863763   0.138258837312415 -0.0185147109776204 0.969957762333264 0.0196916449356612 0.241767210114585
1461161237.93152 -0.0233640056018495  0.0598747994201078   0.117357386731075 -0.0264793569732081 0.966672465735448 0.00857126567642528 0.254498960799332
1461161238.14972 0.0142320673998036 0.0546283210868305 0.0880624203382242 -0.0308698457769334 0.951618245317737 -0.0150768728712479 0.305356276674516
1461161238.23154 0.0299287743059089 0.0502073506681393 0.0855139168992318 -0.0212421106345809 0.937922282551215 -0.0306344715979884 0.344836328973065
1461161238.34956 0.0545227425795873 0.0449766110966382  0.090531645731749 -0.0151204288213235 0.906556861293433 -0.0333905402757367 0.420489121968873
1461161238.54983 0.0878625714149929 0.0378807806260998  0.101935311956744 0.00315537122396989 0.840412775175096 -0.0269156376338042 0.541268842079144
1461161238.65001 0.0980284352216742 0.0396693189992787  0.100501479160593 -0.00444103564719966 0.813908788274165 -0.0280800508100883 0.580296710587751
1461161238.88961   0.11281053496375 0.0545590823278726 0.0904267346835293 -0.0315508320778076 0.753162318893884 -0.0481484221876692 0.655311220592493
1461161238.98955  0.116185724298193 0.0643617209461106 0.0887370286754399 -0.0411197690640295 0.712173214344069 -0.031161081290874 0.700105323773317
1461161239.0896  0.118544512525498  0.074061217798556 0.0849489708951024 -0.0442223394506684 0.678842729629652 -0.00885656757597507 0.732897328643818
1461161239.18957  0.120074512163125 0.0825146877555928  0.079685597495292 -0.0536689136690257 0.655818647948086 0.016998784110769 0.752816438481445
1461161239.30955  0.120947609483694 0.0889108935407571 0.0747610744962185 -0.0603628655336544 0.625170285763394 0.0190589635513472 0.777917215500101
1461161239.43152  0.120076574020679 0.0958146095103869 0.0710069443311559 -0.0665689719260775 0.588252221649854 0.0183154653857191 0.805724791370119
1461161239.53181  0.118678034532165  0.101187984025981 0.0682223039958466 -0.0602602276476286 0.55257973939259 0.013839308023416 0.831163527911389
1461161239.74971 0.116743827452226 0.119024259878866 0.060520922709724 -0.0615460964536041 0.494869093687546 0.00804455374497262 0.866747912186257
