1463224708.88848  7.80759736530526e-06 -1.25893304241444e-05 -2.39080702067672e-05 -7.7446955283446e-06 -9.99915739496815e-06 1.68380198529444e-07 0.999999999920004
1463224709.18838  -0.016544873290517 -0.0256663820672432  0.0362128129315549 -0.00720696319291905 -0.00163709830258009 -0.0215622496743834 0.999740190739406
1463224709.22164 -0.0207340511007285 -0.0289156841416789  0.0411629790336606 -0.0140346440151455 0.000686678420316729 -0.0208507864698567 0.999683850996756
1463224709.42836 -0.0530975439131067 -0.0483443015007934  0.0712555915359536 -0.0147387760538713 0.0220143898846618 -0.00539911348756934 0.999634425523645
1463224709.59094 -0.0855037797364616 -0.0679060505503152  0.0965436700163719 -0.0232768398680709 0.0506117059965458 0.0141186023729749 0.998347288777262
1463224709.72157  -0.110105359228636 -0.0827219528127326   0.113257439008145 -0.0276433961579018 0.0736694264803812 0.0319248642263073 0.996388208127254
1463224709.88823  -0.142305081145064 -0.0999827501328851   0.134734576766385 -0.0299862836985282 0.0874673164616897 0.0512255225922324 0.994397424160026
1463224710.09034  -0.17230523467418 -0.113797284790346  0.155408431927985 -0.0260398069232113 0.0919769073974127 0.0588768023155495 0.99367786485868
1463224710.28856 -0.204292153920882 -0.117249582728093   0.16975121657396 -0.03328055635735 0.0705476761714734 0.0443131743689048 0.995967756773632
1463224710.49056  -0.22552079168919 -0.110743127688596  0.172347190280118 -0.034190000855002 0.0369283185659996 0.0252537883670279 0.998413536217602
1463224710.72139 -0.242698975837494 -0.101744697280626  0.166173589481062 -0.0250610378355878 -0.00503300693775624 0.0141412584869999 0.999573227948894
1463224710.98803  -0.250649720314372 -0.0810027844881505   0.150194031864948 -0.0153945540126382 -0.0391795613223997 0.00717871094951394 0.999087801842481
1463224711.22399  -0.247810430421652 -0.0560505314100463   0.127924105716817 0.00405773834959064 -0.0681800896496046 -0.00156009594696379 0.99766355863863
1463224711.38796  -0.233374678393377 -0.0316317868991495   0.110050355577536 0.00547434390499062 -0.0790930650302606 0.00123527341869209 0.996851439645101
1463224711.55454   -0.213759598106586 -0.00598451539039201   0.0916114899510415 -0.00569350556820604 -0.0883978051114669 -0.00848051970284124 0.996032877384773
1463224711.72282 -0.182909178004183 0.0163000471862807 0.0716929959098318 -0.012441830910209 -0.107072817423015 -0.0127631099603654 0.994091402053573
1463224711.85447 -0.158238927601042 0.0345522442079831  0.051850582575836 -0.0188814824043284 -0.127656073143595 -0.0222692886916272 0.991388670195974
1463224712.02119 -0.125330629167885  0.049924156972093 0.0249422429447843 -0.0221905220003335 -0.137978043176221 -0.0178330938873808 0.990026070917841
1463224712.1878  -0.0957763730966717   0.0627397979445208 0.000830746011282209 -0.0193996377816918 -0.133937087295707 -0.0142719660603542 0.990697139233506
1463224712.38774 -0.0604696736889103  0.0767337500946604 -0.0239403748991796 -0.0116337349614948 -0.119918406130512 -0.011940700328463 0.992643768810155
1463224712.55439 -0.0236682527134133  0.0917281266652502 -0.0454580145993141 -0.00466922603177837 -0.0990784009489751 -0.00491204896020232 0.995056551442515
1463224712.72103  0.0152062392894766   0.110839144663868 -0.0689003195048265 -0.00180951359919523 -0.076460083257706 0.00361612778520083 0.99706444372899
1463224712.88768  0.0543430768898936   0.124199484214909 -0.0981776865673721 -0.00970031864967174 -0.0602248391216736 0.0114189569321243 0.998072382141419
1463224713.09017 0.0931874425095834  0.126072938143818 -0.117278284791194 -0.00377529115808713 -0.0398318614253467 0.0237076991248824 0.998917972104951
1463224713.38749  0.119200951005449 0.0999165244151213  -0.11335567320819 0.0271148304085482 -0.0634396746395569 0.0157784741484886 0.997492472857359
1463224713.6542   0.130382436112112  0.0699519752328227 -0.0885952391444593 0.0503787492754641 -0.0955212980713645 -0.00713631741934984 0.994126116853336
1463224713.92376   0.123192414567738  0.0385491118666686 -0.0653962175081025 0.0534265132767403 -0.130004025635906 -0.0283542962418439 0.989666911077752
1463224714.18744    0.0940178809915659 -0.000506919166182857   -0.0317070264185786 0.0587255670222392 -0.116049804086261 -0.0327714571539708 0.990964067131328
1463224714.35424  0.0601234877500991  -0.035354783528765 -0.0102442232196014 0.0659628867239845 -0.0966852319307272 -0.0218985382598202 0.992885349636917
1463224714.48732  0.0279947955758926 -0.0658832650443467 0.00313652257503523 0.067121313939233 -0.0833626077763193 -0.00598997051234848 0.994238163164674
1463224714.62071 -0.00357062146410979  -0.0960388037674404   0.0132860660855334 0.0695373943185646 -0.0719092110655829 0.0233111223549001 0.994711117727084
1463224714.75655 -0.0306811418577611  -0.122108632809011  0.0246055581051389 0.0663713540479198 -0.062921886183331 0.0454485018905248 0.994771387443811
1463224714.92439 -0.0610891089549764  -0.149203383681838  0.0420175289432609 0.06057376947678 -0.0524118355999032 0.0619310903605394 0.994860974200505
1463224715.09002 -0.0910085510188151  -0.175334388730049  0.0613188437044991 0.0684256472712504 -0.0468983830526312 0.0704034058012236 0.994063294219311
1463224715.22055 -0.116338958702551 -0.196672643959767 0.0768438037213653 0.068751465451298 -0.044888356626844 0.0889407135747648 0.992646876238702
1463224715.38722  -0.14809625809711 -0.217288080545925 0.0974417969238632 0.0626660387553602 -0.0406913249130538 0.105322033216251 0.991627174386991
1463224715.55372 -0.181780744487264 -0.225378456143553  0.117018163667229 0.0586133075250972 -0.030126693733411 0.0989547954986711 0.992907251939212
1463224715.68704 -0.210482141765254 -0.224462912231684   0.12993290497042 0.0533823802568178 -0.0189326378290952 0.0928401940856961 0.994068697357018
1463224715.82057 -0.241792096524615 -0.218681772135312  0.141883537680685 0.0426621356632825 -0.000101337618067398 0.0924382173299474 0.994804055021991
1463224715.95376 -0.274383088339671 -0.206853748381408  0.151920401555594 0.024907353752615 0.0195199129230934 0.0971844986515015 0.994763172795602
1463224716.08956 -0.304764361843738 -0.191479061724849  0.159073765246239 0.00164850327387646 0.0387648356863404 0.0954011871007393 0.99468245357548
1463224716.2205 -0.326940245738773 -0.174170956412939  0.162582725241294 -0.00750908530595323 0.0616691709602094 0.0863602062907902 0.994325118741532
1463224716.35355 -0.343892296823961 -0.150781785031284  0.163127672626712 -0.0345544664905127 0.0740648405912193 0.0874750329398222 0.992808393823265
1463224716.55367 -0.357702294493068 -0.115759134888712  0.158768699865522 -0.0576982377752417 0.0832428305479807 0.088253398427386 0.990935357218628
1463224716.75578  -0.363376145236805 -0.0867281988095987   0.147107931755022 -0.0834342650163602 0.0782324059735848 0.0747262062434415 0.990623242296094
1463224717.05352   -0.35745104255452 -0.0580454306787963   0.115405242132093 -0.081595641532381 0.0771394035886449 0.0727993168770818 0.991005511164866
1463224717.28933  -0.341380038443758 -0.0390132592866558  0.0781814118840417 -0.0770784607414344 0.0834856330803403 0.0762273674123685 0.990594997169017
1463224717.48676  -0.319160716204252 -0.0213180090562929  0.0388065076363454 -0.0612311102027271 0.086571300626033 0.0723706047320175 0.99172509125361
1463224717.68676   -0.292994284736117  0.00113006363818097 -0.00929455593951374 -0.0526187824054055 0.0896504551886122 0.0697565521522927 0.992133097449365
1463224717.92297   -0.26877602228663  0.0251834211187728 -0.0649862449519632 -0.0475148637289232 0.0866745298442956 0.0678060074511375 0.992790113243796
1463224718.25584 -0.249803134614466 0.0468831763380843 -0.122488420554666 -0.0251295248447644 0.0742179128370887 0.0648357340333488 0.994814824973743
1463224718.55578 -0.232033034732472 0.0694504121189877 -0.171763183844317 0.00226939563208741 0.071933792829516 0.0488684218140122 0.996208942261629
1463224718.92229 -0.218771735684923 0.0855453071582489 -0.227201926185117 0.0168284435754052 0.0513871496772674 0.0355832238081752 0.997902800135511
1463224719.1198 -0.222570930448587 0.0759698578217363 -0.238080027647414 0.0458722456023686 0.0131195599024504 0.0153968519649363 0.998742484918376
1463224719.51976 -0.232667402008303 0.0567646406300467 -0.220881791719763 0.0695810412001427 -0.0278544871051751 -0.00131938352247545 0.99718647477828
1463224719.82054 -0.270999957055042 0.0368326073770565 -0.191113881294183 0.0725969130306665 -0.0469904478623697 -0.015416009112402 0.996134495282218
1463224720.01964 -0.322259822357247 0.0164759088105582 -0.170269179487704 0.0750972530391219 -0.045866763559449 -0.00865308119514504 0.996083212775112
1463224720.18633   -0.373412497934909 -0.00521978697565169   -0.156502886265261 0.0762628087159236 -0.0457383146848145 -0.00119683861036765 0.996037428088871
1463224720.3199  -0.416814160173342 -0.0255512557625232  -0.148205866569199 0.0802094346216204 -0.0541119211077561 0.0121459780347806 0.995234053782971
1463224720.45293 -0.458508785402087 -0.045176285346354 -0.136503170062158 0.0876517520004911 -0.067558859414192 0.0208479189802353 0.993638936012519
1463224720.58911  -0.499798451554097 -0.0621386453581008  -0.120657652871012 0.0968601354530461 -0.0793560449677274 0.0145711720632461 0.992022385448938
1463224720.7195 -0.539725092921542 -0.077711561240256 -0.101176098946529 0.099215764027973 -0.0943806528888095 0.00357887918787758 0.990573427945847
1463224720.85283  -0.583388824685502 -0.0952004719000843 -0.0783366401581748 0.101618063257932 -0.107574409451338 0.0091552960296713 0.988947772233454
1463224720.95277  -0.619598722345592  -0.113783076161031 -0.0623550445236668 0.1099366322772 -0.117303350577952 0.00843133892493183 0.986956317853362
1463224721.05281   -0.64739233955495  -0.132155461805498 -0.0456498638022514 0.116491052401587 -0.130114667176367 0.00527495938139027 0.984617785183407
1463224721.18603  -0.683059794837491  -0.150989998778851 -0.0290534696938522 0.112268688721966 -0.144281796182709 -0.0013957666955104 0.983146253951198
1463224721.28603  -0.708823596951036  -0.165972202553971 -0.0129841102668447 0.118158967495116 -0.15210174203578 -0.00396033391078517 0.98126848223383
1463224721.42255 -0.740963242310123 -0.183435698657077 0.0135114016271456 0.120618942470069 -0.155793706044906 -0.0108349034823362 0.980337695256448
1463224721.51937  -0.76351534578167 -0.197450670848246 0.0386851545621612 0.133331096663787 -0.155721555048953 -0.0210383909475255 0.978535130724445
1463224721.61935 -0.786369920432384 -0.216133686399164 0.0659516169245137 0.145188440325796 -0.142271537505508 -0.0104642256012858 0.979065690540807
1463224721.71932 -0.807513818955862 -0.238747512792377 0.0947341041187423 0.15027675138869 -0.125383864815043 -0.00431528338395943 0.980651397166914
1463224721.82064 -0.828867613058541 -0.259258741733755   0.12365198970107 0.146514642928661 -0.117366639349384 0.00622943209992377 0.982201468921235
1463224721.92194 -0.848164367118379 -0.277660575272007  0.153066732315832 0.14428513378085 -0.113870589573816 0.00940865454206915 0.982917476810572
1463224722.01927 -0.867618016509689  -0.29078249250517  0.184882929047105 0.143829541118635 -0.108569847020017 0.0164427589582874 0.983491376219178
1463224722.11926 -0.880728875813587 -0.300008600141263  0.226430167556502 0.141711759884539 -0.103244725376868 0.0127477271177872 0.984426634770521
1463224722.21925 -0.895744595638659 -0.312705568628685  0.273971932662816 0.133128417150089 -0.0949045044509053 0.0142697428139569 0.986441247121218
1463224722.28589 -0.905618297835334 -0.324557293773638  0.306890238070594 0.127364044740969 -0.0865179563303858 0.0216079374472297 0.987839126770605
1463224722.35262 -0.915971501432068 -0.339509258639223  0.338729483603704 0.128836187310004 -0.0842336471541743 0.0299238312646746 0.987628722673136
1463224722.45246 -0.932735979998488 -0.364754990625475  0.378786869655717 0.132439662197954 -0.0949116427623744 0.0309639644137219 0.98615046968139
1463224722.58687 -0.953071246105546 -0.394263823473529  0.426371125642605 0.12767500126824 -0.105115901038184 0.0328344819960623 0.985683335657115
1463224722.71956 -0.976368328864518 -0.412727715797446  0.474320313417401 0.111218340528754 -0.122849773232279 0.0191809201668679 0.985987072049304
1463224722.85284  -0.99689900833818 -0.425025473557403  0.526004265600208 0.0947368539517675 -0.130480430611368 0.00378986273269102 0.986906997984745
1463224723.02105  -1.03269752622627 -0.450052786020425  0.602014854079265 0.0921474496991611 -0.14029129465416 -0.00504875558666786 0.985800035618394
1463224723.11905  -1.05082563308852 -0.472330409509033  0.637818062005138 0.0813235438800436 -0.150977553741137 -0.0111747856743763 0.985123029698456
1463224723.21898  -1.06631630154603 -0.498981838215643  0.671405247455132 0.0883160952951068 -0.15156806830522 -0.00520210503659222 0.98447972355211
1463224723.38563  -1.08244064373882 -0.530128433261439  0.724225380309706 0.0786176650134734 -0.145948227145492 0.00127458160281902 0.986162640330009
1463224723.58816  -1.10231022012042 -0.539708356760625  0.794006539548913 0.0872590258980586 -0.16131576126297 -0.00833972836336449 0.983002307473536
1463224723.75441  -1.12634342631748 -0.537382717299736  0.860095245708734 0.0974527703014941 -0.195619230339804 -0.0220829858326466 0.975575940672248
1463224723.88556  -1.13767156820158 -0.547120505643595  0.907892489146133 0.0991799359687214 -0.220023584567038 -0.0286906588613973 0.9700153651513
1463224723.98553  -1.14433804696729 -0.555424316812734  0.935016084600874 0.0830220767633734 -0.231194692503579 -0.0312559463440037 0.968854692276511
1463224724.11876  -1.15838649895231 -0.565214883950852  0.973445653171418 0.072057403739833 -0.237874288824708 -0.0436504411158447 0.967635361214547
1463224724.25456  -1.17845659337693 -0.563668462712401   1.02397359016727 0.0777940480578943 -0.244233343985216 -0.0545818846477553 0.965048691849724
1463224724.38541   -1.2035891726979 -0.560044648701557    1.0767465935489 0.0911432774741573 -0.255047234923387 -0.0539490594604455 0.961110456665901
1463224724.55208  -1.22660325279941 -0.567715422301578   1.12151861692126 0.0900122538567975 -0.2715019239339 -0.0595131481052749 0.956369533526874
1463224724.71874  -1.23544192567327 -0.576785702793795   1.16452403610728 0.0785625577783166 -0.291967865764506 -0.0640802689243753 0.95103964639274
1463224724.88532  -1.23746179536387 -0.574780673410805   1.22454018400363 0.0885656035922024 -0.298809811768908 -0.0747874707885112 0.947246358907775
1463224725.01862  -1.23514909305286 -0.579396799764517   1.27673096896771 0.0992860825171108 -0.301555294740357 -0.0837359204493495 0.944560730529786
1463224725.2186  -1.24474791145733 -0.598378209745079    1.3292149807328 0.090565798164126 -0.320239083387895 -0.0994179664629238 0.937742413255449
1463224725.38528  -1.26137639235559 -0.604495621364962   1.37702485143014 0.090586248538402 -0.326006143135525 -0.122012181205971 0.933074034496192
1463224725.5186  -1.27841960582683 -0.610385934718435   1.41876847645876 0.112844120047654 -0.337290878660128 -0.139382673113578 0.92416099148312
1463224725.68522 -1.30706945479199 -0.61317384700319  1.46648218327158 0.109863935304513 -0.359487077304622 -0.146910636583551 0.91494055644561
1463224725.85184  -1.33183344734092 -0.624826336019655   1.49979536527943 0.107165803038382 -0.38104907080416 -0.144386456182825 0.906901123369792
1463224726.01849  -1.35378158273948 -0.623162107183387   1.54573543964763 0.108162348608951 -0.412860659829278 -0.154759193228929 0.891008739586689
1463224726.18517  -1.37543512301553 -0.616426658753404   1.59833133650044 0.10829580186767 -0.434210777671325 -0.162521078145164 0.879386103489494
1463224726.31844  -1.38933728618257 -0.614727336776482   1.62685016479405 0.080750230688415 -0.453081240609111 -0.170179097703778 0.871341416642526
1463224726.48506  -1.41226573937805 -0.616180315756858   1.66576117466969 0.0539779678877404 -0.45606162004811 -0.193336741021517 0.867015041549443
1463224726.68614 -1.45344437240294  -0.6087098489169  1.72992923739714 0.0658908112709202 -0.45667997808145 -0.222431444594162 0.858851588497885
1463224726.85169  -1.47980019599775 -0.608179729406305   1.77278897186754 0.0389854840057296 -0.477306521099688 -0.245571755542196 0.842824495273171
1463224727.05169  -1.51488174067832 -0.611371920103302   1.81797999877971 0.0293360801224417 -0.505101875274271 -0.252105090111633 0.824896668399909
1463224727.21941  -1.54660603280738 -0.609719143029217   1.87090782367702 0.0489878158113304 -0.508416305842312 -0.25549110696783 0.82087596390444
1463224727.42122  -1.58070357896359 -0.622303186178653   1.93158240027881 0.0704033756057211 -0.509827956014086 -0.261404735142034 0.816569889485978
1463224727.61827  -1.61630333699873 -0.629829733995894     1.973526697875 0.0600967622786049 -0.515476787710856 -0.278827575204381 0.808039135067462
1463224727.78905  -1.65759922976109 -0.631587417695748   2.01587362485986 0.0681592849085524 -0.524564386235578 -0.271330655053248 0.804093397686128
1463224727.98544 -1.71206092746388 -0.63780087496294  2.06304897393587 0.0717097946913418 -0.531525992050478 -0.26974844783161 0.799733455604127
1463224728.18478  -1.76364577212369 -0.643790490272489   2.11004147899353 0.0705926561920994 -0.542561548250983 -0.270789486496554 0.792033267769841
1463224728.38475  -1.8165378315601 -0.64485252119222  2.16621884613589 0.0769792615350186 -0.550544411787554 -0.284621877555296 0.781002836588906
1463224728.61792 -1.87417899121236 -0.63991898671858  2.22822348850333 0.0773909525902247 -0.555107139829935 -0.312834771056802 0.766812304142836
1463224728.81795  -1.93621137026498 -0.634690438429545    2.2765432514087 0.0765459349307911 -0.563073059380413 -0.316234757595124 0.759661126907456
1463224728.9846 -1.99234912946883 -0.63454168296211  2.31085015792413 0.0763827171937564 -0.567171365787994 -0.31944820991483 0.75527158262872
1463224729.15118  -2.04923096375099 -0.635513068120023   2.34504895675531 0.0800893874044388 -0.579813353290284 -0.32004651579924 0.744964692516515
1463224729.31779  -2.10686915310334 -0.636244822476205   2.38305285764327 0.0821165097739638 -0.593838049492008 -0.3229257432426 0.732347058538016
1463224729.4512  -2.15216139610012 -0.635263302558277   2.41288542186925 0.0878868794834549 -0.598101481237274 -0.329878573573303 0.725072852376699
1463224729.61785  -2.20999817491815 -0.632336516968007   2.44625902451706 0.0890703182016978 -0.609768630044499 -0.332989622394064 0.713699241702667
1463224729.78446  -2.27312685503557 -0.630252321828658   2.47515063778316 0.0936650846679616 -0.61652151729469 -0.336152993792878 0.705782711173122
1463224729.98442  -2.34596619296838 -0.626138938881017   2.50689126673887 0.0948858465102357 -0.624965923223837 -0.336414319825413 0.698025555662125
1463224730.15105  -2.40757630485716 -0.618059513163549    2.5349515284819 0.0991219832682621 -0.651276687050386 -0.33403755345841 0.674116030233045
1463224730.31757   -2.4646382375186 -0.611167282977882   2.56525604957445 0.101296680097184 -0.663785195215614 -0.33916440632884 0.658859395238061
1463224730.52106  -2.53073640704619 -0.601302358361517    2.5929580752812 0.0922605070351486 -0.679340034592068 -0.3369508951758 0.645328761548943
1463224730.68465  -2.59056767696188 -0.596203630156018   2.61306300628699 0.0980843355834883 -0.681073009862911 -0.324674297806939 0.64892651255207
1463224730.85092  -2.64892245370848 -0.587038539171982   2.63009556412128 0.0962602598175395 -0.676598452981601 -0.300163864595112 0.66546987174033
1463224731.05087  -2.71625507149489 -0.576298810974253   2.65733584765806 0.0717917676712685 -0.675523989199813 -0.29090587797344 0.673711401321595
1463224731.31747  -2.80069784491786 -0.557539758060064    2.6928801751366 0.0517067150503732 -0.68417583520295 -0.302353101233259 0.661673971316445
1463224731.55089   -2.8856186972367 -0.536937553322318   2.71931941003851 0.032875720630777 -0.68600796199939 -0.300101034241225 0.662005764562362
1463224731.71818  -2.94416349029258 -0.519455311023481   2.72594350844159 0.0313808471972811 -0.689155734715497 -0.306342248615847 0.655922283849932
1463224731.88702  -2.99758162869105 -0.500278595075319   2.73616323700696 -0.000175820083496786 -0.689875003262155 -0.321792584338214 0.648476662360546
1463224732.01738   -3.0409831686605 -0.483827922937762   2.74831417718205 -0.0172122623372538 -0.691549559980659 -0.34503744665643 0.634359601898326
1463224732.15143  -3.08542523109382 -0.471747281546156   2.76152726969132 -0.00761035767303905 -0.704858586549494 -0.366599244040062 0.607224381668583
1463224732.28397 -3.12995528524278 -0.46472218507061  2.77015306006504 0.0101928050637048 -0.715879968798174 -0.383633897811507 0.583298388004295
1463224732.45108  -3.19022463936654 -0.449345091260555   2.77820688350896 0.0165442573226761 -0.730292282719457 -0.392288983673984 0.559024885526645
1463224732.5839  -3.24212726881117 -0.439566647803167   2.78057753371383 0.0317664742197262 -0.74597183984329 -0.391018533219621 0.538164855741473
1463224732.71721   -3.2892430637028 -0.430049377093911   2.78379171632877 0.0476821669293779 -0.751667421368546 -0.409553557187448 0.514770222920079
1463224732.85055  -3.33626566914466 -0.419236523301348   2.78814075245254 0.0384962953151967 -0.766446655827058 -0.39807323812074 0.502608452088296
1463224732.98688  -3.38343584868981 -0.409965809536619    2.7957558703308 0.0464664484228237 -0.779381703730915 -0.4058547270745 0.475065226649719
1463224733.11741  -3.43073331684055 -0.401784986877885   2.80568096877371 0.0605921769097488 -0.790247798823113 -0.408600745014329 0.452639410266382
1463224733.28373  -3.48977795326326 -0.387747149620433   2.81297556359751 0.0571192848219282 -0.795828286822789 -0.41415405145112 0.43803098847086
1463224733.41981  -3.54326549705572 -0.378269561970269   2.81545369052656 0.0610500966479707 -0.796733653647833 -0.413002105883948 0.436941221881929
1463224733.58593  -3.60840299328997 -0.370237920451464   2.81200616798705 0.0905989629786973 -0.810390112609644 -0.399945206186191 0.418453731421286
1463224733.75288  -3.66860793061364 -0.356337014846372   2.80888117216898 0.0859033134516406 -0.817478293738258 -0.402590915969319 0.402828020852323
1463224733.91974  -3.73169000136578 -0.340730668407722   2.80609917669946 0.0945405238438765 -0.828483064299594 -0.407907773492724 0.371872491378817
1463224734.05028  -3.78106566123372 -0.326583716340561   2.80435166197483 0.108526963047045 -0.835780882228381 -0.406320235820311 0.352981700880176
1463224734.22047  -3.84074953637575 -0.302096870892565   2.79723507648892 0.103126104596591 -0.837451229428802 -0.4204278831353 0.333587829456188
1463224734.38365  -3.90808068976792 -0.272266715334174   2.78341947781659 0.102911912001952 -0.842529583863267 -0.418168451556209 0.323555535892025
1463224734.51691  -3.95690520299366 -0.250872449588982   2.76672335967253 0.113376765361896 -0.85021966297318 -0.412972096497909 0.30614748289667
1463224734.65017  -4.00094573854203 -0.229315579408354   2.74987097449109 0.106939503957384 -0.85811136660228 -0.412342947266522 0.286674238188356
1463224734.78357  -4.04563553355092 -0.212001171327548   2.73506422280979 0.11479015529243 -0.868822876509215 -0.40935031821469 0.253776173979603
1463224734.91991  -4.09191984845177 -0.195314758332706   2.72286043666266 0.125122717340567 -0.876307106095704 -0.40152831225773 0.234957817207568
1463224735.05016  -4.13592662742223 -0.173471455029226   2.70702418038572 0.123691074460198 -0.880500804640059 -0.402548705919861 0.217654291226562
1463224735.18351   -4.1842359778759 -0.148007984630062   2.68650269912955 0.119875750680752 -0.881870995773654 -0.404381777152631 0.210733788270391
1463224735.35007  -4.24180214215766 -0.115931071366088   2.65705238221634 0.11743347491878 -0.889617080374759 -0.389278994864314 0.207972818972625
1463224735.48341    -4.2811354957179 -0.0896900500265152    2.63476325296611 0.108401315228689 -0.894443594702346 -0.393148973355117 0.183449435819392
1463224735.61676   -4.32033453422466 -0.0683570428641835    2.61410389785364 0.102768558769453 -0.901055306451817 -0.38720454664101 0.16616436773268
1463224735.7529   -4.36174199472942 -0.0460938080858493    2.59777353216851 0.112582884254723 -0.905448273306253 -0.383567176737201 0.142705078639356
1463224735.91898   -4.40938209068096 -0.0165110744645545     2.5752062011551 0.119468516983155 -0.90558321057246 -0.389044216241158 0.119544635966759
1463224736.04999  -4.44722846402993 0.0104036800794214   2.55104812719309 0.110275348090505 -0.908608283182023 -0.389691420470004 0.102033975462119
1463224736.18324  -4.4897523161843 0.034998642408226  2.52567831522547 0.117409240693927 -0.911399545703531 -0.381423446423567 0.100409625083658
1463224736.35076   -4.5338760498206 0.0678134136346911   2.49607269880401 0.121247432761341 -0.91774665264515 -0.36998955006363 0.0784083825309452
1463224736.54986 -4.59549371037736 0.110192044362055  2.46635083945781 0.122256377471708 -0.915715148568139 -0.379334146369247 0.0512323164481295
1463224736.64998  -4.6284488344594 0.129377511313646  2.45107755192317 0.134883324728849 -0.91535622957286 -0.378099577535306 0.0311475706897521
1463224736.81725 -4.67752776573955 0.165425115069051  2.42150669957037 0.136214721524761 -0.913839428978116 -0.382486339490174 0.00687370266238146
1463224736.98316 -4.72468031459445  0.20907062363731  2.38097201704923 0.120068303504877 -0.915921454418311 -0.382969397711779 -0.00243562024612861
1463224737.14964 -4.77116043239473 0.255792966676185  2.33760691457194 0.123818542482688 -0.922435036799035 -0.365758970923107 -0.00171656992150096
1463224737.31629 -4.80545607946082 0.297408134371621  2.29773354102999 0.105225053703741 -0.923398111833974 -0.368585043612678 -0.0202158541629237
1463224737.44963 -4.83372053863464 0.327103561054295  2.26396436752065 0.0966058150277014 -0.928842953556227 -0.355134102709211 -0.0424010993336344
1463224737.58587 -4.86339535964991 0.355433532930955  2.22965725260123 0.0971660365721082 -0.933276781465777 -0.341013541441424 -0.0571224567689989
1463224737.75172 -4.89497329122955 0.392686875833328  2.18304819469272 0.0841672066122172 -0.938343532738537 -0.328149678697714 -0.0688845720712982
1463224737.91885 -4.93140859450472 0.437434896985891  2.13703300981861 0.0788861204454037 -0.944396325938305 -0.3129783777033 -0.0627462719650732
1463224738.11619 -4.96235813561295 0.487436375496423  2.08838383561258 0.0714435371434375 -0.945436628292638 -0.307399951531396 -0.0809362260151697
1463224738.28486 -4.98834465111767 0.524590678209283  2.04822300910669 0.0670578034464317 -0.945591076272481 -0.303030132414521 -0.097639675950036
1463224738.44944 -5.01728570040557 0.563431753754821  2.01073712212896 0.0757498361327321 -0.946085241016966 -0.293603756124872 -0.113936444762423
1463224738.61614 -5.04182763371129 0.606049706108429  1.96810848810099 0.0651588725953228 -0.943130502223836 -0.300013226841875 -0.12748035463179
1463224738.78272 -5.0670144241872 0.64793252908617 1.92355537230803 0.0666900746229059 -0.946197693453464 -0.289386498058247 -0.12852164639359
1463224738.94933 -5.08304999397434 0.694628127747988  1.88131129742618 0.0644578607708582 -0.942045981284827 -0.284052600519932 -0.166459224640201
1463224739.11621 -5.10146946549171 0.739250399075125  1.84166889497682 0.0582029885235118 -0.939381209350361 -0.278696975376582 -0.191058502983589
1463224739.28264 -5.12133004793894 0.787330821293287  1.80785951088724 0.057437356954953 -0.930635290516527 -0.279842054016128 -0.228707959798697
1463224739.44929 -5.13577843599438 0.835740493349459  1.77195700231028 0.0421883926545178 -0.921198836321705 -0.296271314388012 -0.248668759106498
1463224739.61592 -5.14609652874177 0.883684049408596  1.72945100724285 0.0332068771368986 -0.915255769289275 -0.30595484659124 -0.259991945915336
1463224739.78288 -5.15509896320921 0.933863202130779   1.6879010361862 0.0393298611429655 -0.912815545802356 -0.301779914779498 -0.272304653650467
1463224739.91918 -5.15786593553792  0.97153935919822  1.65753003766488 0.0251061363220923 -0.906667204979997 -0.305597144098794 -0.289714768093374
1463224740.04921 -5.15899265100583  1.00903326573332   1.6267749122286 0.0188408596497144 -0.900476905830559 -0.297100258560057 -0.317045423302449
1463224740.18248 -5.15897090083291  1.04638525057976  1.59534992836821 0.0171370824238798 -0.895488611284027 -0.276721083519982 -0.348183729375927
1463224740.31581 -5.15155610541794  1.08373871803292  1.56577576662339 0.0149237294897148 -0.883264548342979 -0.278947307224712 -0.376575914963601
1463224740.45011 -5.14246719442799  1.12407792391588  1.53385620286883 0.00479061910045569 -0.87259656288849 -0.284261515412677 -0.397174620613046
1463224740.61575 -5.13000753471808  1.18287350451362  1.49340053322947 0.00456944578202013 -0.863535824831036 -0.286458511715209 -0.415001831880939
1463224740.74899 -5.11496994466696   1.2267934039786   1.4644866636693 -0.00126785926380183 -0.845785156459687 -0.287185235624365 -0.449633742155467
1463224740.91567 -5.09509428375148  1.28039910170543  1.42472310668506 -0.00153782021507191 -0.830955183046317 -0.28443225378519 -0.478131165982856
1463224741.08527 -5.07312737441405  1.33392934866206  1.38382006352944 -0.00432078021590629 -0.822953371794793 -0.267773364811774 -0.501025452254961
1463224741.38293 -5.0127439618108 1.43219179514823 1.29070132024843 -0.030507551468301 -0.802889943115916 -0.256325751444166 -0.537339871676497
1463224741.71555 -4.93533288840679  1.53611401730077   1.1462474645776 -0.0401351012793495 -0.785188571083154 -0.246413462333325 -0.566699644491325
1463224742.11542 -4.85745405646456   1.6643693478353 0.922869942326976 -0.0607920982448971 -0.773639875189883 -0.244101734089046 -0.581549660581008
1463224742.44893 -4.78783471552612  1.77207437495909  0.72337390678952 -0.05603741831551 -0.785795984782868 -0.215609335506678 -0.576972349848781
1463224742.75098 -4.72309509924371  1.87049756383773 0.512208546957763 -0.0497691165346086 -0.802078138966604 -0.217692495835853 -0.55389861101829
1463224743.08432 -4.68917091008591  2.00175367758289 0.285344201514276 -0.0620699838082477 -0.807196320888135 -0.208305645125581 -0.548807958090551
1463224743.38184  -4.67081293497305   2.08946486204594 0.0675986055648865 -0.0549421692100873 -0.819188354658427 -0.208926663686548 -0.531282831301104
1463224743.61511  -4.65684456097775   2.19600996541268 -0.102060413184413 -0.0383231935665495 -0.840003740686067 -0.186551475229344 -0.508058653659232
1463224743.81657  -4.64722545516185   2.25754930814295 -0.259831033128157 -0.0241211787204474 -0.85670986969321 -0.208497767326768 -0.471163505512824
1463224744.04837    -4.646486002139   2.35002059301475 -0.431017393926153 -0.0313061976216953 -0.872346431368292 -0.20140201583716 -0.444374677143292
1463224744.415  -4.65640205453689     2.459445853941 -0.700566306365172 -0.0180486144905045 -0.872251381447062 -0.192741763628953 -0.449112889630063
1463224744.78186  -4.65511909326286   2.59586260523412 -0.947614633438667 0.00422572391778611 -0.872119872601153 -0.176299399543771 -0.456407266366374
1463224745.04816 -4.67024680550889  2.67168965583453  -1.1246540328493 -0.0150863915296101 -0.88162833495329 -0.196175317870216 -0.428974503271027
1463224745.34817 -4.70133585698922  2.76970240428932 -1.32924923423111 -0.0238519716487634 -0.888138375467284 -0.185555368619032 -0.419774361589003
1463224745.64821 -4.72447075991267  2.85080999820471 -1.52227909932589 -0.0101933475750205 -0.896907137004894 -0.184222140595963 -0.401890390739988
1463224745.91816 -4.74757946370905  2.94796893812332 -1.70542937970234 0.00393163945218397 -0.903281202323413 -0.188135587754075 -0.385580876549676
1463224746.14851  -4.7727687366202   3.0152035051284 -1.85848027010605 -0.00895413925131411 -0.908588811946337 -0.208050409665448 -0.362079026228048
1463224746.54794 -4.81860370003422  3.12794063803297 -2.11564050532678 -0.00806271259711115 -0.905449612431894 -0.205577137027721 -0.371260060798349
1463224746.88121 -4.84964037311634  3.23864378497421 -2.32476333417689 0.0163930957622522 -0.910261167566236 -0.188351166965258 -0.36834726975384
1463224747.18227 -4.87365311382463   3.3175311260334 -2.53007274988888 0.00166109408481874 -0.919356734647768 -0.198847799749044 -0.339470157391189
1463224747.54774 -4.91220226413633  3.44027791617615 -2.76751045726216 0.00216354791156008 -0.918751893228061 -0.212258295483324 -0.332921452821536
1463224747.94768 -4.91911473115953  3.56403520271262 -3.01580363857229 -0.006012149356433 -0.917867803745074 -0.198913244388633 -0.343389094345029
1463224748.28091  -4.9185616164974  3.66088651847136 -3.24694396711872 -0.00761799763035601 -0.922441470915956 -0.207783818078799 -0.325376065178598
1463224748.64755  -4.9403981960439  3.78736550514235 -3.49007257926387 0.000140500819691637 -0.925308525236098 -0.202553541088845 -0.320587236766043
1463224749.04771 -4.95311728154304  3.91113127271649 -3.74257074159121 0.0131375672094916 -0.927565490365263 -0.198457310206924 -0.316329514014576
1463224749.31407 -4.96083311201869  3.98435209731998 -3.93131724069773 0.0264138507043844 -0.936123396389842 -0.192949723140779 -0.292823666329089
1463224749.58334 -4.98647247560021  4.07065424763181 -4.09913966067893 0.0173125302440404 -0.947083254850283 -0.171717663693832 -0.27064114368343
1463224749.95037 -5.01805996847027  4.15804097784291  -4.3402627957525 0.0282949143365161 -0.94544451604131 -0.160404907444453 -0.282142394152029
1463224750.28057 -5.04661317167392  4.28023612421011 -4.55485329526677 0.0401761789925141 -0.94715107366937 -0.150388548504488 -0.280488863891661
1463224750.48048 -5.06799974306213  4.32384871405835 -4.69353517702396 0.0382401802419751 -0.953932328928542 -0.161140403364404 -0.250169084508031
1463224750.81393 -5.11092546001993  4.44112968645203 -4.89732473239444 0.0402199820546676 -0.948230264756022 -0.16686490361503 -0.267203708780012
1463224751.21445 -5.15025751044921  4.54690262999747 -5.14107920368552 0.0535630479928477 -0.947058382490985 -0.155057462844699 -0.27598659978238
1463224751.48021  -5.1693039811759   4.6272844201216 -5.31798637898106 0.0685694777690851 -0.95306603735267 -0.146797734136136 -0.255761178476819
1463224751.71356 -5.18962913722446  4.68607173514457 -5.46076114779304 0.0702478482750525 -0.958510896439397 -0.156210080354527 -0.227860729427651
1463224752.01351 -5.21921147266457  4.77997592287386  -5.6515684299592 0.0654344080462939 -0.958199352890769 -0.154822912873313 -0.23152149794947
1463224752.34682 -5.23448737275571   4.8687683267953 -5.84620007266487 0.0578372021733303 -0.962578580445761 -0.144958020154065 -0.221550235623431
1463224752.58276 -5.24028635409739  4.94579087068581 -5.99335812611629 0.0707889799204311 -0.967039496541992 -0.148191486902866 -0.194583698338666
1463224752.74919 -5.24480958985936  4.98540465981555 -6.09464140103135 0.0753539301919028 -0.96837227426684 -0.1705821628697 -0.16576685237585
1463224752.98007  -5.2545510273099  5.06773752858115 -6.22433777169684 0.0663019043332808 -0.972487488704087 -0.165676499154503 -0.149744580615484
1463224753.17994 -5.26149242118485  5.12138208312142 -6.35394246249168 0.0551811922933349 -0.971618927252516 -0.167151923225222 -0.158025095424319
1463224753.3466 -5.2571195299156  5.1512536713255 -6.4523852631982 0.0524351750920322 -0.973642840587684 -0.145610009998571 -0.167534761687327
1463224753.51363 -5.25385666240249  5.20222246018257  -6.5487315265591 0.0455756538568887 -0.97819699009407 -0.107637765840703 -0.171661351827486
1463224753.71322 -5.24456532708193  5.26073475388549 -6.66917186270211 0.0545948228188303 -0.980092701532871 -0.0787725236022334 -0.173875217465616
1463224753.91696 -5.23704339188914  5.30242448246316 -6.78254667867256 0.050081098697415 -0.977509770361239 -0.0933052533108971 -0.182375058892841
1463224754.08284  -5.2361392593611  5.35404906189861 -6.86284974099339 0.0323261757349383 -0.973204017789727 -0.0845840346936165 -0.2113634291812
1463224754.21313 -5.23721941283804  5.39996803788968 -6.92919808186724 0.0252402506418008 -0.965101880254332 -0.0908883000403631 -0.244296146905482
1463224754.3465  -5.2301508368222  5.42626880456868 -6.99300473966802 0.00602388505675369 -0.956086995371302 -0.089090305986803 -0.279149220793965
1463224754.48321 -5.22734406908949  5.44949352006092 -7.06253026945553 0.00622277919419258 -0.951379939665848 -0.100043589878528 -0.291253785459907
1463224754.58276  -5.2178417901918  5.46617331130427 -7.10797415853912 -0.00180044398708302 -0.945520185471898 -0.0978778914981341 -0.310496788425447
1463224754.6797 -5.20665211175994   5.4844131166184 -7.15373160392299 -0.0166977727706658 -0.94209095788217 -0.0872224336088334 -0.323385309710426
1463224754.77971 -5.19307588880953  5.50167291453935 -7.20170925035426 -0.0277432819355901 -0.939347544178516 -0.078792208187931 -0.332638376442199
1463224754.87965 -5.18115262534011  5.51367225951211 -7.25156732831822 -0.046028587974688 -0.939759226630736 -0.0735134994810757 -0.330650465666546
1463224755.01348 -5.16569642944865  5.52567227041038  -7.3128766162589 -0.0376894238959591 -0.936852331374727 -0.0805076006418599 -0.338239179816622
1463224755.1469 -5.14976450808154  5.53302253801681 -7.36642187132325 -0.0555504593610555 -0.931964628945512 -0.0739491677905728 -0.350553273329906
1463224755.27959 -5.13400436426274  5.54068362499265 -7.41640954076206 -0.066733388126119 -0.926634271084119 -0.0703412488642118 -0.363246047837873
1463224755.41292 -5.11330183999366  5.54522635930327 -7.46262030290277 -0.0747569845344012 -0.913387225515709 -0.0755146122458999 -0.392979277908377
1463224755.51291 -5.09671553898426  5.54604522826629 -7.49236515416875 -0.076419604413943 -0.902995448929031 -0.0841389188141227 -0.414342739305836
1463224755.61286 -5.07671044056672  5.54552722328906 -7.52292830294171 -0.0938209319933874 -0.893429553498279 -0.081166049441564 -0.431732947635234
1463224755.74687 -5.05148942797964  5.54367434502195 -7.56352416186938 -0.0989327342640727 -0.890071551511397 -0.0806861638877405 -0.437578210424388
1463224755.87942 -5.02824263969389  5.55291442274177   -7.620889473157 -0.0993606594364189 -0.896467730035102 -0.0710829512614529 -0.425934598737921
1463224756.01328 -5.00964160900916  5.55637322223347 -7.67109598415426 -0.102845106247041 -0.901166275246766 -0.0666214892608291 -0.415792984125002
1463224756.14627 -4.99264247993711  5.57135293246881 -7.71791268349733 -0.0981513021477197 -0.903143586718334 -0.0750294325584028 -0.411179483809948
1463224756.27943 -4.97319396858845  5.58526962934565 -7.76635640918498 -0.0980031985527228 -0.902500979802399 -0.0772067709993903 -0.412221383531948
1463224756.41741 -4.95344351382919  5.58920332304743 -7.81184378562503 -0.105430971534152 -0.895333746080106 -0.0829056424395489 -0.424721612145196
1463224756.51275 -4.93714833773745  5.58621173813209 -7.84510623412618 -0.11286469118905 -0.888666052005589 -0.0780730430090773 -0.437537209218716
1463224756.64604 -4.91074878055514  5.58884447535426 -7.89014783278621 -0.123389135459757 -0.882015816187901 -0.072069131980836 -0.449031470456596
1463224756.74607 -4.88941965762749  5.59668442469359 -7.92440470904073 -0.129162804411874 -0.876968966107023 -0.0692290894290275 -0.45765678801747
1463224756.84619 -4.86502283725406  5.60108914409422  -7.9610526452716 -0.142273515176588 -0.871381417566032 -0.0619175269923491 -0.465423346912317
1463224756.94589 -4.8364105462551 5.60819106388809 -7.9996680263618 -0.141305998516959 -0.865962877647722 -0.0606398477466781 -0.475882042300886
1463224757.01273 -4.81763982824595  5.61012573359655 -8.02455186042723 -0.135741536237613 -0.859433957490359 -0.0653150804770673 -0.488550353919212
1463224757.11265 -4.79064706116885  5.61547407071596 -8.06112511901472 -0.12204477533396 -0.85530077316615 -0.0809596527862142 -0.497002208099527
1463224757.21257 -4.76559813850191  5.61936262602434 -8.09688076338165 -0.123708164576252 -0.849325794729601 -0.0949435155440561 -0.50430914455346
1463224757.31259 -4.74001483524475  5.62265404514257 -8.13598950205514 -0.125274932297971 -0.8446999988561 -0.10227273433607 -0.510223863692858
1463224757.41463 -4.7118019420226 5.62131557616698 -8.1722062805054 -0.131807911653464 -0.8439765506149 -0.0895362484728416 -0.512165516846983
1463224757.51252 -4.68150327447325  5.62822313869763 -8.22362524769712 -0.14161970442105 -0.839147213320612 -0.0846129939758096 -0.518282215541296
1463224757.57919 -4.65963277301449  5.62786796737811 -8.25474340852456 -0.1508389910268 -0.834292461270913 -0.0728702365089241 -0.525255762922856
1463224757.6792 -4.62946325027316  5.62799472359831 -8.29431725964131 -0.145438975856458 -0.824065382136596 -0.0770417243958219 -0.542059335283518
1463224757.77914 -4.60263641213693  5.62459816169085 -8.32958010907912 -0.146567725904524 -0.812182898078187 -0.0770777756951024 -0.559406702039213
1463224757.87914 -4.57372687172073  5.62473954049658 -8.36388328296279 -0.148809648093888 -0.805915209729825 -0.0839504920787375 -0.566840963798528
1463224757.97903 -4.54178835013224   5.6250466321579 -8.39664340126593 -0.151344838824598 -0.796696370911128 -0.0909125500604533 -0.57801776839445
1463224758.08169 -4.50704369001387  5.62469458449619 -8.43020423849962 -0.155372643281022 -0.788140027449627 -0.0919764711396101 -0.588417341355839
1463224758.17906 -4.47188002619691  5.62325890547903  -8.4645035079732 -0.164312702477943 -0.782620772295509 -0.0828078468133246 -0.594683885002878
1463224758.27896 -4.43632459223372  5.62068965092222 -8.49856527379222 -0.166997236252681 -0.779425466337041 -0.0782960603352675 -0.598729982918201
1463224758.379 -4.40282840759659  5.61746197910477 -8.52837722342817 -0.163649996324267 -0.774661570936374 -0.0773998976006653 -0.605910377092903
1463224758.47898 -4.37083694887402   5.6129732638894 -8.55313892188805 -0.164833543479712 -0.764663639551188 -0.0852262748172785 -0.617135239127553
1463224758.64557 -4.31776101709348  5.61390324970267 -8.59761536449155 -0.16581636138521 -0.754755690137788 -0.0887204071722844 -0.62847233181166
1463224758.77883  -4.2734500081703  5.61760761071741 -8.63318171422896 -0.178420759069449 -0.750142973541731 -0.0839220942320718 -0.631196193016684
1463224758.87885 -4.23490762188678  5.61241496640478 -8.65916653577916 -0.20083222095467 -0.741003954101108 -0.0771743354746012 -0.636100370206614
1463224759.0122 -4.19110193746743  5.60693519259921 -8.69908554038883 -0.210155684963812 -0.728100360419568 -0.0802558808830654 -0.647505557364545
1463224759.14553 -4.15053520643541  5.59012299853604  -8.7341628099771 -0.214932334256807 -0.716553397330415 -0.074632217708751 -0.659382554019315
1463224759.31218 -4.10404098639128  5.57522797246523 -8.77219092290503 -0.222362248429647 -0.701888838118878 -0.084012109060829 -0.671452943197508
1463224759.47874 -4.05668702137169  5.58406358372156 -8.80118444202017 -0.230443156128781 -0.68944450716834 -0.0780013698415064 -0.682259488487818
1463224759.64537 -4.00080407900069   5.6096762861296 -8.82737508952946 -0.224201521438063 -0.676471484175954 -0.0851862892600345 -0.696321265655261
1463224759.77874 -3.94553186847395  5.61411100447626 -8.85521459682711 -0.226630713022688 -0.671854150618627 -0.101175471156497 -0.697863915278339
1463224759.91473 -3.89552674324969  5.60465326011713 -8.88299980330033 -0.22505908811156 -0.657744859140626 -0.11014296357985 -0.710344025600497
1463224760.04534 -3.84948427346686  5.58662040224659  -8.9105413603682 -0.225179651206683 -0.652525437796447 -0.102845344324745 -0.716189578855848
1463224760.24795 -3.78533077237241  5.57688479876323 -8.94249056894226 -0.231689891581188 -0.636553598211917 -0.110134284474296 -0.727316815511572
1463224760.41547 -3.72793916207567  5.58967266928698 -8.96248834143574 -0.228549492855497 -0.623245060911255 -0.0935318477638176 -0.742012477535996
1463224760.54526 -3.67332597198017   5.5928351660099 -8.98171868192338 -0.235189075834624 -0.608814621724739 -0.101773171126704 -0.750781643769367
1463224760.64581 -3.62742542100315  5.58324480227885 -8.99912920910164 -0.247766747528652 -0.594093381325123 -0.107948459562646 -0.757635679705495
1463224760.74521 -3.58811596789176  5.56694722573299 -9.00945647450243 -0.241357471037716 -0.5785020405355 -0.100146356539509 -0.772691832195994
1463224760.84522  -3.5513643114606  5.54697092035787 -9.02040670993067 -0.243257633285449 -0.563094512254873 -0.104762589948856 -0.782799523418363
1463224760.94528 -3.51371896637145  5.53125683956281  -9.0267706272921 -0.243018764020894 -0.544844131502838 -0.111656544391926 -0.79474497091528
1463224761.07849 -3.45934285084265  5.51876476517944 -9.02900100842886 -0.257337756275615 -0.530325989521072 -0.0962386049730497 -0.802040993307929
1463224761.21178 -3.40134334091007  5.51773028220647 -9.03046506813424 -0.268770846578298 -0.517303427666392 -0.0880059942297887 -0.807721697575232
1463224761.34517 -3.33637889228962  5.50164599683028 -9.03341559699358 -0.281415274336732 -0.504000362581705 -0.0903845328394017 -0.811553888605615
1463224761.47837 -3.27671461838634   5.4748225236858  -9.0344809187148 -0.27779110596479 -0.496075732010115 -0.0863839918009686 -0.818094600592143
1463224761.61171 -3.22497951954862  5.44501690155464 -9.04019240230206 -0.287659483937944 -0.482403904470866 -0.0897745996794609 -0.82248344390888
1463224761.74674  -3.1753901679295  5.43021070232729 -9.04083258987257 -0.284605059465634 -0.469810540857051 -0.0939894220686695 -0.830327648802186
1463224761.91164 -3.10981844757181  5.42836080308598 -9.03510347448213 -0.2906406813893 -0.455728712807178 -0.0861558815523635 -0.836908895112611
1463224762.08093 -3.03404334072125  5.41881758813529 -9.03898157042493 -0.296917682645009 -0.43796550834338 -0.103675887924033 -0.842186091963887
1463224762.21166 -2.97367355165329  5.38794791158076 -9.03732989323976 -0.293431134387346 -0.427518640501819 -0.11699470403063 -0.847017249307484
1463224762.31164 -2.93468955669765  5.36311389954604 -9.03785197411132 -0.293605414235073 -0.411658592420192 -0.118418234478387 -0.854581877739927
1463224762.41407 -2.89624828829075  5.34351416271563  -9.0325474273403 -0.295966220943775 -0.395431538754497 -0.123914375509574 -0.860629491570318
1463224762.54493 -2.84430619471102   5.3310108236132 -9.01942782125797 -0.307200732166791 -0.377921030587606 -0.117254936485213 -0.865479453635751
1463224762.67821  -2.7867487799611  5.32051306497021 -9.00240121903811 -0.304520288212571 -0.362562276764223 -0.103535560783483 -0.874697877662753
1463224762.77875 -2.73872842179445  5.30512472271896  -8.9909237948949 -0.304386884110022 -0.355037940668672 -0.102341521710818 -0.877965203411533
1463224762.87815 -2.69206068464801  5.28337851978028 -8.98312200006626 -0.289534606099113 -0.351820785390601 -0.101384585569042 -0.884371535412106
1463224762.97839 -2.65160505429804   5.2572432372999 -8.97845773601233 -0.292205672072955 -0.348545971082372 -0.0990859944374451 -0.885050008167325
1463224763.11192 -2.60149240965307  5.23163392371272 -8.97791093060459 -0.291799779535722 -0.338434620508817 -0.109200495870936 -0.887913367398813
1463224763.27812 -2.54023409149355  5.21531991646294  -8.9562782519681 -0.294563743507265 -0.33289838680041 -0.0983936761166168 -0.890353609290674
1463224763.41405 -2.48239190565896  5.20353979398571 -8.94314186930989 -0.300997742171812 -0.326215671254065 -0.0937008570511861 -0.891181151295069
1463224763.5114 -2.43586467952347  5.18049623895458 -8.93119474265136 -0.300517608572648 -0.309792673375396 -0.108746904132328 -0.895484102205247
1463224763.61137 -2.39546610868097  5.15399032179392  -8.9248263802412 -0.300202825937299 -0.297717337269708 -0.106944994565064 -0.899891892688101
1463224763.71139 -2.36039558253151  5.12585916267449 -8.91830215869803 -0.299064502734335 -0.281958651963281 -0.106355370931547 -0.905399512293511
1463224763.81348 -2.32510965519384  5.10149838505308 -8.91575854228734 -0.303441559280996 -0.270057128233291 -0.111192412813271 -0.906988762292162
1463224763.91394 -2.29149612410946  5.07770945651288 -8.89699158379297 -0.320819468334873 -0.254971625288793 -0.110846440785129 -0.905415598275284
1463224764.01123 -2.25602902356133  5.05923378005622 -8.88091792254626 -0.332168582884377 -0.238677119820027 -0.10053249931561 -0.906967740110065
1463224764.11119 -2.21853351261495  5.03772946424055 -8.86454528705838 -0.343711697419944 -0.227082774391777 -0.0974917517332257 -0.905975187836412
1463224764.21118 -2.18172730792694  5.01149572857071 -8.84675832013036 -0.345201059197011 -0.209193042052143 -0.0987515514375265 -0.909572773875138
1463224764.31112 -2.14492384387018  4.98082579656705 -8.83693879469685 -0.34597232618476 -0.20739365218032 -0.0889582022840788 -0.910701631049379
1463224764.41356 -2.11068134909561  4.95067233482458  -8.8273623178895 -0.343544529126517 -0.199268543232602 -0.0920233226515303 -0.913126996793638
1463224764.54447 -2.06708169237909  4.92225886815788 -8.81383234734816 -0.342418147949783 -0.196144769447786 -0.0969704492772478 -0.913714273358955
1463224764.6778 -2.02024764333121  4.90577359774274 -8.79187490129612 -0.345400677760056 -0.196252347191313 -0.0852668783939195 -0.913735709860215
1463224764.8111 -1.96918690136502  4.88689287651667 -8.76999645724522 -0.35371146128569 -0.183170354091407 -0.0900442670770175 -0.912813701422001
1463224764.94441 -1.91715230666782  4.85432724787577 -8.75308770564918 -0.348135351988428 -0.173218114448578 -0.101732208895761 -0.915667963399377
1463224765.011 -1.89655039828354  4.83330886312336  -8.7498089094877 -0.353431659710922 -0.165958036750542 -0.095180307349754 -0.915688102491616
1463224765.11108 -1.86818972872499  4.79894907496072 -8.74176864484057 -0.362111623290577 -0.15188705256898 -0.0889996353772895 -0.915360344587027
1463224765.21099  -1.8417060483269  4.76804073907385 -8.73210691442584 -0.369125079543811 -0.139897556141963 -0.091225081837161 -0.914250148417316
1463224765.31157 -1.81650064679269  4.74344173950854 -8.71581329871917 -0.37621623989799 -0.126610122138229 -0.0846170412201783 -0.913931711969939
1463224765.44482 -1.78148708443204  4.72038237100161  -8.6832517443087 -0.390772505251275 -0.113589094889748 -0.0702949573634763 -0.910743095296932
1463224765.5799 -1.74788535084024  4.69696304952656 -8.64690586237032 -0.393471166168557 -0.104205531120327 -0.076493446318292 -0.910203494471559
1463224765.67754 -1.72215992443994  4.66954976268072 -8.62207626044887 -0.381542956850784 -0.0937785181327935 -0.0734438454957496 -0.916644185697577
1463224765.77758 -1.69736185184248  4.63728089666459 -8.60412796375803 -0.373805871606934 -0.0916136758335098 -0.0704951032165084 -0.920275255113896
1463224765.91347 -1.67106730279063  4.59581616461214 -8.58561151061389 -0.374569595223149 -0.0831435442417814 -0.0760876085771787 -0.920323554629722
1463224766.08069 -1.64073548499401  4.55106290805161 -8.54659597074241 -0.378428272277009 -0.0772911664613892 -0.0746057094897084 -0.919375933141614
1463224766.24721 -1.60809127381384  4.53066116089766 -8.51916950878235 -0.38655706526734 -0.0635678054466567 -0.0740416900295549 -0.917088107839244
1463224766.37798 -1.58728879221725  4.50194571066822 -8.49380086432098 -0.385779644039984 -0.0322490585020204 -0.0729063446664793 -0.919140212033773
1463224766.51079 -1.57212330361499  4.46811293954531 -8.47474928997261 -0.394221546175319 -0.0074801635592132 -0.0713926698351542 -0.916207676445726
1463224766.64412 -1.55723963720913  4.43643637751301  -8.4527233728193 -0.397683119656973 0.0118512121299486 -0.0718710851209576 -0.914626826762962
1463224766.81135 -1.54172721296909  4.40626907472376 -8.40958124261506 -0.400817906000711 0.0348735688865567 -0.0590021071041791 -0.913590494575982
1463224766.97926 -1.52158085876789  4.36651642212306   -8.360112262518 -0.402603367069695 0.039164551655694 -0.0637259646408452 -0.912313360720069
1463224767.1107 -1.50355519671535  4.32218100903623  -8.3252099164897 -0.395604778746114 0.0368193603402552 -0.0681628785258366 -0.915147537683648
1463224767.31321 -1.47801480956323  4.26265552912228 -8.28958946281787 -0.382667262866802 0.0471372282193299 -0.0637279740719699 -0.920479545110325
1463224767.61059 -1.44009501273909  4.19601352154766 -8.23285413969213 -0.381689999867022 0.0572338885706365 -0.0720102280226176 -0.919701882710222
1463224767.81071 -1.41972476542178  4.14366563160555  -8.2017117344425 -0.382700111160912 0.0793852765973466 -0.0773051302411975 -0.917203641300764
1463224768.0445 -1.40592153003936  4.08985531640174 -8.15353373021247 -0.382392183264007 0.0760519697377616 -0.0901491131313284 -0.916441734906932
1463224768.31057 -1.38483195614344   4.0163295073154 -8.06012593994064 -0.364841795603458 0.0359921252171697 -0.0986199566590167 -0.925131955588915
1463224768.6776 -1.35055488273462  3.95833417514036 -8.00559616251859 -0.359452842036681 -0.00636043294257748 -0.101241912602079 -0.927633157221759
1463224769.04347 -1.30510551062556  3.89615959914972 -7.93223209441214 -0.303459360830838 -0.0115066125309166 -0.127821324950836 -0.944161915711503
1463224769.34367 -1.24672569792035  3.83964196223225 -7.86099158540352 -0.304284469498125 -0.0607967700531906 -0.132844040390418 -0.941311412501778
1463224769.58255 -1.18703300920067  3.78272855886601 -7.81165435311612 -0.288980737613841 -0.111557238669107 -0.138326365420916 -0.940697046034548
1463224769.81068 -1.12334196249821   3.7456509837012  -7.7398664566848 -0.281396055372019 -0.160639991615266 -0.150186644267182 -0.934053009736962
1463224770.11015 -1.01605658623681   3.7064641278319 -7.67921268054526 -0.259058354265302 -0.201396364457064 -0.17408411639471 -0.928451934075159
1463224770.34347 -0.943266007393587   3.68690266557546   -7.6222358840649 -0.214828067567138 -0.223563309440268 -0.193868308604899 -0.930743480759419
1463224770.5101 -0.887936592725784   3.67757758050115  -7.56982649517188 -0.202282660338284 -0.259126692273612 -0.202008293842806 -0.922565841496704
1463224770.67663 -0.812170460733294   3.66515782410691    -7.518917551974 -0.206198583374219 -0.300274667966435 -0.191452419043087 -0.911407285045859
1463224770.81175 -0.748771140809114   3.64917492444399  -7.48392493450272 -0.200621044090196 -0.336309513764727 -0.194486906898393 -0.899345290010788
1463224770.97668 -0.666812363862448   3.63331232151504  -7.44378691824269 -0.195640509871103 -0.366481847763787 -0.197208255305528 -0.887989161080452
1463224771.17688 -0.572028401157848   3.63821530628764  -7.38431789688012 -0.196274403419934 -0.36767486714608 -0.190821784350025 -0.888751144724289
1463224771.30983 -0.507759592096561   3.64192350919453  -7.33340178259748 -0.179892996348673 -0.356881206002565 -0.196205595152342 -0.895420392384363
1463224771.47697 -0.411780295224784   3.61824457543164  -7.28801886330703 -0.176193638414479 -0.351524399120661 -0.190346088985492 -0.899530302442921
1463224771.64314 -0.327571707202205    3.6060536315288  -7.23814080616495 -0.190549160642136 -0.342701690648122 -0.179995962033882 -0.902135257185414
1463224771.74611 -0.274611943668942   3.60951873637533  -7.19406008710981 -0.192421001103265 -0.328322458638659 -0.170518365982118 -0.908901539414843
1463224771.87641 -0.198968423651635   3.61902021109498  -7.17287896359748 -0.193925270641768 -0.329089919184437 -0.145727050347691 -0.912609687267596
1463224772.04312 -0.112896157904041   3.59011936418532  -7.10270927530544 -0.176115791523354 -0.322517541531618 -0.136929952911021 -0.919899913782086
1463224772.24631 -0.0152691918217926    3.57533252795173   -7.05016006839934 -0.195120556512754 -0.318456950272151 -0.138192958721298 -0.917287220781674
1463224772.41574 0.0655567661644045   3.57173658241499  -6.99196761303256 -0.205449242637288 -0.300052210717821 -0.139966484711558 -0.920960728098979
1463224772.51003 0.0985019495169082   3.55262271090533  -6.94944845754072 -0.197738622860892 -0.26793965929099 -0.138401230821531 -0.93271264348415
1463224772.64298 0.133303581469408  3.51826521450391 -6.90110965733502 -0.20180295553036 -0.232425368354946 -0.123120356094056 -0.943448670145627
1463224772.77626 0.166457353442875  3.49719220119953 -6.85977340768345 -0.201001122912088 -0.20006773649527 -0.109150272356886 -0.952710694516523
1463224772.91249 0.198350549783352  3.48208058325074 -6.80449452862288 -0.198718114650336 -0.172168149631169 -0.0959626904662535 -0.960031458443354
1463224773.04291 0.231710711430007  3.46030793512451 -6.74964492874471 -0.203362866443323 -0.16117249356297 -0.0843107909326983 -0.962059593997665
1463224773.17622 0.261660339886958  3.41935494356537 -6.70350477140055 -0.193146974244697 -0.160945651055238 -0.0870785858801502 -0.963954388769322
1463224773.31251 0.297594287693872  3.39196522156126 -6.68768485229315 -0.197608855912562 -0.150911067605334 -0.105259567589563 -0.962858771144556
1463224773.44281 0.314242309507681  3.35575812261882 -6.60875332724719 -0.199994721587679 -0.133164373632352 -0.107543322477934 -0.96472990765425
1463224773.6428 0.358612167331555  3.31513756464492 -6.52066455931321 -0.186586535246269 -0.105330555198971 -0.11258429843154 -0.970265795930655
1463224773.77605 0.386442813926749  3.27328899253411 -6.45627893000563 -0.20168645859607 -0.0831284816022427 -0.104137021821245 -0.970344118677329
1463224773.94274 0.409990305255716  3.22260171183287 -6.39398901836224 -0.202011806533897 -0.0518769611032652 -0.0987042396696619 -0.973014637093829
1463224774.10955 0.439665156074192  3.20935947103906 -6.30529728305113 -0.193683801112121 -0.035077682550966 -0.0844501001635923 -0.976792875668109
1463224774.376 0.492161283237451  3.12993078287588 -6.20288509833278 -0.199577422071699 -0.0428220034885106 -0.0936042695857166 -0.974460552989073
1463224774.57889 0.534811450485238  3.10721505867144 -6.12780372184164 -0.211411456803874 -0.0217122752217434 -0.104637270931137 -0.971537345946538
1463224774.77594 0.543971307049049  3.04923578991221 -6.00641573123995 -0.214841170794936 -0.00721556560391522 -0.114234564795288 -0.969918383757369
1463224774.97617 0.583770017745557  2.98570522092861 -5.92741704645643 -0.221637071008989 0.00807189622470431 -0.112380199768318 -0.96859823660067
1463224775.17577 0.626432668059611  2.96037606035797 -5.85066260238643 -0.219425768502832 0.00852134945411755 -0.103991131271198 -0.970033794946011
1463224775.3424  0.63901278698413  2.91943711831596 -5.74137393033245 -0.219064437309747 0.00084634268270896 -0.0987510089273372 -0.970699899168667
1463224775.50911 0.672229370282982  2.86737893913513 -5.67171021351723 -0.211644076029881 -0.0157020013306538 -0.102131693441648 -0.971868998080714
1463224775.67573 0.698008686911757  2.83320420802191 -5.60097614437139 -0.213889596451981 -0.0202606548307821 -0.11989103104569 -0.969261000489671
1463224775.81121 0.715561374563582  2.81738232241437 -5.53491356642552 -0.206206813895609 -0.0140920480050228 -0.131228267684684 -0.96956655565594
1463224775.97567 0.737270583128545  2.77681409476685 -5.45099586482211 -0.211676194598207 0.00334836054663255 -0.137077863597691 -0.967673310799448
1463224776.14228 0.761304063546389   2.7330609294986 -5.37441590155621 -0.237412552119817 0.00997925910273043 -0.132547319010882 -0.962271740573702
1463224776.27559  0.78052154650984  2.71916421483985 -5.30873724505076 -0.243149026644406 -0.0297948033955854 -0.119976640625354 -0.962079220353891
1463224776.44223 0.810061278091985  2.67788180018612 -5.23022334925586 -0.25027963667518 -0.070348695953961 -0.111710768630943 -0.959130788065528
1463224776.6094  0.83782189354105  2.63719035473704 -5.15686036467559 -0.244656300829239 -0.10155528810897 -0.123119222692078 -0.956384585261262
1463224776.81017 0.856800969613173  2.59799810970191 -5.08001887897638 -0.218818978177984 -0.105899111285076 -0.124580591018087 -0.96196845549101
1463224776.94215 0.864736648695763  2.58628189593276 -5.01188184664225 -0.190837834463721 -0.123612360609202 -0.124741794327229 -0.965784856989299
1463224777.14208 0.883578795363229  2.55588290634731 -4.90277655160172 -0.169989148396983 -0.137890060838563 -0.0997684244161455 -0.970637049591002
1463224777.34242 0.884930580127853  2.50161263982145 -4.81933274112156 -0.19164519975226 -0.0935274665137007 -0.0959050251148042 -0.972279258534899
1463224777.57843 0.881837685496959  2.46468191661306 -4.70421421724931 -0.205892823501383 -0.0722890482287929 -0.0733990808655425 -0.973136688068484
1463224777.87534 0.873343142664321  2.39337731706563 -4.56263236745054 -0.218008826161748 -0.0547591417743766 -0.0607818814234798 -0.972511774220926
1463224778.10865 0.862212489470857  2.35619053370401 -4.45095533061257 -0.22372764390912 -0.018379974896858 -0.0563332517480469 -0.972848746014074
1463224778.34194 0.854161747951644  2.29669523141065 -4.33355962633939 -0.245774543173832 0.0105397602891387 -0.0543769346685651 -0.967743218192095
1463224778.57803 0.838132103703773  2.24011143464242 -4.23260060342683 -0.234208957150645 0.0373580928076759 -0.0489968275581639 -0.970231852796751
1463224778.80885 0.820748346040733  2.20030398173547 -4.10864364814603 -0.243428299443172 0.0315662464349267 -0.0425506272395022 -0.968470794209996
1463224779.00839 0.800899380270097  2.14254306501975    -4.00983867226 -0.229712387793799 0.0308719998137116 -0.0385333692762785 -0.972005307585196
1463224779.24442 0.787389737973941  2.09407259223121 -3.89410679497401 -0.224001922193739 0.023253920272386 -0.0522169466040581 -0.972910984896781
1463224779.50838 0.775944731356348   2.0201658431061 -3.75497161501167 -0.241023066032764 0.0343539050160856 -0.0407611333269629 -0.969054292008561
1463224779.77486 0.772343064034203  1.95942303444188 -3.63171933052747 -0.235726987912073 0.042308785683606 -0.0580114529201015 -0.969163260319942
1463224780.0082 0.743535980593895  1.91439596246844 -3.50155398130586 -0.228548796093451 0.00124989839948247 -0.0360967981697471 -0.972862223914629
1463224780.20826 0.740744823896195  1.85474952566063 -3.40954646931548 -0.220299134036055 -0.0321776420486788 -0.0656658278954354 -0.972687457481569
1463224780.47483 0.731875485487378  1.81132283780935 -3.26777317332322 -0.206253593341891 -0.0534437012529708 -0.0494274401201388 -0.975786940983077
1463224780.74417 0.730395619665873  1.73150646392931 -3.13985492705968 -0.21638877456161 -0.0406525279952096 -0.0496214538991331 -0.974197609073365
1463224780.9747    0.723712814757  1.69080863295521 -3.02009316122577 -0.210806052588845 -0.0491695198574433 -0.0465575787854971 -0.975179756950753
1463224781.17493  0.73061125450682  1.64206597992862 -2.91658416113013 -0.221378123440225 -0.0646171678076863 -0.0369943979064425 -0.97234138172256
1463224781.41069 0.721828559446181  1.57947907642609 -2.80411312609619 -0.210877014100958 -0.0708327997807454 -0.0468402082339856 -0.973817023003645
1463224781.6081 0.717795183565051  1.55001479097279 -2.69528218791941 -0.195249105794035 -0.0649631476164062 -0.0442107665231137 -0.977600626156631
1463224781.80787 0.719920091165071  1.49858373515533 -2.59741642714623 -0.199326219836007 -0.0446817270784056 -0.0501937841194878 -0.977626301501215
1463224781.97441 0.714859671386256   1.4566213751743 -2.52612396532588 -0.197142418805465 -0.022249046536577 -0.0434448337444389 -0.979159023374989
1463224782.17448 0.699323664111034  1.42667935318547 -2.42554887061167 -0.206794304365457 -0.0155440500994537 -0.0358988511785001 -0.977602051282922
1463224782.41053 0.672942872711076  1.35970880636226 -2.31242654862778 -0.213685561645152 -0.00848107058684382 -0.0356370202820907 -0.976215424469165
1463224782.64108 0.647039225258496  1.30971634961641 -2.20897844963507 -0.219429304372793 0.0137936043095022 -0.0500934080357521 -0.974243895199754
1463224782.80775 0.627420351527979  1.28180043537857 -2.12875335382015 -0.216009239891156 0.0246296863300782 -0.0114346490944962 -0.976013645208412
1463224782.97435 0.597807222777909  1.22781348438754  -2.0617456007186 -0.227642257555659 0.0641375622241266 -0.0193126513136771 -0.971438313628892
1463224783.17614 0.558146479936044  1.18414637645357 -1.98515417204259 -0.22238215031041 0.0801824224928112 -0.00762517294795249 -0.971626890881483
1463224783.44103  0.48934731921491  1.13461774864513 -1.86887079768407 -0.222764359843464 0.0880178076867993 0.00644360493427693 -0.970869396710491
1463224783.67421 0.436176469227719  1.06777046688653 -1.78704709854355 -0.210514159838085 0.0856924094013078 -0.0197926182968906 -0.973626649049633
1463224783.90959 0.373168203568442  1.02846271843857 -1.69293533313494 -0.209581969101187 0.0990575103064643 -0.0381398801230204 -0.972012529458214
1463224784.10765 0.315760122187405 0.976414337578837   -1.618816148919 -0.211265870399093 0.111520695870191 -0.0329157472131961 -0.970487722736635
1463224784.30745   0.2594878396763 0.928844835763077 -1.56276487811807 -0.207040509304525 0.0998837919292643 -0.0491977109320691 -0.971975843761458
1463224784.47411 0.206610282834104 0.901904262210719 -1.49386818917537 -0.207797408394986 0.0945411381054082 -0.0468471060200451 -0.972464682611974
1463224784.60748 0.160804624705245 0.875919195118464 -1.44552224211148 -0.200875026065135 0.0659156126640007 -0.0220306043658214 -0.977148406528782
1463224784.74333 0.120060865218234 0.845130232785275 -1.40481721846882 -0.18516261751988 0.0507713097722176 -0.0320700224021324 -0.980871343673739
1463224784.87392 0.0774133923281881  0.816519036515463  -1.37032601272118 -0.150220014614485 0.0422050035376522 -0.0457537079166928 -0.986691077844269
1463224785.04066 0.0383144275951927  0.786027425606814  -1.31183026196269 -0.140609309245389 0.0436266378318055 -0.0781977478259697 -0.986007530833296
1463224785.20725 -0.0058949122588531   0.753044313141687   -1.25229183200054 -0.146837798913986 0.0446252959561977 -0.0959741155157226 -0.98348167899656
1463224785.3406 -0.0379702948981851   0.713488171162248   -1.21154548386371 -0.161588276571428 0.0458654195646612 -0.112873966892848 -0.979308459965861
1463224785.47463 -0.0671015953780141   0.675081818345928   -1.18079949162345 -0.170564621434822 0.0382701866714086 -0.104442790049806 -0.979047908089049
1463224785.60717 -0.0916100417796026   0.645558688283735   -1.15140312550361 -0.163310883134638 0.0227117371794243 -0.111487888884444 -0.979991930107675
1463224785.74425 -0.111902133917877  0.619818118135896  -1.12367403101719 -0.168828371942103 0.00708275408158596 -0.137935415897578 -0.975920404778566
1463224785.87385 -0.138389115598836  0.598789662644789   -1.0986911375159 -0.157326841354221 -0.0043030366836344 -0.163651384340637 -0.973882936121275
1463224786.00728 -0.148649861266768  0.573840497772762  -1.07192777390052 -0.166690186447321 -0.0388452539217896 -0.162766918656152 -0.971705901073514
1463224786.14122 -0.165818457493845  0.547039012597138  -1.05214579782853 -0.17496753346992 -0.0487125389965303 -0.173491962061965 -0.967943174920849
1463224786.27379 -0.182166678417176  0.523879564763689  -1.03704223266128 -0.189934328890068 -0.0451090689163582 -0.166072139343253 -0.966597210395589
1463224786.44038 -0.202920083072583  0.508707684169134  -1.02412460427016 -0.19941419964307 -0.0395042630469092 -0.145513282256305 -0.968245462095657
1463224786.64032 -0.233898737204559  0.508561730026054  -1.01079279584605 -0.189309699092102 -0.0199310611789065 -0.128722314880531 -0.973239516399606
1463224786.77375 -0.248537801730733  0.521611627970051   -1.0030929846722 -0.167637399072924 -0.00290111563734515 -0.118112866803599 -0.978743396736631
1463224786.90987 -0.262997997334698   0.54146180759657 -0.995946546211437 -0.140683261686934 0.00892133091103803 -0.100225616431614 -0.98492814740305
1463224787.04023 -0.275695773555283  0.562257114489883 -0.991538543714573 -0.120894204378859 0.0236247520091621 -0.0757039574288614 -0.989492482674688
1463224787.20982  -0.28749737190457  0.588490033297536 -0.986190959755388 -0.110586130483339 0.0400629853927724 -0.0541633921255933 -0.991580552400858
1463224787.37354 -0.295730576730854  0.615860873164849 -0.981088371657989 -0.0894093995805012 0.0547181629870472 -0.0420520186650425 -0.993601283026634
1463224787.57618 -0.302329039168643  0.644116849021365 -0.974934653564667 -0.0743730013362254 0.0653700587470631 -0.0222915624971003 -0.99483591528105
1463224787.77355 -0.306852396459977  0.670452959124282 -0.971415162773353 -0.0656785302787976 0.075973503790001 -0.00153204208650765 -0.994943219600663
1463224787.94012 -0.306570130198583  0.692903239545618 -0.975323299650597 -0.0388412637466544 0.0875422306452191 0.0172378253100281 -0.995254023585337
1463224788.13995 -0.301119240667108  0.709062370046013 -0.993988874518749 -0.0308156674056543 0.10688131732155 0.0322307467918283 -0.9932713413822
1463224788.30672 -0.279146742832728  0.712983034088342   -1.0263755568147 -0.0444377731490092 0.12240316518266 0.0337089857203452 -0.990911930371478
1463224788.43998 -0.259320885691825  0.717364794528461  -1.05823905072556 -0.054679931055836 0.140273881463968 0.0355100029226297 -0.987963755919819
1463224788.5798 -0.235157271910269  0.725567335941537  -1.09479237095528 -0.0561355552797731 0.164159566390981 0.0431412648033432 -0.983889865516931
1463224788.70656 -0.208686543678802  0.735533392627087  -1.13154836201323 -0.0550763111565284 0.182275959589814 0.0418126267597778 -0.980812815346766
1463224788.83989 -0.182879584831329  0.745698480230914  -1.16491870040278 -0.0584132758649197 0.18933982922213 0.0418905603566163 -0.979277028846216
1463224789.0066 -0.159478282453301  0.759502511880772  -1.20363331655278 -0.0720903819325339 0.204733029320974 0.0441722703191397 -0.9751595633909
1463224789.20827 -0.139134201483592  0.785751308819695  -1.25107974823658 -0.0736504142521337 0.213866195942316 0.039480681134931 -0.973282149497654
1463224789.44119 -0.109133091091416  0.813383157320326  -1.30123906303193 -0.0483728027079189 0.216896194901315 0.0231436274579296 -0.974720721593421
1463224789.74344 -0.0843750618145667   0.830994149298744   -1.32253580419192 -0.032673984041675 0.198364897291023 0.0216071490608823 -0.979345143143635
1463224789.97304 -0.0688229509346331   0.817155848440404   -1.28938731806938 -0.0414182412463159 0.151381600287205 -0.00518843869508717 -0.987593651503722
1463224790.10631 -0.0611846000180076   0.801879213397726    -1.2572007844193 -0.0446328965168399 0.121639326076168 -0.024757551987928 -0.991261238281725
1463224790.30628 -0.0536594942533056    0.76944955684007   -1.20315300872215 -0.0531363555730692 0.0869832638168582 -0.0552155587380301 -0.993258114291258
1463224790.50627 -0.048926627142077   0.73556296928313  -1.15630237522379 -0.053937899456812 0.0609423047189546 -0.0842059253632706 -0.993119378841962
1463224790.70634 -0.0484116365915679   0.701845113011325   -1.11314302712186 -0.0365126947705028 0.04336710268222 -0.0878501935708089 -0.994519210983437
1463224790.90931 -0.0548479081440548   0.667845314239551   -1.06863961147149 -0.0326425790710354 0.0336411154026314 -0.102867050318437 -0.993590009684499
1463224791.07509 -0.0643825075271578   0.637779340780263   -1.03168559647151 -0.0412560538153207 0.0331655563769348 -0.0915583602418513 -0.994391799324401
1463224791.20648 -0.0746715890481893   0.610426099115133   -1.00322175207373 -0.0552072781719831 0.0358338821874118 -0.0832173940135709 -0.994355547406364
1463224791.33945 -0.0826735057226584   0.582115460547664  -0.979890793887153 -0.079704353000132 0.0365358876434356 -0.0867323086377922 -0.992365785214956
1463224791.47575 -0.0894985893505651   0.558183342471015  -0.959527742967596 -0.0951042617336487 0.0372195845714179 -0.0849949314769114 -0.991133564938482
1463224791.60596 -0.0944954477700433   0.538416195211139  -0.942830483607779 -0.11180038755155 0.0347677682042287 -0.088737731245662 -0.98914988282403
1463224791.74199 -0.101570684013293  0.521949046257731  -0.92797334277626 -0.128998629485297 0.0413998041500328 -0.0997632089307413 -0.98574474989781
1463224791.90851 -0.114159012261111  0.507842762180794 -0.911830676157342 -0.137049166274151 0.051421788784134 -0.0901939975289141 -0.985108302914738
1463224792.07528 -0.133676819804485   0.50246910792915 -0.898795559358859 -0.126219211860636 0.0588492706677283 -0.0766548890402829 -0.987283901360383
1463224792.24173 -0.159836558293091  0.498227113960306 -0.889305200143009 -0.112967545594444 0.0623470149596207 -0.0767416079230012 -0.988666733020478
1463224792.37253 -0.184575556497656  0.496537313394543 -0.884542231671275 -0.102455123552583 0.0590880721480261 -0.0841666218090855 -0.989407664797934
1463224792.4733 -0.204616612996657  0.498032118541867 -0.881635613456367 -0.0911266104499365 0.0562199719313965 -0.0903091288707222 -0.990141160070901
1463224792.57522 -0.225229585975746  0.502782563971477 -0.880798578432968 -0.0761867755077422 0.0520011353439117 -0.097522597852505 -0.990949443750172
1463224792.70586 -0.252721734111478  0.512126138618375 -0.879302528319004 -0.0554477278541373 0.0466735735905158 -0.101807052769883 -0.992160496598416
1463224792.83915 -0.271462731860769  0.523458366192706 -0.881709262274502 -0.0453760715842188 0.0407391079961271 -0.106810086246869 -0.992407649448149
1463224792.97246 -0.287815036857743  0.539711741236591 -0.884211293280407 -0.0352730378242974 0.0339194246180854 -0.110164533788376 -0.992707943421132
1463224793.10583 -0.299293692062903   0.55929662266616 -0.890648587808828 -0.0300786262554758 0.0318909487346163 -0.100242900422191 -0.993996782965788
1463224793.24142 -0.306357258797597  0.580959576256533 -0.900317547598985 -0.0115853634187811 0.035271572390691 -0.0860833262659891 -0.995595980543577
1463224793.40809 -0.309676070142982  0.605091442522972 -0.921087499361931 -0.0148472301895113 0.0366988231394887 -0.0759176226593261 -0.996327893168525
1463224793.57502 -0.308591598320736  0.626191526593459 -0.950964472954804 -0.0174091730640094 0.0381152943190667 -0.0701030537948663 -0.996659273212682
1463224793.7419 -0.304373819194349  0.646992750141847 -0.990983575785592 -0.0275408201034533 0.0512600120926589 -0.0760429301901117 -0.995405137196102
1463224793.8723 -0.296299102231515  0.666964088176807  -1.02855991545484 -0.0274604336821829 0.0601370550301573 -0.0945097165388018 -0.993326417988589
1463224794.00556 -0.285353012472627  0.686826084496639  -1.06291439058461 -0.0254760421991116 0.0602678137315059 -0.103259037690611 -0.992500041832293
1463224794.17224 -0.270143831559075  0.711050297087133  -1.09384123775054 0.00124649985885237 0.0566553502583952 -0.10439989696762 -0.992919573298034
1463224794.3721 -0.249226755037747  0.735522753393243  -1.11593723316588 0.0138189918938974 0.0344729596558019 -0.0987347098610739 -0.994420488316816
1463224794.57475 -0.222596587438215  0.753950947307627  -1.12665330693364 0.0276270236745452 0.00691729761653006 -0.086540430032938 -0.995841178364444
1463224794.80538 -0.187983650700665  0.763137670250902  -1.11983849690952 0.0452847762957903 -0.00538640394882652 -0.0927099105236312 -0.994648253494189
1463224795.03875 -0.157426361804472  0.753167727908248  -1.09158651654283 0.0430386399260121 0.0128984338510497 -0.0836880118931243 -0.995478589695874
1463224795.20529 -0.136809885334037  0.735714388700493  -1.06498761255683 0.0194566734675797 0.0235169680539163 -0.0781991738037987 -0.996470410643252
1463224795.40745 -0.122303844784161  0.709699783730333  -1.03565800839609 -0.000659575291666288 0.047002898266141 -0.0715426091084412 -0.996329236546321
1463224795.60525 -0.121844714836247  0.680014189104139  -1.00422412164568 -0.0169311716016156 0.0653918119543624 -0.0703652104501607 -0.995231623048538
1463224795.7719 -0.129383418911084  0.650853428167793 -0.971684932749074 -0.0193845337570712 0.0740644977063451 -0.0826742011734899 -0.993631554697642
1463224795.87187 -0.136459823276978  0.629689077820784 -0.952114258205151 -0.0354881850759196 0.0664505222951174 -0.0819716620651409 -0.993783459021633
1463224795.97179 -0.145372900182984  0.607534292798736 -0.934420064629045 -0.0516939770449011 0.060607216991979 -0.0838039467924526 -0.993293207712494
1463224796.07429 -0.154431502865034  0.586243508373579  -0.91686889475183 -0.0594769036477885 0.0569826082181201 -0.0915177201855119 -0.992391045498285
1463224796.17188 -0.163169568216137  0.565206207887277 -0.900860501833241 -0.0776250929549989 0.0527387389909799 -0.0992316913757541 -0.990629114139129
1463224796.30497 -0.174085086986082  0.542711696480538 -0.880699361642382 -0.077330999198993 0.0537245928618804 -0.108039347044088 -0.989677262634137
1463224796.43842 -0.184974868064478  0.526172233347193 -0.862402906044726 -0.0641395231195824 0.0659837069805126 -0.117353406393482 -0.98881770311567
1463224796.70513 -0.204137958572102  0.493762910780365 -0.831450702773914 -0.0859493001340022 0.078769606569194 -0.121672326310549 -0.985699706755353
1463224796.83839 -0.214778829367483  0.479242789513956 -0.817396808682553 -0.0945239161376105 0.0775593867762878 -0.121056822120853 -0.98508629907176
1463224797.00511 -0.229557159399803  0.471053988319896  -0.80431446616203 -0.0978693016472958 0.0655875290815912 -0.118618193772614 -0.985925757818592
1463224797.17157 -0.249673548237867  0.474691205955053 -0.798968803782073 -0.0846042574685439 0.0574490204176185 -0.128355036023765 -0.986441439923623
1463224797.27156 -0.265511394078764  0.479378557229297 -0.799077787596742 -0.0743882053641473 0.0573127035482899 -0.135068098644193 -0.986376326582978
1463224797.3725 -0.280697164514482  0.485950438378733  -0.80267163314669 -0.060946153405506 0.0497538969843932 -0.138265381472088 -0.987265314090552
1463224797.5747 -0.310529838993653  0.504039712965212 -0.818626887277102 -0.0288829748956189 0.037527193468486 -0.144899960306974 -0.988312443013137
1463224797.67214 -0.323583366200616  0.515572174818952 -0.828107761092264 -0.0106073640217069 0.0351337763736817 -0.14688373999127 -0.988472694874478
1463224797.7716 -0.334211680398648   0.52815668024942 -0.839783212255532 0.00496440985688334 0.0315281972546642 -0.141150542097119 -0.989473522575684
1463224797.87153  -0.34340392480672  0.543015981431179 -0.852616658145921 0.0276911624482392 0.0306487867927144 -0.138951136318615 -0.989437432638449
1463224798.00745 -0.351389494139599  0.562556955995264 -0.869896972325156 0.0430661021388306 0.0337514628017464 -0.1357104172157 -0.989236489553661
1463224798.13967 -0.352051437582005  0.585065379420536 -0.891073175517462 0.0621659231639558 0.0368113295011276 -0.12738570302564 -0.989218482784362
1463224798.27144 -0.347707682410762  0.605828324942691 -0.914100380400848 0.0679668138734293 0.0468477498526665 -0.120588756435728 -0.989264450168367
1463224798.40892 -0.337879173418625  0.629164702973988 -0.941061322021461 0.0688767202534148 0.0473667783464347 -0.112026943691244 -0.990182987938801
1463224798.53801 -0.317951407842081  0.650221188054676 -0.971258157105279 0.0789622599936999 0.0343806291590523 -0.113016572162911 -0.989853619608405
1463224798.63809 -0.301444661872486  0.662584570776844  -0.99056789225006 0.0696465433965902 0.0181471101315661 -0.113415103601199 -0.990937463042905
1463224798.90713 -0.257189535819698  0.680130080658068  -1.04126927550107 0.0128154827898683 -0.0262900849575159 -0.109808293972046 -0.99352238696908
1463224799.03797 -0.233789490415415  0.685679668124416  -1.06637754975398 -0.0321370281651754 -0.0581209145373332 -0.0813765845462971 -0.99446821075469
1463224799.17444 -0.217524152200238  0.690537176953453  -1.09497606971369 -0.0780492816351692 -0.0223018762372427 -0.0321175670899627 -0.996182411929038
