1463224708.88848 -8.71731970009296e-06 -4.54899592098194e-07  1.12111916520256e-05 1.72177339821094e-06 1.60022677048835e-05 -4.91516773599504e-06 0.999999999858402
1463224709.18838 -0.0165743872962478 -0.0256779213696709  0.0362760166732748 -0.00715752525535623 -0.00162245684191627 -0.02152157444736 0.999741446224634
1463224709.22164 -0.0207592721375485 -0.0288725401041372  0.0411938434247151 -0.0139504063665994 0.000660981500684731 -0.0208226266010315 0.999685634330661
1463224709.42836  -0.053122636425009 -0.0483002787218855  0.0714679042692828 -0.0146214952736817 0.0219268401078799 -0.00534267212064011 0.999638375320524
1463224709.59094 -0.0857368636145581 -0.0681038455505587  0.0966770738231104 -0.0233020622806774 0.0506210872206336 0.0142176509831009 0.998344819099389
1463224709.72157  -0.110211359719655 -0.0826826753968146   0.113520942249405 -0.0274614508199734 0.0735826189041878 0.0320629874667899 0.996395218650094
1463224709.88823  -0.142433872451431 -0.0999994878620788   0.134939181932374 -0.029875072652215 0.0873756518082048 0.051245381434313 0.994407806881446
1463224710.09034 -0.172574689011966 -0.113829579379545  0.155762025938242 -0.025874701574567 0.0919137888997928 0.0590238430066079 0.993679294936371
1463224710.28856 -0.205036810856606 -0.117397375897556  0.170314386581637 -0.0331946947783103 0.070819561962081 0.0443053344088388 0.995951675145433
1463224710.49056 -0.225982117272954 -0.110813343228074  0.172737374443924 -0.0340601092408007 0.0369616393071476 0.025301500808965 0.998415534852622
1463224710.72139 -0.243124050331717 -0.101677574498553  0.166485858559952 -0.0248519147926133 -0.00502765035102481 0.0141536521716848 0.999578300681488
1463224710.98803  -0.251003677305553 -0.0808306797480457   0.150461689456461 -0.0151445154785509 -0.0392855322836071 0.00722340782321666 0.999087139834926
1463224711.22399 -0.248494546664144  -0.05595658107596  0.128181322049572 0.00424804129239571 -0.0680461131513268 -0.0014251489326411 0.997672115266682
1463224711.38796  -0.233796110705782 -0.0314938829985713   0.110181083401354 0.00560651153409454 -0.0791191106252608 0.00127240594195662 0.996848591484888
1463224711.52124  -0.220049448172407 -0.0112667802798525   0.095721132865636 -0.00250404517781525 -0.0881716534677622 -0.00496808942238273 0.996089758691454
1463224711.68779 -0.189308382388192 0.0125708914052986 0.0761826950295472 -0.0128485113336436 -0.101784384588224 -0.0114800515021757 0.994657259174241
1463224711.82366  -0.16516794611967 0.0300996882928427 0.0572630183579493 -0.0150601293919011 -0.123036209581873 -0.0195802627872446 0.99209470160041
1463224711.95573  -0.13823774889796 0.0452760771372999 0.0355246345326162 -0.0232186377958768 -0.134879440895782 -0.0201039884334066 0.990385915152076
1463224712.12117 -0.107686188789605 0.0586677225140287 0.0102865826827016 -0.0201119177158512 -0.138874976380408 -0.0172287417584967 0.989955767778819
1463224712.32105 -0.0740689535627277  0.0730731045189256  -0.015924103468501 -0.0151089798612228 -0.128485436138276 -0.0131938872488194 0.991508513713914
1463224712.48815 -0.0400400190045856  0.0862145623853685 -0.0364680493275662 -0.00575720631779976 -0.106649510807339 -0.00501796390543101 0.994267346571441
1463224712.65434 -0.000822440987422292     0.103305959232866   -0.0596586542797061 -0.00152948786487564 -0.0814693947171168 0.000590061879635675 0.996674495619446
1463224712.85434 0.0449064957581163  0.122343143891738 -0.093058796629429 -0.0081682293766708 -0.0639875406742735 0.00429944461348217 0.997908006503267
1463224713.05424 0.0863142244571232  0.127063661076987 -0.116468309802619 -0.00930241157578808 -0.0396586291400686 0.0215683981671659 0.998937166429455
1463224713.35417  0.115915466149234  0.103049745789403 -0.116868656857249 0.0237203075542244 -0.0594967053398867 0.0177440537297775 0.99778887427174
1463224713.62093   0.129318562373775  0.0741151410928201 -0.0926455720616188 0.0504692554664025 -0.0885617865769232 -0.00361386577144015 0.994784702428197
1463224713.85413   0.125722433942211   0.045825240963476 -0.0726584984678559 0.054462240743266 -0.124501764904094 -0.0229420772968469 0.990457892067247
1463224714.18744    0.0934226525074536 -0.000591129647129148   -0.0319613044042629 0.0585912395168684 -0.115420378181301 -0.0327782502963428 0.991045301315673
1463224714.35424  0.0595003492064042 -0.0354182778836458 -0.0100713297448187 0.0659455049939317 -0.0961235700406275 -0.0218739444713756 0.992941579453194
1463224714.48732  0.0273507152218122 -0.0656535716677584  0.0036139554677669 0.0673229834066425 -0.0828477213449841 -0.00598149918932409 0.994267616208343
1463224714.62071 -0.00420200545516969  -0.0961040791835508   0.0138043772649303 0.0696524334292986 -0.0714504812660717 0.0233891834280808 0.994734292835424
1463224714.75655 -0.0312279904608055  -0.122168550741418  0.0251157400030718 0.0665402538786558 -0.0625368878096323 0.0454834382137921 0.994782784895829
1463224714.92439 -0.0614934410303664  -0.148908938087841  0.0426016709926117 0.0610111118031459 -0.0521935640096346 0.0620118739572514 0.994840692573854
1463224715.09002 -0.0912612514764752  -0.175277735230094  0.0618042389663642 0.0687208310911436 -0.0468046511208216 0.070455255756612 0.994043675571587
1463224715.22055 -0.116492699746746 -0.196674774064062 0.0773187779474869 0.0690790164017995 -0.0449290549160085 0.0890801759081044 0.992609788274071
1463224715.38722 -0.148155787732192 -0.217497174085744 0.0978020000674884 0.0628753822567408 -0.0408382434559653 0.10539872075393 0.991599734691844
1463224715.55372 -0.181960858698418 -0.225785030536383  0.117258967829649 0.0588420621346392 -0.0302459473480109 0.0991575571279864 0.992869867231942
1463224715.68704 -0.210789935197742 -0.224964085632059  0.130172563855595 0.0535951425953078 -0.0189894960070874 0.0930806813669188 0.994033674725286
1463224715.82057 -0.242220586666044 -0.219108494502682  0.142069881718857 0.0429976134506151 -0.000112383453396042 0.0927432292949213 0.994761220608977
1463224715.95376 -0.275132758921918 -0.207396995463865  0.152204833659069 0.0250804392963868 0.0197308677930181 0.0974393470924742 0.994729731162705
1463224716.08956 -0.305849260935328 -0.192173793675588  0.159366688830939 0.00170753701445273 0.039168320938057 0.0956790994934109 0.994639852847435
1463224716.2205 -0.328167980986904 -0.174841015827586  0.162921535528287 -0.00746821328593226 0.0620936494422149 0.0865822185747443 0.994279701047919
1463224716.35355 -0.344999481909573 -0.151080577673601  0.163324506366423 -0.0342165760490354 0.0742745130853645 0.0878101426799436 0.992774849334904
1463224716.52495 -0.357197347933448 -0.121934752003655   0.16039156574341 -0.0503491433583916 0.0814317812244997 0.0904270827882 0.991290457670252
1463224716.68691  -0.363852690365887 -0.0951594693415839   0.152073698161009 -0.0785162405293914 0.0797802511895012 0.0791226126566669 0.990560408889662
1463224716.98686  -0.361305238330989 -0.0643649635209277    0.12331731818859 -0.0810117108824982 0.0757237720602432 0.0718828481037889 0.991229473529388
1463224717.22017  -0.348618549176411 -0.0447099389662513  0.0892814040447753 -0.0796288632134794 0.0828857983333828 0.073679804129736 0.990636399008925
1463224717.45347   -0.32546358699313 -0.0247444456308611  0.0466749579040076 -0.0649014898929962 0.0872648727340199 0.0733197433863868 0.991361111717692
1463224717.65349    -0.299598328547471  -0.00373510163074823 -0.000144841584314324 -0.0531854623905894 0.0917553752408785 0.0688282504463265 0.991975266649932
1463224717.88668  -0.274387412497242  0.0218414440972662 -0.0572303168636595 -0.049274195236263 0.086631751227594 0.0670500122754742 0.99275943169376
1463224718.22048 -0.254802914114715 0.0437723767345466 -0.117668573998535 -0.0269473084319041 0.0767269952199461 0.0674074479973283 0.994405876253395
1463224718.51989 -0.236688551356465 0.0668764072129595 -0.165449574089967 -0.00144914599833521 0.0748420206422418 0.0522031384280218 0.995826995145405
1463224718.92229 -0.222717242697677 0.0841404299783809 -0.227220620884553 0.0160370119082867 0.0532026763117491 0.0358037868594626 0.997812797236457
1463224719.15349 -0.227091019983271 0.0730251230873094 -0.237027993855214 0.0474585674361356 0.010305860427784 0.0131901928344427 0.998732943499284
1463224719.31968 -0.230464444580951 0.0660134461247305 -0.231628458852327 0.0575104513072729 -0.00874421428264911 0.00461429070146476 0.998295945613492
1463224719.65303  -0.24755887193936  0.047549885717446 -0.208602160332635 0.068026525658978 -0.0384935964485038 -0.00687815043718174 0.996916910221605
1463224719.88627 -0.289821722158802 0.0298494181460406 -0.182762614184323 0.0708457416945582 -0.0499737979405975 -0.0141666090753908 0.996133930548722
1463224720.05299 -0.335096045568075 0.0127196099593697 -0.166749155064989 0.0740546930610034 -0.0464169294711764 -0.008322852403986 0.996138595388197
1463224720.21988   -0.387856865564957 -0.00887140457712368   -0.153996703720474 0.0769238954949362 -0.0457349683179343 0.00171268138144292 0.995985990713387
1463224720.35287  -0.428775768126325 -0.0305696533705634   -0.14345736144956 0.0837796337223581 -0.0566646699944639 0.0157067035537958 0.994747901536484
1463224720.48623  -0.471053717972808 -0.0498424979050768  -0.132438626269259 0.0906572613459785 -0.0682931950029188 0.0196829370542904 0.993342781959207
1463224720.61949  -0.511901092177221 -0.0656859892268106   -0.11665459196103 0.0982163153005707 -0.0831516159041396 0.0100690596245613 0.991633994082286
1463224720.75525  -0.553332653671574 -0.0813475263596512 -0.0958324646447949 0.0986855074566026 -0.096662945401626 0.003223801920359 0.990407518502103
1463224720.88614  -0.596310983629177  -0.101162952543536 -0.0729752501049245 0.103009988459166 -0.10836087727656 0.0125349122730477 0.988680807201092
1463224720.98612  -0.629862854162069  -0.119697103130856 -0.0568330366336051 0.107884797156595 -0.121680525466731 0.00685048728035025 0.986664984221414
1463224721.08854  -0.659987244990758  -0.137324525636877 -0.0427165547885316 0.116652269069819 -0.133921220682439 0.00227979052189657 0.984099668390842
1463224721.22248  -0.695557851207008  -0.157359532013532 -0.0226712563316809 0.113516347412337 -0.143595472366823 -0.00199496669167912 0.983102435809112
1463224721.35301   -0.727689735351606   -0.175506812164754 0.000629432948159168 0.124298668125264 -0.154747810659182 -0.00376333840383246 0.980096318472085
1463224721.45274 -0.750185042088106 -0.188398823280608 0.0236195349145073 0.126428765453712 -0.155480858121872 -0.0150581500499638 0.979599266098444
1463224721.55269 -0.774198965997779 -0.202883641830757 0.0488861848824044 0.13655711912137 -0.153509461449928 -0.0216939609371103 0.978425454759577
1463224721.65274 -0.796315397492568 -0.224501782756135 0.0771648267337377 0.145623920160458 -0.135341284571736 -0.00907979953436847 0.979996922346182
1463224721.75538 -0.816199561764686 -0.246671239225595  0.106139100578919 0.150614572371726 -0.121923250031933 -0.000864914225624272 0.981044965133768
1463224721.85299 -0.836491968562145 -0.266471013611134  0.135157404902582 0.146925024206328 -0.114116331608951 0.00942572176507577 0.982497662028411
1463224721.95268 -0.855723572230915 -0.283190833951702  0.165492077233766 0.142361159690713 -0.11093906593627 0.00917367430176254 0.983535290449971
1463224722.05262 -0.872442133983656 -0.295028409184769  0.200571036512927 0.141252581490636 -0.1044928505881 0.0170600737553881 0.984295639674212
1463224722.15249 -0.887537217182113 -0.304114373898672  0.243749037878607 0.141080217502346 -0.0963847255230847 0.0119587972315209 0.985222484560775
1463224722.25261 -0.901536046024978 -0.318905119919943  0.292387964358876 0.128880804114552 -0.0881800354797663 0.0175512129662689 0.987575807012802
1463224722.31928 -0.912390730874723 -0.331894164942666  0.324652009038434 0.126927115441635 -0.0832006996859803 0.0269375788837381 0.988049349871408
1463224722.4196 -0.929363221994558 -0.356299697370632  0.369622039733241 0.128440970214613 -0.0899131172477725 0.0289806672393207 0.987207510832186
1463224722.55278 -0.949460733723497 -0.389740318152129   0.41948164503306 0.135389957961134 -0.102149572213633 0.0331640260104955 0.984954400750933
1463224722.6858 -0.971302121365924 -0.410161232635616  0.467191815206522 0.11436366401971 -0.116393101897349 0.0251366315744546 0.986276709618447
1463224722.81965 -0.99433997538451 -0.42319047996766 0.518725907326293 0.0972458653359603 -0.126167923888863 0.00656779669444758 0.987209076489482
1463224722.95244  -1.01883578081148 -0.439681124687871  0.576370489212981 0.0919165423769981 -0.132551801699069 -0.00206628417341453 0.986902781216824
1463224723.08822  -1.04633779146055 -0.466136433330981  0.630101154293978 0.0837979466249534 -0.147746580032717 -0.00878406160054929 0.985429699416389
1463224723.18566  -1.06221295513742 -0.491862894738831  0.665543227285418 0.0841889438648358 -0.149734358108189 -0.00771005677411964 0.985105272931473
1463224723.35232  -1.07822419548572 -0.527108001901102  0.720472906469395 0.0803302043019781 -0.143562115677378 0.00184017935184224 0.98637396101022
1463224723.51897  -1.09514149879569 -0.541199722514542  0.775195843045335 0.0825113465487735 -0.152610581630446 -0.00519908834567032 0.984822246674749
1463224723.68559  -1.11885053691277 -0.536350764383222  0.839166039987143 0.0896131699331592 -0.182835487285808 -0.0212468217421939 0.978820329237878
1463224723.85225  -1.13528612120431 -0.545166376093482   0.90559247202384 0.0989757074487364 -0.214188857768857 -0.0226787446397271 0.971500188926518
1463224723.98553  -1.14344075691298 -0.555409473222805  0.941944655619118 0.0843876888187394 -0.229504061143545 -0.0300695004413308 0.96917615996147
1463224724.11876  -1.15810764249953 -0.567394197057604  0.981333447800566 0.07165098652863 -0.236374508420266 -0.0432431342477824 0.968051268910371
1463224724.25456  -1.17960990163465 -0.565293514501009   1.02981643338928 0.0780839594843943 -0.242019624535615 -0.0547673322835519 0.965572335936269
1463224724.38541  -1.20336210132916 -0.562222460601631   1.08371512011452 0.0908179676562802 -0.253070442278889 -0.0532827599390796 0.961700782722373
1463224724.55208  -1.22684715307066 -0.569809999349594   1.12774898490988 0.0898858346868073 -0.2689411469526 -0.0589307012701386 0.957140725623085
1463224724.75454  -1.23622174947585 -0.577781569356762   1.18238009573247 0.0776457668016288 -0.287745960462397 -0.0680695650239109 0.952123905514831
1463224724.95225  -1.23638469127762 -0.576282248895069   1.25853383866456 0.0877075474859448 -0.291605345811491 -0.0782106547489533 0.949292790392881
1463224725.11862  -1.23833271584038 -0.588944844901651   1.31258741364202 0.10641927048727 -0.303901301236203 -0.0878350566477202 0.942657912924722
1463224725.28528  -1.24963118778652 -0.605604965052585   1.35609376391244 0.0840714461453196 -0.321137902073723 -0.114561334185759 0.936310920850708
1463224725.45197  -1.26855146522996 -0.609510177201704   1.40658066415547 0.0999597415630925 -0.329233105419594 -0.132831897734951 0.929499488599398
1463224725.61841   -1.2956133422865 -0.616896175260726   1.46169884955037 0.120048524568053 -0.354824672068065 -0.136893344313158 0.917032178346858
1463224725.85184  -1.33002327918785 -0.628892097508246   1.51212354819144 0.106758793177529 -0.379417376949509 -0.143756341872189 0.907732960908415
1463224725.98521  -1.34669545773442 -0.630118890795075   1.54795759737192 0.108601604452593 -0.401819483813482 -0.151210435384755 0.89659477924475
1463224726.15177   -1.3710160462448 -0.621424814877835   1.60068930958539 0.106839508833307 -0.430078239210515 -0.159850141790598 0.882080472337624
1463224726.2852  -1.38576891901542 -0.620788870954508   1.63053431323828 0.0922432833935491 -0.444273301708791 -0.168723637764412 0.875011282279886
1463224726.4212  -1.40538532372852 -0.619044399767852   1.66008019790467 0.0519811541236918 -0.456782182872601 -0.184869915468719 0.868602965330363
1463224726.58743  -1.43440069176562 -0.617049117621253   1.71358284324898 0.063706407802527 -0.446080336878302 -0.20361114720196 0.869192917245959
1463224726.75464  -1.46656425663705 -0.612893103758952   1.76393162054754 0.0565381170165248 -0.45887886825713 -0.233046590589873 0.855524933713634
1463224726.88507  -1.48832329367995 -0.614527785426922   1.79275076148936 0.0338780037587284 -0.481553287142221 -0.246524023377722 0.84034791509321
1463224727.05169  -1.51577899767678 -0.620275791961008   1.83629282023577 0.0269427678614224 -0.503886433010629 -0.250763891043516 0.826129542406339
1463224727.18497  -1.54125561403134 -0.620622018551992   1.87821136592977 0.0446301690272146 -0.510359603700765 -0.251738335805686 0.821077970237166
1463224727.31843  -1.56627992415253 -0.624333218083292   1.92235283554543 0.0624296235074931 -0.505837842820445 -0.256541561286023 0.821228985248573
1463224727.51893 -1.60017850073666 -0.63453569220982  1.97185937477713 0.0622896779362502 -0.513029805985814 -0.267004932474353 0.813405667688099
1463224727.7542   -1.6519611137195 -0.639649576119475   2.03005934779142 0.0662868570565787 -0.521613178439933 -0.2711425581727 0.806230399952095
1463224727.92062  -1.69807797699003 -0.642294439696338   2.07128652510229 0.0685085630088036 -0.526148855210277 -0.272360341150542 0.802679141079263
1463224728.0869   -1.7405760014922 -0.649857686009354   2.10985453365676 0.067971055152716 -0.535452487411286 -0.267573575300627 0.798169750859636
1463224728.21803  -1.77625494998355 -0.653071237900538    2.1445712858785 0.0710392396539111 -0.540942760807607 -0.269349125039053 0.793590199536219
1463224728.38475  -1.82013802139839 -0.652236771408613   2.19163440929041 0.0754379729652491 -0.548734034790709 -0.283619388926834 0.782789954918925
1463224728.58724  -1.86904625175336 -0.649515052727313    2.2472589313785 0.0763454662013778 -0.55392426596596 -0.307707246897276 0.769841235302101
1463224728.78479  -1.92934859385863 -0.643662468948376   2.29792357407256 0.0732547072119933 -0.55927734047946 -0.316603452135195 0.762630223892015
1463224728.95114  -1.98599542964302 -0.642527519574462    2.3346080665199 0.0711130812417067 -0.563176477697704 -0.320998552889245 0.758112863422939
1463224729.1178  -2.04245524563054 -0.643040315147748   2.36704828495674 0.0767363492552854 -0.574843622996356 -0.321118558996528 0.748698345711667
1463224729.28461  -2.10182388606586 -0.644602851390788   2.40707146090496 0.0808970739481924 -0.591397489358316 -0.319829159490459 0.735808386570123
1463224729.4512  -2.15823313114349 -0.643953709319451   2.44501038176357 0.0850869874446967 -0.597396680455726 -0.328401575858177 0.726656600962195
1463224729.61785  -2.21684254901778 -0.640257683945756   2.47841577065508 0.0868904509742017 -0.608301700880515 -0.331885667142534 0.715731090690301
1463224729.78446  -2.28029335940987 -0.638441373151722    2.5074261366019 0.0916130235808874 -0.614871438353121 -0.335220767364747 0.70793163888565
1463224729.98442  -2.35363106102999 -0.634650257038122   2.54012224625682 0.0927834179860242 -0.623467276979293 -0.335456686365031 0.700106137279091
1463224730.15105 -2.41544759636288 -0.62746985673211  2.56933166600748 0.0967711271143271 -0.650355366051809 -0.332938500034301 0.675888453814348
1463224730.31757 -2.47296059716531 -0.62082907979612  2.60050220450056 0.0989866973888224 -0.663023728609589 -0.33806770886732 0.660538714430799
1463224730.48429  -2.52720263761439 -0.612866257191646   2.62442104679543 0.0895089087435238 -0.674918533505406 -0.340088674054891 0.648700872641653
1463224730.65282  -2.58746208200244 -0.606696301848847   2.64568750763901 0.0928440447942268 -0.681503952551122 -0.325836702308816 0.648662307700981
1463224730.81761  -2.64658574697728 -0.597666056148471   2.66273830186867 0.0971883984559625 -0.675393674880058 -0.300574822390326 0.666372699982975
1463224731.08421  -2.73658515232377 -0.583715101068834    2.6988531841127 0.0674991031123172 -0.676933434337422 -0.292439340904222 0.672074570599632
1463224731.38416  -2.83394422826198 -0.565778028670132   2.74180034951888 0.0419309073620695 -0.682605615307824 -0.289015768258063 0.669896453682375
1463224731.61749   -2.9202472135607 -0.542510057273974   2.76296236294546 0.0341224438712816 -0.682197404860246 -0.305765069802598 0.663287329680591
1463224731.81721  -2.98772419924409 -0.520103073793336     2.768638492511 0.0170073719280666 -0.6931117418834 -0.309122856908413 0.65096076832651
1463224731.95065  -3.03195520548111 -0.501117415540798   2.78323640039178 -0.0178564097754417 -0.68901342450238 -0.330479702518508 0.644767257007297
1463224732.0871  -3.07604600791497 -0.486444648361635   2.79679006914711 -0.0190102208577768 -0.69792648207572 -0.359679140554048 0.619005777816856
1463224732.21734  -3.12220972185845 -0.476832256662124   2.80722757534145 -0.00236580110477417 -0.712199881709978 -0.372823448435982 0.594784337196038
1463224732.35064    -3.166994589578 -0.467161867079932   2.81480089269273 0.00906696854736225 -0.720898978347004 -0.389431195631711 0.573206591874573
1463224732.48396   -3.2166324864571 -0.454282255173049   2.81941224366256 0.0165159751343048 -0.733614164750312 -0.388410020174149 0.557382396628546
1463224732.61726   -3.2695844134939 -0.444878942188943   2.82107780454901 0.0349007510586305 -0.750082881673436 -0.388258146025789 0.534240788634334
1463224732.75441  -3.31537044044075 -0.436448448522931   2.82524251372891 0.0481080485335859 -0.75731781765086 -0.397353192977415 0.516009475460948
1463224732.88392 -3.36272504484996 -0.42489784256925   2.8294521924721 0.0367186918836165 -0.770261850633368 -0.390661740057408 0.502724401616366
1463224733.01723  -3.40921250636656 -0.414496659856174   2.83891536905163 0.0478282842265266 -0.782346628459021 -0.405212569034536 0.470583661066957
1463224733.15072  -3.45519141953966 -0.404289887715619   2.84831749411109 0.0550998855488782 -0.792143638240239 -0.406512041008938 0.451907534262005
1463224733.28373  -3.50371497767517 -0.392153753364481   2.85338798052274 0.055065128715267 -0.795452047991608 -0.412263841059932 0.440752080312775
1463224733.41981  -3.55801390761452 -0.381870554938898   2.85511547377988 0.0595526946241759 -0.796018152967008 -0.411407248776019 0.439946192578752
1463224733.51709  -3.59975570141824 -0.378238960243504   2.85417488058546 0.0772062513417443 -0.803878512001127 -0.401743282843657 0.431764828797588
1463224733.6838  -3.65882079669042 -0.367397740611773   2.84912986192923 0.0905642540677808 -0.81480354611729 -0.401660374481881 0.40812037524597
1463224733.8504  -3.72212539947943 -0.351131720693299    2.8472849906846 0.0884135725080341 -0.82177885578797 -0.403909647901547 0.39207084654209
1463224733.98365  -3.77376771342175 -0.338604560578936   2.84705003028429 0.101456089758695 -0.832125827839149 -0.403251458504046 0.366962572625938
1463224734.15022  -3.83358378849795 -0.318184000666706   2.84390413388206 0.104549259661176 -0.83717779457122 -0.41239909454378 0.343700130056185
1463224734.28356  -3.88316487128633 -0.294611659496779   2.83403500677034 0.0959520568562865 -0.838192228356686 -0.41984599207907 0.334598765751821
1463224734.42213  -3.93706304253227 -0.272007132580626   2.82034073035409 0.103830482188998 -0.846255622934283 -0.41200954152835 0.321432402396066
1463224734.55026  -3.98394201539927 -0.250523097198238   2.80402841596435 0.111689143188193 -0.853005623355339 -0.41002103497633 0.302968138085503
1463224734.68358  -4.02927062857516 -0.231059291258647    2.7883696623416 0.106486009592376 -0.860726853253687 -0.409979837446841 0.282358897037371
1463224734.81715  -4.07492006338768 -0.214001726289629   2.77479599446153 0.115573413461878 -0.871114516156689 -0.406821852887189 0.249596205610787
1463224734.95014  -4.12117005982748 -0.195210378662531   2.76258655701676 0.122917809025904 -0.876735267222845 -0.403242913282675 0.231563460673869
1463224735.08643  -4.16636757879542 -0.173651869737864   2.74549769783678 0.121570441013357 -0.882567994613436 -0.402056834721628 0.211292840412213
1463224735.21677  -4.21434738756543 -0.148425005668488   2.72345376755724 0.113946992607394 -0.884314114488116 -0.398689152450994 0.21459634086055
1463224735.45004  -4.28964375148901 -0.102714715019033   2.68349532415948 0.111448467592478 -0.894998766059696 -0.386035319781264 0.193734817996889
1463224735.61676   -4.34000613966103 -0.0757622982375781    2.65735442420166 0.100880199225786 -0.901688195014527 -0.385392045927535 0.168090913827604
1463224735.7529  -4.38167283614363 -0.053481509781258    2.6411457112848 0.1106988524177 -0.906135478189076 -0.381766461157674 0.144632736182388
1463224735.91898    -4.429877950437 -0.023763873543333   2.61845819303485 0.117703923020422 -0.906342731516457 -0.387234148363351 0.121401622205807
1463224736.04999   -4.46793666252153 0.00419196321159543    2.59518307962545 0.109142066828933 -0.909239721764515 -0.387843687896319 0.104634656652943
1463224736.18324   -4.5109402952491 0.0277251246541979   2.56932196425832 0.115621730860536 -0.912204727113935 -0.379558634670496 0.102222277566464
1463224736.35076  -4.55659289433836 0.0598253628124548   2.53936467639971 0.118812677300729 -0.918818598671114 -0.367855720077354 0.0796121828306105
1463224736.51656  -4.60734498258538 0.0957310881757181   2.51490821047197 0.117605018880522 -0.917454744185453 -0.375133159944184 0.0609997066878859
1463224736.64998 -4.65110170641131 0.122257664466021  2.49409113228341 0.132888306884806 -0.916468619469057 -0.375973759804023 0.0327062587373776
1463224736.81725 -4.69802978648926 0.159049875822421  2.46490521309233 0.13510352612206 -0.914761835317319 -0.38061102462183 0.00964726969646689
1463224736.98316 -4.74756653331414 0.202145406053419  2.42437903319565 0.118485349394127 -0.917019050658988 -0.380837110498106 -0.00061479662739459
1463224737.14964 -4.79425094303752 0.248905576980295  2.38102813204674 0.122326712355195 -0.923490663872351 -0.363594751186294 0.000161538698223798
1463224737.31629 -4.82824270455995  0.29094208136886   2.3408526141995 0.103633930187192 -0.924596401040251 -0.36612021286123 -0.0183709943067754
1463224737.48302 -4.86497069053929 0.326904014078622  2.29729878359841 0.0948161604535289 -0.932399205019407 -0.346003411923625 -0.0438549556291976
1463224737.61628 -4.89437352987008 0.356044812587547  2.26300352320684 0.093547604973849 -0.936655380623548 -0.33233897700439 -0.058960562381034
1463224737.75172 -4.91941582074042 0.385861295801602  2.22498394074288 0.082584614966745 -0.939544080877595 -0.325368833576538 -0.0676152615591553
1463224737.88326 -4.94908728388517 0.421616723153424  2.18764127119837 0.0748068304935971 -0.943120657389849 -0.318083067114469 -0.0612415392612944
1463224738.04954 -4.97835007581782 0.467130194889784  2.14614578020981 0.0891936006831091 -0.940400202359126 -0.318811184021202 -0.0777906803100174
1463224738.21614 -5.00418439644314 0.503722966241986  2.10405586370791 0.0666051296710654 -0.946833496474691 -0.302337180026879 -0.0875346572987276
1463224738.41924   -5.038416747151 0.549774074892893  2.05829822965507 0.0764823030758363 -0.947994586769582 -0.289518962155373 -0.107867934643535
1463224738.61614 -5.06787880774675 0.598557640333374  2.00920727861394 0.0640951443386499 -0.944190506324344 -0.297783202857633 -0.125384466083468
1463224738.78272  -5.0945494142358 0.642772166596405  1.96226281329933 0.0652670839164006 -0.947369363898558 -0.286262505151635 -0.127613769820504
1463224738.94933 -5.11066721828276 0.689782511584924  1.91904260107797 0.0632617426224903 -0.9432405812426 -0.280895485624327 -0.165507957432149
1463224739.11621 -5.12929381200238 0.734347724268428  1.87876012311337 0.0572691050048951 -0.940545718647698 -0.275713558542455 -0.189936922111738
1463224739.25218 -5.14531546759282 0.772078691800326  1.85162601962685 0.0566857433931097 -0.932734444095562 -0.277351638009587 -0.223314245374343
1463224739.41869 -5.16112659026979 0.820499415829989   1.8165957342037 0.0446412073472727 -0.924130408239632 -0.290627229450961 -0.243979434942962
1463224739.58516 -5.17229457236201 0.867639954176419   1.7745611350264 0.0305028491024664 -0.918512355075447 -0.299431527960318 -0.256408638375812
1463224739.7517 -5.18190299615825 0.917942559463532  1.73139321803631 0.0343495842013207 -0.916132053405939 -0.296853670233639 -0.267207906425377
1463224739.88244 -5.18590572077966 0.957430447760332  1.70021399358278 0.0286648420270401 -0.908592131981529 -0.30220462097778 -0.286898991968429
1463224740.04921 -5.18788915971094  1.00545170056788  1.66052425228021 0.0184818248057062 -0.901858730684348 -0.293990839392228 -0.316035818213255
1463224740.18248 -5.18826807740662  1.04265083779704   1.6288545603503 0.0167809393620103 -0.896825222462172 -0.273633043653306 -0.347200054508683
1463224740.31581 -5.18100686892399  1.08060016927466  1.59833828029036 0.0146997429914771 -0.884654364490354 -0.275675689250889 -0.375730604689318
1463224740.45011 -5.17336277013792   1.1219831710548  1.56546038491113 0.00485540365536759 -0.873933005512241 -0.280963025872402 -0.396582028115634
1463224740.58245 -5.16287104512352  1.16670088750717  1.53180395274403 0.000557105836316449 -0.868843981011368 -0.281162110469776 -0.407501771688894
1463224740.71875 -5.14994124364846  1.21199396127352  1.50241554557796 0.00128443063515048 -0.852780865206574 -0.283304016581207 -0.438750476198518
1463224740.84914 -5.13445109016702  1.25519129378792  1.47149955703247 0.00440106701487844 -0.837463850463868 -0.285116749324072 -0.466200996384861
1463224741.04904 -5.1087126735009 1.31887763028294 1.42126289237595 -0.00108294179466795 -0.825950502364681 -0.267971025248082 -0.495979963817181
1463224741.28226 -5.06710640971068  1.39426787851827  1.35445513472444 -0.0223493249194326 -0.809792007524894 -0.262065412954498 -0.524460800782514
1463224741.61561 -4.99107076722207  1.50266349705029  1.21795040941283 -0.0356690914239108 -0.796796068109038 -0.23185404765003 -0.556854956295864
1463224741.98239 -4.91602205865934  1.62624653794277   1.0305733028476 -0.059515669880956 -0.774301249625201 -0.240250829683627 -0.582404497496201
1463224742.41811 -4.82861556475033  1.75228198554084 0.773072228719184 -0.0567129114155186 -0.78563972802742 -0.215604459444872 -0.577120940957146
1463224742.7158 -4.76271867046421  1.85355526213911 0.565319721204333 -0.0481003687636943 -0.79942148678987 -0.212788934770947 -0.559761118891368
1463224742.9487 -4.73308973174946   1.9390249550247 0.403579955051136 -0.0580816923909133 -0.818772637368322 -0.203674506371821 -0.533624006918845
1463224743.31511 -4.71155189772005  2.05365028517056 0.141149568013967 -0.0578945091407653 -0.813770328500705 -0.209369760839395 -0.539064357483649
1463224743.51516    -4.70163125404135     2.14146046342676 -0.00196379484293807 -0.0413093850002171 -0.831786852699681 -0.19465985354422 -0.518200451374761
1463224743.75069  -4.68506484696651   2.22642049307043 -0.183410938845793 -0.0299326627846475 -0.852684089573167 -0.190653873151453 -0.485473974317625
1463224743.94842  -4.68273419276627   2.28817346174644 -0.332668252841787 -0.0322342275277548 -0.868833097390691 -0.205327331472991 -0.449366988556534
1463224744.28169  -4.68906949286691   2.41073229802032 -0.580089080574918 -0.0223982094760714 -0.868840584166308 -0.191322725046479 -0.456081105066416
1463224744.61546 -4.69358219894006  2.51707908834673 -0.80821349010137 -0.0111347662165566 -0.875705746214466 -0.170885724798776 -0.451457120985222
1463224744.9483 -4.70146520528111  2.61735543965411 -1.03630207302333 -0.010497639074912 -0.8770617331912 -0.198625731184336 -0.437264604852702
1463224745.24848 -4.73032058612668   2.7228106671356 -1.23471898924747 -0.0209554933279147 -0.888730492915901 -0.182012124940811 -0.42022680142439
1463224745.6148 -4.75870124875355  2.81034949092161 -1.47850162260728 -0.0172775081827192 -0.896399523422015 -0.176108591833203 -0.406392846888706
1463224745.88192 -4.78234005055632  2.91069368769197  -1.6589116507968 0.0107404325382517 -0.901757522991884 -0.18789296809095 -0.389119834213582
1463224746.14851 -4.81031730742349  2.98649701224987  -1.8357161002498 -0.0086195435727777 -0.909648887190956 -0.204512966032103 -0.361440247102622
1463224746.54794 -4.85553815550464  3.09733449716452 -2.09258095476465 -0.00778211470852933 -0.90651787735194 -0.201924345197289 -0.370663372278193
1463224746.88121 -4.88571729335438  3.20598211373854 -2.30186440773867 0.0168499989451984 -0.911349209994451 -0.184713375508733 -0.367477433165911
1463224747.18227 -4.91031026606508  3.28302531252356 -2.50807803485136 0.00198763441137324 -0.920370102486272 -0.195181447099336 -0.338849710737762
1463224747.58717 -4.95205634217671  3.41196477716595 -2.76837397985606 -0.00474142273331574 -0.921170023038177 -0.204148072473494 -0.331280654538816
1463224747.98101 -4.95705670609852  3.53902277570945 -3.01756988762038 0.00188606839674573 -0.919677037024352 -0.194747368481616 -0.340975149806548
1463224748.31428 -4.95789192398982  3.63153145334568 -3.24841371003082 -0.00413304650062559 -0.925385600263894 -0.204271758847533 -0.319245136671167
1463224748.68387 -4.97914265207038  3.75179822707201 -3.48992448276733 0.0013085218391708 -0.928318479891937 -0.196181069678191 -0.315810189135246
1463224749.08357 -4.99273687283915   3.8811535010534 -3.74576396027655 0.0191965269544704 -0.9294335311767 -0.193977004236237 -0.313301334668129
1463224749.31407  -5.0003914989463  3.94045774663528 -3.91213203857125 0.0264310832675627 -0.937133962561358 -0.189222473299175 -0.292020871942219
1463224749.58334 -5.02645810941025  4.02581846143116 -4.08118066828484 0.0172359185237945 -0.94797595254424 -0.16796374371473 -0.269875336605281
1463224749.95037 -5.05705145691267  4.11117259896772 -4.32124459362178 0.0282863712093716 -0.946412330728687 -0.156819265711677 -0.280911550759576
1463224750.28057 -5.08783793972607  4.23215143031222 -4.53783894630039 0.0402016689485298 -0.948067442488775 -0.146661068795525 -0.279360844082168
1463224750.48048 -5.10930884133914   4.2755628471071 -4.67646490177166 0.0380398064297602 -0.954806967691585 -0.157172106282895 -0.249386360054003
1463224750.81393 -5.14952798375606  4.38838654023538 -4.87992263737642 0.0402968049062888 -0.949236122591152 -0.163452432340706 -0.265725899084691
1463224751.21445  -5.1917008333366  4.49410576139912 -5.12604704169043 0.0534364257547157 -0.947961992159369 -0.151574366226523 -0.274841447614491
1463224751.5135 -5.21430431280778  4.58134850417737 -5.32563274280429 0.0721334084015858 -0.953950858012749 -0.150314844358759 -0.249359137499535
1463224751.81391 -5.24302850960481   4.6714030023419 -5.50862232943724 0.0689860645314874 -0.959776336098295 -0.147919866571016 -0.228451352895541
1463224752.14758 -5.26650721322663  4.74586932702147  -5.7188887654763 0.0604778027445733 -0.960294418872421 -0.149641449663165 -0.227562081640096
1463224752.4163 -5.27863990837813  4.83782258368319 -5.87372839961903 0.058850371953911 -0.966677614526999 -0.138737198747072 -0.206937219893117
1463224752.61345 -5.28046986095719  4.89709181314457 -6.00175613800588 0.0715496847070326 -0.968160557348892 -0.147525536503593 -0.189161290679502
1463224752.78009 -5.28670768439437  4.93772292340925 -6.10001659975294 0.0764523832654917 -0.969787576631879 -0.16676583091961 -0.16079877779755
1463224753.01347 -5.29835429714722  5.02068909229291 -6.23292738623199 0.0628962538953842 -0.97356390719285 -0.16027231433395 -0.150100516705838
1463224753.21324 -5.30161551346998  5.06753251269737 -6.36127211394434 0.0559245125252457 -0.971979424662273 -0.163218888365428 -0.159649746046662
1463224753.37996 -5.29722209389745  5.09955191036171 -6.45888542916912 0.0524275144290171 -0.974983534620939 -0.135882765105232 -0.167911694340247
1463224753.51363 -5.29424812954132  5.14185408242957  -6.5356702987977 0.0457007240626752 -0.978981155622533 -0.103186921274465 -0.169881723660951
1463224753.67992 -5.28462004379062  5.18931423530898 -6.63384498943005 0.050230134106775 -0.980332057512823 -0.077453670076179 -0.17443313799855
1463224753.87976 -5.27932244943038  5.23198874386112 -6.75364521786452 0.0523467546280587 -0.978743693108933 -0.0885946901776686 -0.177402314955921
1463224754.04662 -5.27782989505986  5.27853772075739 -6.83596186724783 0.0359649944578214 -0.975162900534234 -0.0827352654063726 -0.202283742434841
1463224754.17975  -5.2781631901946  5.32629479530518 -6.90091345914237 0.0321318652058997 -0.967438190871261 -0.0903469862810332 -0.234239860297231
1463224754.27963 -5.27609802685937  5.35368050874769 -6.95342684524884 0.0147489590035415 -0.959449842141573 -0.0935348888350066 -0.265498951398015
1463224754.37977 -5.27284150059707  5.36979745009645 -7.00470371241751 0.00358430781784914 -0.955544600063363 -0.0858414270504143 -0.282051270922794
1463224754.48321  -5.2693616438626   5.3845195231475 -7.05223309149454 0.00652305408730176 -0.952180033721463 -0.0957959241615044 -0.290058225295561
1463224754.58276 -5.25995616337291  5.40060986533901 -7.09814532275181 -0.00127295015490817 -0.946331700665522 -0.0938373948579968 -0.309272105498811
1463224754.6797 -5.24816028643638  5.41833239443196 -7.14426614306845 -0.0159791525627089 -0.942950776307983 -0.0832286843351477 -0.321965038858867
1463224754.77971 -5.23388785832831  5.43176978931286 -7.18936242249506 -0.0272808786230159 -0.940034415760018 -0.0748123912061234 -0.331653670219854
1463224754.87965 -5.22278544159999  5.44708612024175 -7.24260592883209 -0.0454457167393645 -0.940573510642127 -0.069268031687871 -0.329329770434557
1463224755.01348 -5.20745214504586  5.45875314245179 -7.30380455978211 -0.0371244915985779 -0.937710931269977 -0.0761278876013622 -0.336934008716388
1463224755.1469 -5.19174443730317  5.46550240336956 -7.35760496366074 -0.0549019801489755 -0.932821094162747 -0.069643132233213 -0.349256944087708
1463224755.27959 -5.17530616408701  5.46967325869758 -7.40732639513748 -0.0659974187010143 -0.927520528090903 -0.0666536377736441 -0.361811143093073
1463224755.41292 -5.15584296200939  5.47634482035932 -7.45362740903742 -0.0741717118863982 -0.914150680335033 -0.0715702371632997 -0.39205202709746
1463224755.51291 -5.13927678478587  5.47666502354716 -7.48397552909202 -0.0756438222016182 -0.90392526363877 -0.0803600901890007 -0.413206226747766
1463224755.64622 -5.11252929123184  5.47616965242234 -7.52570139530473 -0.0973085048503936 -0.892252318524313 -0.0765754261301761 -0.434226967247257
1463224755.78106 -5.08766936191033  5.48040486911097 -7.57423681662199 -0.0964158269025932 -0.892724098117599 -0.073047534064527 -0.43406420116142
1463224755.91284 -5.06570702960578  5.48187450426681 -7.62681487116454 -0.0999712051914072 -0.899655529255822 -0.0642115623873868 -0.420122079957451
1463224756.04654 -5.04764255238433  5.48825624705944 -7.67575138902356 -0.0994073074942473 -0.903079552546352 -0.0665268606720361 -0.412479921691406
1463224756.18181 -5.03106911306472  5.50360566036308 -7.72328434903112 -0.0987233614289676 -0.905122983288634 -0.0708729701612137 -0.407410241809623
1463224756.27943 -5.01601673422672  5.51314189887982 -7.75930202165803 -0.0967538175625351 -0.903611904379363 -0.0733604200748431 -0.410782757449018
1463224756.41741 -4.99637577158003  5.51682645776676 -7.80421569623874 -0.104105127754875 -0.896528719688463 -0.0790496823321816 -0.42326058743059
1463224756.51275  -4.9802700473101  5.51367126592151 -7.83726236493263 -0.111515017648117 -0.889824053843221 -0.0743010457524287 -0.436184489225662
1463224756.64604 -4.95412776793163  5.51571300027796  -7.8819210856786 -0.121947064608506 -0.883139168352438 -0.0684090795813787 -0.447788254184901
1463224756.74607 -4.93315196563517  5.52312080922887 -7.91598529752045 -0.127716873743819 -0.878109853412743 -0.0656063115577204 -0.456406942743368
1463224756.84619 -4.90881222186442  5.52781319730594 -7.95258779519571 -0.141016648886333 -0.872374699558712 -0.0581105779845562 -0.464434978261775
1463224756.94589  -4.8810492869054   5.5337449731399 -7.99077942828873 -0.139766287529643 -0.867023376547271 -0.0569274428416186 -0.474863259941496
1463224757.04635 -4.85301901422266  5.53749526360562 -8.02858201297748 -0.127612357437918 -0.859087256248385 -0.0653453192169648 -0.491339151337639
1463224757.14678 -4.82788834625445  5.53995208437282 -8.06310593709377 -0.118603893776854 -0.855450312661249 -0.081168264025216 -0.497543557755372
1463224757.25318 -4.80185829328632  5.54590500762839 -8.10102446116722 -0.123380704938345 -0.849086031053439 -0.09536566685984 -0.504713288019261
1463224757.34573 -4.77625856509573  5.54861932047527 -8.14100241765495 -0.122623613286031 -0.84674167591491 -0.0954065683299347 -0.50881192050992
1463224757.44578 -4.74745958625748  5.55128942743204 -8.18493791099485 -0.131728343435939 -0.845140162900694 -0.0855104827856036 -0.510953721898162
1463224757.51252 -4.72741707590498  5.55234104829932 -8.21452896006425 -0.140075211872215 -0.840361503250302 -0.0811049943966842 -0.51729436374057
1463224757.57919 -4.70607405211073  5.55135760351241 -8.24592747589534 -0.149324228127748 -0.835390202964145 -0.069336289533501 -0.524421550509992
1463224757.6792 -4.67591359618158  5.54929430451321 -8.28418325246063 -0.143807057720986 -0.825202138568307 -0.0739437051616161 -0.541196165099955
1463224757.81251 -4.64025941330602  5.54675841804137 -8.33194722958791 -0.147066313456739 -0.811814951454336 -0.074983973784979 -0.560094088271651
1463224757.94564 -4.59984080954318   5.5471897376262 -8.37661292189359 -0.152147920614211 -0.802294553530712 -0.0828249675779372 -0.571239428237793
1463224758.04578 -4.56619880188292  5.54660934111026 -8.41023169101104 -0.1548074627278 -0.793133365462953 -0.086231927873769 -0.582699037830306
1463224758.14559 -4.53149804478059  5.54501102471153 -8.44475347028563 -0.158582473926259 -0.786510931302292 -0.081099924767248 -0.591333202271084
1463224758.24566  -4.4963956107502  5.54266445394732 -8.47924589277946 -0.166912816366463 -0.782180051266385 -0.0745348603005583 -0.595633304755121
1463224758.34558 -4.46252396499802  5.53917100361456  -8.5108549956002 -0.164911559526786 -0.777391519881727 -0.0716684277452797 -0.602768810419834
1463224758.44566 -4.43223386808869  5.53414699227363 -8.53879134227623 -0.161875273270222 -0.770249904555923 -0.0770902818931111 -0.612020072279434
1463224758.61226 -4.37859065092235  5.53370882605865  -8.5818652531882 -0.160431583494584 -0.758384007691143 -0.0880762540136423 -0.625586107082522
1463224758.74553  -4.3351158445287  5.53585927070625 -8.61599204191517 -0.174185434794497 -0.751741044008998 -0.0819761533719944 -0.630733499456026
1463224758.84555 -4.29921645709265  5.53710264258207 -8.64367987887139 -0.187150669519978 -0.747634824075781 -0.0753844455073896 -0.632719512977863
1463224758.94544 -4.26235072201823  5.53110776041699 -8.67379466520617 -0.200932311127645 -0.734099535405539 -0.0781328936365076 -0.643909410860147
1463224759.07884   -4.219808311238   5.5169152883251 -8.71098834816907 -0.205308172005207 -0.724694754597516 -0.0732956859762104 -0.653677144761849
1463224759.21215  -4.1820899691813  5.50076644043083 -8.74367450847909 -0.214316466323332 -0.710190386530885 -0.0778883199579376 -0.666056661820841
1463224759.34553 -4.14462165412643  5.49178970695518  -8.7736222214696 -0.223456421423526 -0.700420635881543 -0.0795649872836963 -0.673162367749737
1463224759.51205 -4.09644326928834  5.50749689979929 -8.80114480934954 -0.225888555474049 -0.688589042797628 -0.0764599066355267 -0.684816306261891
1463224759.67871 -4.03768149035572  5.53043592957513 -8.82990568477757 -0.219381593673077 -0.676720574839361 -0.0835936640937587 -0.697805903722465
1463224759.84537 -3.97028167388117  5.52994589232756 -8.86428841119868 -0.227750172544455 -0.665241967815774 -0.107886759801164 -0.702811091419433
1463224759.979 -3.92074984591266   5.5137287194491   -8.893836311021 -0.218497539354396 -0.660680652405465 -0.102210741734744 -0.710853617214682
1463224760.11195 -3.87795806093074  5.49646337860082  -8.9213397151606 -0.227327604064514 -0.648605454713028 -0.102932353082322 -0.719053583007365
1463224760.31196 -3.81321861366117  5.49820238873123 -8.94659433804612 -0.22789443864228 -0.632705769258964 -0.101112999244872 -0.73316007513097
1463224760.47857 -3.75150421598826  5.50989410322916 -8.96919559428605 -0.230916461508586 -0.618231119314279 -0.0898280870511219 -0.745921433994562
1463224760.61189 -3.69244670237676  5.50589918756755 -8.99018609512525 -0.240943348743422 -0.599123894013061 -0.106610533605972 -0.756062865404182
1463224760.71185 -3.65127405105614  5.49131585533894 -9.00326892998708 -0.238990718342712 -0.584201451106133 -0.100572316992416 -0.769075620551257
1463224760.81179  -3.6144239725961  5.47066155567705 -9.01582618070384 -0.236088897219356 -0.569580094866334 -0.0987299441007305 -0.781084468082469
1463224760.91449 -3.57661483316143  5.45192785229346 -9.02277124974152 -0.24376918029006 -0.550582277076609 -0.107335270019595 -0.791147826085409
1463224761.01218 -3.53898027336824  5.44160686033402 -9.02826659442329 -0.254128118532979 -0.538270704618036 -0.105485042812743 -0.796590518185902
1463224761.14637 -3.48217921608735  5.43758221806245 -9.02875629029822 -0.26219621716476 -0.526313966491077 -0.0849864464362649 -0.804378055582731
1463224761.27844  -3.4205315612369  5.42995039723877 -9.02849250555972 -0.267230414788424 -0.516336659681059 -0.0837342962937911 -0.809303976825517
1463224761.41175 -3.35897296741318  5.40984800194276 -9.03376086901668 -0.270553756199334 -0.500792485961948 -0.0888957442811381 -0.817376961786412
1463224761.54508 -3.30262132038151   5.3768503414398 -9.03449954416184 -0.277530076999574 -0.49047992229828 -0.0827692862954597 -0.821921983784972
1463224761.67835 -3.25325745298939  5.35302116955559 -9.03864231933795 -0.28147168269471 -0.480085663802528 -0.0912543622720973 -0.825811170073769
1463224761.81167 -3.20403216257322   5.3446782764019 -9.03630582808185 -0.286891205134199 -0.463809068051903 -0.0840994754440953 -0.833967543157106
1463224761.94505  -3.1480514061571  5.34591702535607 -9.03210927798873 -0.291180417702693 -0.459527015710829 -0.0872076225191468 -0.834532034587614
1463224762.08093 -3.08711983302851   5.3358438398933 -9.03570435354019 -0.29411486860192 -0.440243971668601 -0.100921735167253 -0.84231614780174
1463224762.21166  -3.0267392052811   5.3053949717846 -9.03583149715739 -0.290584901055408 -0.43029856324921 -0.114633205735004 -0.846913685027702
1463224762.34498 -2.97497473709092  5.27349691979259 -9.03529631417017 -0.289194643602518 -0.409707759485261 -0.12111093101968 -0.856643538653463
1463224762.4782 -2.92421316630982  5.25299989624245   -9.025418212734 -0.298911787730281 -0.38857138019502 -0.120822480621676 -0.863172030261436
1463224762.61223 -2.86971459977052  5.24469882801795    -9.00945180268 -0.302324785964143 -0.372546385060102 -0.105540767982168 -0.871016682425842
1463224762.71157 -2.82346979163406  5.23372097388452 -8.99728831776914 -0.300618366496408 -0.36420090510367 -0.0993425283658861 -0.87585236227607
1463224762.81153 -2.77530507692292  5.21756960594723 -8.99016073375423 -0.292703746371058 -0.356132144317545 -0.099590853952669 -0.881802741237014
1463224762.9149 -2.73035817007537  5.19301066347902 -8.97989538074551 -0.286171344561854 -0.355466281580414 -0.0986206165937222 -0.884321015352303
1463224763.01144 -2.69210715465823  5.16676973549129 -8.97575086371433 -0.292085288533318 -0.34739978323353 -0.0990394854052096 -0.885545456293677
1463224763.11192 -2.65648932511998   5.1480999528665 -8.97097975384552 -0.289168372699514 -0.341353882900683 -0.106921425942032 -0.887934112157802
1463224763.24845 -2.60648524255428  5.13554634419518 -8.95901575370154 -0.290815448195253 -0.337808846351633 -0.0999606704817096 -0.889561365378702
1463224763.3781 -2.55058448815489   5.1260815008256 -8.94312681126271 -0.289795572760946 -0.33080650685882 -0.088535599286616 -0.893726484270765
1463224763.47801 -2.50411032106574  5.10712044060861 -8.93335866416844 -0.296901198587336 -0.318918455626524 -0.102759875983189 -0.894192990816924
1463224763.58101 -2.46117695431213  5.08181852564911 -8.92644949555865 -0.296539504387246 -0.305626732906842 -0.106102043886841 -0.898553826297285
1463224763.67799 -2.42287551858094  5.05597439369706 -8.92703128350643 -0.297384069343657 -0.28990089133182 -0.102156500433013 -0.903927119808286
1463224763.77795 -2.38969617373064   5.0263703816161 -8.91262954304448 -0.298328085440417 -0.279025871389683 -0.107449708066164 -0.906421246865485
1463224763.87793  -2.3553269032963  5.00284540170381 -8.90094911391336 -0.310566313978799 -0.262099417428908 -0.111802554164528 -0.906836616424004
1463224763.97797 -2.32022128840421   4.9836027946671 -8.88536820655643 -0.326441543947248 -0.248310102803793 -0.102208664067344 -0.906273358441301
1463224764.08074 -2.28340398589042  4.96346951610436  -8.8689832023512 -0.337855033030075 -0.234381432460916 -0.0956581716365028 -0.906514663407591
1463224764.17784 -2.24583038535069  4.93891233265915 -8.85092575458228 -0.343699153342589 -0.215622542809124 -0.0991408437420608 -0.908597217762759
1463224764.27787 -2.20911627220472  4.91025640850481 -8.83878484568156 -0.342124131454044 -0.20817726322665 -0.0916973213824365 -0.911704396722734
1463224764.37785 -2.17410978854224  4.88085636429693 -8.82968369332874 -0.337119595576271 -0.205340225323741 -0.0872723776611011 -0.914641625031283
1463224764.47781 -2.13818266388004  4.85241189181497 -8.82293127285382 -0.338683416327937 -0.200291655796468 -0.0960191015645311 -0.914306911412949
1463224764.61118 -2.09591483342684  4.83248054690425 -8.80306794763594 -0.339097596406189 -0.19917345540656 -0.0876691704840126 -0.915235964830711
1463224764.74713 -2.04639619572858  4.81685916843257 -8.77964941644463 -0.349642976328426 -0.194838664056064 -0.083812052755148 -0.912558613956395
1463224764.87796 -1.99405229835798   4.7913622311174 -8.75818519159285 -0.342825483582977 -0.177450123555857 -0.0970448874137406 -0.917368209217522
1463224764.9778 -1.95756270006447  4.76378276937866 -8.75083640989296 -0.345763761156529 -0.17369192012393 -0.097949144150855 -0.916888490229138
1463224765.11108 -1.91899235620194  4.71772080677681 -8.74110720172502 -0.359290092643592 -0.154205654741256 -0.0869774289112471 -0.916278435975642
1463224765.21099 -1.89166014458058  4.68498975237114 -8.72615651056769 -0.365735835806941 -0.141063508875074 -0.0892198469629224 -0.91562994914887
1463224765.34434 -1.85896262040114  4.65553588063332 -8.70725523465403 -0.380273231430328 -0.124892728705213 -0.0786754710400287 -0.913019302112903
1463224765.47758 -1.82535477315323  4.63527266382194 -8.67296305099264 -0.388723720126845 -0.11310811051277 -0.0663377993398272 -0.91197572397829
1463224765.5799 -1.79838070548296   4.6159342431577 -8.64593502245813 -0.390520504816269 -0.106200704060457 -0.0743944153882662 -0.911416818329653
1463224765.67754 -1.77265401076087  4.58855958855832 -8.62111476011979 -0.378592468555139 -0.0959463274484493 -0.0713721855516982 -0.917806110315275
1463224765.77758 -1.74799875162029  4.55660986214186 -8.60297240333813 -0.370786765259509 -0.0935466075945984 -0.068326060140596 -0.921465005532818
1463224765.91347  -1.7215575633287  4.51477813576866 -8.58429936817389 -0.371384894277828 -0.0851278724277224 -0.0737716274975357 -0.921620449325285
1463224766.04423 -1.69610604895383  4.48284240208304 -8.56194478942774 -0.372960076187953 -0.0807884128721398 -0.0752774065352249 -0.921253128071111
1463224766.21076 -1.66439183840632  4.45572804157961 -8.52432658159686 -0.380073758565785 -0.0697242178694699 -0.0698904647236479 -0.919672656129821
1463224766.31159 -1.64657134762736  4.43783251865096 -8.50427577748149 -0.380851608126379 -0.0502851358674306 -0.0726054214667253 -0.920408556279212
1463224766.44411 -1.62888483723196  4.40560290528594 -8.48241217070862 -0.385007624383309 -0.0220834093587541 -0.0686656655343203 -0.920090473037594
1463224766.57956 -1.61455324309212  4.37054340981596  -8.4631471843702 -0.392483298710802 -1.25220766276644e-05 -0.0710594551564439 -0.917010040244465
1463224766.71114 -1.60477302199337  4.34007861922507 -8.42667458506224 -0.393570974762883 0.0195382900415669 -0.0664404569315114 -0.916681956149011
1463224766.87743 -1.58455642085794  4.31192818008596 -8.38681979259719 -0.403306004231546 0.036189331468255 -0.0583606594018884 -0.912484867092514
1463224767.01096 -1.56638175079068   4.2760242798207 -8.34621014625828 -0.393359480133155 0.0362946451113514 -0.0647465170004492 -0.916383602353253
1463224767.14398 -1.54700569802064  4.23291263862182 -8.31301989356674 -0.388744871669052 0.0282548016805652 -0.0653751805578633 -0.918588687443968
1463224767.44399 -1.51090231607446  4.15480046283438 -8.25830815839955 -0.371107035578731 0.0468849951342826 -0.0646834704684382 -0.925147239104881
1463224767.64392 -1.48502663546777  4.11014025875305 -8.22267402292995 -0.380687263174515 0.0601693559839412 -0.0730762168338917 -0.919846032111039
1463224767.84405 -1.46549955598316  4.05985670776445 -8.19011017067878 -0.378690603269403 0.0785629510310014 -0.0795420666533579 -0.918746074469583
1463224768.11049 -1.45216044127525  4.00160056838102 -8.13040374705619 -0.379423207896717 0.068654714729099 -0.0900165841408694 -0.918270969831041
1463224768.3438 -1.43339329036424  3.93917640409348 -8.06562084296917 -0.359444328558505 0.0227518389462618 -0.0988440156862828 -0.927637854474848
1463224768.84362 -1.37850494428666  3.85903680385317 -7.96515804342609 -0.33727218796352 -0.00674034495738781 -0.113225238630583 -0.934549134242391
1463224769.14355 -1.33865760440519  3.80478449745023 -7.90733443248499 -0.298937043256298 -0.0240150801951764 -0.131641188842534 -0.944844176302382
1463224769.4781 -1.26115311835988  3.73517007077935 -7.82894304801887 -0.293462768103331 -0.0901046342237594 -0.126738906993663 -0.943238044229867
1463224769.74627 -1.19356661482833  3.69376204743796  -7.7708108779407 -0.282413457890709 -0.145500507918702 -0.14343999382017 -0.937281819502801
1463224770.01011 -1.10589993246603  3.66366712553889 -7.70073488604454 -0.267059798913869 -0.190405327526264 -0.166110485410831 -0.929963537828381
1463224770.31014 -1.01583482152097  3.62928807914134 -7.63520530417746 -0.225806057463004 -0.222125819124954 -0.190637744584186 -0.929154989886476
1463224770.5101 -0.951585681544545   3.62277509358689  -7.57530519556635 -0.201456632584631 -0.2632224938266 -0.200275767714662 -0.921964620144217
1463224770.67663 -0.884272883373974   3.60782380631533  -7.52513661133461 -0.206410180506127 -0.303821076625531 -0.189850094118281 -0.910518826024378
1463224770.81175 -0.818048272412262    3.5941132349548  -7.49167933057079 -0.200574055977749 -0.34093964255095 -0.192546933916512 -0.898028889538202
1463224770.97668 -0.738467688978405   3.57771524981822  -7.45234980716397 -0.195524943878709 -0.37113859769481 -0.195710087401683 -0.886410570397027
1463224771.14353 -0.661240802555425   3.57980266328881  -7.40641724049118 -0.196305526755012 -0.376266686661599 -0.189776206987081 -0.885365750374237
1463224771.30983 -0.574712257404945   3.58308664380632  -7.34846368696263 -0.178064963656209 -0.362021525346772 -0.194588349544416 -0.894074190503948
1463224771.50992 -0.473566876726541   3.55723977255587   -7.3015566539242 -0.176722704991868 -0.353974824940831 -0.188832579153294 -0.89878427105662
1463224771.64314 -0.406386835879396   3.55119603285114  -7.26131311238225 -0.190110788700921 -0.346496608648548 -0.178705535290837 -0.901034028142658
1463224771.74611 -0.357438596885049   3.55278332140813  -7.22333139180579 -0.191045299996863 -0.332149981883567 -0.169691105174628 -0.907955401827902
1463224771.84313 -0.301154204378892   3.55411779931893  -7.19127220086753 -0.194674400864308 -0.338008511351057 -0.147392531774472 -0.908915598655605
1463224772.00976 -0.21286859128044  3.54154485091753 -7.14870240044576 -0.178664203540108 -0.327815234672533 -0.140546667029026 -0.916985773432174
1463224772.20975 -0.119007433434919   3.51763150020315   -7.0922601700504 -0.190860944385751 -0.322994123049423 -0.136165153740524 -0.916900183929817
1463224772.37641 -0.038633866564278   3.51938357650583  -7.03612428361275 -0.19910751130336 -0.312315415133724 -0.137515378176719 -0.918642912767168
1463224772.4763 -0.00329487493841363      3.5081514226088    -6.99260707822204 -0.203747422880823 -0.284009373907439 -0.141990565784035 -0.926101691192958
1463224772.60968 0.0366101130499179   3.47186946856269  -6.95178094371359 -0.204008563340081 -0.24880883067178 -0.129665323206156 -0.937902753925747
1463224772.70961 0.0602257999064483   3.44592233906531  -6.91898031334217 -0.20247549415756 -0.218004797155781 -0.121158218504502 -0.946994334075729
1463224772.87627 0.0938734921588145   3.42647765699283  -6.85825226997959 -0.191382527081722 -0.189086502579933 -0.0957141598175336 -0.958362051878269
1463224773.00959 0.125716071075923  3.40482675419466 -6.80381692134007 -0.201995163834553 -0.171396140435378 -0.0868405099156923 -0.960354123575721
1463224773.14288 0.153150403360735  3.36574613139551 -6.74393571174915 -0.19328141336817 -0.166772836532545 -0.085466356028459 -0.96308079527551
1463224773.27614  0.19133827445106  3.33170190117951 -6.69476167258567 -0.197823301535587 -0.158798639854625 -0.0990270204999295 -0.962207141191951
1463224773.47616 0.246927649248134   3.3125302047478 -6.59952988995169 -0.200358998627281 -0.130061018256361 -0.105514794420841 -0.965301523544597
1463224773.70944    0.308821914184  3.25750879639273 -6.49635946757897 -0.192050246003976 -0.103640410804017 -0.103600325822265 -0.970382574425009
1463224773.87615 0.343539448475741  3.21910533647153 -6.42108499101324 -0.202672587992958 -0.0663984792028939 -0.0976405145932738 -0.9721015347924
1463224774.07958  0.39954252374561  3.21309615281721 -6.32308985209325 -0.197605053377728 -0.031971113745672 -0.0825482629975387 -0.976276536152301
1463224774.34256 0.431327563031307  3.12998133734614 -6.17571212822584 -0.205049921668036 -0.0490656382053646 -0.082876437950191 -0.974001328953981
1463224774.57889 0.466087649340403  3.08673600759475 -6.06242146655765 -0.218358685999824 -0.0275952087838008 -0.0963077078060068 -0.970712529082509
1463224774.77594 0.517866385722266   3.0536839800702 -5.96173008378202 -0.223009642389676 -0.0123075856373117 -0.103757906329058 -0.969200453781992
1463224774.97617 0.537505977552719  2.98513307102454 -5.85329717748087 -0.230697900141215 0.00218985398267722 -0.101945377931343 -0.96766772361612
1463224775.17577 0.572959184932018  2.95039877859156 -5.74915658431877 -0.22943115457707 0.00258288458917012 -0.0926884283826377 -0.968898100555775
1463224775.31163 0.599062389012154  2.92764700947207 -5.67125175237934 -0.236163675355693 -0.00473303215075859 -0.0858890451834017 -0.967898439283086
1463224775.44244 0.639209757753366  2.89273232880772 -5.61176382464029 -0.228380485366035 -0.0194037243455744 -0.0858400211901842 -0.969586169531911
1463224775.64243 0.665219431382728  2.83739570103403 -5.51031625489812 -0.229646145130093 -0.0272236876141954 -0.103743405847111 -0.96734627957253
1463224775.81121  0.68709866193155  2.81493327707788 -5.41845410840015 -0.220236425248082 -0.021398143017073 -0.11744705421743 -0.968113746377467
1463224775.97567 0.708391650573633   2.7737816531644 -5.32614631672629 -0.226801178105948 -0.00385499669884223 -0.123041362259088 -0.966130005632593
1463224776.10911 0.725983086018892  2.73184397024932 -5.26280347926547 -0.249035402362027 0.011526604410126 -0.128654075330555 -0.959841984215108
1463224776.24505 0.751249056233096  2.70318819913296 -5.19515600397747 -0.25427301602949 -0.0259067008321082 -0.107549779438696 -0.960784638258726
1463224776.41149 0.777921081820717  2.67107995046733 -5.10787764406518 -0.259507369383432 -0.0697114044879857 -0.099145029383997 -0.958105687525364
1463224776.57879 0.805017615765429  2.62973862020094 -5.02936059963771 -0.258218628054734 -0.100616064784658 -0.107995464100436 -0.954744220912864
1463224776.77552 0.827522477580903  2.57738333818111 -4.94479906788822 -0.245301590788768 -0.107651273278912 -0.112527026271824 -0.956857356807351
1463224776.91172 0.841334628421937  2.55856637482504 -4.87377522598071 -0.207858373001444 -0.129652707950712 -0.10887791248598 -0.963395387297933
1463224777.0779 0.859723145990662  2.53107290583297 -4.76892769809236 -0.195814978954533 -0.152444368176875 -0.0928947546509673 -0.964255035344139
1463224777.24498 0.867087986199001  2.47974217905466 -4.69631864986811 -0.208745724448082 -0.11847392392562 -0.09107035939713 -0.966486079317022
1463224777.44209 0.867067916757079  2.43057843927889 -4.60155389024413 -0.214442850733237 -0.0897519036561069 -0.0756630618069978 -0.969656619962705
1463224777.67535 0.862294663072372  2.38505499476604 -4.47198428888261 -0.221556917450322 -0.0810352625043499 -0.0499294332448655 -0.970491045943552
1463224777.91145 0.856347472165591  2.31524540428375 -4.36135697956655 -0.229064846574769 -0.0613204034957721 -0.0477661345630274 -0.970302788086121
1463224778.10865 0.853858332237273  2.27851957810669  -4.2533882753895 -0.23604251247068 -0.0260527224551887 -0.045279473020092 -0.970337548115203
1463224778.34194 0.838249135739388  2.21213937352786 -4.13441626947396 -0.257268834841021 0.00240845927568003 -0.0429812239448264 -0.965380526182119
1463224778.57803 0.820505406571417   2.1496457739019 -4.02812415639738 -0.245367637692007 0.0288798979254774 -0.0375806820962723 -0.968270812429269
1463224778.80885 0.799177070460053   2.1051437842541 -3.89512076379259 -0.255037730258393 0.0227625720075243 -0.0301300171383953 -0.966193460714514
1463224779.00839 0.784768391038276  2.04089949403019 -3.79063802193551 -0.24131033357585 0.0225312059741125 -0.0260793494104399 -0.969835828994368
1463224779.24442 0.784879849992515  1.98593534566866  -3.6691287965441 -0.235661738997043 0.0155971081288695 -0.0395309794292568 -0.97090554466244
1463224779.54165 0.759780579555545  1.89116209706594 -3.50361042207971 -0.254991955189018 0.0315147167716059 -0.0367802301732693 -0.965729330653309
1463224779.84155 0.740714679295824  1.82168845981262 -3.34102171824514 -0.250620920642899 0.0226523559192697 -0.0460879492296475 -0.966722258895086
1463224780.07731  0.72886222644771  1.75319402232868 -3.21059525169433 -0.247216123655275 -0.0180142560921735 -0.0428222412294432 -0.967846026203751
1463224780.24403 0.730705123931701  1.70331774802873 -3.13049540810012 -0.232197512929816 -0.0443428398199447 -0.0529317597570333 -0.970214541405629
1463224780.5081 0.723653474988647  1.65207986872325 -2.97600004873236 -0.217504433174885 -0.0668037684745677 -0.0313562983785118 -0.973265565310345
1463224780.74417 0.735522821466656  1.57280955016522 -2.86849126448638 -0.227850089103168 -0.04897038813861 -0.0386218116099904 -0.971696760131058
1463224780.9747 0.719120419499683  1.52521779053248 -2.73221788098829 -0.222642008677113 -0.0572467697285165 -0.0354564032670527 -0.972571944277252
1463224781.17493 0.718795092557029  1.46879685382629 -2.61766563422635 -0.233522597014781 -0.0730062921930641 -0.0258217621225822 -0.96926287176626
1463224781.41069 0.721926693186354   1.3986373524881 -2.50187361618503 -0.223205599881147 -0.0791023445551274 -0.0359041983316141 -0.970892871438319
1463224781.57692 0.719614234238035  1.36994657620984 -2.40356861610771 -0.2138794435934 -0.0753359771307369 -0.0400399329089394 -0.973127369839417
1463224781.77448 0.730196443624888  1.31503941284271 -2.30454997467428 -0.211057447965486 -0.0577389022568151 -0.0353542720996824 -0.975126170435793
1463224781.97441 0.715291368510758  1.25846766369849 -2.20091705019884 -0.209084695122631 -0.0312314038811097 -0.0321424972867652 -0.976870026945889
1463224782.17448 0.694293813617499  1.22196976792841 -2.09071037705292 -0.218561904732757 -0.0249949155784683 -0.0243733851627202 -0.975198382940889
1463224782.41053 0.673920090486287  1.14963059363558 -1.97600769169427 -0.22497776167881 -0.0175603306738465 -0.0235470999257969 -0.973921031512156
1463224782.60775 0.653136867311007  1.09989899674856 -1.88349724080248 -0.233737752922751 0.00218766774241757 -0.0386972556435532 -0.971526839245386
1463224782.80775 0.625561425409324  1.06245246943176   -1.778882444822 -0.2266997086613 0.0149876361675952 0.000900024238890516 -0.973848963038601
1463224782.94111 0.603861026845413  1.01625808703554 -1.71949388120157 -0.238860078364994 0.0495072350555545 -0.00309462575785361 -0.96978622383082
1463224783.17614 0.558122633236304 0.963364619236725 -1.62957775665525 -0.233694622740888 0.0710838511859685 0.00489956550795379 -0.969695778922647
1463224783.44103  0.48351846742401   0.9031934162584 -1.49807453651345 -0.233283299080957 0.0793833456132559 0.0191103836336795 -0.968974705576221
1463224783.67421 0.426176627166077  0.83106535116168 -1.41037747546213 -0.221344818979185 0.0770224685845177 -0.00732965603313933 -0.972121538999448
1463224783.90959 0.358938630562707 0.788197221182253 -1.30876998458454 -0.220793692140599 0.0905276754570927 -0.0255932514728828 -0.970772821501665
1463224784.10765 0.295809741028309 0.738217535959875 -1.23373964266811 -0.223536660079224 0.101094743284454 -0.0216587710251873 -0.96919663232935
1463224784.30745 0.239492218764742 0.677600426353399 -1.16104611325542 -0.218843480171582 0.0921492002342892 -0.036136395935135 -0.970726643793911
1463224784.50745 0.168597859841928 0.644122902392582 -1.07963374021819 -0.209795287935409 0.082017909198723 -0.0245520927812716 -0.973989832837504
1463224784.67409 0.109691732888767 0.605961857594224 -1.01726108047051 -0.203226146125133 0.0505726715018427 -0.0138429370454997 -0.977726910503259
1463224784.80731 0.0657807902070612  0.568401159868914 -0.975731220445027 -0.183652067231068 0.0375867886237802 -0.0272372077672891 -0.981894742849634
1463224784.9407 0.0273188693551529  0.539336290567327 -0.931879636288741 -0.156056894537799 0.0306564041518322 -0.043834949647536 -0.986298599685255
1463224785.10727 -0.0210847849011838   0.509146416699724  -0.866804895529388 -0.150739988804844 0.0372334044571583 -0.0769229548986112 -0.984872574690407
1463224785.24344 -0.0587830361912989   0.473928374331207  -0.815363460781474 -0.159316236883332 0.0383180716400974 -0.0839675046085418 -0.982903616953836
1463224785.37392  -0.09133696511128  0.429712374821594 -0.774987879452752 -0.179758946478563 0.03665190325205 -0.103673219473118 -0.977545509279746
1463224785.5072 -0.122206774805899  0.390333938873133 -0.742472881642819 -0.180419442731161 0.0248980181854305 -0.0915842059780157 -0.979000125939926
1463224785.64055 -0.146787376676878  0.358908396062851 -0.710922390207479 -0.17593658319503 0.0087345180585697 -0.104954975386987 -0.978751490435371
1463224785.77385  -0.16865106821789  0.331373306889606 -0.680927277453291 -0.177350882762287 -0.00456038844008619 -0.136584364173664 -0.974613040495554
1463224785.91029 -0.195851638414737     0.304014902222 -0.651384413535867 -0.176322636389055 -0.0229433192015514 -0.156825252197778 -0.971488431363921
1463224786.04045 -0.206413184931438  0.279231292439527 -0.625601380960455 -0.180474351888892 -0.0536287464986214 -0.154522821625099 -0.969884355712726
1463224786.17374 -0.225578782669677  0.248526562111812 -0.606790259536393 -0.191992323670993 -0.0576817853759212 -0.165251857150358 -0.965662250994423
1463224786.34045  -0.24642493454381  0.223083686039853 -0.587628980761537 -0.210273468592142 -0.0540437113049066 -0.147276261103405 -0.964973599944591
1463224786.5403 -0.275195965710119  0.212968252103196 -0.572329417536213 -0.205897322002029 -0.0408366135641529 -0.123818280606387 -0.969849316735689
1463224786.70697 -0.300082202431663  0.221026734903124 -0.560273313003414 -0.194980255873025 -0.0199716735915155 -0.110912744057977 -0.974311138845889
1463224786.84035 -0.316358879914489  0.239397320019524 -0.549947512811415 -0.164989207136033 -0.00652173456816827 -0.0970357220300772 -0.981488714737438
1463224786.97358 -0.333042702731863   0.26150946204434 -0.541328559254312 -0.144114626429944 0.00314543578629685 -0.0743513289193768 -0.986758815805866
1463224787.10691 -0.342572320407166  0.285324978906699 -0.537377434787122 -0.128461339377212 0.0251322568780287 -0.0584291230955003 -0.989672719399661
1463224787.27357 -0.351926351431435   0.31441736343814 -0.531510032245131 -0.113544075605261 0.0356239080980618 -0.0376675243462912 -0.992179337456888
1463224787.44196 -0.359341565835236  0.342743842128062 -0.525046853526099 -0.0927062388769949 0.0474872200129993 -0.0248245355503642 -0.994250602033223
1463224787.64014 -0.371472959947471  0.370481322075549 -0.514451928086176 -0.0858873346820656 0.0547073797493316 -0.00719871952503769 -0.994775676612257
1463224787.84013 -0.367524634226506   0.40144788583175 -0.516432535559496 -0.0657868802637113 0.068605271154997 0.0160593951502309 -0.995342905225293
1463224788.00675 -0.364889422990456  0.422459467914158  -0.52465371871915 -0.0426178364748457 0.084976422918801 0.0305098712165249 -0.995003454928916
1463224788.20666 -0.349814861524685  0.434871354876388 -0.553604444076957 -0.0457075308185976 0.10044788139824 0.0405194776429447 -0.993065565146942
1463224788.34001 -0.333820461087628   0.43912854202198 -0.583936034693794 -0.0554491382258694 0.116062567399402 0.0430821468547541 -0.990756681603033
1463224788.47331 -0.311402073435321  0.444932099156784  -0.62048646918637 -0.0644642872906765 0.134216807253405 0.0450261320355686 -0.9878273390369
1463224788.60693 -0.284815568402842  0.455437367976497 -0.661703273936651 -0.0622472763260807 0.157814568936029 0.0552692228899072 -0.98395383602213
1463224788.74415  -0.25691102439766   0.46645268194073 -0.701477094222817 -0.0633885417401895 0.176615133159261 0.0511666923168665 -0.980903133399287
1463224788.90927 -0.225462883863715  0.480528950235978 -0.746235144449725 -0.0710377570183704 0.185711832569795 0.0544478703843039 -0.978519382399747
1463224789.10648 -0.202465213174452  0.503713365016183 -0.794353485017115 -0.081235203873696 0.200499595249368 0.055369468745309 -0.974748673190839
1463224789.30647 -0.173638030170729  0.532747666120896  -0.84789292089566 -0.0723729024258154 0.201419258637796 0.0371788204417255 -0.976119962174131
1463224789.53977 -0.147358062682751  0.563787980754255 -0.894932999631264 -0.0417298232653863 0.20298041320648 0.0341774730306859 -0.977696002877174
1463224789.87303 -0.126205778868695  0.565563117630837 -0.883981784777092 -0.043055010785505 0.164205705265997 0.0132543356543844 -0.985396912411805
1463224790.07577 -0.106532084822997  0.541093701539355 -0.840393713648411 -0.0525430483471324 0.118475695854659 -0.012078550569759 -0.991492232031234
1463224790.27305 -0.0972717746332637     0.5055679634976  -0.781879722606549 -0.0647497596497217 0.0802090834169772 -0.041606802709989 -0.993802216505359
1463224790.47297 -0.0908997372439952   0.467448886556467  -0.729812903880477 -0.0647042088021164 0.0541859479510276 -0.0699269068618413 -0.993975591302259
1463224790.673 -0.0890939396430293   0.428677902350977  -0.682460313904034 -0.0503765581124006 0.0338867239160712 -0.0772620711528859 -0.995160522074781
1463224790.87288 -0.0943483556640422   0.391269157707502  -0.635161947104446 -0.0430275520540567 0.0232654259025897 -0.0973262829038107 -0.994049769567869
1463224791.03949 -0.103973903714132  0.357758938112699 -0.595213065039764 -0.050301696305489 0.0231989160483758 -0.0862066101954314 -0.994736130841533
1463224791.17286 -0.114183513564198  0.328742110924657 -0.563784021022769 -0.0619072469842016 0.0222459470794607 -0.0735228977793592 -0.995121597651011
1463224791.3061 -0.123970175645037  0.297230482412252 -0.536738148165486 -0.0860905964989518 0.025011930364307 -0.078045025858125 -0.992910764607127
1463224791.43934 -0.132045576959286  0.269318145341589 -0.513652652385409 -0.10371920503031 0.0272131479049471 -0.0763141928058428 -0.991301122296034
1463224791.57663 -0.137567914129519  0.246494423341951 -0.494870473662481 -0.120678941606098 0.0226573592587519 -0.0771508648689504 -0.98942962416446
1463224791.70597 -0.144378156253511   0.22759435041289 -0.478137748767364 -0.137225353021497 0.0292375154423136 -0.0890391424705379 -0.986096547649873
1463224791.87262 -0.156904746058587  0.210290439612096 -0.460136004279871 -0.14745286369195 0.0388239781349587 -0.0821418883251384 -0.984887334619143
1463224792.03927  -0.17659112430806  0.202522988651347 -0.444760284079644 -0.139177056577309 0.04697857737353 -0.0703118055647378 -0.986650399173214
1463224792.20592 -0.203878214321277  0.198271894432788 -0.432899615664187 -0.125250239616682 0.0527414494999941 -0.0656798713252159 -0.988542802049211
1463224792.33924  -0.23006141172405  0.195714037189028 -0.426530288291391 -0.116845566873356 0.0502709200456952 -0.073111348518406 -0.989178790117147
1463224792.43918 -0.251649583737001  0.196708259272157 -0.422556354419787 -0.106240350638843 0.0476913468609784 -0.0791583311934273 -0.990036606360287
1463224792.53918 -0.273659590599315  0.200676863419761 -0.419897815981988 -0.0930713259855487 0.042173162728246 -0.0874652183905583 -0.990913209214955
1463224792.63922 -0.296164062928587  0.207299249084003 -0.418360333405766 -0.0783918086879488 0.0412069011536471 -0.0888991126379522 -0.992095591866092
1463224792.74165 -0.31566782603788 0.216654711928816 -0.41828086338186 -0.0621365122555127 0.0348810797004722 -0.0943229061309682 -0.992988194039918
1463224792.87247 -0.337480383529339  0.230660297101866 -0.419137066418765 -0.0555052032985435 0.0275548060746426 -0.0991192211689014 -0.993144141131511
1463224793.00572 -0.354061033927967  0.250326362402225 -0.421857127806615 -0.0422019130600259 0.0232798869865561 -0.100859891374634 -0.993732523221347
1463224793.13929 -0.365040956844345  0.272876080127816 -0.429144550934136 -0.0347484023754461 0.0211918203409415 -0.0883101019319368 -0.995261162298501
1463224793.27229 -0.371529751077405  0.296029801883378 -0.440550912660293 -0.0217574910563096 0.0255653597557212 -0.0771028232845616 -0.996457815767956
1463224793.43901 -0.377821510765498  0.322398770519656  -0.46390504411874 -0.0256425323426472 0.0209003944183648 -0.0675367382286581 -0.997168201978807
1463224793.60567 -0.372503313056805  0.345993735872418  -0.49932990215769 -0.0311456539507931 0.0277081409736462 -0.0608933512415452 -0.997273386257919
1463224793.77234  -0.36772651695823  0.370269711933139 -0.545494217173691 -0.0410858687272031 0.0428992320620081 -0.0666552100714616 -0.996006370586931
1463224793.90831 -0.358126616640729   0.39259337948425 -0.586688987884277 -0.0434235010400203 0.0480442214721421 -0.0845970765346107 -0.994308547173542
1463224794.07541 -0.342999632773912  0.420697813604706 -0.628504846411081 -0.0288787177413528 0.0516017320664268 -0.100496862701174 -0.993178564758917
1463224794.24164 -0.325718793325053  0.445641727323945 -0.657227085367032 -0.00508854684619932 0.0432572236851477 -0.0877486016865705 -0.995189982964107
1463224794.40791 -0.307526681581713  0.467287906232991 -0.671607158641421 0.00547525702412435 0.0206068294572947 -0.0904497780708792 -0.995672746331427
1463224794.57475  -0.28002785726603  0.483107306168524 -0.682722265629891 0.0168888380411476 -0.00420136458629402 -0.0784637473589215 -0.996765045552676
1463224794.80538 -0.241917533726002  0.492165112112949 -0.676349472500826 0.0346054334407216 -0.0166245442135871 -0.0849487050431516 -0.995645421833276
1463224795.03875 -0.207991788575874  0.480231495950652 -0.646313933570797 0.0324321401543975 0.00142028465955134 -0.0757023828293193 -0.996601870513223
1463224795.24135  -0.18141554355934    0.4555083764477 -0.612637638980048 0.00331161011258056 0.0153820104035368 -0.0689663308501122 -0.997494898334563
1463224795.43856 -0.167787301706486  0.425818827570433 -0.581969633365309 -0.0147873465571616 0.0381237186604618 -0.0645854190009969 -0.997074039432259
1463224795.63859 -0.169324290097109  0.391457906106541 -0.546345979425827 -0.0311995828660674 0.0544344272707866 -0.0629434490536741 -0.996042971652284
1463224795.8053 -0.179000132981139  0.358175424594255 -0.510877023647633 -0.0308338168277693 0.0644723353328892 -0.0789601731373337 -0.994312770095345
1463224795.91026 -0.186964055249305  0.333391244894419 -0.490041318921806 -0.0561522811298267 0.0505908710886243 -0.0740887990232132 -0.994383394343303
1463224796.03898 -0.200166052473202  0.301608639697618  -0.46489541804197 -0.067260950654213 0.0458719716514638 -0.0787159379774146 -0.993567072643933
1463224796.13854 -0.209628458040718  0.277452062275303 -0.447029118330575 -0.0887630522170243 0.0410917076102836 -0.0871212697058141 -0.991384121565216
1463224796.24145 -0.218922951158696  0.257283469900318 -0.430312822341621 -0.0928190499246055 0.0398641267787608 -0.09375447823107 -0.990457254594503
1463224796.37179 -0.230316737614223  0.235606342746747 -0.409401018608008 -0.0860497631204503 0.0464422928261319 -0.105679338228061 -0.989580936141984
1463224796.4718 -0.239556381183713  0.222500052930712 -0.395185622003422 -0.0759625829689018 0.0573775401834682 -0.107578427399334 -0.989628407953952
1463224796.70513 -0.257397441706154  0.190856235076834 -0.366213042967739 -0.0975090965020591 0.0678642793269362 -0.111340886893976 -0.986655777156578
1463224796.83839 -0.268976027253601  0.174759200828875 -0.350592585174694 -0.106241535507001 0.0666625639849398 -0.110705110150442 -0.985907306638229
1463224797.00511 -0.284861698737084  0.165949655594097 -0.335841627762172 -0.109351314067792 0.0546855193915208 -0.108863079019053 -0.986509307663652
1463224797.17157 -0.306890829815297   0.16980976551773 -0.329454090563777 -0.0965155738154709 0.0465598538999313 -0.118599711267357 -0.987142863269135
1463224797.3048 -0.330022709258168  0.177949118360843 -0.329635031008226 -0.0804135710223006 0.045515222253277 -0.128391649268123 -0.987409543470635
1463224797.40877 -0.346632889113102  0.185825406333739 -0.334286576343334 -0.0696261691812876 0.0367344362123011 -0.130231891528879 -0.988353394383868
1463224797.5061 -0.363559684276972  0.196147060909578 -0.342258276269007 -0.053295764898683 0.0315655930269909 -0.131388423847132 -0.989393883577054
1463224797.7055 -0.392718267107447  0.221198701845829  -0.36232364906829 -0.0192925031317439 0.0224826271881536 -0.136879358708118 -0.990144621738302
1463224797.80572  -0.40389459836809  0.236958714126113 -0.375294023848463 0.000179024671625182 0.0196595219954831 -0.132667769925402 -0.990965556398454
1463224797.9071  -0.41353655654304  0.253163344819315 -0.389012728789952 0.0201885262416369 0.0193910165558987 -0.130444313056328 -0.991060388208702
1463224798.03828 -0.419912869018604  0.276260597114903 -0.408520836209945 0.0348377847017192 0.021363533977573 -0.125688506754024 -0.991227686983677
1463224798.1723 -0.420050753150387  0.301781697744976 -0.431401123833314 0.0541050925232448 0.027262535945491 -0.117085380690953 -0.991272115377673
1463224798.30475 -0.413213917886108  0.324844769943769 -0.457990275931705 0.056461292305448 0.0359146665291477 -0.109756060544712 -0.991703517374525
1463224798.40892   -0.4030504103279  0.343828504577354 -0.481219042652522 0.0586593896919009 0.0353591297787092 -0.104560301185392 -0.992157221088617
1463224798.53801 -0.384176963134897  0.368156275057955 -0.513683977672275 0.0679621891089265 0.0220110443366823 -0.105580246191001 -0.99184145224576
1463224798.67141 -0.359705189656527   0.38558075373157 -0.542525119754592 0.0581369858763503 0.000806276504441077 -0.10502658458125 -0.992768279772581
1463224798.93798 -0.311138278944002  0.403400870728846 -0.598753633707158 -0.00894737127587342 -0.0491252632286268 -0.0979192309851702 -0.993940882177226
1463224799.07389 -0.286721772394483  0.409665484744647 -0.631791992470908 -0.0512549005111019 -0.065583803985691 -0.0567011107682271 -0.994915415432896
1463224799.20491 -0.279289878195326   0.41604160932372 -0.667864660260849 -0.0816561610861849 -0.0142129007725923 -0.00931358944840583 -0.996515690724377
1463224799.37182  -0.27050588361023  0.427068250972471 -0.698203739329771 -0.0591772675788461 0.0376190677183525 0.0174562187737195 -0.997385651176128
