1464104820.29265  0.0400151733288258 0.00102936255677793  0.0590180640331178 -0.00197509428417434 -0.00794964997131722 0.000513545082797809 0.999966318602457
1464104820.5593  0.0703618641139181 -0.0827508450885606  0.0792396064045319 0.0713376025552292 -0.0254975511088542 0.00565129034041334 0.99711026685448
1464104820.5927  0.0757169866245197 -0.0912422612562243  0.0806145168686488 0.0757587827935941 -0.0256471335032436 0.0146474725261041 0.996688658970943
1464104820.72602  0.103719437420933 -0.126077805152634 0.0824090282870355 0.11298405663664 -0.0150435063736925 0.0276254041756172 0.993098752846889
1464104820.85915  0.139890212399961 -0.155615418859882 0.0801158960525558 0.145461929113699 -0.00933632004482872 0.0423604449797365 0.988412491325186
1464104820.99488  0.182406689426337 -0.170471987555553 0.0768350961424969 0.163423049351185 -0.00947117866297442 0.0608742011824704 0.984630659357046
1464104821.1593  0.239269362126536 -0.168704215160802 0.0779756436058233 0.164984333715381 0.00322697065659064 0.0718178977400828 0.983672682274479
1464104821.32584   0.29102055449854 -0.144324490153243 0.0825168124114079 0.142848517837833 0.00937220539190015 0.0754261174716879 0.986821849940897
1464104821.49527  0.337102626361194   -0.1157313907166 0.0819823395521611 0.12829837666115 0.0137457865942926 0.0582027250334707 0.989930817125973
1464104821.66131   0.377268762527986 -0.0832931292738935  0.0791550289876201 0.10035810738755 0.0325600886974348 0.0637375154956797 0.99237373001508
1464104821.85905   0.408010916559847 -0.0435683868232536  0.0787379172461658 0.0807272268826994 0.0521964460394494 0.0567223217129133 0.993751087586915
1464104822.02566    0.418062259615545 -0.00718526243080439   0.0822591947688545 0.0435160197869864 0.0641334533688482 0.0424493399224748 0.996088003000252
1464104822.29237  0.417966618633152 0.0318374906758026 0.0782737459747946 0.0191247065840059 0.0655539704527093 0.00857630731107538 0.997628873634312
1464104822.759  0.390405378560004 0.0618562235025955 0.0667055544625209 0.00994597373404657 0.0719927262440701 -0.0281506429374377 0.996958206885643
1464104822.99433  0.356479474134535 0.0818631465743597 0.0651646488876554 -0.00586406913980204 0.0930416787715209 -0.0279940084192317 0.995251322127795
1464104823.19244  0.305744572277741  0.104061947141752 0.0630007649142538 -0.0107537676969328 0.0918965811755125 -0.026940349950721 0.995345966181159
1464104823.35895  0.257845127068917  0.122934336816453 0.0593353631545758 -0.0220747625853965 0.0908184535945603 -0.019460838345031 0.995432563820573
1464104823.52557  0.210015148813378  0.132000329732762 0.0536733753939929 -0.0213914903368545 0.0772897516531036 -0.0236275292359041 0.99649909096435
1464104823.72561  0.153723741625898  0.126412586332798 0.0449765805750365 -0.0142329078366894 0.052644782297306 -0.0254554900215733 0.998187341764632
1464104823.8923  0.113495055111381  0.106929984833319 0.0346367831308785 -0.00437372084673834 0.0207190559702546 -0.0309862211140475 0.999295474515285
1464104824.05995 0.0839099297047148 0.0737803693762314  0.023753234803247 0.0148951170750277 -0.00904902028164619 -0.0241178610452027 0.999557191709343
1464104824.19271  0.073517998842748  0.036718016294021 0.0143249656498719 0.0443602635355382 -0.0268848491868052 -0.0206736039705604 0.998439769841991
1464104824.2922  0.0695952520102849  0.0037260410242345 0.00762233827554906 0.0701208458301996 -0.046732947585776 -0.0129393667392255 0.996359208006023
1464104824.42556   0.0739537618644195  -0.0402992825584243 -0.00274917693063912 0.105013409663113 -0.0525322087268238 -0.00207734318501976 0.993080175757476
1464104824.59225  0.0908418564948743 -0.0850222344232652 -0.0144033694864085 0.12579065613763 -0.0538944387981392 0.00956126549375125 0.990545648870993
1464104824.79227   0.131084650040211  -0.117858674483595 -0.0197306570247718 0.134739507372306 -0.0364938781762917 0.0404838552758471 0.989380876847095
1464104824.95868   0.174591244450134  -0.126854723470943 -0.0133689872274133 0.126756501580096 -0.0133851765397578 0.0603744217187199 0.990004320979613
1464104825.1255   0.21974154044262 -0.125532081294521 0.0021286582748498 0.117984110644346 0.00580178495072239 0.0677497092965407 0.990684644989051
1464104825.29219  0.266905892782982 -0.117598590237259 0.0192307772594516 0.113938638417772 0.0312690952393963 0.0766903456931589 0.99002970724917
1464104825.45911  0.308667904933894 -0.100790546560882 0.0376473847881321 0.104166836929695 0.0471061353846778 0.0825933941681327 0.990004350158609
1464104825.62535   0.345479068569067 -0.0764170650478265  0.0544545212428254 0.0997646525568618 0.0715708412438179 0.082119204860726 0.989030366053997
1464104825.79288   0.374522765452319 -0.0450308133820012  0.0687842911071515 0.0922009468941509 0.0894188230825744 0.0840229527963864 0.988151508056191
1464104825.99492    0.395735092625586 -0.00172195051675049   0.0846407630252771 0.0744174222221187 0.102209764271115 0.0722025250096997 0.989344230659724
1464104826.16099  0.397171507225866 0.0340754183807204 0.0933996742205932 0.0428000479958882 0.0990437732491428 0.0538765014661409 0.992701268993795
1464104826.35907  0.387662414971026 0.0738876485320857  0.101054286969133 0.0110917755839953 0.0852417485183132 0.0333882414889579 0.995738942772758
1464104826.52594 0.372208431886443 0.104034097001928 0.104573114284352 -0.0196700337505044 0.0632991703549817 0.0127112824791021 0.997719764313788
1464104826.6919 0.347129817731856 0.125024390435833 0.103887910783373 -0.0350511122416218 0.0363571166795107 -0.010468999301783 0.998669104183662
1464104826.89197    0.3047076131988  0.132089494650332 0.0957643479321614 -0.0364043281537304 0.016954064576059 -0.0253060726988911 0.99887280835479
1464104827.09174  0.248264693053696  0.126173829539052 0.0885160413365286 -0.0197371936379848 0.00919931196126776 -0.0332424938951392 0.999210064223919
1464104827.25866  0.199361828274167   0.11271989684155 0.0857557710995562 -0.00324108793862949 0.0123652664437899 -0.0355552411667005 0.999285955250211
1464104827.3921  0.160482122934902 0.0975664753149429 0.0831766926280974 0.00689338116029409 0.0215377239521942 -0.0152005300443945 0.999628706885465
1464104827.55987  0.118124025640779 0.0795405890046651 0.0699711097670213 0.019991693581713 0.0332459811546456 0.0129958264914684 0.999162722192238
1464104827.82726 0.0690851776057588 0.0749804033174126 0.0247882383326471 0.038628855589455 0.037170374254557 0.0205765650890353 0.9983500286787
1464104828.09173  0.0363310317601823   0.094952783003441 -0.0353626074471111 0.0419152878816377 0.0388900768154416 0.014000238084371 0.998265828274548
1464104828.39253 0.0115483635884531  0.115413527388988 -0.108626916514013 0.0278432631830113 0.0534566215689432 0.0237381618145358 0.997899615181519
1464104829.05841  0.0243602163961618  0.0947770503664614 -0.0370780202749094 0.0190818429357667 0.084093907496541 0.0177483130728146 0.996117008877575
1464104829.29148 0.0500526124033108  0.070209725068206 0.0289367453894144 0.017357432818697 0.10262212097096 0.0313213160028157 0.99407564851837
1464104829.52497 0.0841644978471924 0.0489868167131712 0.0984607165139908 0.0188475101428346 0.113625806824995 0.0358167804629256 0.992698899778808
1464104829.72614  0.117222830880571 0.0275605240802756  0.165821173630849 0.0198246157021259 0.107654664349443 0.0242065770998646 0.993695878768338
1464104829.89156  0.144554285305601 0.0093337977186672  0.218946236844196 0.011728287806818 0.0999174632390119 0.0211970300484978 0.99470077597342
1464104830.05837    0.166728031626521 -0.00973825455214537    0.266269203648634 0.00707279141270769 0.092334228832517 0.0265621625839926 0.995348590859704
1464104830.22487   0.183420032216853 -0.0276761602182594    0.30866143644506 0.00445233069838222 0.0820734131753907 0.0260971705161047 0.996274595326081
1464104830.39156   0.198138769008017 -0.0437059112515385    0.34657856499576 0.00473946654008078 0.0787473159563561 0.0163326254668998 0.996749538766858
1464104830.52476   0.209725501979233 -0.0558374329675668   0.374675888692406 0.00498081880972321 0.0720896345190088 0.00377974622164424 0.997378558801722
1464104830.69157   0.225320202451658 -0.0652208182723403   0.400714969700483 0.00604082799423472 0.0636860421182544 -0.00274368281237508 0.997947928822482
1464104830.92535    0.24442317765106 -0.0663192380890512   0.418898937466628 -0.00076807638438352 0.0442117057835437 0.00202657562905221 0.999019833697808
1464104831.15812   0.274436002421428 -0.0606658981697986    0.41531823745598 0.00367321957498124 0.0233024835974051 -0.00755306067709454 0.999693179425845
1464104831.29146   0.298942906427031 -0.0525662715417587   0.402564051248844 0.0131956065027485 0.00645193434303605 -0.0178665626172683 0.999732481443161
1464104831.42982   0.326403244879617 -0.0417903705394223   0.380231021300139 0.0184073608525248 -0.00780970912262724 -0.0259563358063983 0.999463078928567
1464104831.55808   0.352660627372804 -0.0315433485174787   0.349376494356177 0.0211627357295689 -0.0240901378569764 -0.0312404907720146 0.998997415217275
1464104831.72472   0.379389638040083 -0.0203771935171818   0.307423303415547 0.0265724989283469 -0.0350760391985191 -0.0247994880479657 0.998723464812661
1464104831.89166    0.399981644145662 -0.00687438652095157    0.267990012406229 0.0319678431539241 -0.0232815666383704 -0.0125711771233272 0.999138624598551
1464104832.05803  0.411347534764485 0.0084591891318969  0.227707808891262 0.0313903707182482 0.00169157407166643 0.000788088762814588 0.999505458774204
1464104832.22452  0.411468255292012 0.0253757620288176  0.182650430434068 0.0401437900477927 0.0203976278300197 0.0139337887180649 0.99888851351463
1464104832.35809  0.405877490090559 0.0444708901984089  0.142163797596464 0.0304225898196277 0.0341562196724305 0.019270407327331 0.998767475485558
1464104832.52459  0.392831509167052 0.0703051382409492  0.092178916321036 0.0113130790466985 0.0467253240183751 0.0237222984036611 0.99856197148515
1464104832.69126  0.376780160342078 0.0931846866747539 0.0454232479625032 -0.00169607371152709 0.0359940325188046 0.0178304396695378 0.999191487342737
1464104832.89125    0.362100834851332    0.115642369378773 -0.00357954332618205 -0.000658008477262952 0.0129743425462382 -0.00259595939091892 0.999912243376976
1464104833.15793   0.351053526391903   0.138044924262005 -0.0631454590824117 -0.000464214665488708 -0.0127562769852069 -0.022204284567507 0.999671962020075
1464104833.62445   0.306754449542324    0.11881606219654 -0.0806521722342097 0.0258381110033468 -0.025628460059318 -0.02303186900199 0.999072123054708
1464104833.85778   0.260673593216794   0.102434747215703 -0.0551824529732961 0.0397836091213156 -0.0138766634811968 -0.0129695860977729 0.999027773634129
1464104834.05835   0.211845857990448  0.0918060364658235 -0.0386856326754864 0.0415564827310674 -0.0242721016188885 -0.0197405915675434 0.998646200048139
1464104834.2244   0.164233370139003  0.0845725709781971 -0.0182733152671611 0.0426423102520749 -0.044359429119538 -0.038794804265325 0.99735090995425
1464104834.35765   0.122715197785374  0.0759685953326257 0.00543229889980587 0.0484773915081783 -0.0682235170152051 -0.0519673265290176 0.995135614482803
1464104834.49335 0.0794708730730727 0.0635983694296634 0.0354072740182164 0.0483869108236033 -0.0859957662172942 -0.0518622813701882 0.993767447054253
1464104834.62437 0.0299366567161434 0.0457519334534172 0.0693866852012966 0.0497741949993097 -0.104459322249075 -0.0532295610366482 0.991855530477741
1464104834.72437 -0.00827793712226585   0.0317339430912886   0.0925611571462711 0.0492745058497504 -0.121898375156741 -0.0590824950760806 0.989556500652183
1464104834.82662 -0.0446758953793968  0.0190710989934356   0.112913071668887 0.0463610919221049 -0.138772408756963 -0.0691654296866038 0.986817617931423
1464104834.92438 -0.0809359452133539 0.00901936137583749   0.131138817430124 0.041991809453687 -0.158174559753055 -0.0807226942404434 0.983209714771115
1464104835.02436   -0.119697391931721 0.000802924892604475    0.150514912329557 0.04517744370081 -0.175627700557909 -0.0932475211448166 0.978988666521604
1464104835.12433    -0.15994832002022 -0.00576089948772439    0.173687218408289 0.0479546711249466 -0.182145562410135 -0.0989774623673746 0.977101225848637
1464104835.22413  -0.205149779534949 -0.0150989210281305   0.197783875832166 0.0506634668029211 -0.192716030931179 -0.100419111221587 0.974787026306315
1464104835.33144  -0.250259431420255 -0.0280801205623731   0.220455954958456 0.0569797032887353 -0.20143919868985 -0.098323786271741 0.972886424870605
1464104835.42428  -0.292635205170033 -0.0437641567114407   0.239013726759596 0.0598035823598985 -0.20752874542726 -0.0999559373277484 0.971269356023982
1464104835.52428  -0.333676263882577 -0.0602800083859018   0.253936305489295 0.0617180137387728 -0.221807858724599 -0.0987575206316164 0.968111105559091
1464104835.62426  -0.373880868174428 -0.0756076549550214   0.269459961556584 0.0632815516924757 -0.231567074676603 -0.102985425757944 0.965280341259765
1464104835.72424  -0.414033375559461 -0.0867640772247867    0.28761366286741 0.068363705744579 -0.242208851127556 -0.109110363375137 0.961642451629754
1464104835.82692  -0.456114488346321 -0.0943617816666757   0.308962910870464 0.0707190863640894 -0.254487548022005 -0.114379019450937 0.957680708083346
1464104835.92433 -0.499667193680597 -0.100693536983967  0.332159840311958 0.0626912208755278 -0.264989859543234 -0.118740815706035 0.954856431014558
1464104836.02445  -0.54661739676208 -0.111175360760427  0.352425680587906 0.0608752216081632 -0.279834306487533 -0.125799764799468 0.949821766166262
1464104836.1241 -0.592643078445673 -0.121738693272506  0.366895380497999 0.0572763054872963 -0.298283072546452 -0.13605326226685 0.94299318305517
1464104836.22401 -0.636784941449835 -0.132226011401548  0.376255967933123 0.0523237151961487 -0.31884548388636 -0.146669435818223 0.934926661738828
1464104836.32652 -0.681375768781911 -0.140445655849852  0.383963049211926 0.0517510729942835 -0.338573542125911 -0.156540116394797 0.926382736764539
1464104836.42406 -0.726390098769396 -0.145919773105767   0.39075352628026 0.0587735070721039 -0.353485024924439 -0.164739935837299 0.918942199249189
1464104836.55742 -0.792001479064042 -0.148114076879778  0.400066857697768 0.0616190104022354 -0.368494756044021 -0.17245327144032 0.911413507412875
1464104836.69082 -0.859338289464552  -0.15664166666444  0.407001350503689 0.0747981025559233 -0.374014926006667 -0.17091752010199 0.908463141960337
1464104836.82625 -0.920494963196741 -0.166757652539288  0.408435993088875 0.0727950343342067 -0.382356231217367 -0.168310632094983 0.905635758210397
1464104836.92437 -0.963639315653676 -0.174608820621839  0.405340032094615 0.0730923836129929 -0.39498249472816 -0.165908110760274 0.900622468684879
1464104837.02407  -1.00556531858499 -0.180303146680408  0.402019933878676 0.0767116758282176 -0.408494974163649 -0.168577246343968 0.893772279101199
1464104837.12413  -1.04680853165267 -0.181865584589025  0.399344749620974 0.0795044758700009 -0.422125703820684 -0.175570642281843 0.885812552439436
1464104837.22392  -1.08924889974889 -0.179707622176887  0.398059446833191 0.0786828687452806 -0.434635514421654 -0.181496673149568 0.878612504694234
1464104837.35727 -1.14990011743488 -0.17970661754776 0.396351663183453 0.0781271227383836 -0.44865218724559 -0.184631001698579 0.870929825407391
1464104837.45721 -1.19466413511626 -0.18227072971369 0.392531940147427 0.0745830371044935 -0.459150587115124 -0.194477822891839 0.863595093392359
1464104837.55788   -1.2369876778581 -0.186552262917035  0.387475312439104 0.0730224603153092 -0.469481233828401 -0.198357983924191 0.857268453628146
1464104837.69075  -1.28957293760685 -0.187866893156032   0.37907533114203 0.066560163117118 -0.4829423616173 -0.209896115176421 0.847514035798331
1464104837.83094 -1.34339188536551 -0.18530203536637 0.369334785928412 0.0692032364166457 -0.495253501313781 -0.221740078786818 0.837117804711809
1464104837.95816  -1.40349201449035 -0.179042466895466  0.358779316733807 0.0711749998616028 -0.504936608901957 -0.229360207189085 0.829076013248166
1464104838.09067  -1.46747683129165 -0.177820816768881  0.347280494844885 0.0772482761662392 -0.508487615120642 -0.223920207379167 0.827848289136081
1464104838.2239 -1.52764564017021 -0.17697589686089 0.336665816360014 0.0668883073073608 -0.505547312234914 -0.23112359731114 0.828570909580809
1464104838.35726  -1.58473729567518 -0.178128501590673  0.325233925946085 0.0568428937661662 -0.512143259840594 -0.233419883176711 0.824617077779686
1464104838.4965  -1.64156234753124 -0.175190283887059  0.318681746069208 0.0453590875563288 -0.517465010310212 -0.239975578756047 0.820112332477332
1464104838.62394  -1.70177705861104 -0.170204951024031  0.316255036764649 0.039300692715852 -0.5230663276881 -0.243362189793121 0.815862682667884
1464104838.75724  -1.76676955021521 -0.168195520702922  0.316165309801886 0.0322181929390868 -0.529777803071091 -0.242569960617589 0.812069751698024
1464104838.92457    -1.847039714595 -0.171529685460463  0.317832106875417 0.0171958977795037 -0.531971376497115 -0.247321142450802 0.809656104889077
1464104839.09049  -1.92172460789127 -0.176660436950031  0.316810655428085 0.0123732157928851 -0.543306629367288 -0.263981372853713 0.79685547297033
1464104839.32692  -2.02943006854133 -0.174553258055225  0.317669110197216 0.0077599591187788 -0.545557059625944 -0.27923688343793 0.790148113112119
1464104839.59042  -2.16402796380206 -0.172096960785544  0.321816758269704 0.00625658220788411 -0.536120576953665 -0.286981459977326 0.793837025953834
1464104839.85706  -2.27955395903829 -0.173444509439827  0.308554031073057 -0.00982264659839717 -0.540166345378726 -0.306785036771077 0.783585844784962
1464104840.05703  -2.36770359579882 -0.169344863342534  0.295356105444414 -0.0144740880681115 -0.545321132540779 -0.326405446975616 0.771929302050186
1464104840.25708   -2.4571952565858 -0.172696629373074  0.274669350386809 -0.0244647867948729 -0.548027219464927 -0.320364056187218 0.772291727545942
1464104840.42503  -2.52155992114448 -0.187543032031354  0.245225438362568 -0.0265731108676918 -0.552363262090026 -0.298895274449187 0.777721229865833
1464104840.55708 -2.56896483381799 -0.19898314151922 0.220876968568202 -0.0365695171773591 -0.544183835575086 -0.277509916165283 0.790894980349566
1464104840.66054  -2.60377747059648 -0.204513622630027  0.203178470877558 -0.0426269998093033 -0.529159709280041 -0.252521291170117 0.808953607117057
1464104840.75698  -2.63936894999722 -0.206973601452983  0.184218560222079 -0.0426275871191194 -0.5085420011899 -0.232074575747909 0.828075668724545
1464104840.85687  -2.67646792364085 -0.208383789537291  0.162319257873929 -0.0381284769327991 -0.497856558509779 -0.209562583927155 0.840695301410302
1464104840.95699  -2.71320855558857 -0.209593914769522  0.142021616312881 -0.0344869313803077 -0.483475405407831 -0.194893150566398 0.85268918357864
1464104841.05693  -2.74852358055033 -0.210766933338429  0.123889825067612 -0.04408039730453 -0.465819220456737 -0.183952235734075 0.86442521214677
1464104841.16001  -2.78350433108248 -0.213421618293329  0.106980132433975 -0.0443949462465752 -0.454133951406556 -0.170306046909336 0.873376948009132
1464104841.25692  -2.81871342711665 -0.215734055082819 0.0922799720831186 -0.037245183693686 -0.442860147963561 -0.165350693826531 0.880424235064211
1464104841.35695  -2.85537079334109 -0.218127621105454 0.0796560493094099 -0.0235647097021568 -0.430361035773266 -0.153949545070835 0.889119576276047
1464104841.42371  -2.88152357668484 -0.220141207926562 0.0726281913966095 -0.00954143269553 -0.419747004150508 -0.139960547852863 0.896734330007231
1464104841.49199  -2.90891952351133 -0.222651965732091  0.065636160824782 0.00831152791759126 -0.41005648599014 -0.127441850640748 0.903074289029621
1464104841.55697  -2.93641992582608 -0.224595959550905  0.059155317716096 0.0200466561942709 -0.399718415960119 -0.11826146239653 0.908756043187387
1464104841.65965  -2.98118056905477 -0.227933571235823 0.0487673672781467 0.0369591834080209 -0.388496420090185 -0.10991007905311 0.914124895657843
1464104841.75694  -3.02431112447086 -0.231179864316076 0.0378497181898646 0.0482817253844392 -0.37728040219578 -0.10592183365058 0.918754014015172
1464104841.89007  -3.07912489461603 -0.236271085070464 0.0200670272701172 0.0565314315521775 -0.367280607147637 -0.106063527517765 0.922312138589975
1464104842.02764   -3.13472225411421   -0.23815707277105 0.00349572400158502 0.0663540911424263 -0.34970770990494 -0.0979481504063323 0.929358817709115
1464104842.12362    -3.18005095314053   -0.237165787518513 -0.00954528261929054 0.0749927791698423 -0.338281999307816 -0.0923383494567498 0.933496117418971
1464104842.22344  -3.22776515241187 -0.235702950927605 -0.023279634183203 0.0802620122262544 -0.323825135127709 -0.0856890406950588 0.938803855742867
1464104842.32629   -3.27524700354551  -0.235520738423329 -0.0360761494012732 0.0841608872196224 -0.304983342252608 -0.0857241637123703 0.94475048227913
1464104842.42348    -3.3222600104601  -0.238812015440564 -0.0474254257230839 0.0873548626150203 -0.28769059428559 -0.0796620830971553 0.950398444050566
1464104842.52476   -3.36708738916967  -0.245026654931173 -0.0574510145557337 0.10408695870917 -0.275481064846672 -0.0776424478215644 0.95249553187083
1464104842.62346   -3.40974275157085  -0.249646502432811 -0.0624026340272839 0.118160188177561 -0.259943450831469 -0.0797049024465575 0.95504696262836
1464104842.72346   -3.45525388420238  -0.251253843401355 -0.0628208779923964 0.129663500001925 -0.246923341795248 -0.0770304600101667 0.957226487449308
1464104842.85791   -3.52638204889423  -0.255459791342661 -0.0588713197297584 0.138423292890285 -0.233915835577942 -0.0719340400635248 0.95966028767029
1464104842.95713   -3.58042620163936  -0.266957551580106 -0.0541255454171327 0.150952251450015 -0.219343092920919 -0.0532138557824376 0.962429379706803
1464104843.05671   -3.63384920561417  -0.279077696374567 -0.0509793244158748 0.146436881820732 -0.213015358371993 -0.0448129444671857 0.964972795859268
1464104843.15949   -3.68197694785708  -0.294092571389539 -0.0516638711978821 0.165363533739035 -0.204735349882294 -0.0436182859744421 0.963761268855812
1464104843.25664   -3.73197790223199  -0.305628151384608 -0.0533670391109752 0.171282398011877 -0.198400306648189 -0.0419870648370053 0.964124859569329
1464104843.39005   -3.79449788484993  -0.315141662948604 -0.0522537015939116 0.17809996776671 -0.175964061462164 -0.0340233619913537 0.967553337751486
1464104843.52334   -3.86006433973873  -0.321409320091447 -0.0500173720763976 0.185494706376921 -0.153159516770726 -0.0294757121860044 0.970188156348976
1464104843.62334   -3.90983121360814  -0.331034318695507 -0.0508628422552658 0.197526735465957 -0.13308353770365 -0.0159409786926487 0.97109105956484
1464104843.72335   -3.95582997909952  -0.340992698889494 -0.0509767558552234 0.188623360738025 -0.115674288733587 -0.00223482289504907 0.975210588681491
1464104843.85652   -4.02138392331307  -0.355431939127167 -0.0537673399047834 0.191209504043429 -0.104342217490587 0.00192831003844769 0.975985608927206
1464104843.99225   -4.08552488782475  -0.362473778727219 -0.0515209902071039 0.201118763541005 -0.0974300023417629 -0.00410242712994378 0.974700881135882
1464104844.12337   -4.14760104511933  -0.363959565939386 -0.0443694948239032 0.207899034678426 -0.085704021130119 -0.00197384510809269 0.974386430569205
1464104844.25663   -4.21508564960729  -0.369101282428184 -0.0339781894779964 0.206690080787366 -0.075586389028111 0.00484885227375987 0.97547034651466
1464104844.39027   -4.27987905015428  -0.376784290033194 -0.0252325857831851 0.200327078363199 -0.0663868856793677 -0.0011184576432199 0.977476645315252
1464104844.52347  -4.34252178370313 -0.384874253956447 -0.023411537971403 0.19715496347114 -0.0663822675620974 -0.00997779685470078 0.978071448566992
1464104844.65751   -4.40303056365366   -0.38693159845983 -0.0232027294506035 0.197674009594441 -0.0658052988996203 -0.0172777780103836 0.977903945668803
1464104844.79004   -4.46948891830502  -0.387539315456323 -0.0249943900977173 0.199767747481369 -0.0604894732896594 -0.0132662177640791 0.977884388950757
1464104844.92318   -4.53751735491085  -0.391177122863351 -0.0300508931696955 0.202231571477983 -0.053922728873112 -0.005251014768594 0.977838001742785
1464104845.05656   -4.60351633981302  -0.398128628350892 -0.0376884272199421 0.193492084498657 -0.0504557935494076 -0.000488215251257246 0.979803443441353
1464104845.18981    -4.6654066947738  -0.404865728235842 -0.0471094511013347 0.18835192156348 -0.0545300223164382 -0.00610834484084373 0.98056754914326
1464104845.3252   -4.72664930166655  -0.405622146070322 -0.0536501459415118 0.185692229206715 -0.0633792096159948 -0.00654810648150335 0.980539950283618
1464104845.45652   -4.78986540719395  -0.401196360654734 -0.0536424470148583 0.178425280298889 -0.0673714976335432 -0.00906751508849797 0.981602404656282
1464104845.58987   -4.85556185430006  -0.402266890597464 -0.0491979452624431 0.173759166059552 -0.0625757772413119 -0.00439241495067309 0.982788243216124
1464104845.6898  -4.90450950187778 -0.407024238834542 -0.045516108125528 0.166177009961199 -0.0563344725280644 -0.00108081163457847 0.9844848705854
1464104845.82494   -4.96784845314941  -0.420296498391451 -0.0483299824930421 0.176467888670601 -0.054105474371067 -0.00634084792450398 0.982797779585821
1464104845.95678   -5.03001109673486  -0.427475124704165 -0.0508292694571752 0.176335726131584 -0.061727198830673 -0.0150944416630994 0.982276754507122
1464104846.08966   -5.08917643027476   -0.42895233124499 -0.0497617844297082 0.177663470392098 -0.0555897284466217 -0.0174086604725383 0.98236572208115
1464104846.22386   -5.15057915592928  -0.431509249524704 -0.0499664530432917 0.183698851347703 -0.0487402864194225 -0.0112267203716226 0.981709263093195
1464104846.32305   -5.19874273452614  -0.436506659571576 -0.0513645311758621 0.185361301074892 -0.0470273279524806 -0.0129318364092996 0.981459314539607
1464104846.45668   -5.25987658489505  -0.448069877342958 -0.0574111725077371 0.187012270156658 -0.0473354882974062 -0.00737567776977272 0.981188749291356
1464104846.58969   -5.31735681447319  -0.454226461121094 -0.0653350823861341 0.188742831357171 -0.0592039079596003 -0.0137450937796323 0.980143924783794
1464104846.72287   -5.37783688968944  -0.454736146077079 -0.0716824445749644 0.192702549534252 -0.0759529195917024 -0.0224590599668446 0.978055454477864
1464104846.8563   -5.43788353657376  -0.449782421503818 -0.0726180813312883 0.192809433213997 -0.0943544419750537 -0.0301434660984687 0.976223915500355
1464104846.99226   -5.49960102410761  -0.449061387273033 -0.0718580406857974 0.187783184215241 -0.105566184963193 -0.0326427907070971 0.975975258156248
1464104847.12307   -5.56589882836644  -0.453166369671076 -0.0725901346752446 0.174791380184459 -0.119336748547801 -0.037350759673199 0.97663280439021
1464104847.25629    -5.6221992285756  -0.458942705295824 -0.0799639656229933 0.174154168393882 -0.139664413808628 -0.0460438940066793 0.9736755809669
1464104847.38962   -5.67651346121347  -0.457045038665772 -0.0863143524243205 0.172508887895666 -0.158930809149447 -0.0652485799519121 0.969909430985369
1464104847.55628   -5.74433851644754  -0.450374595541187 -0.0922333250554411 0.175090289375494 -0.165961411716954 -0.083289015827071 0.966883209198443
1464104847.72297    -5.8131331083896  -0.448491075125248 -0.0988623021298338 0.180103182284387 -0.169457367790971 -0.0826376930230509 0.965410822357104
1464104847.88939  -5.87896591474498 -0.446242492988809 -0.109701515820312 0.168672633630235 -0.177126402140389 -0.0907323791155656 0.965372164353764
1464104848.05615  -5.93796627620809 -0.443463367589734 -0.120750066606376 0.157921349072145 -0.185963229550465 -0.104982970817128 0.964083554781848
1464104848.22289  -5.99372688329624 -0.438865292958857  -0.12975832472502 0.157285437042004 -0.192448188169778 -0.117450585892541 0.961473008481348
1464104848.38946  -6.05241919360305 -0.431638771185523 -0.135822876028588 0.159620701729417 -0.199239358161806 -0.122547124180618 0.959065749619775
1464104848.52284  -6.10617175606581 -0.428497407180376 -0.144106806836193 0.157593252569904 -0.216762976619681 -0.133486025570607 0.95412769569318
1464104848.65855  -6.15488039337156 -0.426892334057548 -0.154380857336573 0.144719068527534 -0.228804131198794 -0.139565384612181 0.95248441675911
1464104848.78943  -6.19553971499058 -0.425223108911866 -0.168029001707416 0.144101265768583 -0.245968607836023 -0.150097849028021 0.946680994253218
1464104848.9241  -6.23306940989001 -0.421823428042321 -0.181857597826642 0.144591886932523 -0.260711970465283 -0.163873789410342 0.940355164729634
1464104849.0894  -6.27206737346659 -0.416660791812694 -0.194454902786939 0.144376841223349 -0.26243788219702 -0.168289666028981 0.93912740031061
1464104849.256  -6.31550818587924 -0.412264860641876 -0.206983881562461 0.141154931133181 -0.255054917857409 -0.160746816456357 0.942964864293831
1464104849.38931  -6.35360694614683 -0.410698384419176 -0.217540518255537 0.139719803825418 -0.253238442402693 -0.154748005637482 0.944670165962526
1464104849.52264  -6.38646664991118 -0.410596225077929 -0.225146227312667 0.131205174474984 -0.243555761775244 -0.149239932530607 0.949311980138948
1464104849.68921  -6.42318562436483 -0.410646162651411 -0.231195040825762 0.115593451731167 -0.228937860022917 -0.145020227266372 0.955612235087335
1464104849.85584  -6.45725678034794 -0.412101256395785 -0.236992274611569 0.111067335727694 -0.220621456005416 -0.137266217758019 0.959243559033268
1464104850.02264  -6.49343583083424   -0.4121286988202 -0.239023821963881 0.11325924948864 -0.211728034887826 -0.133938284775171 0.961459368626306
1464104850.15773  -6.52647830363398 -0.412740267608079  -0.23781560442765 0.103547122366406 -0.203812700325415 -0.125188536146023 0.96543576018983
1464104850.28924  -6.56290514954581 -0.415663582149569 -0.234799118953341 0.0895311475348895 -0.194489311185639 -0.115454655783629 0.969963042550336
1464104850.4225  -6.59639344918541 -0.419371807799374 -0.230760051086676 0.0727095942165848 -0.182742919378535 -0.110351036975429 0.974238671458035
1464104850.55586  -6.62498998063595 -0.422245813353254 -0.228883862229781 0.0655076239936756 -0.174113280402009 -0.111536707243459 0.97619305453565
1464104850.68922  -6.64922923995033 -0.424080983241316 -0.228882730604499 0.0577104577683072 -0.158793954035251 -0.109178308675617 0.979558104525074
1464104850.82254  -6.67416368601261 -0.424303933754807 -0.228958469980643 0.0514219643842017 -0.137259609438672 -0.102836206755049 0.983839568108463
1464104850.95572  -6.70278255122722 -0.424739531372813 -0.228046372114048 0.0531296937733605 -0.119696882226183 -0.0995063507301869 0.98638145673428
1464104851.0557  -6.72560583377753 -0.424884954032995 -0.227097516176269 0.0482267938084829 -0.100684019330627 -0.0896321265000653 0.989698432104174
1464104851.15824  -6.74778125543817  -0.42577573467828 -0.229131974690501 0.0467981261186107 -0.0802866418844096 -0.0800297854197173 0.992451119185416
1464104851.25569  -6.76865677429694 -0.427271702597027 -0.231279993567504 0.0389794885298852 -0.0548704663088978 -0.0686405704934179 0.99536842600282
1464104851.38912  -6.79281174004195 -0.430214774835328 -0.231318016024758 0.0314477999989648 -0.0217384340710109 -0.0517452337758033 0.997928307615759
1464104851.52242  -6.81818747182872 -0.432163147106368  -0.22908472416618 0.0294414474206806 0.000270354916336689 -0.0497951772776513 0.998325382028265
1464104851.65894  -6.84024197180526   -0.4338166316514 -0.222862051653576 0.0239469926202478 0.02271779155367 -0.0436215736189318 0.998502679919477
1464104851.75571  -6.85795360263768 -0.435763227625706 -0.214820999700894 0.0243086077079439 0.039955005491407 -0.0408896260016544 0.998068498457359
1464104851.85558  -6.87540281259581 -0.439465383442702 -0.204393329402318 0.0232526161256476 0.0611347350266595 -0.0330123563308693 0.997312410604629
1464104851.95571  -6.89415802433596  -0.44458592529062 -0.192023119227841 0.0189385802533445 0.0828846932348078 -0.0172881551538566 0.996229179203629
1464104852.05572  -6.91531421797275 -0.452725849435687 -0.178422469789801 0.0157208334322077 0.105350010740126 0.000792847506155839 0.99431061647057
1464104852.15873  -6.93490203803323  -0.46184213384319 -0.165573829352421 0.0108276081296167 0.130662737437666 0.00946696684671147 0.991322545131609
1464104852.25561  -6.95402855161308 -0.471037344680144 -0.152260791361165 0.00461483143655384 0.151269626883898 0.0211665848337712 0.988255118377685
1464104852.35563  -6.96975410435108 -0.479344489986316 -0.139708512571297 0.000286801657693532 0.173520829263621 0.0299836739293334 0.98437361751226
1464104852.45655  -6.98284272001684 -0.485427686882471 -0.125971977714244 -0.00644625245722144 0.198186672704725 0.0365482174327826 0.979461442014934
1464104852.55565  -6.99572543119373 -0.490706251031531 -0.110862295381059 -0.0114309546119865 0.216345277792744 0.040191817381943 0.975422304373329
1464104852.65767   -7.00950723558743  -0.495943794974082 -0.0943070583938372 -0.0156297807541529 0.241047101868423 0.0436075544069068 0.969407234258678
1464104852.75561   -7.02124161472265  -0.502579478710347 -0.0776182657686472 -0.0162759042094971 0.266933484564685 0.0491605551446035 0.962322632789125
1464104852.85556    -7.0334151279162  -0.509117385851383 -0.0600801269459892 -0.0223055938230613 0.296578759782216 0.0629119866228769 0.952672861831073
1464104852.95571   -7.04537564649548  -0.516854408753881 -0.0417943125779166 -0.0278152001973959 0.325431880924284 0.0760647745240514 0.942090524096632
1464104853.05567   -7.05553840357964  -0.526311352317779 -0.0226600495413871 -0.0342730264982826 0.358308189766737 0.0935832226506243 0.928268700990751
1464104853.15774    -7.06310173598661   -0.537690403692629 -0.00569722068404268 -0.0361517391440885 0.385875513274082 0.108892768549605 0.915388171744601
1464104853.25564  -7.06778551813768 -0.548543443595298 0.0123714108487503 -0.0344161362427126 0.411563197949446 0.119427312441035 0.902866756893208
1464104853.35558  -7.06923111152077 -0.557848630820239 0.0318861258397011 -0.0342387984415075 0.434660597286226 0.12224704800349 0.891601665040221
1464104853.45559  -7.06920573837109 -0.565193436347571 0.0546308631866835 -0.0337476646105901 0.458884137550798 0.12986450438722 0.878306127690029
1464104853.55552  -7.06689572535073 -0.569785537300649 0.0774393587109747 -0.0349191844275247 0.476781649788637 0.136978274463176 0.867581040196726
1464104853.65804  -7.06452436662769 -0.574618087347795  0.104214919318776 -0.0415242048512191 0.492478024038122 0.140164749229248 0.857959777218305
1464104853.75547  -7.05956018327144 -0.581684870985746  0.133361029580055 -0.0510380015407211 0.511615821063223 0.154552356697748 0.843657479713009
1464104853.85541  -7.05100273608742 -0.591957205717788  0.161992170389684 -0.060576957530942 0.527449733810418 0.169156147114282 0.830369440919561
1464104853.95535  -7.04234859806387 -0.603993130078288  0.185088216749893 -0.0640141571482097 0.545127716237216 0.181970581533159 0.815858240217677
1464104854.05547  -7.03344215162758 -0.616556190054919  0.206898594470253 -0.0601653698756026 0.561880964559843 0.187997111472918 0.80332247323903
1464104854.15767  -7.02500668914054 -0.625247778801478  0.227613996986474 -0.0650383911393071 0.580615852742897 0.194078117262863 0.78802850432034
1464104854.25546  -7.01697073719673 -0.631255868099535  0.249808794973513 -0.0697674966423208 0.598485407816476 0.199353437272821 0.772790993794908
1464104854.35544   -7.0089412968066 -0.635140825631569  0.272313328182324 -0.0738539155111542 0.619210284691231 0.21101633533019 0.752725932009847
1464104854.4554  -6.99728557124241 -0.642191646559093  0.296649690835199 -0.0757891352452786 0.645381679946928 0.21657942300114 0.728582080276579
1464104854.52209    -6.989038011479 -0.647261658493299   0.31031540513884 -0.0732750509909044 0.666972848245089 0.22532534314129 0.706403904536472
1464104854.62211 -6.97927025970761 -0.65502425925365  0.33084710153321 -0.0770554136323702 0.69230856388949 0.235689935560324 0.677658889022188
1464104854.72195  -6.96896398735966 -0.662733564053136  0.349347168839008 -0.0810229086468787 0.715755592288369 0.248207262158707 0.647705469634158
1464104854.82201  -6.95875720501355 -0.670382401698351  0.365923043049946 -0.079733474968136 0.735078154076431 0.261376033008451 0.620471796085734
1464104854.95534  -6.94082154757128 -0.677384102635607  0.386857057510467 -0.0838660905855051 0.755164141313186 0.265268442085404 0.593570764238102
1464104855.05537  -6.92538841079313 -0.679572972903366  0.401035831401011 -0.085279892789261 0.7697224898478 0.270807280492234 0.571767474888836
1464104855.15794  -6.90757950350974 -0.679926050844123  0.414713066504783 -0.0868554473531346 0.784955325209114 0.2754601916391 0.548108521657063
1464104855.25522  -6.88620979535924 -0.681267174644734   0.42884082821458 -0.0857350754619564 0.79847486678776 0.278990046096405 0.526547185086891
1464104855.32611  -6.86934793745399 -0.682633994255986   0.43822302810867 -0.0831660982760927 0.806774723368624 0.285337631380585 0.510666605476733
1464104855.38861  -6.85105088803467 -0.685484400792162  0.446137264743357 -0.0798480197386526 0.817152699579896 0.287921468785235 0.49293710260606
1464104855.49158  -6.82371410147784 -0.688882367045439   0.45770956803437 -0.083642633464349 0.827819297380711 0.297405562607082 0.46826173459041
1464104855.58864 -6.79675492864427 -0.69321614831648 0.465725373890335 -0.0846165648871519 0.840241150305562 0.300551547954807 0.443287280780594
1464104855.68856   -6.7757487882741 -0.696196945716725  0.473000246278705 -0.0862827671258107 0.851903148158567 0.308454041515667 0.414333699483023
1464104855.78865  -6.75444174005791 -0.697921619182054  0.479125631392487 -0.0889584177150573 0.862994438856844 0.311765823703504 0.387464926916322
1464104855.88864  -6.73311772186798 -0.697150009176339  0.485394396841132 -0.0943793507886658 0.872785163075474 0.312007954093545 0.363303776256713
1464104855.99117  -6.71259447093255 -0.695593568051128  0.491998841962079 -0.0990658169823158 0.881999138735913 0.313266456048725 0.3378277825896
1464104856.08842  -6.69024530419522 -0.695326986891837  0.497584190000779 -0.0979537943204287 0.892204226713561 0.317656372331139 0.30573043867124
1464104856.18858  -6.66790917921915 -0.696189065937557  0.501916258516549 -0.0960076757469255 0.900124931682377 0.322416668393145 0.276776309505951
1464104856.28852 -6.64929160718056 -0.69856556844368 0.502575448915573 -0.0931118232691976 0.909905989412361 0.326793959655925 0.23792222832556
1464104856.38856  -6.62856479355034 -0.701763726699796   0.49949106320578 -0.0865915711548617 0.919351407484152 0.323030790332349 0.207234161901696
1464104856.52169  -6.60113919732753 -0.701788947184524  0.492370275219853 -0.091650706450783 0.926724662370787 0.31468028343587 0.183733141750594
1464104856.62256  -6.58199949664372 -0.696196013917759  0.483932577887282 -0.0957905243742311 0.931678478847798 0.314731584776107 0.154088990639449
1464104856.72269 -6.56288830246446 -0.68746143351873 0.472805900770265 -0.097600184620556 0.934573381114452 0.316810649847881 0.129142601093901
1464104856.82549  -6.54318165162826 -0.676143774966158  0.458050983591699 -0.100824792277115 0.935807795333599 0.320599225319314 0.106368548828127
1464104856.92179   -6.5225087338034 -0.666358657831077  0.438978322872493 -0.0972925587321483 0.93891783680934 0.320918819630187 0.0773211804345288
1464104857.02171   -6.4994704913811 -0.658752578488691   0.41860342647817 -0.095786784517747 0.940649176387463 0.319926357280434 0.0604247034797031
1464104857.12197   -6.4791177323596 -0.652747331511222  0.397262744199409 -0.0991732261597789 0.942532038866296 0.316226448181547 0.0424129743602958
1464104857.2217  -6.46129717643105 -0.648061777435814  0.379211548820627 -0.0986877733956931 0.943842991981843 0.31405784960978 0.0280855295026392
1464104857.32346   -6.4471823072187 -0.641260543988325  0.362498209632663 -0.100640197948983 0.943031449208887 0.317081447652386 0.00475309524877269
1464104857.4216  -6.43513776280663 -0.633430746946235  0.344790301655156 -0.102799978144293 0.943144238580839 0.315480063020517 -0.0195816128516782
1464104857.52275  -6.42350451458969 -0.624241891421769  0.328027674393775 -0.10712126915902 0.941906353847202 0.315969057084908 -0.0387428605152588
1464104857.62247  -6.41053730181299 -0.614180092953553  0.310632727696074 -0.11169575438445 0.940759443075368 0.314736680491733 -0.0586221005257893
1464104857.72181  -6.39641742791518 -0.604651375995754  0.292195393040336 -0.113073130816617 0.939562932384174 0.313010201089871 -0.0803777157591515
1464104857.82388  -6.38115055045454 -0.595634408310676  0.273030633671049 -0.114350161491053 0.938850025043047 0.310172674350522 -0.0963202114298139
1464104857.92167  -6.36752768042279 -0.587950776394421  0.253293898193689 -0.114479092191972 0.936499473744299 0.309678720663072 -0.118162443678335
1464104858.02157   -6.3567324267814 -0.583375816208297  0.232969508497782 -0.115798676982558 0.936579897451267 0.302055379717814 -0.134801000303374
1464104858.12168  -6.34934621117932 -0.578704218233782  0.214654272739262 -0.114930893833897 0.935909782047982 0.296470215207101 -0.151555867601672
1464104858.25501  -6.34259723133272 -0.570539966550899  0.191497952388352 -0.119092373357103 0.934083092549062 0.29388178052236 -0.164131903964952
1464104858.42169  -6.33820607222886 -0.559611465167441  0.161603948443475 -0.118633111106756 0.930686525066584 0.293406363407506 -0.183470659563324
1464104858.58835  -6.33314822832885 -0.544480134133597  0.124151040714321 -0.114276280719354 0.928532990612826 0.293794905146919 -0.196091740566161
1464104858.72162   -6.3260915439533 -0.529875654669929 0.0880128588398448 -0.112451130269577 0.929280439537385 0.289746578972956 -0.199598416746648
1464104858.85482    -6.322045354662 -0.516252669435906 0.0522700780750501 -0.117649709864663 0.927350540864671 0.287646579716222 -0.208420165301542
1464104858.99015  -6.32274187174738 -0.506373873614591  0.018730528147406 -0.121538333615909 0.923669473081195 0.286457312836443 -0.2236187511867
1464104859.15719    -6.3259187591728  -0.495559218327925 -0.0190595855916378 -0.127414324865715 0.920002055475029 0.283045395049351 -0.239263687345348
1464104859.32445   -6.33465839517406  -0.480211682339546 -0.0558440971608828 -0.129738244544787 0.910873488152485 0.284784809701022 -0.269026185801521
1464104859.49029  -6.34537676171199 -0.462111916209274 -0.096997789249264 -0.134635682009259 0.899740440250263 0.284746356380264 -0.302092512049418
1464104859.58816  -6.35441359348893 -0.451962057382733 -0.124152957021171 -0.131893711680132 0.889477956965893 0.281400327772707 -0.335032637843587
1464104859.72141  -6.36450319751976 -0.442272166223312 -0.162700391335096 -0.135656470433132 0.88005341868917 0.271734075660311 -0.365053276123042
1464104859.88866  -6.37872603270606 -0.430971342476295 -0.201243607212084 -0.139120152813453 0.864702121006114 0.270445228465227 -0.399743922291609
1464104860.08803  -6.39912831594253 -0.418189698735325 -0.234188487092389 -0.144344413510888 0.845830439905456 0.275321611992727 -0.433513053075991
1464104860.25542  -6.42281092883561 -0.414014020433397 -0.257762127517013 -0.156527221548499 0.831766518449832 0.259363831604154 -0.465181782269861
1464104860.42135  -6.45528157220384 -0.410003440609149 -0.280079989779605 0.15646100727058 -0.813322924464463 -0.243318134459987 0.504799028512695
1464104860.55558  -6.48774006410676 -0.406097715492266 -0.300855055308715 0.159862992312456 -0.795843098706217 -0.230526782051396 0.536595740467275
1464104860.68802  -6.52439673453491 -0.402682485018119 -0.321845714930237 0.158708214001302 -0.780021527404721 -0.22054318714704 0.563683264073672
1464104860.82335   -6.5606958046749 -0.401199159407418 -0.344994095906395 0.160675779838476 -0.764823258229675 -0.213750283636007 0.586122422101192
1464104861.05456  -6.60958608688191 -0.404040135182244 -0.382932117142568 0.170909600342889 -0.754223542776512 -0.201767549923843 0.601021307301173
1464104861.3239  -6.66432055956945 -0.400055852486885 -0.419793292676933 0.179322943682622 -0.741471346530256 -0.189935293920168 0.618051865353601
1464104861.55451  -6.71867330091838  -0.38451101499537 -0.459443546228668 0.186337530074069 -0.738112607466893 -0.184551137780733 0.621618034751371
1464104861.75454  -6.76814958886372 -0.377680676454165 -0.504000936429036 0.196811850424911 -0.739479597966927 -0.174937640575151 0.619541638336758
1464104861.95445  -6.80900488748203 -0.369027677307031 -0.546546685938905 0.197330671774707 -0.744685726654033 -0.17458284526786 0.613208451207969
1464104862.18797  -6.84912970411958 -0.353470757904083 -0.589920604574903 0.182526631606021 -0.744961957993287 -0.179036566672415 0.616166874873619
1464104862.42107  -6.88991762048639 -0.332596979079437 -0.643519126697565 0.179571687732199 -0.753072940869003 -0.171521301122751 0.609274649035293
1464104862.62105  -6.91981542415183 -0.317922484603529  -0.69997244805081 0.185116525736707 -0.765376043285886 -0.163204630622586 0.594386770383189
1464104862.7878  -6.93471480112741 -0.304836879123806 -0.746431702702294 0.191558913746726 -0.774925228827826 -0.169984980533876 0.577841828429903
1464104862.95447  -6.94064881409443 -0.287053822021144 -0.794605793069861 0.198361277421082 -0.786150337969309 -0.172309850250902 0.559401256020336
1464104863.12119  -6.93886135748337 -0.265539436710021 -0.847363386504918 0.199459187115682 -0.79323033748479 -0.167131793808518 0.550516691724479
1464104863.25451  -6.92903962035589 -0.250499954187322 -0.895576392141617 0.197849678955762 -0.798356116388685 -0.154054304538822 0.54749455450711
1464104863.38773 -6.91329977609974 -0.23304075102019 -0.94199684644118 0.188381704463815 -0.803269856772454 -0.156821801584397 0.542841407016721
1464104863.52106  -6.89261750832678  -0.21793117953362 -0.985202801120199 0.178466112192394 -0.810006509136041 -0.15731083397247 0.535996831586775
1464104863.65746 -6.86941882579875 -0.20358329010397 -1.02590726024088 0.18055079064784 -0.822613976719837 -0.156769004532409 0.515878994066955
1464104863.78765  -6.84706665699891 -0.187023500182192  -1.06528291627737 -0.179950038994566 0.833753152194716 0.159866130233283 -0.496906917918703
1464104863.92097 -6.82413659662444 -0.16808892763861 -1.10639650604087 -0.169689650312021 0.844558201151104 0.163604029253375 -0.480791627482693
1464104864.05446  -6.79780731363651 -0.151571419985555  -1.15294055914819 -0.167730146955737 0.854558925439948 0.158556056891072 -0.46524790980324
1464104864.18805  -6.76974308167709 -0.136696518606054  -1.19776420067538 -0.165337570580801 0.862746583760752 0.161206938781528 -0.449826792056986
1464104864.3214   -6.7396405996941 -0.125707424929006  -1.23704908629019 -0.163479547951697 0.871657446902807 0.163591315729186 -0.432117592882287
1464104864.48761  -6.70454601425602 -0.109407174865195  -1.27615391154456 -0.160138572687295 0.879501563511421 0.172225864680618 -0.413728037306701
1464104864.65425   -6.66827210998017 -0.0915680395638363   -1.30878022933124 -0.167502718334297 0.885558369100072 0.17344141891647 -0.397048219328185
1464104864.85424   -6.61739368713006 -0.0721863651674019   -1.34190857953376 -0.169003103756313 0.889935986118484 0.174232526853723 -0.386128111017859
1464104865.05403   -6.56324736075207 -0.0561744659824843   -1.37023789980318 -0.159890231007498 0.893996345664897 0.179830012772563 -0.377977267137058
1464104865.22082   -6.52247242248217 -0.0438161802712484   -1.39080651186756 -0.161101393759897 0.89976281851907 0.184620635509187 -0.361093384435967
1464104865.38833  -6.48533707452638 -0.030283745299997   -1.4096191259993 -0.173226864463718 0.907135736040784 0.179947494527551 -0.33869766612581
1464104865.55423   -6.44832003171567 -0.0134906679503366   -1.42538083641842 -0.17188769367664 0.915953117502916 0.188851960956121 -0.309547159803224
1464104865.7208     -6.4073385032238 -0.00250937483075151     -1.4434055997855 -0.170757548649097 0.926347510107587 0.187438662688162 -0.278547837590778
1464104865.88743  -6.36985699542605 0.0054937886643447  -1.45469665537863 -0.163630116979571 0.934691615279329 0.198269194544842 -0.24549153883242
1464104866.08734  -6.32567165943335 0.0119378340226759  -1.45626895118931 -0.161185132500455 0.9407410634363 0.204896366093883 -0.216894176471088
1464104866.2879  -6.27644603143573 0.0170128415137606  -1.45110281847826 -0.167368844716544 0.944551766542723 0.198127115301538 -0.201383406271624
1464104866.49009  -6.21207449228799 0.0210677693237586   -1.4357837117059 -0.158833812005819 0.945388281328665 0.203054472393922 -0.199453500673613
1464104866.6558  -6.15338735599026 0.0238137922791616  -1.42011416568228 -0.162090727170819 0.946237992445655 0.211073399047731 -0.183870275009556
1464104866.82316   -6.1012439346494 0.0264736346290409  -1.40383302943688 -0.163059147800331 0.947862984756073 0.221340771429452 -0.161169908329544
1464104867.02063  -6.0467352998231 0.028549268627061 -1.39085722708974 -0.164182142478776 0.954213002123659 0.213316735235764 -0.130452064520225
1464104867.22323  -5.99920264400218 0.0328974005329681  -1.38304620494613 -0.157829714015604 0.959221817599897 0.211231344836196 -0.101806703967832
1464104867.38722  -5.95932922403516 0.0390573426392432   -1.3828807341113 -0.158178245298772 0.962965140320121 0.204538523397608 -0.0764314967063776
1464104867.58722  -5.90693847736665 0.0522896420142432  -1.38893398634246 -0.165299664151621 0.961327384186894 0.212257788402174 -0.0589263328772774
1464104867.75392  -5.85301961000938 0.0607345295897522  -1.40396535900851 -0.160369247494848 0.962263743031002 0.211889011466743 -0.0585938574045903
1464104867.92045  -5.79626582598453 0.0599749139155879  -1.41909559813976 -0.157208268905847 0.964194746367581 0.207769353362003 -0.0494565169448682
1464104868.054   -5.7523394029857 0.0582611224859689  -1.42418212193817 -0.148483322331534 0.96600213364043 0.208937015289273 -0.0337328390968933
1464104868.18718     -5.70401903408 0.0593749906191285  -1.42700015585047 -0.151327523091201 0.966773898076997 0.205446751747974 -0.0154868637333859
1464104868.32477  -5.65435508498895 0.0652412015309654  -1.42726187454054 -0.153572911522596 0.966882262769154 0.203790915797257 -0.00482839801471547
1464104868.45382  -5.60540817237159 0.0716916793729372  -1.42487392817347 -0.153843777677884 0.96599751126047 0.207670359539319 -0.00734316533826544
1464104868.58712  -5.55195215794562 0.0749435336769402  -1.42237857495639 -0.156697232954277 0.96509548431184 0.209847718136748 -0.000786471974842266
1464104868.72032  -5.50300466480196 0.0791533168190461  -1.41827108900675 -0.149464687624033 0.963609645025758 0.221621016971235 -0.000940214559533337
1464104868.8538  -5.45168497929296 0.0807129052580311  -1.41264054650922 -0.150489307679988 0.962959029403929 0.222597999677971 0.0226496468583094
1464104868.9898  -5.40234922539087 0.0837713747973207  -1.40678263043385 -0.150304338080311 0.963564566226053 0.216439314428876 0.0458906944531952
1464104869.12026  -5.35377120002943 0.0891611353258938  -1.40226701422874 -0.148710816908622 0.964432732527182 0.209315235196912 0.0627831958328434
1464104869.25405  -5.30546516435724 0.0957232788997496  -1.40286333938175 -0.140834146532996 0.964869647331459 0.210909228891635 0.068626554606254
1464104869.38705  -5.25508307635724 0.0960412073353954  -1.40807167340561 -0.135304862290413 0.968106845384132 0.201329428702897 0.0626752845954588
1464104869.52041  -5.20346714961884 0.0961207232411626  -1.40686805155473 -0.132654296814192 0.965380133121676 0.207308277614166 0.0864136224408795
1464104869.62038  -5.16645003375962 0.0960512907250896  -1.40140426808267 -0.135676796845794 0.96301982428956 0.208755281945155 0.102984741991074
1464104869.75372  -5.11849554937189 0.0955755081219041  -1.39288545812964 -0.137165583968459 0.963498351254558 0.200511377216271 0.112479852912304
1464104869.88695  -5.06629030087423 0.0950180067655056  -1.38613371590849 -0.135168448497616 0.967414103817742 0.176319853395363 0.121452672115109
1464104870.02013  -5.01382671636195 0.0921325008716215  -1.37737801663018 -0.133516228908172 0.969106938057843 0.164694023889012 0.126019989372868
1464104870.15605  -4.96076875439359 0.0905669875775584  -1.36637476733323 -0.125134919542042 0.967413092769794 0.176859449749873 0.131049207868493
1464104870.28692  -4.91078874167132 0.0859532956429992  -1.35634064290794 -0.112637346575774 0.966737682377158 0.18451400245921 0.136695517574253
1464104870.4201  -4.85623514166721 0.0825772415017522  -1.34845779977258 -0.106814382667741 0.96523720691838 0.182800795754831 0.153269994151217
1464104870.55354  -4.80254049836843 0.0858210868468022  -1.34168075740124 -0.10466914904396 0.960918835665581 0.186169502968632 0.176125741065666
1464104870.68682  -4.74712238843452 0.0940080838537614  -1.33938690419186 -0.103186132281262 0.955714124600395 0.195301400632616 0.194474926546002
1464104870.78683  -4.70416902419716 0.0971316401457137  -1.34225944896019 -0.0993872251320917 0.954443323241129 0.196117814815707 0.20173726704029
1464104870.92028 -4.64488149947363  0.10016936196074 -1.34834629861544 -0.0956930167062735 0.95198088166722 0.202065236326191 0.209152785690738
1464104871.0555  -4.59167621118534 0.0992836682037542  -1.35250201092682 -0.0982158160098349 0.948159861544359 0.207427667440155 0.219818773588703
1464104871.18773 -4.53979330268338 0.101557774096075 -1.35377649710164 -0.101741341617226 0.943547160917898 0.212491429662035 0.232840818693557
1464104871.32002 -4.48692244012143  0.10757952126664 -1.35315287834045 -0.0998018346823727 0.943275551924293 0.21000061627579 0.237003308204213
1464104871.45397 -4.42969340623583 0.115666448393673 -1.35189698044936 -0.104695110672284 0.942386185953032 0.208965538902798 0.239333687301387
1464104871.5868 -4.37207630697973 0.122672780092481  -1.3500462072342 -0.115926396432421 0.93991880397198 0.216901207455268 0.236785934452457
1464104871.7201 -4.31868729830001 0.125577688126739 -1.35059855198743 -0.108394542807904 0.940344870628459 0.234656495582365 0.221220425036241
1464104871.85333 -4.26615333352816 0.125084410477644 -1.35078187689233 -0.102246220058392 0.939467891746254 0.238757717194396 0.223473809073324
1464104871.9896 -4.21354046221766 0.130566443934642 -1.35194378607288 -0.101712272394194 0.939654070183395 0.236802190400566 0.225010143446206
1464104872.12012 -4.15769951486982 0.142145012611943 -1.35279701345318 -0.109405872525954 0.937343446609772 0.232724600191805 0.23506781706587
1464104872.25333 -4.09905395599462 0.155368441011535 -1.35749087209251 -0.109660667787837 0.935348193317901 0.23704214024081 0.238556741567536
1464104872.38668  -4.0387877953857 0.162777887485196 -1.36340183820412 -0.110358804227379 0.9325687365356 0.247640984522785 0.23834938378457
1464104872.48871 -3.99397221520656 0.162390159086215  -1.3656334996035 -0.110512549429968 0.930255528576278 0.242847096920564 0.251866860640721
1464104872.62006 -3.93865155049939 0.165815433496512 -1.36581971850084 -0.116932006595886 0.926235323226607 0.245135802338691 0.261387586263253
1464104872.75632 -3.88171999388054 0.172833122002635 -1.36567648884619 -0.127416313134197 0.924169223952825 0.240850260638712 0.267707826923282
1464104872.88669 -3.82499835802969 0.178760332481381  -1.3662527141245 -0.130365247663204 0.927668459099264 0.230412449801397 0.26333673342439
1464104873.01992 -3.76589439888803 0.184746429428589 -1.36725403092191 -0.125727583421814 0.931251536575234 0.233678974258592 0.24971441164384
1464104873.15571 -3.70814107099163 0.191225914876217 -1.36793313960446 -0.123185112333365 0.930756599572336 0.245093309139998 0.241757833930493
1464104873.32255  -3.6450912083858 0.200043490830315 -1.36860800726815 -0.128757729031029 0.926558169276952 0.259593187140135 0.239839078032213
1464104873.49003 -3.59046752464649 0.213342628164799 -1.37026808392806 -0.13746612559833 0.923586929154688 0.264193353446794 0.241437612235821
1464104873.65486 -3.54003455637627 0.233106397744378 -1.37111855258225 -0.147940447133224 0.91825628995837 0.282058719376108 0.235291072669196
1464104873.78655  -3.4889948638639 0.249354429799619 -1.37911139446815 -0.14495685649066 0.919310637863688 0.291689814003207 0.220844998299213
1464104873.91983 -3.43999939267191 0.262475149849844 -1.38840242607854 -0.140190050888875 0.918244781673041 0.308234819813103 0.205340123738123
1464104874.05309 -3.39701516367264 0.272858735732169 -1.39577838855331 -0.144542204680454 0.919389416796199 0.303936380854082 0.20360090309864
1464104874.21975 -3.34836587721534 0.292221240067267 -1.40047900805268 -0.151456309963908 0.914503874677836 0.327340131760498 0.183281443442487
1464104874.35304 -3.30682557150554 0.305656904649372 -1.40674863987563 -0.167327312199982 0.915130456566855 0.319730275632846 0.179750852291203
1464104874.51975 -3.25358596092613 0.323990686766499 -1.41649913051873 -0.172418160038033 0.916879069381815 0.317278743075782 0.170114518518813
1464104874.68649 -3.20251935231281 0.339242323097946 -1.42386009547491 -0.175397646884954 0.912344122104062 0.33149201619012 0.164246496253643
1464104874.82266 -3.16418258747616 0.349674154373937 -1.43289140193022 -0.180183003684872 0.909357188443252 0.333274961806295 0.171846992533163
1464104874.95302  -3.1284485998114 0.363341444409048 -1.44552453767437 -0.192944213744406 0.905078045787696 0.329198770412509 0.187708366820904
1464104875.08642 -3.08922034143522 0.382750166485611 -1.46132316605328 -0.203719681535364 0.899197765235343 0.326525880032713 0.208140625587024
1464104875.25303 -3.03941896726262 0.410061593763897 -1.48896897056365 -0.213488096448045 0.890671629007277 0.324053747366779 0.236888266433908
1464104875.38638  -3.0000235939784 0.430269433070596 -1.51330773623863 -0.221205985124173 0.878616434759322 0.325440223926817 0.270536011219441
1464104875.55301 -2.95755602542965 0.447340056307407 -1.54011733727525 -0.226809080936431 0.868118119562836 0.322304256217164 0.301742502335615
1464104875.68639 -2.92582758774616 0.463414791400327 -1.55355532198097 -0.236478280380103 0.853999117583478 0.321075576970383 0.334176605926036
1464104875.85367 -2.88865973371813 0.489060300521341 -1.56762174428197 -0.247131731665793 0.835575740747524 0.325584537941644 0.367061026712751
1464104876.02268  -2.8505351340222 0.511338574965306 -1.58333551411837 -0.249858033705812 0.826011631917178 0.321035751682425 0.390143298125042
1464104876.18683 -2.81684419278421 0.528238758462305 -1.59049574284124 -0.256632000282222 0.810289014492352 0.320848557669051 0.417885070881754
1464104876.35292 -2.79280270599247 0.538600056124497 -1.58659654492143 -0.263938677156118 0.78635113987744 0.323965996401898 0.455010211632502
1464104876.51958 -2.77245106291506 0.543545976133005  -1.5822298472907 -0.267329845920261 0.768428953710472 0.316599847452698 0.487664057700183
1464104876.71955   -2.749661943786 0.551560587487698  -1.5760936669507 -0.26983432723239 0.747135227402289 0.312871361552934 0.520662941778639
1464104876.8862 -2.72667124349768 0.555655660576598 -1.56959942973566 -0.264361559900904 0.739068170464577 0.292049835443279 0.546441303957211
1464104877.08603  -2.7075442212005 0.554198891286745 -1.55161160942569 -0.261654116598687 0.7279316133002 0.280793052720675 0.568161905770647
1464104877.25283 -2.70068136214028 0.548062903550925  -1.5282972125647 -0.265323389380357 0.716867855375449 0.273234151857484 0.58399235888481
1464104877.38613  -2.6962818203469 0.541266474072883 -1.50061359330447 -0.264166753259668 0.707586384932118 0.267007186720742 0.598535376206299
1464104877.51961 -2.69207760496974 0.530605201736708 -1.46839907111887 -0.263469614470267 0.703966561822293 0.261361167048816 0.605561873342328
1464104877.61947 -2.68903365548198  0.51999562048422 -1.44234655419535 -0.261222091030196 0.703200699601922 0.255430005956676 0.609940412904532
1464104877.75277  -2.6890795553184 0.507939721975978 -1.40631087566347 -0.258578224387207 0.699344726205317 0.256485435581962 0.615036159210092
1464104877.88594 -2.69116737160733 0.495760870046439 -1.37030838248701 -0.261260137808478 0.691924091008555 0.254593782531207 0.623029853675354
1464104878.01935 -2.69303616744021 0.484398456530972 -1.33611297393853 -0.261870709453234 0.684374211836213 0.246360285257467 0.634320328818083
1464104878.15562 -2.69281819561509 0.475148342936103 -1.30416577463137 -0.263895799486354 0.673999387954113 0.231369235497606 0.650040082545832
1464104878.28606 -2.68951281393118 0.466517597401075 -1.27459339382156 -0.262705212315381 0.664446821606758 0.219134519605028 0.664436945839469
1464104878.41951 -2.68060577529426 0.456998521512224 -1.24594183152824 -0.255723338101402 0.653483215692422 0.208814515730386 0.68114738432945
1464104878.55259 -2.67015201539036 0.446118568931594 -1.21831076082144 -0.249885337683467 0.64191808774534 0.202195251984786 0.696143352127272
1464104878.68591 -2.65847721486253 0.435015697851577  -1.1895157631477 -0.251201469844435 0.63133443274542 0.202994919946279 0.705058662845878
1464104878.82127 -2.65191650778778  0.42315064701782  -1.1649268674248 -0.250128112879849 0.625883588041528 0.208392557531659 0.708715883364302
1464104878.91968 -2.64909033233931 0.415056524630617 -1.14514909705215 -0.252452394143528 0.614780883898402 0.197927630570741 0.720511558922514
1464104879.05249 -2.64625065271151 0.404779052362663 -1.11643137837665 -0.254109667452117 0.609252011572785 0.186763401890414 0.727571092757408
1464104879.15477 -2.64625889788789   0.3981353164807  -1.0913971395824 -0.255892164742623 0.602723433110505 0.185478425330075 0.732694627344773
1464104879.25252 -2.64777627504151 0.390742018273345 -1.06467013470682 -0.259992970358928 0.600637181514132 0.186312348004092 0.732752577974246
1464104879.35258  -2.6506685407597 0.380593056383244 -1.03483140105067 -0.263023967002562 0.599393354505833 0.188291396581551 0.732183275778578
1464104879.45257 -2.65275435326764 0.369668796209679  -1.0041824792443 -0.257644481243379 0.595221580866082 0.202670229367945 0.733658891504803
1464104879.55246  -2.65574678295579  0.357287284397451 -0.975062689305699 -0.252463650195971 0.593021560117397 0.216896234697265 0.733173620597334
1464104879.65497  -2.65829297652519   0.34703919981146 -0.946457967195451 -0.249532382520209 0.585416751271817 0.22655454117404 0.737355990873852
1464104879.78608  -2.66042464843765  0.336928623450286 -0.915194458222937 -0.246142256224215 0.577770812509289 0.23214109602145 0.742768732144245
1464104879.91917  -2.65867117789753  0.330407801674087 -0.886445000330655 -0.249512449956881 0.567431071147218 0.226099994879619 0.751428179621094
1464104880.05247  -2.65261557891626   0.32557698098199 -0.858837909108534 -0.249385076424474 0.561175663240983 0.226950393737299 0.755898457086193
1464104880.18573  -2.64232060592856  0.318583236234129 -0.828192676781821 -0.244732285839756 0.556724878548136 0.237436276685132 0.757487645039253
1464104880.28595  -2.63109394809956  0.310826511661319 -0.803939247658828 -0.242925992136631 0.554978118656048 0.23966513623598 0.758648055840398
1464104880.38595  -2.62415338930164  0.302745623950634 -0.781099608318634 -0.243722671169336 0.547450192818864 0.251575957582858 0.760004660187647
1464104880.4857  -2.61769013866967  0.292707711557179 -0.760405877406745 -0.237655524700086 0.547942380315501 0.253521992237597 0.76092417420239
1464104880.58584  -2.61672646595266  0.284999655800157 -0.740012476422674 -0.242593633040612 0.544312856154597 0.267157563901362 0.757296956208905
1464104880.72077  -2.61813939060705  0.277342211503616 -0.712153025039787 -0.250052060196566 0.539479995353378 0.288740678488584 0.750375987349625
1464104880.81898 -2.61866300103817  0.27218814247603 -0.69095476752858 -0.256542778363114 0.543744007283781 0.303794888457069 0.739078428287598
1464104880.91902  -2.61599623380487  0.266682004249876 -0.667722592358206 -0.256078554791245 0.555289846765638 0.314571064392371 0.726031683400988
1464104881.01902  -2.61100260953982  0.259319351669125 -0.643186756865661 -0.248947936403477 0.572186136977722 0.32277131847853 0.711650634496024
1464104881.11892  -2.60636738227213  0.250895436673886 -0.617827103784544 -0.245203979347079 0.583945048356596 0.335974634239264 0.69714003913128
1464104881.21887  -2.60066848797536  0.241607511758065 -0.594417554065078 -0.243360295879747 0.597478406270211 0.349303482282069 0.679545728921719
1464104881.32087  -2.59346523654568  0.231619961286496 -0.571092467799731 -0.241795113147363 0.608995396788167 0.360462959373652 0.663872114844769
1464104881.42065  -2.58441924548806  0.222748900202485 -0.550074174405821 -0.234620002726301 0.61989645478318 0.374162556033428 0.648601743237317
1464104881.51899  -2.57385966222528  0.215016881922976 -0.532833066382562 -0.229545064600298 0.630865191064355 0.379016216966845 0.636918268930262
1464104881.619  -2.56166013777158  0.210633553188681 -0.516465347794439 -0.222783406338212 0.641642136764547 0.388807642345261 0.622488184179016
1464104881.71894  -2.54834248905269  0.207454279586967 -0.500801641126403 -0.213606147522845 0.650118522742783 0.402319214544791 0.608159164804127
1464104881.82118  -2.53244258592472  0.204362739382899 -0.486669071794658 -0.204373642868775 0.663602335520313 0.406211989202771 0.594016139696944
1464104881.91893   -2.5146560287606  0.199346803168302 -0.470646150712587 -0.19686893239939 0.673768142257074 0.415482324741813 0.578492482027653
1464104882.02053  -2.49421553790108   0.19260342768923 -0.455066652757403 -0.188710493034787 0.686455516106135 0.420259369490339 0.562627084827606
1464104882.11879  -2.47422437265834  0.184525166953105 -0.440351958103524 -0.187058485249694 0.693095917139874 0.421243290031451 0.554239355643034
1464104882.21889   -2.4537975816238  0.176502133409955 -0.426171632776421 -0.180932925552114 0.697188916696013 0.426541074848614 0.547040768457326
1464104882.32302  -2.43410321072645  0.170243691297603 -0.414517697118512 -0.177726292220173 0.705132925172522 0.427009417456321 0.537460584875697
1464104882.41952  -2.41441020925709  0.165910715434075 -0.401551869070037 -0.175761625888854 0.711177080405563 0.430770536274422 0.527040564139587
1464104882.51898  -2.39255502836571  0.162881037567495 -0.388569918275633 -0.171867623095186 0.722297461810248 0.428646429024221 0.514791351596807
1464104882.61898 -2.36957893053632 0.160842417677197 -0.37245420301595 -0.169353404004929 0.732108712500068 0.431538809268278 0.49910972113229
1464104882.68549   -2.3538483973921  0.158697258069368 -0.360853220416518 -0.167799342011344 0.739710207520364 0.433566759501246 0.486510076736679
1464104882.75242  -2.33822516852405  0.155963026119886 -0.350101431587281 -0.164950014003836 0.749632936132623 0.433622898138377 0.472030863562323
1464104882.85213   -2.3158893263877  0.150626935174717 -0.334414283543293 -0.162487379810161 0.760600927811469 0.436518389608932 0.452256316205739
1464104882.95213  -2.29320723377427  0.144651455498076 -0.322117342514929 -0.155186469672751 0.775145178421319 0.4423520533189 0.423546659679006
1464104883.05209  -2.26855578009252  0.139271108823401 -0.309187046482268 -0.14935367690451 0.782142550087559 0.447884167030614 0.406627942302207
1464104883.15465  -2.24469984198584  0.136124245085811 -0.299640982747335 -0.143796296026098 0.790723837197721 0.447776348012058 0.39188618334597
1464104883.25264  -2.22066115095208  0.136146496986649 -0.291722339068452 -0.14354158599871 0.798294284566629 0.448534915407373 0.375417737963633
1464104883.35211  -2.19504045798554  0.137836612997934 -0.286536141782617 -0.13860848501174 0.809700235126684 0.444449493185595 0.357264419059065
1464104883.45207  -2.16365630936647  0.138997291501809 -0.280968144640738 -0.125863594083273 0.819767186919076 0.444342445635104 0.338673745575651
1464104883.55211  -2.12793799340678  0.139274878720335 -0.274720570710641 -0.114733871825009 0.824048334356134 0.447334354009231 0.328134815318441
1464104883.65433  -2.09297263787795  0.137354017150928 -0.269808250399023 -0.109101335620663 0.827982764003377 0.4529158670097 0.312103602173968
1464104883.75198 -2.06062841876205 0.133526689493108 -0.26634084390507 -0.106834385415078 0.832202281005855 0.458709645308699 0.292593982990767
1464104883.85324  -2.02911340413573  0.129383512867743 -0.263933581341269 -0.10268991746236 0.836103111169294 0.458871199218568 0.282530690142352
1464104883.98804  -1.98742784105647  0.127469705306502 -0.259474359647352 -0.102285663081781 0.83994257443831 0.460034878396183 0.269076244646148
1464104884.08531   -1.9573417073705  0.130619097896486 -0.257177227258055 -0.103031017598835 0.843923343515676 0.46305041212915 0.250524081694547
1464104884.18531  -1.92501334549288  0.136771622887538 -0.256166397083531 -0.101407818654834 0.848835103112047 0.466971558857514 0.226126038435674
1464104884.28529 -1.89059678758186 0.141492991624333 -0.25773985327764 -0.100525388815825 0.856523082300785 0.465397214221951 0.199168995287514
1464104884.38524  -1.85677031216839  0.145272524195345 -0.260607860311327 -0.09809449515904 0.862415572554348 0.468327718388632 0.165184740288405
1464104884.48987  -1.82679176393914  0.147177090858943 -0.265593282041683 -0.0884219738192082 0.866275553214287 0.476896041434292 0.119659458938684
1464104884.58537  -1.79964110353989  0.148789366930565 -0.272609350888518 -0.0769842823271507 0.867639106875846 0.484280604382272 0.0821467997757654
1464104884.68533  -1.7727998428463 0.152383022458705 -0.28125957219939 -0.0731848845721231 0.870253376061717 0.484124719921367 0.0540951909545263
1464104884.78534  -1.74813009722921  0.159758324157436 -0.292040594871628 -0.0683644773020353 0.871244640450775 0.485185316599596 0.0292281248999831
1464104884.88529  -1.72594689385858  0.170127018301325 -0.306103418181742 -0.0630272729241984 0.874269603654473 0.481331545618963 -0.00040765874242801
1464104884.98817  -1.70310136622037  0.181813376373327 -0.321395630245603 -0.054993231166944 0.873375363483357 0.483090653929241 -0.0285418827751771
1464104885.08526  -1.67861904160461  0.192475486255544 -0.339874076143651 -0.0452791338807723 0.873970852422544 0.480592402783637 -0.0561755421644447
1464104885.1853  -1.65428469040984  0.200027907017872 -0.358298035673646 -0.0423609524160989 0.873021231528671 0.480316279693939 -0.0730462214733786
1464104885.28532  -1.63215300357977  0.206088722455777 -0.377390797424172 -0.0351638188660231 0.870531257844248 0.481695560309656 -0.0943833784987306
1464104885.38531  -1.61339803405383  0.209188480683639 -0.398510194531887 -0.0271136308409567 0.871097105254816 0.476670293898222 -0.115065699295157
1464104885.51865  -1.59213153109182  0.213313899640151 -0.426402541653268 -0.0193701254935706 0.870673808156847 0.472632414072466 -0.134798068220768
1464104885.61861  -1.57667310071067  0.218236322673564 -0.447410089940681 -0.0158631362948049 0.86870145146145 0.47042763132795 -0.154285426462891
1464104885.75188  -1.55644090333138  0.226421271777741 -0.475718094861547 -0.0106628822308436 0.867424737195012 0.465235093547383 -0.176116256991375
1464104885.85179  -1.53988646587609  0.233042338526162 -0.498853613475339 -0.00145816012418556 0.864697005935388 0.460750447004159 -0.200014967642163
1464104885.95381  -1.52189672831643  0.238750917903576 -0.525388449323992 -0.000168099972462665 0.868205542041019 0.445128832365897 -0.219270223943499
1464104886.05165  -1.50594504752033  0.242793597706283 -0.547680845739569 -0.00233943407475761 0.866523043990417 0.442475968046139 -0.230970472102874
1464104886.18503  -1.48192924672104  0.243426129801065 -0.574902754405417 0.00524907752190642 0.868424972440402 0.42685180301459 -0.252206369249964
1464104886.32318  -1.45584063942001  0.242808420996007 -0.600092307493404 0.00241971768921776 0.875509955496695 0.415998633147127 -0.245808055222364
1464104886.42026  -1.43447231753606  0.241347652110007 -0.619221605028572 -0.014817047385552 0.886027861867984 0.401460213906274 -0.231440661403201
1464104886.55169  -1.40305405991892  0.239597433103585 -0.643128169488893 -0.0243145043279418 0.896351045928651 0.385354685752887 -0.217865494078787
1464104886.65396 -1.37744138992524  0.23746006514927 -0.66178493930297 -0.0246789345950835 0.905963208368275 0.367897127892339 -0.208022399175861
1464104886.78501  -1.34105133254367  0.233784792479096 -0.685725698380884 -0.021293273326864 0.913855837166298 0.35278675105047 -0.19988900337779
1464104886.91844  -1.30677411479754  0.227104273380896 -0.703406803198731 -0.0185293422269951 0.918495607022133 0.345710431257795 -0.191067477811446
1464104887.05158   -1.2761480779664  0.215699360835749 -0.715193174195568 -0.0102186519986685 0.924142715896987 0.332275590747364 -0.188278388561622
1464104887.18511 -1.23876429156121 0.204073314532562 -0.72415681806023 -0.0140928496808373 0.934150088251257 0.314098437586562 -0.168840681453618
1464104887.32037  -1.20211216473487  0.195819330913768 -0.726393265228998 -0.0323813160897043 0.940646846691444 0.3025644164964 -0.150298815856727
1464104887.45458  -1.16182676660353  0.187126116011256 -0.725179568056655 -0.045059114850708 0.945300333706491 0.29202822336762 -0.138189985237782
1464104887.61816 -1.10311429775519 0.171308173030549 -0.71586103482737 -0.0570284127299043 0.949983183545593 0.280616762975567 -0.124635241642173
1464104887.82014  -1.04140062265832  0.154015553500977 -0.698059317359739 -0.0632046126502067 0.95359366011788 0.273788559987773 -0.10818564018641
1464104888.01816 -0.986550193691714  0.148762020417044 -0.674183911024771 -0.0808084708201889 0.954979676165099 0.272145803452818 -0.0861421547114181
1464104888.18485 -0.944742412243973  0.150092305553672 -0.649774783633747 -0.0891672558681386 0.95539227039939 0.275573835333533 -0.0577396867121064
1464104888.41814 -0.890074049417799  0.144783440166268 -0.606130954384199 -0.0832340883937729 0.95671888398745 0.275953750405532 -0.0401321714860719
1464104888.58479 -0.852530853079181  0.148585941340962 -0.568844806941526 -0.0751664982215585 0.949267623795027 0.304351651586043 -0.0247193878665775
1464104888.75136 -0.820823400596543  0.159540216482629 -0.531706775164095 -0.077065077481077 0.939060443096056 0.334868834133909 -0.00945103014865214
1464104888.98704 -0.779020825037029  0.183019761404731 -0.495078870089717 -0.0942755801183916 0.930976536560818 0.352659998750809 0.00507234143611133
1464104889.18478 -0.740923917765121    0.2104438940025 -0.481475227644362 -0.118400455911271 0.918021936472376 0.377897202578906 0.0202672267108593
1464104889.35136 -0.708573401835408  0.232804420339692 -0.485966547893978 -0.132973060469604 0.910666243131529 0.390698831055175 0.0189626533526833
1464104889.51801 -0.683819370810529  0.254226127592993 -0.498992059217315 -0.136777571829335 0.903358799038582 0.406239456786311 0.0142926482502545
1464104889.65415  -0.66824256179433  0.268629622919535 -0.517800720115578 -0.140307278652903 0.902170233700106 0.407846583255496 0.00799384196300276
1464104889.7514 -0.656357965466476  0.281788496583678 -0.538154483631688 -0.146366207656107 0.903040167900062 0.403745307666813 0.0092257765216497
1464104889.85135 -0.644585329000419  0.297233026145808 -0.563368573096956 -0.151051220506704 0.903653897748186 0.400535575080925 0.0128224398044496
1464104889.95127 -0.632770122399839  0.311248931925934 -0.593084069119905 -0.148492682179851 0.905519554144869 0.397346213491755 0.0100123435856672
1464104890.05125 -0.616245905335875  0.322483531929424 -0.629622162710342 -0.144219717885527 0.911071807778155 0.38601306887946 0.011947581308549
1464104890.15375 -0.601743045729506  0.330040477616751 -0.662734189871255 -0.128153521867772 0.91529588456231 0.381614585640294 0.0134322955138892
1464104890.25115 -0.584351628014157  0.334797089400818 -0.695469281058592 -0.127041242644262 0.919566606150382 0.370905239209686 0.026212269021896
1464104890.35133 -0.567774696783357  0.338912743738126 -0.722708634522062 -0.130512843857272 0.920527763860715 0.365702935472505 0.0430859203995061
1464104890.48692 -0.546348265225585  0.349564944393593 -0.756428062581293 -0.13375068795974 0.920501204910515 0.361941663447379 0.0615346852558067
1464104890.61794 -0.522075713955086   0.36483535324957 -0.790855496570841 -0.135317273203816 0.921810914042174 0.354817023360882 0.0778380000946781
1464104890.75133 -0.497223778284508  0.379937099297428 -0.828541977635566 -0.136989254445791 0.924256146667017 0.343859980920258 0.0935138120073381
1464104890.85153 -0.474035002290961  0.387888151994041   -0.8599792067008 -0.130684852668897 0.929781142904132 0.327740922462335 0.104949432234448
1464104890.95121 -0.450899375863948  0.393552383244842 -0.890915040911777 -0.128226495572259 0.931588818141693 0.318600582437933 0.119138191260531
1464104891.05124 -0.429177735463686  0.394177014320026 -0.921048109039442 -0.119447003919591 0.935217835070966 0.307739014395155 0.128049651459529
1464104891.15428 -0.405645478062123  0.393254715920423 -0.948312069912344 -0.113706856581778 0.937815544857493 0.294295446129925 0.144785859037142
1464104891.25103 -0.385159653560348  0.392848385847494 -0.973873878406913 -0.107803124272295 0.940092347462769 0.280530226785137 0.160958555221373
1464104891.35118  -0.36369021596582  0.393591307954762 -0.998878661831875 -0.102976712248421 0.941538888241946 0.2670227028441 0.177761623609982
1464104891.48646 -0.33454830007624  0.39769350367477 -1.03296114043869 -0.0940128731744933 0.940851881778909 0.254111123554655 0.203437590224504
1464104891.61771 -0.301132510519295  0.399607678349675   -1.0662084864902 -0.0716036596845706 0.941864344047989 0.235206946624985 0.229002544942582
1464104891.78434 -0.265034220673904  0.398171672465803  -1.10231939599989 -0.0635928679534404 0.937292435109749 0.220980443854192 0.261928390338843
1464104891.91774 -0.231079034601867  0.398999445044188  -1.12416819019529 -0.0549895863802287 0.929562435404857 0.219682789933684 0.290911147742527
1464104892.05108 -0.194397154955121  0.403072125284033  -1.14131669913856 -0.0430046925093888 0.923694716447202 0.216299951326226 0.313293789095744
1464104892.2177 -0.140976912239732  0.413324271276896   -1.1588187289008 -0.0362671866955783 0.918457148478575 0.20804265427758 0.334423999705363
1464104892.41765 -0.070982035973903  0.424374115420425  -1.18544275005148 -0.0246454424406071 0.913842695036553 0.208997170440028 0.347281317728578
1464104892.65286 0.00280760257530708   0.429348466599759   -1.21336154326173 -0.0113791016911175 0.907499803493271 0.201488332734176 0.368397983811502
1464104892.88428 0.0660617352528901   0.45048920489002  -1.24746765482874 -0.00468811612713082 0.895818250670705 0.202142142775982 0.395760328287703
1464104893.11759 0.124899168397763 0.473182086238542  -1.3014429227619 0.00578317854478189 0.884311091735863 0.186807449681802 0.427859117727115
1464104893.28415 0.161762072328645 0.485393707392779 -1.34173099560416 0.01248711959503 0.868666200729683 0.17775817495905 0.46223926141048
1464104893.48573 0.201978358353701 0.501290085925079 -1.37817709915178 0.0109796555351555 0.84789416087345 0.174130462858348 0.500633120184606
1464104893.65384 0.233744181321389  0.52158703198537 -1.40995078223007 0.0147327212146554 0.833514572069962 0.17209833717679 0.52480336071106
1464104893.82023 0.265793472564567 0.545880518394711 -1.44803462938697 0.0138360645741393 0.821300779273064 0.161030720023284 0.547122198865427
1464104893.9867 0.301391107059918 0.568524757211196  -1.4904313455267 0.00727206819531769 0.806848679970168 0.151938504653796 0.570838869960805
1464104894.15388 0.326754043412612 0.584077767128914 -1.53508195149333 0.0158346490857463 0.795567894471429 0.155124542171939 0.585454836507971
1464104894.32027  0.34317381768114 0.596677713057687 -1.57809043090881 0.0291227374859556 0.780223010914456 0.155859306358611 0.605071727997861
1464104894.45082 0.350053829657702 0.608639033738649 -1.61245420390328 0.0374871318808826 0.763890029018365 0.143040767873151 0.628176788202116
1464104894.5842 0.350704438722776 0.624598474587774 -1.65053544743398 0.0390054109972259 0.742626488160344 0.136642042795566 0.654456590719527
1464104894.71795 0.349219872766283 0.635123027673454  -1.6869657607665 0.0389799006344032 0.720503501327793 0.129609723078276 0.680115131139204
1464104894.85074 0.349906305871696 0.644349701154459 -1.72245665481654 0.0491432091661662 0.703683767745526 0.127772891859852 0.697200249648608
1464104895.01787 0.358435843021309 0.658752895011323 -1.76643172231795 0.0619413577621318 0.687202573598441 0.121484264081618 0.713552706265494
1464104895.21732  0.37751924476309 0.680785359628367  -1.8085917800354 0.0770464849923706 0.658980069256504 0.11023145426705 0.740039278662413
1464104895.41721 0.398991190386514 0.698703799297622 -1.84557493975608 0.0808176152045486 0.623845484181388 0.0908694486455271 0.772028541079924
1464104895.61732 0.418179334085737 0.708511438666308 -1.87579357305745 0.0872248854182273 0.593542254424821 0.101204098991178 0.793635396087814
1464104895.8515 0.443797557516441  0.72037148681758 -1.90336149827547 0.0943882813783917 0.559301678446684 0.107432656633709 0.816535797815246
1464104896.08387 0.475556652099557   0.7335670020282 -1.92769229294905 0.10193138036377 0.51322933409418 0.0953666352811612 0.846823977694026
1464104896.25082 0.496768572870241 0.741175542640949 -1.94217688131291 0.0974052688823178 0.479665536252865 0.0851866930812968 0.867857369760197
1464104896.45058 0.527875362811246 0.747673230181841 -1.94886257988034 0.090010018237408 0.444337397724424 0.0827876193494936 0.887473201670243
1464104896.65315 0.561741944064622  0.74999808002384 -1.93445208887069 0.0936133248568973 0.411084378854572 0.0725355848492558 0.903872097036723
1464104896.85051 0.599267916756801 0.751215195815274 -1.90703871535378 0.0938240898083692 0.378569327654936 0.0643235322957274 0.918555816226494
1464104897.11739 0.648511047205945 0.738897907513959  -1.8712457569682 0.099297366662547 0.346838914704843 0.0599432886967959 0.930725309831243
1464104897.41719 0.701393264726552 0.732608898324616 -1.83134908390598 0.0979112983888055 0.313576419377428 0.0620174083652381 0.942463287305086
1464104897.65048  0.74647882556774 0.728929991299576 -1.79074730965636 0.0966781694614792 0.277664975217802 0.0559732028056357 0.954160622565485
1464104897.917 0.790669218871608 0.730454724432119 -1.75420284620625 0.0771174617822853 0.238579930731719 0.0428387091248045 0.967107728611878
1464104898.38388 0.805863412368633 0.750506514857308 -1.73507009492964 0.0600988138365872 0.196098446610875 0.0348910375850337 0.978118677517446
1464104898.71712 0.766118680749631 0.761655843721107 -1.74577086601822 0.0561744033116141 0.149671086336467 0.0357770167618686 0.986490246986288
1464104899.01691 0.723016291808769 0.768500452441445  -1.7515712296205 0.0514628529238011 0.116641002491349 0.0170435259547158 0.991693485674776
1464104899.35026 0.664341177764919 0.763658615535407  -1.7573492485527 0.0529509289130048 0.111827120041156 0.022088151974007 0.992070061988025
1464104899.5835 0.606283630554064 0.757739602701903 -1.76125592713375 0.0600907652605535 0.108549454143831 0.0218135018644902 0.992033410259899
1464104899.81944 0.539393464045227 0.749365785641177 -1.76212032840726 0.0664581402529803 0.110404839701969 0.0262119969920673 0.99131580143675
1464104900.05011 0.480451141886905 0.736963581038865 -1.75927548860206 0.0709817714573362 0.113827179097088 0.0351172173637208 0.990339205759424
1464104900.28382 0.435138686428867 0.727450488299469 -1.74111564253161 0.0712243001443796 0.101116047033752 0.0323864395346622 0.991793205580417
1464104900.51684 0.403108080675521 0.712837399443312 -1.70167572274763 0.069623020175263 0.0966004227386787 0.0336115506010577 0.992316107424734
1464104900.68346 0.381678163567266 0.690604786875338 -1.66446103364006 0.0701272720722975 0.0987782893465595 0.0400215344170085 0.991828257335096
1464104900.8545 0.357008076321936 0.667553836955681 -1.62962532853307 0.0759814460433498 0.100685223330916 0.0346063635457751 0.991408949557196
1464104901.01663 0.321011484869944 0.650254177121358 -1.59018004895044 0.0811974524064026 0.102628305113671 0.0265263090435567 0.991045286372288
1464104901.15191 0.292005897595157 0.634331198442861 -1.55401482022158 0.0836010533403052 0.111327388102386 0.0250661556657697 0.989943818799245
1464104901.28325 0.255553925756845 0.615345935245013 -1.51516909993465 0.0855198341148063 0.124719278785267 0.0259243163309111 0.988159597076825
1464104901.41666 0.221512908046553  0.59622329820506 -1.47772613897742 0.079218787825803 0.132754380005814 0.0330238517466853 0.987425988852074
1464104901.5832 0.180772182996338 0.575438000241971 -1.42721032418142 0.0734342268064043 0.134945218664498 0.0371403367007989 0.987429895072398
1464104901.75004 0.140659921477906 0.558825310718603 -1.36549853985139 0.074545513760014 0.125993095311733 0.0349062701449091 0.98861026629132
1464104901.94978 0.102400446987245 0.527867231140522 -1.27878558753556 0.082996877626718 0.115948878943268 0.036533137558926 0.989107024358899
1464104902.15156 0.0656481860576461   0.48815693952345  -1.19382584145843 0.0758811292250851 0.0985986202392152 0.033303912457289 0.991670921086973
1464104902.38321 0.025606706576432 0.448806676622491  -1.0865621914219 0.0716119111442789 0.0903084903596159 0.027276257986841 0.992961286506914
1464104902.61644 -0.0178278897973437   0.403839995571864  -0.959964018438746 0.0754994844533552 0.0964894943232873 0.0264913577411091 0.992112802708213
1464104902.88318 -0.0503714047914424   0.341011472502396  -0.824729969936264 0.0656100966013723 0.103523797447845 0.0381178470315462 0.991728374265663
1464104903.15026 -0.0641774507797275   0.291298537170607  -0.674423714323821 0.0762172743095454 0.106116273533663 0.0414496361004129 0.9905615534914
1464104903.38314  -0.07297871474457  0.228768363752579 -0.546200713143438 0.0838378504922695 0.0981743606689464 0.0324920430156656 0.991099024756229
1464104903.8497 -0.0938214643933097   0.114860850319241  -0.291639146300782 0.0981965222488266 0.105263215110312 0.0265526371140252 0.989228010129701
1464104904.01645 -0.0923881769727346  0.0724059734368961  -0.207905253839252 0.0846538765533575 0.118221099452849 0.0516353962421264 0.988023926169588
1464104904.21625 -0.0868662647537894  0.0294033787823246  -0.110168704833366 0.0739708221873782 0.117963591617966 0.0543530286271325 0.988766229599581
1464104904.54959  -0.062399995406072 -0.0295021090648547  0.0490074810891859 0.0758578332398384 0.0908239323698943 0.0397303194951366 0.992178463865166
1464104904.68304 -0.0481623729603282 -0.0620712985796047  0.0965444513509696 0.0890750648718889 0.084961096946445 0.0370115228871635 0.991704286567976
1464104904.81615 -0.0294045943629177 -0.0886388249126342   0.138470389744847 0.0821776893251247 0.0800648293713534 0.0326700206103526 0.992859063627985
1464104904.9496 -0.00576731078337457   -0.107969591810611    0.179898723369659 0.0651165756268147 0.0737523008318927 0.0349235675057228 0.994535456448543
1464104905.11654  0.033021658296591 -0.125524987653626   0.22610171681354 0.0697109806746098 0.0731180123192353 0.0402330047098835 0.994070138762795
1464104905.38279  0.109554975307539 -0.138006880956587  0.281781577697856 0.0714226587518377 0.0776022424026756 0.0390491206479377 0.993655806588739
1464104905.48616   0.14182577154286 -0.139223137981045  0.293216805900352 0.0662160170007571 0.0866561845037811 0.0444859801183193 0.993039345823072
1464104905.58272  0.174801020927542 -0.138681496350177  0.300716367967854 0.0638689055672144 0.0929477857293598 0.0504798503033591 0.99233726965332
1464104905.71621  0.217453036200175 -0.137088577152129  0.302261640106757 0.0801705023959929 0.0951844346636123 0.0557832361289308 0.99065677432213
1464104905.84951  0.256479870961935 -0.127816988845482  0.294884914287075 0.0779470327418142 0.0868774547474794 0.0479065203162325 0.992008837286512
1464104905.98665  0.291396265728472 -0.113562223045777  0.283782909470201 0.0621719381318652 0.080429538520341 0.0431456749703617 0.993883388619452
1464104906.15217   0.325841364017088 -0.0963274345075067   0.263895130994815 0.0534146407536334 0.0779770391182737 0.0505104683215327 0.994240991969979
1464104906.31873   0.352679751707946 -0.0761930546500734   0.240919931750879 0.0439326365591214 0.0931676598880252 0.057601154125438 0.99301148917793
1464104906.48522   0.367138881858705 -0.0541930084209394   0.210698912705782 0.0401361681119693 0.108738435278987 0.0604231129233088 0.991420237904705
1464104906.65182   0.371653430993979 -0.0262988402046995   0.171255599490537 0.0294965966115057 0.127877207606308 0.0579953746649841 0.989653427761769
1464104906.818   0.367476366423936 0.00190099704203768   0.131335643855793 0.00997057680005659 0.133668572533218 0.0626224535866585 0.988995312740153
1464104907.04935   0.35258988452229 0.0306470186496391 0.0829925486104377 0.00427699621359275 0.136661070916674 0.0613983197051152 0.988704053464274
1464104907.48264   0.305222413915482  0.0810448857328777 0.00250845606501651 0.00714320006546151 0.136571136310413 0.0583483483201325 0.988884608874069
1464104907.68286   0.271564931764051  0.0977115089741833 -0.0301826744923074 -0.00975693356945936 0.13097458278349 0.0589167490654177 0.98958540692129
1464104907.94921   0.214945628320274   0.106192357334007 -0.0450690377677744 -0.00650659941556489 0.129399945360566 0.0487049633812712 0.990374244842199
1464104908.14927   0.162077237397507   0.103926685613286 -0.0320164700388924 -0.00893135819679249 0.127851713417365 0.0479776052915126 0.990591903665428
1464104908.34926   0.114502542294212  0.0915592114411964 -0.0116103485591446 -0.00620457466095314 0.138453216845599 0.0621050697466938 0.988400308736364
1464104908.58258 0.0697328422954584 0.0716211060336963 0.0200658472807805 -0.000697918919872079 0.131525598382558 0.0551113155611323 0.989779406118562
1464104908.88254 0.0502357777117592 0.0480238043338014 0.0830574104605013 0.00153438626306641 0.122689738249955 0.0442319302151823 0.991457719792626
1464104909.08248 0.0609111016385822 0.0223645569577267  0.137383470881636 0.0111743736964542 0.119171227910708 0.0535346869812524 0.991366425243747
1464104909.28247  0.0804112550226014 0.00442177914580405   0.188801195276713 0.00160218632348169 0.126391466902981 0.0481075562508845 0.990811936305102
1464104909.48243   0.105118737395535 -0.0102828056841159   0.237978879408232 -0.00280017060831838 0.136077268495522 0.0525150621568647 0.989301422363287
1464104909.64906   0.129842096902467 -0.0194425058004221   0.280139732685932 -0.00316452071328114 0.14817019003799 0.0552095028246399 0.987414548905685
1464104909.78234   0.152146463598544 -0.0264419102760018   0.316708616702276 -0.00168226631242003 0.160177474796489 0.0591601665323335 0.98531234704724
1464104909.91558   0.173461862448078 -0.0331245591142077   0.355644035538716 -0.00422961796276616 0.163748384905375 0.0561295911732701 0.984894941487411
1464104910.04887   0.194299516750309 -0.0398251834059771   0.392542864637698 -0.0100619408089223 0.164288604676639 0.0483525555883469 0.985175132699073
1464104910.14893   0.20847814908466 -0.045015028882288  0.419007617064727 -0.0112882856569999 0.164461655369156 0.0442208571576907 0.985327079863535
1464104910.2824   0.225165263404619 -0.0498353930556952   0.448192986490255 -0.0163804624549548 0.162900728568989 0.0375678137564411 0.985790896920344
1464104910.44892  0.242173969545923 -0.050840333786648  0.469570057822002 -0.0268502649063934 0.167926892023878 0.0359314824011564 0.984778427252604
1464104910.84894   0.241241904918428 -0.0434162545368392   0.441940191221433 -0.0266954317444477 0.182222194106043 0.0646605600850875 0.980765740566339
1464104910.98482   0.230102328640159 -0.0377553925866531   0.413601945003848 -0.0231675861110941 0.181295266045506 0.06811445278981 0.980793408819828
1464104911.11552   0.215725473027733 -0.0285518087364736   0.378039938554251 -0.0251390287605726 0.174068069123679 0.0633724655542152 0.982370738140194
1464104911.24898   0.199809708362274 -0.0182257651821251   0.336194700042619 -0.0173675459697213 0.164134906431751 0.0583088320552533 0.98455989200352
1464104911.38223    0.183158722647612 -0.00449918719983305    0.290338013330075 -0.0298601649375527 0.156009637490467 0.0570692695921743 0.985653317362759
1464104911.51555   0.163894871887496 0.00567847974928793    0.24569102921725 -0.0284387619787947 0.14584357850207 0.0601083714567665 0.987070347598204
1464104911.68228  0.135491101615508 0.0159765559029019  0.192894028130216 -0.0224803767877211 0.134472621472845 0.0630060554790957 0.988656656128237
1464104911.8488  0.103730570958627 0.0253038119403219  0.141149700969854 -0.0201780486991491 0.127396335311322 0.0635539142151666 0.989607962825619
1464104912.04879 0.0649138761773692 0.0301653047255647 0.0731262977064692 -0.00798376119782372 0.135950096509612 0.0723189295049296 0.988040385435446
1464104912.2491    0.0200431191525723    0.0258504650219483 -0.000115331453773688 -0.000238862346429128 0.135733353534796 0.0748771432183453 0.987911844805212
1464104912.48561 -0.0264990219474384 0.00741172756178014 -0.0689903404282515 0.0123340215050826 0.118980813015794 0.0762432414416254 0.98988807760377
1464104912.71544 -0.0535150316525151 -0.0192563322944736  -0.115563146177091 0.0442012670807105 0.0956270294229014 0.0520044994526458 0.993074645366043
1464104912.98442 -0.0558871907574912 -0.0536198085967276  -0.154933541463138 0.0864202105006311 0.0915057795913969 0.0476862444404908 0.990900732469988
1464104913.28254 -0.0237554862370892 -0.0725453827219141   -0.18828874037642 0.0875879744924503 0.111718875825259 0.0922697540322537 0.985562545960163
1464104913.51533  0.0170611911117369 -0.0666696157276263   -0.19421553190403 0.0883152845860096 0.142137971141406 0.131178738762758 0.977133228462173
1464104913.68195  0.0512086741397343 -0.0540629432069751  -0.186172501262161 0.0839282545144221 0.17891131636476 0.141123087379458 0.970067555987355
1464104913.98628  0.0960626559669292 -0.0302803429158132  -0.149995005974251 0.0839340448974772 0.204229538693805 0.135378687949985 0.965876794669488
1464104914.21522    0.121619855245862 0.000767428204857384   -0.101658094477696 0.0600988380960948 0.222253732573148 0.128081738237936 0.964669101996509
1464104914.51519   0.143558792954667  0.0350196510075361 -0.0430010824807773 0.0461366039556524 0.241505913610464 0.0992490064061841 0.964207416583175
1464104914.78181  0.152791692242807 0.0639336353604618 0.0142843336396735 0.0132328533559609 0.244807907179382 0.0705902213597682 0.966907958816603
1464104915.0818  0.158343849781359 0.0765746046107084 0.0985929672363583 -0.00576622979979017 0.237758681963568 0.0610624198330804 0.969385857452527
1464104915.34867   0.15413862077202 0.0641554976103529  0.167863585026395 -0.00988361102530048 0.222058935016392 0.0535519558777391 0.973511341297139
1464104915.58176  0.137016093869626 0.0461537332111305  0.214788629723252 -0.0221108904339844 0.201585433516365 0.0483644244661259 0.978026228668892
1464104915.78167  0.116334556767725 0.0265678305705269  0.258556383964764 -0.0260892893335514 0.184271715997492 0.0591584542661509 0.980746430508034
1464104915.94838   0.105159493779472 0.00339781740336922    0.30035339811694 -0.0206414955889223 0.189401507325389 0.0674660905586463 0.979361692280975
1464104916.08152  0.0991191765485755 -0.0203578538236695   0.335702639644432 -0.0129956316283063 0.189965676234199 0.0722630239322226 0.979041475517578
1464104916.21484  0.0984839306716081 -0.0439178321066642   0.369530848676931 -0.00204876996900256 0.188566344276384 0.073907012525222 0.979273347869455
1464104916.34833   0.106785130846192 -0.0619920133417317   0.399355348402664 0.00727010967072688 0.193801441084412 0.0765716288935948 0.978020926456874
1464104916.48348     0.1237900533444 -0.0693688364196941   0.426506108805971 0.00346098804872864 0.203239058897665 0.067019971360325 0.976826612014117
1464104916.61494   0.143504053507974 -0.0662192718733543   0.454879480371054 -0.0196127317886415 0.201049491352645 0.0614048291120708 0.977457871082098
1464104916.71498   0.160907627800637 -0.0628554809511815   0.475429464910094 -0.0338571168923401 0.20273814315087 0.0616560169842112 0.976703371816192
1464104916.81848    0.18012184683293 -0.0632560805545341   0.493515299926765 -0.036804297366313 0.207119405292923 0.0642447609301038 0.975509921189688
1464104916.91532   0.199232828603189 -0.0681264614911071   0.508814514387971 -0.0383077450910435 0.207484199504389 0.0655174536481753 0.975289847629679
1464104917.01488   0.218186243925733 -0.0769504289929412   0.521760171376146 -0.0405476466297695 0.207685882358316 0.0706639477902063 0.974796937369285
1464104917.11488   0.238001753141468 -0.0888719647768846   0.531654227367456 -0.0400550678814128 0.210689681902379 0.0839350230111235 0.973118883481875
1464104917.2165  0.257810501346336 -0.102873722318712  0.538415404035701 -0.0321778410084709 0.21526695694267 0.0914619785158456 0.971730122144335
1464104917.31484  0.276384525588709 -0.119061429161834   0.54154571256774 -0.0253162962729409 0.22078849557972 0.0915737240247522 0.970683150379619
1464104917.44812  0.298913895116317 -0.140676120116901  0.538136863408506 -0.014808742981726 0.233452334343498 0.0993471309422428 0.967166405689537
1464104917.61473  0.318475918703263 -0.165231220959661   0.52356090095908 -0.0128504736187683 0.246889968745083 0.0994638703580018 0.963839793302929
1464104917.85079  0.314964200328975 -0.196042316058491  0.490800129445021 -0.000381320122478732 0.244361284180758 0.0882743904551623 0.965657832453227
1464104918.04807  0.292762797817666 -0.208487940518158  0.451627438973605 0.0225260914499486 0.223844113636011 0.0806690335615604 0.971019513201841
1464104918.24811  0.262717669980872 -0.199564619729916  0.406987609026216 0.0262269284865563 0.201306722051263 0.0806428529709197 0.975850645408326
1464104918.41506  0.234463621292576 -0.182216045522488  0.375047178981012 0.0209705371479384 0.178683144242616 0.0871262186268395 0.979817121999349
1464104918.58137   0.20597399011731 -0.163055049502775  0.341828086365879 0.0220958080089448 0.158169961249155 0.0919307205276944 0.982874753592812
1464104918.74808 0.179359057266159 -0.14085899983527  0.30459987512398 0.024630921933632 0.133227304837302 0.079237584294514 0.987605795935634
