1463226057.02432 -0.0998109999986479   0.225869964701559  -0.603649716929879 -0.000898340630373823 0.000973865228575417 0.0004518714825513 0.999999020190916
1463226057.40328 -0.0600443490200783   0.224427966556303  -0.550107644903337 -0.00677836151993294 0.00387298105822733 0.0180350305277507 0.999806877105119
1463226057.44871 -0.0545278277904173   0.222595645759944  -0.541498015701584 -0.00478703967003135 0.00590803468130017 0.0186763632852478 0.99979666574351
1463226057.68532 -0.0223001924705888   0.210616883267015  -0.493243893392359 -0.0066956094752342 0.00564424973063732 0.00937771887811473 0.999917681435515
1463226057.87493 -0.000369422594501124     0.190885062716128    -0.457325135436854 0.0153105431795969 0.000418609473894327 -0.00115177819804301 0.999882035762538
1463226058.06462  0.014178461259717   0.17572015624539 -0.432409764324518 0.0419308497403479 -0.0103620812506732 0.00105402181127849 0.999066224106404
1463226058.35189 0.0400593139373118  0.178302808202233 -0.399945856068719 0.0269956339805963 -0.022194254456734 -0.00890684954977795 0.999349447814023
1463226058.58662 0.0656794096169784  0.181750004348941 -0.371234010908602 0.0163884341612687 -0.0469488561388396 -0.000949233983986135 0.998762395711733
1463226058.77603 0.0955085393218368  0.177013109634228 -0.344326322677823 0.0257162565983438 -0.0616258096004966 -0.00636237473179659 0.997747690513701
1463226058.96543  0.127272015247586  0.174561359062341 -0.319123583980224 0.0346690968234835 -0.0704459036972609 -0.0146491266119405 0.996805312720206
1463226059.20269  0.152985074782707   0.17464314150696 -0.295847837575826 0.0356373704373028 -0.0877076479670831 0.00602576154504529 0.995490349784567
1463226059.48914   0.16577017570964   0.17380833242435 -0.262044744231218 0.0118913847110637 -0.0838950008801302 0.038418982993616 0.995662696671274
1463226059.72441  0.162632782352293  0.164367075177765 -0.218851174359672 -0.0085116667908505 -0.0731553825755097 0.0170155371451165 0.99713906403487
1463226059.9141  0.158950301416398  0.144762157880744 -0.176377106804973 -0.0172152664779607 -0.082661415299318 -2.62194566453142e-05 0.996428986096524
1463226060.05832 0.154371001441205 0.127699053123278 -0.14466903178127 -0.0179582433039468 -0.0915159685827113 -0.00809018886986063 0.995608797588618
1463226060.2473  0.147890371055982  0.105865760513984 -0.109731904030802 -0.0179169362008955 -0.0891097455549534 -0.0028168819956737 0.995856667307162
1463226060.43565   0.138749512209398  0.0906866360780323 -0.0830324142102178 -0.0359108256699806 -0.085507420215015 -0.0152461817550816 0.995573426538577
1463226060.62821   0.127194562959149  0.0747637573223298 -0.0552695033566499 -0.0369754056844846 -0.106021741339322 -0.0184272541136154 0.993505232016258
1463226060.76752   0.120142044521069  0.0588093697559386 -0.0293322821464619 -0.0291379687784982 -0.113437437143165 -0.0165162070499957 0.992980433611124
1463226060.91287     0.112549794801252    0.0405771987616391 -0.000724894800224713 -0.0169508002277924 -0.1234686718597 -0.0182945397323089 0.992035013120415
1463226061.05199  0.102901278366486 0.0210561989247022 0.0224000943626665 -0.00280659920489813 -0.132099976143917 -0.018411246976344 0.99106142356993
1463226061.24277   0.0860073718186165 -0.00139843452890137   0.0448841898336306 -0.00508376568317 -0.120597456432716 0.00647844699775524 0.992667335290597
1463226061.43139  0.0567083919216638 -0.0210319428333481  0.0630499601894103 -0.0141188299483141 -0.110938774228898 0.0345667964288656 0.99312556285604
1463226061.57364   0.027928274089802 -0.0329826506940839  0.0730219414029002 -0.0321009889439877 -0.0957809318884126 0.0516919647442467 0.993540880073027
1463226061.71789  -0.004148313129565 -0.0461457075218638  0.0795741444477125 -0.053481951626358 -0.0726242179713012 0.0816788164156307 0.992569380327257
1463226061.81319 -0.0269000186178296 -0.0550975346919773  0.0822647368948367 -0.0650731079810821 -0.0577777299140824 0.097972211914983 0.991377158419611
1463226061.95509 -0.0602610056232866  -0.065393907202911  0.0839961139300951 -0.08466429720521 -0.0429296128255267 0.1301941029145 0.986933888711745
1463226062.09542 -0.0897527709339408 -0.0729775842687855  0.0792205014462795 -0.0911480204696561 -0.016578878831509 0.152511733509033 0.983949871834548
1463226062.2378  -0.117864460309139 -0.0723181565995318  0.0686026903388107 -0.104062616063022 -0.00729220643337995 0.152887778285076 0.982722302033747
1463226062.3797 -0.143014040684539 -0.065944153729909 0.0505365627264542 -0.116824166878043 0.000736803259493495 0.156238782221486 0.980785916540483
1463226062.52223  -0.163372830882703 -0.0582406188842052  0.0252586661724649 -0.117277486482114 -0.00880653729917034 0.150570186469105 0.981578858274716
1463226062.66427   -0.177368120175432   -0.045954003025155 -0.00642454958451858 -0.117297947015591 -0.0232149792595028 0.141890607478 0.982633864607481
1463226062.80666  -0.187232811358538 -0.0297749974566511 -0.0413421217617263 -0.113414482277018 -0.053663790323827 0.122011286138469 0.984566198319216
1463226062.94878   -0.190636654637384 -0.00873777799545921  -0.0775596214335275 -0.116464933894497 -0.0800456143195253 0.104669861825573 0.984414972878093
1463226063.09117 -0.193953302656475 0.0110456550979898 -0.110685234661052 -0.111607580616751 -0.117594767488199 0.0777003063984181 0.983706196480364
1463226063.2345 -0.191131077246793  0.030938677797037   -0.1394016964511 -0.111119074835016 -0.129757638742634 0.0553454265614108 0.983744067404974
1463226063.37861 -0.189059075677763  0.051555066219961 -0.164229451428392 -0.108493922099826 -0.152452001381627 0.0302105824837398 0.981873096101592
1463226063.51783 -0.182624549960253 0.0746043315926139 -0.182472274254369 -0.105987118409605 -0.165227276155212 0.0105823294818948 0.980486966893642
1463226063.70751 -0.166048507929447  0.104341674457134 -0.199689933587293 -0.106207908141419 -0.161081028217161 0.00172837363833219 0.981208334310962
1463226063.89974 -0.147330647409707  0.132139809708138 -0.211071921398152 -0.107881886591345 -0.146379155517879 0.026518493754736 0.982970707022516
1463226064.08949 -0.121127521272906  0.155806661477715 -0.222183936887157 -0.111429038612366 -0.141977267738424 0.0368535793685655 0.982887500422699
1463226064.27674 -0.0898591724850401   0.176648463328879  -0.222762705429413 -0.124835602606583 -0.126864373651123 0.0436526288477481 0.983064571131846
1463226064.41883 -0.0607560176967588   0.185605118163957  -0.213380589945094 -0.136130902134895 -0.108223159858199 0.0562156253785617 0.983156105924966
1463226064.56101 -0.0304623323737759   0.184299273246442  -0.194809212975106 -0.13680728376088 -0.0827159190439366 0.0868102581435943 0.983313695077888
1463226064.70349 -0.00525762063435939     0.17312536138612   -0.168557421747041 -0.128705977084096 -0.070613536041115 0.117110886341987 0.982208501434798
1463226064.79851 0.0117194339570567  0.160911544559999 -0.148896417145948 -0.121865564130412 -0.0607706164439258 0.128722365130865 0.982286246046089
1463226064.89296 0.0276963880348731  0.147806756511278 -0.128744842017069 -0.110073550936481 -0.054587308023421 0.134199302970121 0.983307981392058
1463226065.03521 0.0442932602907867  0.125851908115175  -0.10428836940018 -0.0942879089956201 -0.0680835525328336 0.129782991028365 0.984698327068485
1463226065.17757  0.0565495292014855   0.102721066956529 -0.0866288101471832 -0.0794129152875016 -0.0813817144742072 0.128138640832061 0.985216267710035
1463226065.36728  0.0672540347411587  0.0737031945979913 -0.0677712625130669 -0.0693082908199775 -0.0900344522557939 0.123573963044045 0.985809126498736
1463226065.55777  0.0710956601194575  0.0436000439781082 -0.0432945978759896 -0.0598133741459456 -0.0802878481854074 0.134194012803235 0.985884470227014
1463226065.69905  0.0674823222153368   0.017635244523466 -0.0219682670775435 -0.0584785386760142 -0.0738482316039464 0.126529284629354 0.987480146298887
1463226065.84149  0.0600439150653105 -0.0101249608513552 0.00268264444060186 -0.051609882497565 -0.0663818556782734 0.118705356762508 0.989362879605447
1463226065.98361  0.0496534548821836 -0.0413214873472679   0.028924074600077 -0.0403849456841141 -0.0511051923966904 0.120518808990249 0.990571820794313
1463226066.12604  0.0355786460125214 -0.0748816072679198  0.0548349081488875 -0.0513166864683138 -0.0411512008163062 0.130163464387663 0.989308166801372
1463226066.22084 0.0252811322135761 -0.100593282470629 0.0703117990181386 -0.053576394847587 -0.0375587291583332 0.140148123839773 0.987966302645661
1463226066.31685 0.0159422152916938 -0.127732903687595 0.0827915360401055 -0.0536703404882226 -0.0299363747542677 0.145292902550002 0.987478243044902
1463226066.41039 0.00868536878966067  -0.154485956787333  0.0907612730205823 -0.0469062683240228 -0.0172670495610292 0.154828394679611 0.986676147067672
1463226066.55439 -0.00334118318511122   -0.187409907534175   0.0963467696775087 -0.0471232959607193 -0.00716528610610382 0.169885899545019 0.984310334594022
1463226066.74234 -0.0269574320779251  -0.215475786097631  0.0946364794092514 -0.0587901397788874 -0.00113606088175091 0.183851486948068 0.981193691162676
1463226066.8848 -0.0529822985881367   -0.22472406946006  0.0855912723223665 -0.0833685562073396 -0.00991338760689784 0.169084244718768 0.982019310792788
1463226067.02694 -0.083625843435927 -0.226652029058225 0.0716618675637352 -0.0941883221211463 -0.0348270239767506 0.152746257439845 0.98315015090018
1463226067.16916 -0.109112620394933 -0.220214300646898 0.0513226278221084 -0.0984929114375128 -0.0430495738353209 0.137128536834768 0.984703836173453
1463226067.31144 -0.130099914940692 -0.204227027534919 0.0282169027136447 -0.106380792309674 -0.0606827654738799 0.120731872618558 0.98510128613053
1463226067.45377  -0.144382947537468  -0.182707518160367 0.00631084155353377 -0.105750508401756 -0.0740369141890309 0.103319563827017 0.98623548559192
1463226067.59698  -0.148849036524595  -0.158647464824076 -0.0120217989631436 -0.0974931911269086 -0.0808668707406471 0.0960648041471499 0.987282725618491
1463226067.73837  -0.142451355197336  -0.131946551355313 -0.0265807912952286 -0.0906742433285403 -0.0798419743740652 0.090475123871584 0.988543217408966
1463226067.88042  -0.130442571780464  -0.102178967103824 -0.0385254829406608 -0.0874931295118689 -0.0825762811347114 0.081287044242479 0.989403116288049
1463226068.02268  -0.112557698950107 -0.0695205786801791 -0.0482831393477153 -0.095680471756873 -0.0784246929757332 0.0640097994328835 0.99025126126282
1463226068.16493 -0.0861049299360512 -0.0419512801433971  -0.062357202244603 -0.0881504458025926 -0.0680009206824741 0.0596478392694396 0.991991687949867
1463226068.3073 -0.0550822956564342 -0.0181462625469307 -0.0809988107913936 -0.0573470964657978 -0.0680221799910526 0.0614241267611318 0.994138506551195
1463226068.44951 -0.0260523724377218 0.00285118512198257  -0.104190064418641 -0.022293969623624 -0.0672627198259432 0.0510696805143773 0.99617799271626
1463226068.63926 0.00447713062135008  0.0268821082930522  -0.129912131856388 0.00213085957034201 -0.0630036254634659 0.053712513658456 0.996564583201932
1463226068.82893 0.0282448207704171 0.0457691089622325 -0.142932918632788 0.0177133226409574 -0.0450553395415092 0.0711562157365867 0.996289640386702
1463226069.06784  0.032884631456473 0.0510444209179379 -0.164249514900565 0.0665688387276847 -0.0407350025436187 0.0879214401963097 0.993065491109235
1463226069.25655  0.015939176980661 0.0416004544102077 -0.207025827449926 0.099682983144705 -0.0149895162073239 0.0960448985334137 0.990259559277743
1463226069.3978 -0.0119365077879099  0.0365893002476011  -0.247147931079494 0.120323519371547 -0.023197990590144 0.110641631608138 0.986277107751018
1463226069.54191 -0.0472279503003098  0.0327783306611995  -0.287931550395921 0.0997598349584074 -0.0326494098016824 0.102840204175287 0.989144015689252
1463226069.68625 -0.0880066842652288  0.0185306066558626  -0.331474756614387 0.0943361917208694 -0.0546352484570475 0.0809708423345601 0.99073679413317
1463226069.8246    -0.126752371029387 -0.000580629041448484    -0.371853901956127 0.100705412379889 -0.0745713527443182 0.0661862899586944 0.989907525119787
1463226069.96721  -0.167050707234133 -0.0184982652917563  -0.408224756458949 0.0997245989188803 -0.102641832639527 0.0501038149809667 0.988437790802851
1463226070.10908   -0.20680303424044 -0.0448414315240696  -0.446890042058307 0.11070304135303 -0.130686096844469 0.0582759135788697 0.983498804586612
1463226070.20419   -0.23593111358598 -0.0651786610067829  -0.474508472432781 0.119729837999071 -0.154891228071904 0.0706668308638635 0.978100031885672
1463226070.29882 -0.266742354538863 -0.086774922887848 -0.503512188521212 0.129109580480317 -0.183576919246125 0.0882040320242762 0.970489711271046
1463226070.39415 -0.294888142834013 -0.108922908653317 -0.532745353671478 0.150867497783679 -0.203510071826965 0.101259252531207 0.962065077089017
1463226070.49139 -0.322226729407879  -0.12886258850447 -0.560266480674433 0.163776612041034 -0.226533391128549 0.104717948608 0.954407667242616
1463226070.58335 -0.350136799007388 -0.148418830614693 -0.587981426901898 0.184154339172208 -0.246127521172239 0.103828914100844 0.945900618079033
1463226070.67818 -0.379430659556459 -0.164949896629623 -0.614955686924045 0.210522974023773 -0.271045228042279 0.110267622641842 0.932767716615777
1463226070.82051 -0.423574446401778 -0.172167291614847 -0.647377571220987 0.226492824218721 -0.289208520505251 0.121970094981209 0.92205353867054
1463226071.01002 -0.497473770338012 -0.163883846997217 -0.683962821024123 0.2174984107907 -0.301403850896254 0.123511362357556 0.920106028312503
1463226071.15323 -0.567927060923892  -0.15847208393659 -0.710369488250544 0.223322230532033 -0.322489195559469 0.107626696284157 0.913534013786329
1463226071.2473 -0.615142896876656 -0.150676400489819 -0.725494728698353 0.211006063982483 -0.343728999586813 0.0927736543358698 0.910340521380235
1463226071.34521 -0.660484374285776 -0.141091122309361 -0.737261018944276 0.200281289008477 -0.359749702698415 0.0745248406208121 0.908247545998307
1463226071.48426 -0.728081847875653  -0.12149446327535 -0.749078580306371 0.196752450075725 -0.374298171912534 0.0533812488319865 0.904621354029006
1463226071.5792 -0.776497865951556 -0.104722794964534 -0.754645308697628 0.191740065821966 -0.391143963408659 0.0380586902613467 0.899329574262486
1463226071.67607  -0.826161595997682 -0.0887024343260114  -0.758126126703713 0.176683420559434 -0.404184090141223 0.0214478035153098 0.897194617627914
1463226071.81631  -0.901092221527478 -0.0759616676274524   -0.76325844093284 0.167041834964103 -0.418564613771457 -0.00257839086809838 0.892689218805015
1463226071.95885  -0.968854295500288 -0.0679217662307879  -0.769956544674531 0.175581036386414 -0.431213887497281 -0.0265828722132749 0.884601172165088
1463226072.05343   -1.01160106155164 -0.0625563589355183  -0.775898281585122 0.182880785279109 -0.452135441845677 -0.0492610687591635 0.871608574824397
1463226072.19616   -1.07526272196041 -0.0519190223551376  -0.779210476044186 0.197018379562932 -0.459045461073467 -0.0855326660404041 0.8620586904743
1463226072.34077   -1.14694829521082 -0.0413624532783103  -0.778588906268447 0.195164324971618 -0.460420312777162 -0.0978954941907999 0.860430412094837
1463226072.48003   -1.22577485695816 -0.0451537345445545  -0.786889399887383 0.20896321409765 -0.45747153465003 -0.100460145562841 0.858464867826528
1463226072.57656   -1.27432787392513 -0.0580555976598599  -0.796552061213234 0.197586385571078 -0.464135916798819 -0.106904972145384 0.856801492706958
1463226072.66976  -1.31877626763509 -0.082387904853695 -0.810405787157056 0.186454278770902 -0.470371658220722 -0.101644654892545 0.856535854008743
1463226072.76488  -1.36289935763244  -0.11422795562162 -0.826687811761114 0.198791840332464 -0.476470547335525 -0.0982444191218617 0.850767686181384
1463226072.85941   -1.4088545314633 -0.146593777280004 -0.839189205210874 0.206566036000403 -0.476452033320232 -0.0723447411662971 0.851522266967622
1463226072.95433  -1.45960690008021 -0.175187079667796 -0.847947785968035 0.203921211303652 -0.475862293082083 -0.0492309799727546 0.854135544403835
1463226073.05226  -1.51441725380923 -0.201845832742001 -0.854736893733391 0.19535947697073 -0.47578065106386 -0.0452137019243814 0.856401289109998
1463226073.14473  -1.56846601780544 -0.236804748660218   -0.8638423638903 0.204329172185965 -0.472142719354131 -0.0375207958331407 0.856693079133205
1463226073.2389  -1.61887822929262 -0.275679265332254 -0.874984713091761 0.205926586634723 -0.477240402422999 -0.0174275017978377 0.85412652540077
1463226073.33671  -1.66642252882987 -0.315263951251637 -0.888492091431667 0.210868318139156 -0.482373809154218 -0.00600071510432538 0.850184716438405
1463226073.42873  -1.71567873550254 -0.351400139730897 -0.903520173162883 0.211382430640628 -0.490904137977031 -0.00952113205178291 0.845127175860498
1463226073.52601  -1.76521547230799   -0.3865435043023 -0.917288769811582 0.23220304105248 -0.488014393000414 -0.00994369316562498 0.841323257087694
1463226073.61939  -1.81349388659093 -0.418586906334527 -0.927515986702549 0.248386951520636 -0.481568155314886 0.00247672346722165 0.840470047022361
1463226073.71407  -1.86014330390378 -0.450746321599564 -0.938576488434174 0.263940353389722 -0.467569358788903 0.00364244438601455 0.843623800738894
1463226073.85529  -1.92846107070139 -0.503495556571426 -0.958234388834626 0.2573867128983 -0.464244931851749 0.0236984585273955 0.847152351313976
1463226074.00055  -1.99436843022377 -0.556570362981669 -0.978753871943622 0.248692345544076 -0.470224167686814 0.0337199663925855 0.846111288931611
1463226074.13975  -2.06563182727894 -0.594436017144862  -0.99441728191961 0.253570649881071 -0.478348350015795 0.0394291360029305 0.839839344630936
1463226074.28416  -2.15273152513361 -0.605684623640532 -0.997299823220176 0.231828356954811 -0.489883381747409 0.0456737376422818 0.839156597357811
1463226074.4749  -2.28154674544575 -0.614110904087437 -0.996348058647887 0.218364766092155 -0.49261880153728 0.0530747338751468 0.840729812677994
1463226074.61415  -2.37494546267967 -0.622508208632557  -1.00154846537141 0.225446497180789 -0.513046086677004 0.0459452612046228 0.826950193679863
1463226074.75629  -2.46588101081661 -0.617491670033611 -0.999169822573364 0.230654580630521 -0.506983178257474 0.0156086193957221 0.830375151602376
1463226074.85121  -2.53312411002349 -0.605382346831566 -0.994724383550706 0.219944214921938 -0.510410001228159 -0.00512901678668725 0.831312135214833
1463226074.94586  -2.60307983362837 -0.593541081697457  -0.99545649499132 0.207523311464872 -0.521204660663591 -0.0245509456989275 0.827452130317212
1463226075.04073  -2.67162832599714 -0.587322462623837  -1.00177604706476 0.21466532237541 -0.529699154271322 -0.045322486503765 0.819318910773347
1463226075.13681  -2.73587349240433 -0.582370625412747  -1.00905178517432 0.195756034677142 -0.545607217758868 -0.0519571044485178 0.813199113448997
1463226075.23274  -2.79298657778156 -0.580271100439536  -1.01554138398528 0.206493956597727 -0.54941854225414 -0.0621596791735079 0.807239546603732
1463226075.32705  -2.84749932003348 -0.578078824866551  -1.01915217083134 0.247867015518637 -0.536864912282052 -0.0793687913382131 0.802520157715542
1463226075.41998  -2.90555130440214 -0.571852039641718  -1.01988671040135 0.254012013283666 -0.542368732328459 -0.0951330046735115 0.795150153569619
1463226075.51539  -2.96537807708139 -0.565219855749796  -1.01992597051289 0.232153051336018 -0.556815593833146 -0.118156338305279 0.788733437187688
1463226075.61314  -3.01893793805694 -0.569960953391795  -1.02683347423575 0.226843298439597 -0.57007635666577 -0.139883388948837 0.777166457729561
1463226075.70449  -3.06949522046698 -0.590292360278615  -1.04087398995859 0.221305755877132 -0.581030617876416 -0.143565183987562 0.769945596423811
1463226075.79937  -3.12018730172956 -0.618700133944926  -1.06012567587279 0.232012791538823 -0.588707864590514 -0.140678718537947 0.761447708567148
1463226075.89427  -3.17574551170296 -0.646137316434447  -1.07887340489909 0.241560176050186 -0.595384651571683 -0.128991523178541 0.755332367218265
1463226075.98907  -3.23632645698851 -0.672187500798308   -1.0973309869377 0.245464256694176 -0.599581061557139 -0.106293950868706 0.754288701570102
1463226076.08403  -3.29803786807569 -0.698540641021169  -1.11608176157693 0.250334735776378 -0.597785969147591 -0.0794198001589352 0.757414648984796
1463226076.18214  -3.35464347589499 -0.726335977640287  -1.13598143450068 0.254489831025801 -0.596760129804347 -0.0657323406664874 0.758150072723641
1463226076.27366  -3.40512847807305 -0.757992127778044  -1.15759370402852 0.246051586944743 -0.598377921859112 -0.0473448334004422 0.761026245239827
1463226076.36878  -3.45466319732751 -0.790803243422438  -1.18198895346968 0.249806575681959 -0.601739604833828 -0.0356168918169104 0.757784639417944
1463226076.46329  -3.50760239871014 -0.820089871760258  -1.20657800338063 0.258239269722227 -0.608088166864238 -0.0186622141583859 0.750461846235855
1463226076.55808  -3.56407548895103 -0.843930885443609  -1.22877433791112 0.259757366183835 -0.618629315136709 -0.00379827613807441 0.741491371672727
1463226076.65502  -3.61941421957008 -0.869412239322451  -1.25114783929168 0.272131967553078 -0.631740095328463 0.0093286766150593 0.725783452541243
1463226076.79565   -3.6969245527238 -0.911233000636274  -1.28897237069298 0.278319546399509 -0.647951265220048 0.0216240676706092 0.708681725239961
1463226076.89228  -3.74170027627028 -0.942052454808723  -1.31997088199092 0.30194637649223 -0.657886537877269 0.0211886904147269 0.689612012947557
1463226077.03236  -3.80985227819466 -0.980940182628507  -1.36621480836813 0.321268255830647 -0.674480198020376 0.0218349101226025 0.664369179729061
1463226077.22206 -3.90990015735234 -1.00622518345147 -1.41424686264164 0.335821632940247 -0.679867188169524 0.0376975991738998 0.650832795974769
1463226077.41174 -4.02513086270801 -1.01131050236203 -1.46023047383902 0.321295795725731 -0.681127154564979 0.040930591371672 0.656627365903333
1463226077.55388  -4.1123347377434 -1.00438762051465 -1.48991276686844 0.314611507762454 -0.692889833369692 0.00730584558077793 0.648744867121665
1463226077.69624  -4.20252147139503 -0.979924568955807  -1.51178462984261 0.303255947568876 -0.703383941435905 -0.0276095110263397 0.642280761112366
1463226077.84392  -4.29864909908529 -0.947594587485711  -1.53415940129294 0.28487945314503 -0.717183658137214 -0.0756523729171605 0.631480812177786
1463226078.02898  -4.40463312493218 -0.928083047078905  -1.57777561063617 0.304096105768122 -0.729252033434594 -0.101046758480247 0.604571404210294
1463226078.17173   -4.4742797519946 -0.916467958117471  -1.61190584136913 0.330044490301269 -0.732710774723193 -0.135847971629677 0.579440146719586
1463226078.36016   -4.5790210694825 -0.888864897932115  -1.65470336487351 0.325199347488046 -0.738166253690223 -0.161396784847232 0.568600953347132
1463226078.55162  -4.68237708246975 -0.877745121879924  -1.71698915339849 0.323769600057556 -0.749922240848592 -0.167588236212802 0.552000056016554
1463226078.69195  -4.74450923978564 -0.890834553257767  -1.77387813466856 0.321294310103999 -0.764202601301453 -0.138564350332669 0.541815717080793
1463226078.83471  -4.80727316321531 -0.899732893161037  -1.83074147408643 0.321130044830572 -0.777749319465321 -0.126500253823421 0.525337202338607
1463226078.9769  -4.88104459632984 -0.900394663271825  -1.88762013540056 0.304601299404273 -0.794508716785618 -0.111831424405815 0.513291028431497
1463226079.11955 -4.95439737868994  -0.9126494617962 -1.95349133413254 -0.303732905734246 0.811870032100218 0.100091457328376 -0.488461946441792
1463226079.26357  -5.01798824524615 -0.935935350313939  -2.02059870446938 -0.310455088430661 0.822326452138457 0.0969709690738233 -0.4668977139993
1463226079.4034  -5.08074936389694 -0.958357084782632  -2.08599943434332 -0.312050691761591 0.824786465431359 0.0940420108536546 -0.46206899096018
1463226079.54566  -5.14708065738914 -0.975525784417534  -2.15394418905978 -0.325659224285603 0.824608590105155 0.0610951236327652 -0.458512953612857
1463226079.68883  -5.21066425545403 -0.995518403333033  -2.22488591395326 -0.323949628828451 0.825282073667933 0.0312623222662776 -0.461507100780458
1463226079.83002 -5.26406990944448  -1.0207647992668 -2.30340802857024 -0.301157745630819 0.842629139704636 0.0210457836241231 -0.44591167304617
1463226080.01968 -5.32588004837889 -1.05512028880075  -2.4036432964076 -0.306907661578534 0.849732518546359 -0.0224228613815324 -0.42808824963636
1463226080.25691 -5.42203821592268 -1.05490652814146 -2.51277962762221 -0.295313822112921 0.862539437127328 -0.0542607565974013 -0.407272925889518
1463226080.39943 -5.48659384061689 -1.03088473543902 -2.58480432045279 -0.275411276746713 0.877357489855917 -0.00973493790678963 -0.392807452345829
1463226080.5414  -5.54819958154963 -0.990348664340872  -2.65548870239004 -0.273935874679226 0.886305955902396 0.0534113957659693 -0.369551230410615
1463226080.68591  -5.61292964092128 -0.936087303417858  -2.71782275337805 -0.263440564742443 0.889525256591933 0.0964366524437704 -0.360615943627952
1463226080.87349   -5.6943515299903 -0.873687687292764  -2.80963890992336 -0.273713844498014 0.884345168833796 0.146276151169374 -0.348737209499527
1463226081.06292 -5.76256876434706  -0.8332885437506 -2.89648238020862 -0.261560893902752 0.888200534086807 0.166333578419078 -0.339144291886226
1463226081.20669  -5.81827507495602 -0.790270260399365  -2.95215494616745 -0.261020425124997 0.884863181034518 0.204357164288635 -0.327297476190923
1463226081.30009  -5.86217173282215 -0.756618796880068  -2.98721486190374 -0.247432829840726 0.881145661087927 0.239649174984753 -0.32392528705252
1463226081.44255  -5.92290320924134 -0.722471518458939  -3.04975028541889 -0.242415540285971 0.885111205900001 0.253912662125027 -0.305517952059594
1463226081.53721  -5.95492270552199 -0.714142993045032  -3.09493599201055 -0.249854643777772 0.889441999646945 0.249988135195733 -0.289778395516447
1463226081.63539  -5.98249700901368 -0.710494148047022  -3.14100263934424 -0.269017278595033 0.892097389524203 0.246625950259096 -0.266397432570629
1463226081.77424   -6.0292350831651 -0.704515728055529  -3.21154281955963 -0.27184828057219 0.895280100714216 0.239189929172643 -0.259538496946933
1463226081.87189  -6.06649192029775 -0.697983442006611  -3.26587977625277 -0.268987159519453 0.900015026582202 0.225117812612627 -0.258729260781227
1463226081.96397  -6.10583185513978 -0.691525428180005  -3.32630090711532 -0.274447008475934 0.902153439175483 0.21000157524536 -0.258258301157824
1463226082.11047  -6.15641733303082 -0.695040329980185  -3.41852992358552 -0.264299051212287 0.904709450787123 0.202427386640943 -0.265838248418968
1463226082.24856  -6.19835853641841 -0.708426748205393  -3.51024439404106 -0.23901615809247 0.912057270653765 0.2008464822435 -0.265863690241317
1463226082.39073  -6.24102978249174 -0.720727453862921  -3.60372219340628 -0.237357929191442 0.919839347276509 0.175229509121118 -0.258556391885889
1463226082.4856   -6.2712141869798 -0.727054560871788  -3.66634892977855 -0.234548856933922 0.928804429781689 0.142428767330041 -0.249044596740719
1463226082.6278 -6.31246133288947 -0.73848556920846 -3.75609193930816 -0.23199802554101 0.936815105747773 0.118816047627517 -0.233317638883212
1463226082.7701   -6.3393744067769 -0.750158842320154  -3.84394271525699 -0.231592385559031 0.945931683534509 0.101328593732179 -0.203250419750869
1463226082.9598 -6.37929853912808 -0.74895945524515 -3.95600271761587 -0.237940284676764 0.949989119425902 0.0721365890834016 -0.188948158011004
1463226083.24451   -6.4772380748422 -0.671375009098311  -4.11671833752309 -0.222763438202431 0.951250792025507 0.0962258553373689 -0.190365348831317
1463226083.43401  -6.53827734653901 -0.619557424117412  -4.21952281610407 -0.217002923023057 0.950783142729101 0.124356137717457 -0.182911721640852
1463226083.67106  -6.62643049548715 -0.531536171530628  -4.33313769056675 -0.225350539868579 0.942640403158422 0.152847616330113 -0.193090162091368
1463226083.86165  -6.68207344796621 -0.482498082532612  -4.43092899132306 -0.238109750492552 0.935929429310957 0.183765352818664 -0.183221573984813
1463226084.05097  -6.72671083190416 -0.448792791969514  -4.53985978343509 -0.256164668926518 0.93162972388337 0.196626864903182 -0.166684120326772
1463226084.24212  -6.77777871692845 -0.391546687440398  -4.65057832892276 -0.262335140677001 0.931971250060006 0.190130879898569 -0.162665643381026
1463226084.42976  -6.8172355614031 -0.35544031707488 -4.75839228159977 -0.253837203508774 0.929735167238574 0.207506377075735 -0.167631430190193
1463226084.57333  -6.84603381094885 -0.319734233754416  -4.83566513107647 -0.255496827639968 0.927533464354618 0.22336337168729 -0.156562600121223
1463226084.71854  -6.88311218141313 -0.288028934861789  -4.92390921012076 -0.243806106340263 0.936039239131371 0.205776739352846 -0.148475785429392
1463226084.81156    -6.905300886178 -0.281714477055992  -4.99100341958619 -0.248551708931166 0.940300723537585 0.190548092451526 -0.133221701554871
1463226084.90401  -6.92339875527113 -0.284408118994383  -5.06013785525417 -0.252759264958997 0.944826105336062 0.171361833648172 -0.118539051040625
1463226085.04634  -6.94924206210504 -0.283743112447764  -5.15805052484696 -0.248862365094848 0.947194303810003 0.170836389901008 -0.108191505927556
1463226085.19191  -6.97774169812709 -0.272141407183642   -5.2562659946245 -0.245831818381737 0.951299334484172 0.153686938931726 -0.104769356602473
1463226085.33391  -7.00533086794754 -0.257470781462453   -5.3582293218596 -0.249440155695629 0.953418722859427 0.128109527623613 -0.111176870614778
1463226085.47303  -7.02962366406391 -0.253881170082546  -5.46388479425543 -0.234474424310833 0.958416875815043 0.112464330751729 -0.117518555154505
1463226085.6644   -7.0512459590191 -0.252692104270119  -5.60005293486486 -0.220753468250776 0.962452078564278 0.106514056317899 -0.116656155128055
1463226085.85229  -7.07631704710176 -0.237869479081676  -5.73424659273321 -0.221205442862849 0.966211851242123 0.0909184191994523 -0.0961075003181001
1463226086.04206  -7.09598409521915 -0.219234250267639  -5.86005309902316 -0.204336177037674 0.973145137533066 0.0776011968197273 -0.072203339961001
1463226086.23164  -7.10721370721944 -0.199681132735611  -5.98006078707319 -0.202048534866858 0.975134000879785 0.0810588673091596 -0.0414672149643003
1463226086.42145  -7.14194200900349 -0.120284108482439  -6.08885690146242 -0.199645992903822 0.972736939919554 0.115833908400007 -0.0225128607282322
1463226086.65861   -7.18493667111422 -0.0207453750274722   -6.22771984612866 -0.20301499340713 0.968250237998658 0.145315158543268 -0.0126449106359366
1463226086.89557  -7.22706553741863 0.0803170985701713  -6.34885307613964 -0.221860377326998 0.958131317354794 0.18072653735209 0.0100135095252619
1463226087.13264 -7.27033294951259 0.172288947733378 -6.47478580146861 -0.229712190423412 0.948668740802296 0.2108795493967 0.0528180408734493
1463226087.27727 -7.28545138933242 0.207950198053037 -6.54972825503491 -0.23761368560605 0.937778142319947 0.240535910796761 0.0790845611787287
1463226087.41713 -7.29820690880949 0.252007755402641  -6.6174183841498 -0.245754673286796 0.925831609415619 0.269348612835982 0.0994575101634707
1463226087.60709 -7.31665059173213 0.326584573788779 -6.71472737136612 -0.263556780122929 0.91964233124311 0.264116876392732 0.122629857055768
1463226087.75209 -7.31710997416037 0.371348179392901 -6.80033899635603 -0.264027187765088 0.919131022674744 0.25690143648425 0.139604653253635
1463226087.89161 -7.31178401366984 0.399955020846833 -6.87974742657051 -0.25699445279271 0.915812795800526 0.267137122522192 0.154526800433981
1463226088.03565 -7.31238551259413 0.434779605743062 -6.96150409469594 -0.236411245282316 0.92110594380994 0.265109585841362 0.159343876183194
1463226088.17607 -7.31747784691789 0.473382912491584 -7.05373446198892 -0.225820577029408 0.928801091650806 0.245942097242252 0.160767173087226
1463226088.27353 -7.31613548363592 0.486870292328602 -7.11771968666224 -0.216776622090964 0.933089994058603 0.231250910449176 0.169923440169313
1463226088.36564 -7.30970516312003 0.494142972744248 -7.18392748284808 -0.217418147765726 0.933308657384086 0.217564552174815 0.185283471229918
1463226088.51184 -7.30183282247921 0.501090636576912 -7.27821449180659 -0.212987295452996 0.937467964256889 0.204730187217102 0.184053737831406
1463226088.69752 -7.29182524940209 0.530598239500692 -7.40500635499202 -0.202120136608406 0.941586328423094 0.197297607756372 0.183401991476997
1463226088.88718 -7.27805864171247 0.560385257069238  -7.5418733677136 -0.203013093431203 0.941482992660613 0.211772815678054 0.165975097427592
1463226089.0312 -7.26163361859252 0.568848449609568 -7.64470343944124 -0.176562907354474 0.945873788510812 0.217908478604502 0.163291796814811
1463226089.1724 -7.24869670007992 0.582243063759944 -7.74585944874487 -0.156377181327495 0.953574471924732 0.204189347435503 0.156679973345031
1463226089.31383 -7.24849538791759  0.59862551442006 -7.84106951832963 -0.149931023507881 0.962049459373144 0.175361782215102 0.145704396804157
1463226089.55104 -7.23701305121944 0.622545066102602 -7.99462633611829 -0.138047119380725 0.957715674019069 0.184175965698416 0.172635147718938
1463226089.74165 -7.21693673888077 0.639059344015561 -8.11081003280698 -0.124800695180195 0.962618536317432 0.146815748440848 0.190356182012505
1463226090.02573 -7.19507543937401 0.730682377554614 -8.27189106375818 -0.13751127846174 0.962658783279008 0.118207042611286 0.20101196568536
1463226090.30978 -7.18551861288944   0.8533864452595 -8.42687249925086 -0.159490882402994 0.953770053489207 0.13494895851024 0.21604194522016
1463226090.45224 -7.19079630140414 0.939018402858278 -8.49708402801666 -0.158986925179502 0.94347379958825 0.178787204705895 0.229380649894298
1463226090.64789 -7.18956055704458  1.03251004316442 -8.59643853211217 -0.154801269566468 0.93108285249878 0.220354856098349 0.246099626406099
1463226090.83123 -7.17519832952265  1.10473481342676  -8.6844607790551 -0.171004405736695 0.912020657904786 0.253940509148281 0.272928618116664
1463226091.06843 -7.16595674378357  1.21249183654436 -8.80122095093866 -0.183445455395005 0.896785918658051 0.274424290575244 0.294642308119231
1463226091.30553 -7.14912821615389  1.30231323169547 -8.93214531871794 -0.197123369273087 0.885776020272219 0.298682939833325 0.295519408245311
1463226091.49531 -7.13190557316818  1.36206312740994 -9.04122658102121 -0.192315423909624 0.881257609999027 0.308281124024533 0.302262387861003
1463226091.63753 -7.11690920470696  1.40615779756926 -9.13110968326522 -0.187720034640145 0.885765626331361 0.282853295459795 0.3165034866349
1463226091.78352 -7.09264181903742  1.43606748282015 -9.22594979435503 -0.183652283133714 0.884274993202778 0.255332009084495 0.345159586905645
1463226091.87453 -7.06976218470155  1.44590490075062  -9.2831472757581 -0.17368701914779 0.876983766456243 0.234221296131639 0.38193281763969
1463226092.01753 -7.03882023649293  1.47430692755937 -9.36104662006288 -0.169504330278886 0.864159107349716 0.232003203936138 0.413124475872122
1463226092.20736 -6.99783576712414  1.52806819273772 -9.47292684319996 -0.147426613831291 0.869142478046363 0.210070782559526 0.422761176912564
1463226092.39621 -6.94721462461982  1.56266964220985 -9.59509206206277 -0.119182876915734 0.875212571428287 0.192606834506366 0.427435379870938
1463226092.58583 -6.8878954306594 1.58587636597444 -9.7118814320001 -0.102145240209399 0.86904593334922 0.171293585937045 0.45275161297181
1463226092.77759 -6.83492738946155  1.62803922333442  -9.8285475983799 -0.0805203288351587 0.867507805078707 0.137289133241536 0.471273146556846
1463226093.01462 -6.77296669738952  1.67805445676642 -9.95212652204113 -0.0588739709188909 0.852142187014069 0.117648899304266 0.506503983352171
1463226093.20236 -6.73009603596874  1.75490766736467 -10.0279536737636 -0.0622509862730117 0.831478028575397 0.157284325027728 0.52917931158066
1463226093.44061 -6.66981552470608  1.87673967529952 -10.1180961972336 -0.0885961330979191 0.81166713025934 0.181475800560352 0.548100108253632
1463226093.72574 -6.58924170576981  1.98607111331677 -10.2202746648995 -0.0914260090584577 0.780534503019269 0.218037594797372 0.578676750629471
1463226093.96834 -6.52050777840187  2.09282998088569 -10.3069791172432 -0.0783827967813719 0.759758313652496 0.221328003511804 0.606331062099019
1463226094.15403 -6.46202565990995  2.14523677526861 -10.3782923080343 -0.0857622422494203 0.724592477570943 0.20744567582672 0.651595634448812
1463226094.29474  -6.4236579186177  2.19766248310629 -10.4238394391696 -0.0934160543186263 0.696458371019077 0.23568062873094 0.671322440764482
1463226094.52996 -6.34226932236416  2.28967026303958 -10.5083294535944 -0.0960263861788533 0.681958200985107 0.229214624493584 0.687875425629417
1463226094.67423 -6.27293452863709  2.32315648945774 -10.5751626451121 -0.0752028424862924 0.69610186845607 0.218199217443877 0.679835143781807
1463226094.86233 -6.18929565662386  2.36828123657666 -10.6576675025235 -0.068291345845572 0.677719168834563 0.214381365139985 0.700052605564401
1463226095.09923 -6.10253151456035   2.4533261268766 -10.7654782645664 -0.0604830335997087 0.678811032002896 0.207922669740664 0.701659140099845
1463226095.24261 -6.04259527673394  2.48827282191162 -10.8284818857494 -0.0390025977628341 0.643770013376354 0.193374309433268 0.73935468058055
1463226095.43095 -5.96733640901976  2.53301027051038 -10.9050846011832 -0.0430482648970068 0.609757550622181 0.192723507265749 0.767593789771507
1463226095.52575 -5.93410857418077  2.56777290143979 -10.9448441291011 -0.0437123570933296 0.599064107667148 0.187521710403124 0.777204627411466
1463226095.76294 -5.83154136183372  2.65215023181916 -11.0433711062133 -0.054641373967365 0.588865720740328 0.177178384713444 0.786676110720459
1463226095.95265 -5.74404685139231  2.68822252391612  -11.119703994575 -0.0173381454553726 0.58346075803757 0.174178830997599 0.793054012898682
1463226096.14536 -5.66722448112811  2.74937894289508  -11.187075717573 -0.00514245363816512 0.558761357608845 0.162690237896007 0.813198122788685
1463226096.28499 -5.61231510522541  2.79695852886807 -11.2406614110591 0.0211259131789381 0.538535461053771 0.16138211626701 0.826733975066429
1463226096.42675 -5.55086395437408  2.82834467545544 -11.2916917600074 0.0411634367663349 0.502242010800321 0.150807835434435 0.850479588721807
1463226096.57138 -5.49365123619852  2.86628528443414 -11.3364642782485 0.0368761124530423 0.464023386959504 0.150591024957757 0.872149523812949
1463226096.71133 -5.43555356350722   2.9199634252037 -11.3730629650067 0.0414523749646849 0.433105522693035 0.142248999873241 0.889081845983621
1463226096.85469 -5.36523492193684  2.97142735314704 -11.4177922614003 0.0518126470408834 0.420484510050912 0.127809386545145 0.896756927558865
1463226096.99585 -5.29471432199296  3.00125583066245 -11.4635924819323 0.0769481312256015 0.399455992807387 0.12507725193677 0.904914126289947
1463226097.13857  -5.230089381363 3.03920415609115 -11.509809381455 0.0713941909283279 0.368750544693984 0.129825689632194 0.917644373164847
1463226097.32787 -5.14626547076584  3.11354197425114 -11.5774602990608 0.0785799042004737 0.364104642567214 0.116139278880736 0.920741372926137
1463226097.47016 -5.08058345801441  3.15573084682429 -11.6264896230544 0.0866431735009981 0.323780497988879 0.113375013380178 0.93531024582691
1463226097.56499 -5.03647792135973  3.17448799141197 -11.6572850130337 0.11400399901407 0.297452044801146 0.101123268520371 0.942496394590544
1463226097.7071 -4.97279884341927  3.21126267978252 -11.7020310740591 0.109539139484428 0.268147042259958 0.0997985099636422 0.951913125267891
1463226097.84936 -4.90921306200145  3.26830559403094 -11.7386122121529 0.107543702825405 0.247517333035999 0.0936190097614613 0.958334494234988
1463226097.99365 -4.84281147992854  3.32717049169917 -11.7739261846247 0.0942754412623759 0.228299700517803 0.083993410852505 0.965368579793039
1463226098.18199 -4.73639842166291  3.37526147846958 -11.8347391537144 0.0881786430988869 0.221136129957029 0.093579406397403 0.966729659019096
1463226098.32363 -4.66095442144495  3.41361933078307 -11.8770039029937 0.111971723028969 0.224045439537554 0.0826330379999266 0.96459201494479
1463226098.46809 -4.59230731474548  3.47319434915007 -11.9179260699599 0.0971167770305268 0.215999955122249 0.0784145204456845 0.968381905030067
1463226098.60804 -4.52094549538669  3.52045881588388  -11.962928686474 0.0873510149847937 0.196609131775269 0.0846535433010173 0.972907203740564
1463226098.75042 -4.44963658341805  3.54995348718686  -12.002231017512 0.0977538602045607 0.18979670894655 0.0869228027120434 0.973070304991807
1463226098.89275 -4.37354838471562  3.59400564367579 -12.0390050242562 0.100691521811145 0.192881457520497 0.0917523157906977 0.971719853315331
1463226099.03486 -4.29975872937791  3.65255217069912 -12.0603609603379 0.0917042493319089 0.181295362573518 0.0795908734965774 0.975903486529206
1463226099.17887 -4.21973447615356  3.69933777955932 -12.0782080060004 0.0791862246619386 0.155525435964957 0.0710075328623091 0.982089258096486
1463226099.27188 -4.16250619578118  3.71573576122447 -12.0958817219092 0.112923864661043 0.161827560096076 0.0720171557128503 0.977687869857449
1463226099.41657 -4.07795048758347  3.74234008516898 -12.1282304558915 0.11382559094514 0.162120008305771 0.0809056294543412 0.976839350597386
1463226099.5574 -3.99794799739936   3.7876965025943 -12.1577787996971 0.115210304669611 0.164232604941291 0.0667861011736528 0.977391351436136
1463226099.69862  -3.9169183120729  3.83929769390456 -12.1868201535187 0.121243116977233 0.152439513176856 0.0583653722243801 0.97910968983723
1463226099.84101 -3.83396242753157  3.87323032467996 -12.2192761371365 0.136334878488497 0.135904719138321 0.0549026844333054 0.979759359978499
1463226099.98332 -3.75743126886469  3.90376075714596 -12.2485833639339 0.136599994430191 0.105109600567979 0.0498140040074908 0.983773845146766
1463226100.12818 -3.68097114340061  3.95112811107839 -12.2677008060637 0.139196165692094 0.097606583491069 0.0450300465977322 0.984413367046195
1463226100.26783 -3.59967082924389  4.00285803120345 -12.2779306782163 0.136468311486184 0.0806373782257915 0.0257956805126671 0.987020058590437
1463226100.36581 -3.54171193467598  4.03162098195369 -12.2852467043476 0.109268963465412 0.0606951618990511 0.0260020519513899 0.991816658581393
1463226100.50748  -3.4519271228699  4.05372189453501 -12.3073468186401 0.124834948065276 0.0676002161844575 0.0305949567924219 0.989399007040246
1463226100.64718 -3.36443790838942  4.08061367877195 -12.3266132764988 0.153890093549913 0.0760627264614216 0.0186446627785857 0.98497953141186
1463226100.78928 -3.28065631758326  4.12421616744162 -12.3383415356594 0.171939637567996 0.0707366041868388 0.00522135878448136 0.982550676185989
1463226100.93162 -3.1986429873856 4.16025953684694 -12.347659309725 0.165119682710836 0.0307258039107146 0.0092845816899531 0.985751090234424
1463226101.02637 -3.14541909838853   4.1694190854231 -12.3553063290395 0.206443161751891 0.0169157760560561 0.00745321996249621 0.978283970531305
1463226101.16876 -3.06573874723511  4.19871087284634 -12.3602375199914 0.186359491672016 -0.00957938203963653 0.00902098248668522 0.982393504242807
1463226101.31352 -2.98548470279225  4.24607892912915 -12.3563922032876 0.185774704647589 -0.0293480364789764 0.00312198523143478 0.98214902386356
1463226101.45322 -2.90005192250413  4.29211163208594 -12.3451612619446 0.176279704066296 -0.0553031464912399 -0.00423905228510982 0.982776199527742
1463226101.59578 -2.80673526495909  4.31562087823704  -12.342887579928 0.178284435110202 -0.0696749735314204 -0.00558900930103996 0.981493159036712
1463226101.73792 -2.71196620878798  4.33722630125336  -12.344112729803 0.189484395996466 -0.0663864752306784 -0.000596677714028625 0.979636740611542
1463226101.88095 -2.62051595659098  4.37983367326956 -12.3394032162182 0.196048019544053 -0.0689072740711125 -0.00732033611078218 0.978142818964679
1463226101.9749 -2.56152394556427  4.41039772807751 -12.3340214266594 0.182495214670787 -0.0817144383882243 -0.00935192176819108 0.979760577253648
1463226102.06972 -2.50336526725468  4.43132750581273  -12.330874835579 0.180090884993831 -0.107964324594272 -0.00679051805301954 0.977683418403735
1463226102.16581 -2.44715562721991  4.43839888227928  -12.332779084066 0.214287896990674 -0.119220982534939 -0.00433707298485491 0.969457706310411
1463226102.26151 -2.39202980279755   4.4508205693584 -12.3316258385329 0.199109563475489 -0.136996993131394 -0.00579425506584828 0.970336865327598
1463226102.40176 -2.30322262700313  4.48229385538076 -12.3212296219161 0.205322521811273 -0.132024469204847 -0.00972085668487947 0.969699802265397
1463226102.54387  -2.2075974262923  4.52037832573551 -12.3019816519234 0.209445892295365 -0.127039559290043 -0.0291410849066876 0.969094508160299
1463226102.63874 -2.14122794626365  4.54025275388496 -12.2908368475251 0.181132117108725 -0.126287030296505 -0.0266928599850304 0.974951400510005
1463226102.7355 -2.07611767986728  4.54580171820498 -12.2854988477433 0.20634295596359 -0.130555383632546 -0.0204070715753216 0.96951607916449
1463226102.82863 -2.01239268384091  4.55331947701252 -12.2817148904762 0.214444275613193 -0.121644202808639 -0.00879501059955078 0.969091836911414
1463226102.9706 -1.92189545499711  4.58365860585879 -12.2726227668419 0.220036145336194 -0.117301389259687 -0.0113235942454087 0.968347176913684
1463226103.11446 -1.82992786952634  4.62211810103605 -12.2667010701693 0.214228824235778 -0.127093639794452 -0.0246791063557018 0.968165357415684
1463226103.20778 -1.77403464073993  4.63732137381337 -12.2667627824291 0.223840708912803 -0.158011297554545 -0.0367351579512627 0.961029809656724
1463226103.30269 -1.71740461454191  4.64517578842961 -12.2678172120888 0.254540169045224 -0.171004885183004 -0.0388951025699515 0.951027761204713
1463226103.44707 -1.63392311625394  4.66725465418383 -12.2650974526949 0.24445490825773 -0.185845597775929 -0.0353976842032347 0.951025875341497
1463226103.58747 -1.55097141793927  4.70259921535386 -12.2496808626773 0.249082181022587 -0.186582517910576 -0.0337407637304912 0.949740276059757
1463226103.72938 -1.46276195557828  4.73806657519294 -12.2250734242874 0.244219568382484 -0.194977828580071 -0.0416679248292539 0.949001703276499
1463226103.87155 -1.36655107119556  4.75459116195765 -12.2056860873638 0.237349053445004 -0.190752401044126 -0.0411879581067661 0.951620985703687
1463226104.01522 -1.27309449900758  4.76659614707762 -12.1912466075791 0.242784963841217 -0.190343521456324 -0.0302312569446786 0.950742276474424
1463226104.15738 -1.18211916024082  4.79794397108169 -12.1705768726347 0.240551186140762 -0.176903990761661 -0.0259619730754212 0.954026247465394
1463226104.2985 -1.08666642749597  4.83221167473057 -12.1483696742938 0.241301770310638 -0.175860931839488 -0.0234734097909401 0.954094013884526
1463226104.44071 -0.99539617665092  4.84392506709658 -12.1319641774424 0.259438213050135 -0.177200735626819 -0.00835016134643248 0.949327123655569
1463226104.58296 -0.906289253694286   4.85829896384439  -12.1142628470764 0.246766518331558 -0.193433408854541 -0.0145558724834994 0.949461915163361
1463226104.67768 -0.845442515397859   4.87667038049371   -12.096177086968 0.233151769663351 -0.191130275903399 -0.014691884497048 0.953359123555161
1463226104.77273 -0.782241865524596   4.90296971807994  -12.0727416464364 0.224328523304377 -0.172425697142167 -0.0143900666005284 0.959030249043453
1463226104.91626 -0.687618525638752   4.93377655495932  -12.0324587811581 0.217799520522429 -0.158323705688114 -0.0235490425797041 0.962778487332867
1463226105.00969 -0.623239422914392   4.93970919046678  -12.0106592233828 0.19835305402844 -0.148198905573005 -0.0305264087755793 0.968380756062315
1463226105.15253 -0.529990312081342   4.94746754451148  -11.9789555482687 0.188177489929955 -0.144879602218121 -0.00874678551346581 0.971350928803778
1463226105.24671 -0.470947071136659   4.95936828862746  -11.9549409265712 0.179141136528593 -0.129173435927473 0.000218917983899295 0.975306428118287
1463226105.34356 -0.412190793502968    4.9749353347873   -11.927433728991 0.169918960803959 -0.115531061594874 -0.00462445604783962 0.97865148800394
1463226105.48623 -0.327062486611449   4.99271169910016  -11.8884917870766 0.168450773434793 -0.118125806339216 -0.00523416652980609 0.978592476113866
1463226105.58077 -0.273704969841349   4.99571525360711  -11.8657643346287 0.160374560755498 -0.136356576328471 -0.00198012680075452 0.977590386333822
1463226105.72095 -0.193001756000175   4.99319889870321  -11.8310665391764 0.162134055111652 -0.130441872180445 0.0158477860365902 0.977980732853593
1463226105.86325 -0.12007432319727  4.99976154658464 -11.7824655317309 0.160085793031253 -0.11039320242061 0.025563340034076 0.980577582537547
1463226105.95889 -0.0714597198246067    5.00890368540103   -11.7433024611035 0.154852514955054 -0.0957340151817653 0.0246861840503019 0.982978275073415
1463226106.05526 -0.0212552979208943    5.01269660443785   -11.7001113010654 0.14687047275204 -0.072588533158364 0.0257912617860867 0.986151499468003
1463226106.14812 0.0265540822417508   5.00955791119796  -11.6585623725954 0.128539939221781 -0.06633157424821 0.0296364025325948 0.989039579555612
1463226106.24271 0.0740243861425445   4.99626262768327  -11.6201821066943 0.140431024811117 -0.0526952584715759 0.0529259718405205 0.98726955716757
1463226106.38497 0.136491224471884  4.98161452427852 -11.5570106570487 0.125723688336022 -0.0478472913718957 0.0619636462140234 0.988971535205854
1463226106.52921 0.194147378191446  4.97796612475441 -11.4873195390323 0.112077754892309 -0.0268196979056892 0.0613017949906366 0.991444083442669
1463226106.62191 0.234681575205845  4.97226911950158  -11.437373093391 0.123922457604674 -0.00812269330860249 0.0673538380904313 0.989970053511277
1463226106.81176 0.312215714910621  4.94679635240327 -11.3470458664085 0.130024636807172 -0.00853154289491853 0.0600632590473574 0.989653076341202
1463226107.00364 0.375554546247899  4.92116838341622 -11.2601748109772 0.115821574566333 -0.0245604076530811 0.0560163536513388 0.991385050000502
1463226107.14473 0.414063870385691  4.91442008675196 -11.1779682892463 0.111641639216235 -0.0266584984335292 0.0428619140887595 0.992465780354683
1463226107.28841 0.448143537103929  4.89527163084179 -11.0959576422068 0.118673677013287 -0.0375004506285593 0.0300336357698324 0.991770263372141
1463226107.42808 0.478347154928343  4.85740642424025 -11.0233271631658 0.123476743737193 -0.0493131431054655 0.0276707742527469 0.990735098765242
1463226107.62071 0.506628268722535  4.81492524115506  -10.930670972472 0.129271993777251 -0.0812244927892369 0.021052814195908 0.98805268706199
1463226107.76008 0.525781827585506  4.78918545162959 -10.8501621746804 0.152820188533467 -0.0946473325824821 0.0122393667384815 0.983635130682845
1463226107.90232 0.545664243399707  4.75464111049394 -10.7725090247282 0.171478407044027 -0.118485754850734 0.0115785988775374 0.97796841353038
1463226108.04637 0.564690915020285  4.71481563495101 -10.7007598054527 0.169821803837772 -0.142601912725503 0.000663293859871368 0.975102461010928
1463226108.23535 0.579919735139283  4.67588517334326 -10.5957912369969 0.161524456621885 -0.161202538776222 0.000250501791732942 0.973613644447302
1463226108.42608 0.585035847137387  4.63725950692954 -10.4699070639388 0.171990358072664 -0.144435582253006 0.00037239913963834 0.974452431177712
1463226108.56604 0.587275609203694  4.59305769491252 -10.3823946782942 0.184805116242853 -0.133419003840412 0.0119063212214044 0.973603963601048
1463226108.75586 0.587612940683154  4.53131189276208 -10.2777787667105 0.183900294552061 -0.141909913908962 0.011623825509665 0.972577577717344
1463226108.94664 0.575041421623618   4.4852512056201 -10.1626939026076 0.208018151204324 -0.153287961124411 0.00774150304695618 0.966007928991491
1463226109.13724 0.560270831768021  4.43600760175506 -10.0453869974349 0.206656291540521 -0.165538153381541 -0.00308201967577376 0.964303270810831
1463226109.27752 0.545232183759405   4.3911854272644 -9.97431486606643 0.213822692926154 -0.188172236471918 0.00223023118970565 0.958575031742328
1463226109.41984 0.522787706888111  4.35075351368522 -9.90007800644056 0.231349324318402 -0.202723340937064 -0.00484763938642539 0.951502620894505
1463226109.56206 0.500294419313388  4.31911323169822 -9.81376172764272 0.237321270610167 -0.194575874273086 -0.0169263229516181 0.951594631793485
1463226109.65676 0.489652348648929  4.29131496056682 -9.75340431493973 0.257414138261184 -0.168874237340551 -0.0120584661555242 0.951353796849456
1463226109.75163 0.478568773592647  4.26274297991097 -9.69247574539635 0.238186511382238 -0.159025334295892 -0.025898831938806 0.957761650595723
1463226109.89396 0.468213406788218  4.21652816234607 -9.61457429730792 0.239709908928264 -0.143322506778214 -0.0107828546102038 0.960146628728585
1463226110.08576 0.445747792004223  4.18225551134984 -9.50884561504222 0.229200420262312 -0.141321089878471 -0.0116993290722382 0.962994622314372
1463226110.2261 0.430144918250772  4.15768763919525  -9.4172379607985 0.207587754326212 -0.140273872241483 -0.016153782807147 0.967971910915394
1463226110.36806  0.42330759998137  4.11631908506198 -9.33509517098945 0.199151043267313 -0.133082030734298 -0.0107776069610229 0.970830509537772
1463226110.55947 0.421277079267355   4.0515438953136 -9.24529892991333 0.20049321825338 -0.11739243375067 -0.00301390373367524 0.972631688933062
1463226110.65553 0.428915271622708  4.02489378903597 -9.19770346293716 0.198792185550626 -0.0715871312173905 -0.0400730477014337 0.976601812642178
1463226110.79731 0.439472919963768  3.99266564240888 -9.12068892841978 0.195201921877876 -0.0231130294092162 -0.0748796201518304 0.977627250056293
1463226110.88976 0.442220834871879   3.9661832272358 -9.06944133405557 0.209667706273075 -0.00688969485543574 -0.0943152521249479 0.973188891360559
1463226111.07929 0.439957298744393  3.91118932098373 -8.97366419782982 0.210198895431038 -0.0269912881537252 -0.123884606860967 0.969402134774974
1463226111.2232 0.440965604438713  3.87855742874284 -8.90362318137978 0.20214007892824 -0.0151756192734638 -0.148457458106182 0.967920178632104
1463226111.36387 0.435130441812853  3.86119393411521 -8.82676495163356 0.205574695898711 -0.0294133042782487 -0.203425726348786 0.956813396539292
1463226111.55372 0.443687732186319  3.83373556829638 -8.71451674794488 0.18947165577923 -0.0340373376785637 -0.257892616622365 0.94680164215727
1463226111.64833 0.452290285831299  3.81007749212908 -8.66940564606551 0.191701272915669 -0.0432808048592004 -0.260263384806829 0.945325533571449
1463226111.79064 0.452144100559056  3.77361429328152  -8.6015584140755 0.195007561088331 -0.0737685537640436 -0.25179598282673 0.945055043172758
1463226111.93286 0.450069584193677  3.75139658408922 -8.52742053603171 0.195229965577568 -0.0945079764488883 -0.247075398203683 0.944408412992287
1463226112.07509 0.452467324717257  3.72137011996295 -8.44321898631318 0.204124146965444 -0.0852264075323633 -0.257699250413443 0.9405641330718
1463226112.21947  0.46127286650805  3.67639027101723 -8.37079902392785 0.20374692228478 -0.085209577825309 -0.232784066680656 0.947120952046743
1463226112.35966 0.479559531310558   3.6320009378288 -8.30866347616558 0.215609426859875 -0.083479031872933 -0.213192653733473 0.949259036660064
1463226112.50188 0.494681585426022  3.60981680996487 -8.23296142323051 0.212652265471315 -0.091655899125229 -0.200488685106821 0.951936183412313
1463226112.64429 0.515150559547753  3.60021647549843 -8.14523834330618 0.209269080899528 -0.0967312716910981 -0.207027530121803 0.950783421515203
1463226112.78777 0.547822679660908   3.5753682731837 -8.06300667507675 0.209461551841618 -0.099715156294152 -0.202415161000136 0.951425692580678
1463226112.93077  0.57698660037603  3.54227144982992 -7.99494126865032 0.204276427431987 -0.104778829182299 -0.210623690281501 0.950226393678377
1463226113.07102 0.594170553089471   3.5116962579715 -7.93222808017297 0.211231242997019 -0.127333549391328 -0.201007570175823 0.948031373907716
1463226113.21318 0.604039216303739  3.49866793762931 -7.85230970039312 0.207067775405926 -0.135029103258588 -0.200416256485145 0.948010232960649
1463226113.35552 0.613322030635776  3.47697766617852 -7.76057145229725 0.208185339432544 -0.128196939921024 -0.226421632364659 0.942845508785806
1463226113.45031 0.626910839257086  3.44817325939328 -7.70291534134265 0.211601850086512 -0.114546692660881 -0.231478079362901 0.942614242951422
1463226113.54517 0.643834078811739  3.41733079437455   -7.653926958587 0.224266535440067 -0.0954982198155074 -0.22523065570929 0.943321664556975
1463226113.68931 0.668679080746343  3.38402668781946  -7.5830170957421 0.209427496466015 -0.0828333175892891 -0.209422030678884 0.951536220165823
1463226113.82972 0.685039124725673  3.37068172325016 -7.49622450138237 0.191293393407562 -0.0637220150437799 -0.215763661759315 0.955401687617094
1463226113.97218 0.701033376230119  3.34829286354959  -7.4029123800429 0.203914730901646 -0.0354530068403504 -0.223568414819897 0.952459464083488
1463226114.11583 0.712419754463917  3.30751361015506 -7.31743285322813 0.198563517067411 -0.0412972786592853 -0.257782674517067 0.944677276737397
1463226114.25663 0.711755320505381   3.2657991510876 -7.24889457938784 0.197737949282049 -0.0649325950619191 -0.289461290468452 0.934288832659683
1463226114.39865 0.708334511784736  3.24219325800266 -7.17660418623001 0.18980218217753 -0.0822389484624518 -0.310040330863839 0.927947671064634
1463226114.54261 0.707237676240728   3.2298468295973 -7.08720878118727 0.157331738321058 -0.0771441117941212 -0.348764838189342 0.92068376643402
1463226114.63578 0.710835060376418  3.21181615592543 -7.02509599396449 0.148236568097061 -0.0633818447379071 -0.344843923813279 0.924711484651016
1463226114.73119 0.719634902804358  3.18217221929261 -6.96653780334038 0.150183093405274 -0.0472532282966794 -0.328898124449349 0.931148857382355
1463226114.8729 0.727550984234324  3.14848305922381 -6.89322457965103 0.122914060988382 -0.0574604613978956 -0.325835242026173 0.935639793959743
1463226115.01513 0.728619300897114  3.12437413667743 -6.81862822834595 0.108114135503477 -0.0701461595585616 -0.310539422099331 0.941783476880824
1463226115.15737 0.724756994821518  3.10532579468535 -6.73321278350543 0.108523153463209 -0.0745367161205699 -0.313958817854453 0.940264252114158
1463226115.25238 0.723763464270223  3.08403505622885 -6.67425993514569 0.118014456272103 -0.0770400374884919 -0.315845780239762 0.938285065339584
1463226115.35028 0.721799063356697  3.05146163669187 -6.61952277146455 0.143058505002797 -0.0914705636542691 -0.314216586500833 0.934042470607681
1463226115.44194 0.717457619840303  3.01681795551656 -6.57363182651936 0.163993637535588 -0.0983315812213152 -0.303009219373153 0.933607197892794
1463226115.58493 0.702106464567536  2.97437145340529 -6.51055176601892 0.166004528330393 -0.12907441388515 -0.287595622603844 0.934382710731056
1463226115.67894 0.688945651440782  2.95387938112782 -6.46436976444588 0.180936826728107 -0.152346641718645 -0.288343901292659 0.927852445207719
1463226115.82139 0.671820142833586  2.92664216707804 -6.38538148962593 0.205742957516869 -0.170496095834975 -0.284472227986289 0.920693471380003
1463226115.91615 0.664398958700405  2.89962740138283 -6.33002640652738 0.211885379235307 -0.178740106793088 -0.286109294243497 0.917223000168113
1463226116.01201  0.66060086298537  2.86494676562586 -6.28030595538626 0.224473586939701 -0.185693434701831 -0.27165282481464 0.91724277039685
1463226116.15607 0.657584669983879  2.81679341929643 -6.21164364712112 0.229243206227052 -0.200019091439444 -0.254795540741167 0.917888417988209
1463226116.29542   0.6497047946784  2.78395876052342 -6.13527984084075 0.243258417397976 -0.216248140622918 -0.247101318288971 0.912689992572514
1463226116.43771 0.642988137974222  2.75994602234183 -6.05084616901599 0.255169109365385 -0.226360776291999 -0.255828740235412 0.904544736456811
1463226116.53273 0.639590969573804  2.73631162648995 -6.00267531407078 0.266582036391019 -0.255785880321107 -0.243546307531509 0.8967679729951
1463226116.62737 0.639498208783921  2.70848184563874 -5.95844752454572 0.267745115650908 -0.275113079968436 -0.244255255098248 0.890485663350204
1463226116.72228 0.638606920261554  2.68111370918628 -5.91819752530577 0.278952325878958 -0.294673506457501 -0.252853263833776 0.878304247654175
1463226116.81723 0.635628846540129  2.65985034399375 -5.87695981009513 0.282570389228547 -0.313509388672982 -0.253898197931645 0.870288195618086
1463226116.91202 0.628843197280817  2.64701117707837 -5.83097907068109 0.289474973264303 -0.32768655239026 -0.268844587209698 0.858223951637487
1463226117.00704 0.620879938694212  2.63394975478467 -5.77995410213482 0.308560674530082 -0.342653717131449 -0.273428894851982 0.844165493093366
1463226117.1016 0.615308766177933   2.6162268867775 -5.72625131101264 0.321157156871346 -0.353167079459318 -0.277680590807925 0.833681344438659
1463226117.19633 0.614469858317217  2.59203823522125  -5.6749286356925 0.319707803849749 -0.366712732660209 -0.276087429525088 0.828905557419349
1463226117.29223 0.618526241068097  2.56652932073004 -5.62774369522149 0.318761605745041 -0.381899403853658 -0.263907664086671 0.826375597942836
1463226117.38629 0.625661473380874  2.54640261121584 -5.58147607847063 0.312145355287857 -0.39750481906478 -0.256675670237152 0.823815996628375
1463226117.48312 0.630944252409946  2.53226391115252 -5.52799526339105 0.310634242232539 -0.404543589476557 -0.266092421824193 0.81795212256817
1463226117.57572 0.639915610394759  2.51910802544245 -5.47292340282841 0.325250583704296 -0.402217346668431 -0.268647269079573 0.812565018109387
1463226117.67053 0.652709521144716  2.50300861810013 -5.41784301208009 0.339881883085726 -0.404557214532884 -0.267301050421498 0.805831194582996
1463226117.7683  0.66965324870649  2.48267541893083 -5.36561985326042 0.34296328914355 -0.416157462570689 -0.268671118327387 0.798125916646787
1463226117.86126 0.689426257371444   2.4587419467455 -5.31572601765202 0.341243293659032 -0.41684043421203 -0.271195847800082 0.797652730876449
1463226117.95609 0.706814831069285  2.43492306136993 -5.27000871833179 0.343580244311769 -0.423331416037354 -0.270850751417388 0.793336623616426
1463226118.05023 0.721247569797205  2.41781480012722  -5.2211872586688 0.338968317430161 -0.431512624917525 -0.261568785594752 0.794027143564904
1463226118.14695 0.733552961873557   2.4077708279474 -5.16689627371229 0.333018993756046 -0.437081033092107 -0.254387458071556 0.795830095865154
1463226118.23969 0.745855030717271  2.39934827170507 -5.10466341805938 0.332756373881178 -0.426982055357199 -0.262683039003826 0.798722192670334
1463226118.33453 0.760644725579586  2.38507840379434 -5.03859630189647 0.341363991596496 -0.405556132102506 -0.272016627798188 0.803120042805971
1463226118.42927 0.782806810306636  2.36408205327411 -4.97636630284557 0.333144747910295 -0.396262018444026 -0.269760277859276 0.811923877076995
1463226118.52416 0.808356369578798   2.3414621732993 -4.91667742019242 0.317476663994279 -0.379619238876937 -0.268562696686835 0.826421127054394
1463226118.62108 0.835501842710819  2.32014444695433 -4.86067532946019 0.311492156723556 -0.373552503045491 -0.247294786364043 0.838019362786636
1463226118.71383 0.861347345102804  2.30723810730356 -4.80097119525579 0.302883414443274 -0.362105517104651 -0.242103120512434 0.847659902776873
1463226118.80862 0.888760353544467  2.29938965376655  -4.7381230182234 0.309624865484871 -0.350395875060852 -0.236756639839854 0.851646327359871
1463226118.90356 0.922134266898805  2.29314860096647 -4.67164305269875 0.313009337498065 -0.331812369917269 -0.245182659930004 0.855459624458429
1463226118.99864 0.957094008829837  2.28169095435583 -4.61106287222171 0.31690074070721 -0.323407232323148 -0.242200699046467 0.858091197951422
1463226119.09761 0.994802025819257  2.26876490331817 -4.55162868502817 0.30778393441418 -0.314600806595281 -0.240424631645496 0.865153962427645
1463226119.18804  1.03333482383413  2.25659803109443 -4.49570671574873 0.287087002099253 -0.307226954661953 -0.243096938227939 0.874126152325285
1463226119.28282  1.06935004863531  2.24849746661728 -4.44022549535966 0.277596037586245 -0.303302920619468 -0.233639216448478 0.881113213382626
1463226119.37763 1.10383643056538 2.24697218537236 -4.3796853042024 0.274032409593428 -0.292125278511725 -0.227140969594311 0.887680145141606
1463226119.47309  1.13889977811476  2.24811547911794 -4.31575516330015 0.269619356428139 -0.275343730837266 -0.23744847075171 0.891689102919603
1463226119.57023  1.17568670365065  2.24323815570634 -4.25442709740033 0.272218952160551 -0.264001639226358 -0.247951400660957 0.891470739553844
1463226119.66223  1.22350502419347   2.2280240573119 -4.19978594412485 0.26381230105201 -0.244047573769702 -0.231504186215493 0.904018618898675
1463226119.75719  1.26914523626528  2.21342715703628 -4.14883811582192 0.243089234645524 -0.230835415344781 -0.239433587683834 0.911204802506497
1463226119.85203  1.31170102448883  2.20077422997288 -4.09705448823846 0.248657997041298 -0.226771599397483 -0.216911467562534 0.916347781933249
1463226119.95068  1.35267012868942  2.19654709447872 -4.04001543200965 0.248626917863148 -0.215048911578903 -0.216548392702436 0.91926351769261
1463226120.04509  1.39418461177104  2.19436334555781 -3.98237807040783 0.253058227359682 -0.205488312388681 -0.215651180717997 0.920451332386542
1463226120.14124  1.43736213733186  2.19100468458672 -3.92812796495197 0.238912802448934 -0.203894845856959 -0.231559276950737 0.920721383436388
1463226120.23123  1.48018982359224  2.17891991014456 -3.87734044230062 0.236237866497761 -0.197025549542825 -0.235937971654941 0.921794921222332
1463226120.32615  1.51994338053412  2.16480970145965 -3.82857779261052 0.223644786420053 -0.195430244194891 -0.234374601709993 0.925666557262569
1463226120.421  1.55446315515569  2.15340586990343 -3.77849433978002 0.216034615965398 -0.199305522383655 -0.229980940831073 0.927747336458864
1463226120.5178  1.58481637725165  2.14998774609697 -3.72274877104396 0.199646950190915 -0.195990958378517 -0.23170011132337 0.931688627131444
1463226120.61068  1.61109678587656  2.14577066087444 -3.66403743517877 0.199383811797014 -0.184211696364444 -0.241904853656222 0.931554715673421
1463226120.7055  1.63437713961447  2.13446715945099 -3.60702589145972 0.209782045160672 -0.180703530373396 -0.255771569493081 0.926238971258413
1463226120.80301  1.65644630667543  2.11540220933834 -3.55190159480512 0.204871355552677 -0.183229208522098 -0.255495035065513 0.926918050247834
1463226120.89518  1.67926187842556  2.09467225493088 -3.50109672391543 0.201493549374273 -0.184241487432479 -0.25062694226682 0.928784991092777
1463226120.99001   1.6980497800215  2.07632312744163 -3.45046725266063 0.198609645943049 -0.190452358475573 -0.239312379108736 0.931134626622158
1463226121.08484  1.71280564698956  2.06322162249407 -3.39492880840293 0.198453447407306 -0.195845060813342 -0.242733736868518 0.929161597545346
1463226121.1796  1.72727931029926  2.04912645941033 -3.33597464876545 0.212327371754525 -0.194032721679294 -0.235477247945588 0.928341992921528
1463226121.27458  1.74093141342874   2.0315834456693 -3.27747076243207 0.221821096571049 -0.19375148060885 -0.242879400156172 0.92426476826593
1463226121.36994  1.75277890789061  2.00597781099252 -3.22480463739436 0.225568811400588 -0.20359159604397 -0.245028804821565 0.92066826715778
1463226121.46664  1.76024713170513  1.97637116015302 -3.17776078083436 0.239224949444841 -0.220199527863358 -0.239817340696889 0.914752007154365
1463226121.55886  1.76233923547997  1.95135903412045 -3.13029504705299 0.241517806767919 -0.246874783413995 -0.229347980852098 0.910011809817528
1463226121.65393 1.75887345625663 1.93293485352225 -3.0775240583974 0.252800732346748 -0.265348229976081 -0.219848971086242 0.904073302606503
1463226121.79605  1.74927939618371  1.91300417160373 -2.98595677933803 0.244155819547668 -0.258171238772254 -0.260472024910817 0.897713691268361
1463226121.94017  1.73895597611835  1.87209010342566 -2.89862305161937 0.243107245300167 -0.252816398338742 -0.270108982937125 0.89667378312866
1463226122.03332  1.73410058152072  1.83628009335897 -2.84786641903064 0.253513289912699 -0.253419646895868 -0.253722623854529 0.898406547476802
1463226122.12808  1.73047137175216  1.80354498201382 -2.80073001063515 0.255532155104806 -0.257042091879338 -0.238072314344269 0.901085042519601
1463226122.27061  1.71923682003704  1.76838838011505 -2.72619115834857 0.25222492520788 -0.259688003761713 -0.240605086926035 0.900585320750594
1463226122.3653  1.70839780204442  1.75064856552735 -2.67247278133972 0.266001784166652 -0.255414192182964 -0.240772646558754 0.897794616780907
1463226122.5074  1.69153865765878  1.71713478549488 -2.58517612441404 0.27064946845043 -0.261389806377518 -0.25857724363706 0.889697725872379
1463226122.65196  1.67702166456569  1.67282249732295 -2.51202518790543 0.26969121386571 -0.278357426635822 -0.254370110941462 0.886047199002373
1463226122.79194  1.65790923086257  1.63225982767456 -2.45378340405836 0.260770208456006 -0.302766602787437 -0.259555984475942 0.879182559848118
1463226122.93417  1.62917727243536  1.60442078484585 -2.38396438628397 0.256658334966222 -0.312106952910406 -0.260342034996648 0.876890970332773
1463226123.03138  1.60563417555182  1.58551767047019 -2.33402909878264 0.262837972671316 -0.311413181762044 -0.266214690548586 0.873537502848615
1463226123.12376  1.5821265434935 1.55822260031356 -2.2833247223068 0.278626242476247 -0.297461081988729 -0.276810118951154 0.870207147610217
1463226123.21857 1.56044399056636 1.52235243261043 -2.2338673503314 0.281138982751023 -0.290423292124952 -0.27180721781366 0.873347594096086
1463226123.3166  1.53952313997021  1.48779220059035 -2.19156577535917 0.280452109785529 -0.286879314023342 -0.277047637545088 0.873093053364318
1463226123.45926  1.50210663195726  1.44601739992334 -2.12932806920221 0.274635746513223 -0.296904098054318 -0.282208665688751 0.869931854978223
1463226123.6002   1.4560912529933  1.41180426065165 -2.06057734780798 0.288396252435154 -0.296425750265217 -0.285737803805892 0.86447283568499
1463226123.69291  1.42441150822016  1.38256276729263 -2.01404189367908 0.298836055094706 -0.294080579385894 -0.276525231974305 0.864723898759047
1463226123.7879  1.39215483827589  1.34472068489698 -1.97057619475521 0.310588049373534 -0.300972187010806 -0.268890000937847 0.860609652297672
1463226123.88328  1.36041705977182  1.30455500234935 -1.93059829206303 0.32091755855082 -0.303664050579962 -0.260190348451226 0.858545891360492
1463226123.97869  1.32605177683967  1.27003695495835 -1.89447635340137 0.323951756750509 -0.324057174250564 -0.258388817098176 0.850457186643516
1463226124.11988  1.27104347279416  1.23060743052757 -1.83346735138885 0.32263187203483 -0.329683870625667 -0.261550319335531 0.847825837688414
1463226124.26489 1.20457732744332 1.19457917322696 -1.7671289261173 0.338798872440535 -0.32303523612355 -0.27937895514634 0.83833821317948
1463226124.35688  1.16122630731049  1.16123472593296 -1.71938960129739 0.342298791025484 -0.305741477570228 -0.277029172593733 0.8441614324806
1463226124.45155   1.1223437615158   1.1216176621258 -1.68061918545678 0.350120582088935 -0.301887311701969 -0.263501332430104 0.846667985008659
1463226124.54642  1.08526642859388  1.08963375069104 -1.64460844289269 0.331731519658043 -0.308048291284961 -0.270698074046651 0.849578131668427
1463226124.68961   1.0265269649636  1.04631808303309 -1.58247441213953 0.321017604165746 -0.31593410059808 -0.263709522084364 0.852989231970136
1463226124.7847 0.984566046097002  1.01972696525038 -1.53669349171381 0.331725895639948 -0.313850888910278 -0.251048408288755 0.853481251339352
1463226124.92581 0.924971566286429 0.971344708525996 -1.46848967733374 0.329938540520129 -0.316376886967742 -0.248867702102151 0.853880021854618
1463226125.02259 0.887385235857572 0.931321713596006 -1.42911883897444 0.333833792082819 -0.321260092772787 -0.237441876801384 0.853796408516844
1463226125.11543 0.849784627644007 0.896325094379744 -1.39391534541536 0.319340907274286 -0.327843708039808 -0.237476351205213 0.856822543271478
1463226125.25759 0.788452765807613 0.851406693049899 -1.33345570773474 0.305055779866612 -0.335204690266894 -0.229955230689357 0.861219704066072
1463226125.39988 0.721948562422199 0.812076500458814 -1.27015282093286 0.300917853344263 -0.326853174097139 -0.236493244230248 0.86411017443076
1463226125.49481   0.6789197654368 0.779888110465873 -1.22833915875357 0.305875857057653 -0.309636140041251 -0.243045926705579 0.866887592690902
1463226125.58973 0.638822068346489 0.742257191875837  -1.1884184500178 0.305132584547122 -0.295834642577521 -0.23546616198784 0.874031839613031
1463226125.68475 0.600472742156907 0.706954334031518 -1.15245824184309 0.296956538079104 -0.297017360407474 -0.235011662780512 0.876565468442483
1463226125.82678 0.543536146268485 0.662302066359648 -1.09623003557704 0.287259016921953 -0.303205085928483 -0.227965108482689 0.879534446385479
1463226125.96905 0.483591993114311  0.62627594085889 -1.02987931985342 0.283276273992661 -0.295222030166204 -0.220673548227208 0.885382228537593
1463226126.11152  0.426279951985434  0.581158941411824 -0.965707358934166 0.279339381969886 -0.292250813036003 -0.219345513041567 0.887945109716253
1463226126.20604  0.392808059327091  0.545777886387253 -0.929523456591744 0.272689780998793 -0.29772112011254 -0.206635388956596 0.891237473409035
1463226126.30118    0.3598173139739  0.513957747276601 -0.894654565849796 0.259243489936804 -0.301958547595082 -0.208084301648007 0.893484623184594
1463226126.39595  0.325948387439138   0.48589284475848 -0.857966702998794 0.242715969990765 -0.305631780510287 -0.200114212183752 0.898683745672319
1463226126.53802  0.273042788113299   0.44686965903947 -0.800905294861504 0.243580549460387 -0.288563364149915 -0.195643012152371 0.905054425209339
1463226126.63294  0.238329311987987  0.417314273563307 -0.762489084115729 0.250724208032236 -0.269203457787772 -0.193650443469356 0.90948687487277
1463226126.72765  0.206784693441354  0.386454697107381 -0.727702322816657 0.240198644713642 -0.256762662092453 -0.193924299255675 0.915844371381471
1463226126.82249  0.179340162545533  0.354671348924265 -0.695418582655643 0.235187822408009 -0.24640267100059 -0.185256455632428 0.921765945108228
1463226126.96621  0.143014155018164  0.316453956698577 -0.648048695407092 0.219773015464864 -0.23954697704005 -0.175239600757761 0.929305197333317
1463226127.107  0.107261041713416  0.289193420058365 -0.594167266748922 0.206816275724031 -0.227417794164784 -0.172169105284457 0.935877114891915
1463226127.25021 0.0736119367140635  0.259467639389713 -0.536075050573826 0.207334591310851 -0.211738027306872 -0.157624493454125 0.941984020088179
1463226127.39406 0.0465638906581947  0.216589588096408 -0.480540336077605 0.208297327879352 -0.19872396409563 -0.144148346498179 0.946753538939402
1463226127.53399 0.0241821352312948  0.177600553051021 -0.434443910801543 0.208970866780673 -0.179645216085533 -0.138603718905173 0.951234872300302
1463226127.67606 -0.000679189334576016     0.149119318264609    -0.394040368739258 0.192450942119741 -0.177460459500147 -0.115114008063268 0.958237541186334
1463226127.82026 -0.0316352946750705    0.12569488392489  -0.351331626379959 0.16448532753683 -0.173522103913425 -0.112493148080689 0.964458370337184
1463226127.96056 -0.0624294267193257  0.0992672340822332   -0.30701602142311 0.144243288460481 -0.151062072576353 -0.11112157991134 0.971610065016337
1463226128.05534 -0.0819958185869954   0.080575256102916  -0.276386086471793 0.126740437447714 -0.125003048576532 -0.124362987218422 0.976137770385024
1463226128.34172 -0.137060251554598    0.0352835784239 -0.212044626627592 0.0843353973233155 -0.117478038963496 -0.0613169864231247 0.987586289037872
1463226128.52959 -0.165431144719078 0.0331716910656628 -0.178718972505627 0.0612632282704645 -0.124529170967139 -0.0602982626113852 0.988485418185906
1463226128.76685 -0.192123304392013 0.0391576725242996 -0.148095407735871 0.0394653600441536 -0.150409023691089 -0.0725449405293218 0.985168433595228
1463226129.00374 -0.208048095355593 0.0429672164174676 -0.125544668714698 0.0234128026976639 -0.185487916337306 -0.0789732680222504 0.979188080248412
1463226129.47818  -0.198555203644116  0.0484497879441608 -0.0926751159730294 0.0140561614635746 -0.211882583823529 -0.0776442194264267 0.974104496543793
1463226129.76255  -0.168082033823148  0.0557044534737264 -0.0925139953783339 0.0343124550643929 -0.217054555196861 -0.0663119737445855 0.97329990117838
1463226129.95216 -0.134925089641487 0.0729126633862899 -0.106343584092799 0.0445874356166841 -0.223795322408239 -0.0740999990712314 0.970791844007233
1463226130.0946 -0.103364932228385 0.0861936512375514 -0.118812620013549 0.0468679753435413 -0.2219525663166 -0.0810890723099921 0.970548820793976
1463226130.23806 -0.0688096073883031  0.0938715770944854  -0.131295336730832 0.0498094503414763 -0.21661174134779 -0.0981763097308336 0.970030816198431
1463226130.42644 -0.0219845407354224  0.0972782674211747  -0.144743274667862 0.0537699696551043 -0.202372239167072 -0.118150216078586 0.970667189936066
1463226130.5687 0.0116931068415549 0.0970742466119971 -0.150378774398133 0.0631267878482028 -0.174012653969007 -0.134247078753115 0.973505175518284
1463226130.71357 0.0424746242764497 0.0946278058153361 -0.151214557993072 0.0824539029276627 -0.158855555351821 -0.119027182557652 0.976626231594384
1463226130.90053 0.0835760561902503  0.094211179038272 -0.151303900811921 0.0964856480945976 -0.135832085710971 -0.129898612580032 0.97742852150577
1463226131.13949   0.12230831363178 0.0972043070448512 -0.150806304634716 0.10670399344089 -0.128216024948053 -0.125099380732972 0.978020988358897
1463226131.42415  0.138482682084633 0.0865337626419542 -0.149844224307324 0.137178872022781 -0.131779498315004 -0.0875687320882488 0.97782812296173
1463226131.70804  0.126097292360312 0.0773721618516699 -0.125103699013841 0.131389611542673 -0.109484594037151 -0.0272905125084146 0.984888380261547
1463226131.84907  0.110720654531267 0.0682663943850865 -0.106297489709553 0.108565744103092 -0.0816937390838678 0.029379842448256 0.990291087034289
1463226131.99207  0.0889738677681945  0.0542266651429732 -0.0845739281970821 0.0773149813657614 -0.0620740183440669 0.0647976460300712 0.992960459923754
1463226132.13628   0.073799060966278  0.0349401518898835 -0.0651205504530049 0.0295593638734443 -0.0311386732424768 0.0938929568411055 0.994656091165047
1463226132.27612  0.0627278282768048  0.0173855959157878 -0.0451424347160958 -0.0266501729238107 -0.0141372608383682 0.090215154581443 0.995465284187734
1463226132.41801   0.0563692074126694 -0.00368954663157074  -0.0223986016092913 -0.0575791615407713 -0.0113006266399233 0.0888720654852835 0.994313176001498
1463226132.56036  0.0559733911557107 -0.0259989454879557 0.00297732839838874 -0.0809031223354529 0.00368149556264439 0.113199089588071 0.990266175077807
1463226132.70309  0.0571771390402285 -0.0535478377553841  0.0328020073490959 -0.0968211245598672 0.0199684266857232 0.128428196330185 0.986779169906841
1463226132.79742  0.0594876615272937 -0.0729386530420774  0.0531197520981698 -0.112453724694674 0.0212823562118612 0.12491994084118 0.985543621305826
1463226132.89215 0.0640084171097944 -0.092800654561388 0.0729060626563644 -0.11665299924263 0.0222692304306267 0.141974142824149 0.982720459700049
1463226132.98698 0.0692941864358022 -0.112457660942779 0.0908605155919771 -0.122452110856641 0.0295175759321137 0.150203735199267 0.980598302665283
1463226133.12976 0.0722389802606751 -0.137813544162825  0.112785468300421 -0.141877983642693 0.0337186316612847 0.150234520620896 0.9778360192027
1463226133.27158 0.0688194645462972 -0.159414632321078  0.128374905627884 -0.162753106207871 0.0388324857822123 0.155912735112791 0.973496113755629
1463226133.4138 0.0536908826442146 -0.179651733804439  0.137820942252452 -0.16046744892541 0.0204578056076948 0.154541774864165 0.974653023309794
1463226133.5561 0.0280059670905415 -0.193234125031454  0.137389903293264 -0.165942208484323 0.00487918983219528 0.146057313998534 0.975246962557413
1463226133.69869 -0.00520008591270339   -0.203714589485504    0.131120680780187 -0.156273484256823 -0.0101666879742268 0.138507696366102 0.977901249933358
1463226133.8406 -0.0407023880242094  -0.206691564581408   0.118864177514858 -0.141683151584685 -0.0179864132586923 0.133122468281992 0.980755209995659
1463226134.03253 -0.0883381107656672  -0.195221945277744  0.0939408385961927 -0.115705531583271 -0.0407447395665992 0.138372701779297 0.982753830601021
1463226134.12519 -0.109919612495309 -0.183696304970356 0.0775343118518645 -0.0928926241949066 -0.0485286021527888 0.137329527354001 0.984965246117855
1463226134.21991 -0.130618154676608 -0.167741010689729 0.0592958233907362 -0.0781121493073199 -0.0572054546680677 0.143698495962825 0.984873987038358
1463226134.31476 -0.150133185783007 -0.148106564078944 0.0403055765804111 -0.0703439169833146 -0.070700424492581 0.14356523340497 0.984602563005698
1463226134.4096 -0.165576097687279 -0.127128015040613 0.0207370358359229 -0.0497466483318631 -0.0828986027306148 0.135681467546615 0.986024153867163
1463226134.50468   -0.176594600704056   -0.101882177907832 0.000246102129667825 -0.0472303100594022 -0.0995519955083501 0.124176052875083 0.986123220441727
1463226134.59931  -0.182192050200039  -0.075863389722732 -0.0211726461367506 -0.0459266901475958 -0.113043220755121 0.108140042344631 0.986619329131098
1463226134.69412  -0.182468307463536 -0.0539109697009915 -0.0433185228927692 -0.0198157500741443 -0.129954608170679 0.104255421521117 0.985824499060385
1463226134.78918  -0.175752307653017 -0.0317822883871569 -0.0665298197276233 0.00328553780701304 -0.140682205592131 0.103431036039854 0.984631780441183
1463226134.88391   -0.163691196332121 -0.00681422305804211  -0.0905696034975778 0.00626630291870199 -0.145473716509073 0.10064352656015 0.98420984135209
1463226134.98526 -0.147915924169646 0.0172238899192965 -0.115863467937165 0.0108985274609723 -0.147802402771933 0.10067020717551 0.983819689384831
1463226135.12088 -0.124293875524896 0.0485300086607005 -0.151452776195868 0.0215757002454985 -0.152655631945237 0.0933426653476868 0.983624874644855
1463226135.26314 -0.103227220245062 0.0754749805055414 -0.183334218013486 0.0279829777919187 -0.15560848883902 0.0801620139167408 0.984163097601178
1463226135.40533 -0.0843342623795392   0.101778619422722  -0.210805830061988 0.0304183190832754 -0.161635633933006 0.0726270538574222 0.983704202875648
1463226135.59525 -0.058705745162578  0.129727407919559 -0.241615380277169 0.0471531743808896 -0.164395626233932 0.0580859127956063 0.983553091071174
1463226135.78531 -0.0267172791342455   0.157150064608624   -0.27515958409067 0.0666875634599804 -0.151177813596105 0.0550894548144423 0.984714775721539
1463226135.97446 0.00205193907946857   0.190344768136256  -0.309563626238138 0.0521754769395542 -0.159490871278787 0.0533155426070979 0.984376876252878
1463226136.16925  0.031434486208473  0.219520973872572 -0.328963697868541 0.0335749912025775 -0.151884882938794 0.0549973112136859 0.986295593653181
1463226136.35387 0.0625514280782012  0.236172626329878 -0.325318045724861 0.00974706533930494 -0.131763201546811 0.0693691878666355 0.988802998180188
1463226136.54353 0.0934967633727886  0.236793740161493 -0.301779757782115 -0.00543900115509436 -0.120660947019876 0.0831590225576204 0.989189531939134
1463226136.73407  0.120258387736996   0.22178169858102 -0.270250322707257 0.012101753422367 -0.119749351777231 0.0922062022738601 0.988438999926282
1463226136.92309  0.135139966876646  0.200554148147974 -0.243623046524099 0.000341502143573565 -0.127603654182935 0.0909059125911164 0.987650396583439
1463226137.11244  0.136626539407583  0.170635619072414 -0.213793850374789 -0.00931363584164197 -0.117116247399678 0.102118006189041 0.987810180953002
1463226137.25461  0.129667179397214  0.139871175741805 -0.188896529296176 -0.00895146637137279 -0.112875792832527 0.111430100836077 0.98730049086886
1463226137.39696  0.113678111987911  0.108017638161989 -0.158646151939405 -0.00320007453241091 -0.120157139200638 0.108740451183488 0.986776335193805
1463226137.53948 0.0956161338322583 0.0790681113061211 -0.123562357255842 0.000218239956500084 -0.128629772492146 0.10699201668652 0.985904175042023
1463226137.68145 0.0795677940930174 0.0470118788653271 -0.089901723816947 0.0194985465341025 -0.125698343103863 0.0952594869815017 0.987291934214
1463226137.82722  0.0649419784414054  0.0247587666790321 -0.0597283352045584 -0.00368719345850092 -0.129745292439476 0.0807433618701951 0.988247475690221
1463226138.10823  0.0434172908979737 -0.0145872112983381 0.00220612186456082 -0.0332595589398261 -0.140235595023867 0.0818190866675684 0.986171088951768
1463226138.25065  0.0374978914614415 -0.0379299199044442  0.0338564658957541 -0.0463799898768095 -0.143995075532573 0.0650676044028895 0.986347059416038
1463226138.39287  0.0350723335132143 -0.0672717788139714  0.0603255501306075 -0.0451385428846079 -0.146544407288199 0.0627111338144515 0.986181809979535
1463226138.53509  0.0303589567036049 -0.0895401842433547  0.0782735351403501 -0.0360225566326592 -0.146204096880085 0.065403720413885 0.986432506979138
1463226138.72478 0.0134292449832514 -0.104993186414736 0.0822221275939622 -0.0154645558422498 -0.170310110574106 0.0655934727405834 0.983083317975983
1463226138.91437 -0.00603366107509978   -0.102780752544476   0.0599988164697294 0.00575665566963148 -0.181023549337526 0.0659443783862235 0.981248528386158
1463226139.05692 -0.0192535081360628 -0.0872841154642635   0.028631297905745 0.0137476981344434 -0.195244661099287 0.0665562678727323 0.978397049420675
1463226139.19894 -0.0294201143650448 -0.0637423358215977 -0.0128952802475932 0.019702373785419 -0.204459404623096 0.0653569304569294 0.9764920071202
1463226139.34138 -0.0354069028728912 -0.0344866986450122 -0.0590118036375369 0.0180432694619806 -0.210976451445695 0.0617835156201684 0.975369762992537
1463226139.48361  -0.0352232290737623 -0.00239090295635715   -0.104251761436055 0.0131439920017807 -0.209870613005131 0.0620551905384769 0.975669367459254
1463226139.62596 -0.0355935831338565  0.0287323057916476   -0.14597068076825 0.00670466884836969 -0.214418864317085 0.0638667591198465 0.974628460040098
1463226139.768 -0.0348211455436241  0.0559657150541667  -0.184948768471116 0.018671633496729 -0.22146174675576 0.0551978838882594 0.973426555237071
1463226139.9102 -0.0315982343952704  0.0842568893226285  -0.219455545144378 0.03175149494533 -0.232579025177584 0.0354781099770243 0.971411418158465
1463226140.09982 -0.0183548311529395   0.121206983133583   -0.26309705671844 0.0335502747459866 -0.234624595845778 0.0135294603282978 0.971412699006915
1463226140.28963 0.0035499753828552  0.154392869337045 -0.308345731113409 0.035153344838687 -0.231575428736155 0.0198890541844677 0.971978131788964
1463226140.47917 0.0285252444557274  0.186295209809793  -0.35683791217042 0.0335154740314035 -0.2265191755255 0.0287945853297402 0.973003930092467
1463226140.95353 0.0677108461639506   0.25312354308664 -0.455167053207221 0.0155930856713167 -0.210422118011149 0.035759198870943 0.976831954650879
1463226141.19056 0.0788743906763326  0.284555914506032 -0.483338641451793 0.0149980784736803 -0.187082350134143 0.043234409907262 0.981277757676365
1463226141.42762 0.0934509418520337  0.311868845899996  -0.50957415215612 0.0142779604210679 -0.157872969769851 0.0541131488305447 0.985872219096322
