1463226057.02432  -0.12997383857624  0.236690883288423 -0.586162078696193 -0.00258912405614302 0.000984261979868672 0.000770258698659403 0.999995867174717
1463226057.40328 -0.0910158777180062   0.235541696698062  -0.533764117482172 -0.00845030585977542 0.00389905275190284 0.0183374883564971 0.99978854076214
1463226057.44871 -0.0857025665457417   0.233688595010116  -0.525310632749934 -0.00649170214597049 0.00595882804657931 0.0189812993960024 0.999781006243266
1463226057.68532 -0.054154996291269  0.222184278106914 -0.478036835221285 -0.00838659166883926 0.00569164644988093 0.00969231525234811 0.999901659797562
1463226057.87493 -0.0326967387061891   0.202907988823662  -0.442945236448757 0.0135839270326495 0.000487749966607123 -0.00084357739625502 0.99990725940135
1463226058.11281 -0.0142273625471523   0.186608206580272  -0.413653901596197 0.0387704629832114 -0.0108237478580882 -0.000962503606446541 0.999189056820169
1463226058.44405 0.0152101292920784   0.19477121466733 -0.375753329319612 0.0134717844281228 -0.032665364003645 -0.009361522672398 0.999331700143694
1463226058.68105  0.046236447220562  0.192523671480179 -0.345670618994384 0.0185493462216148 -0.0521280647156813 -0.00247605583609249 0.99846504984964
1463226058.91811 0.0850913420232448  0.188314646850904 -0.312943163611069 0.0299875148767021 -0.0679232709595674 -0.0157147067982356 0.997115954241992
1463226059.20269  0.117473454632135  0.187607850790731 -0.284870081235781 0.0338919485255873 -0.0876131834231374 0.00650011652689613 0.995556635456135
1463226059.48914   0.13012474440369  0.186986833582953 -0.251742362023621 0.0101834214539421 -0.083818927631257 0.0389230597334429 0.995668459236921
1463226059.72441  0.127094215181981  0.177911403116701 -0.209422273582381 -0.0102182819516249 -0.0731595054651448 0.0175187306896048 0.997114019332332
1463226059.9141  0.123547315910791  0.158843282333406 -0.167740628355951 -0.018893844438246 -0.0827139968680043 0.000464078315905626 0.996394099739546
1463226060.05832  0.119012019874357  0.142201174695243 -0.136675605762637 -0.019639704991856 -0.0915703269759765 -0.00764083172401185 0.995575599789343
1463226060.2473  0.112657345640818  0.120957554096069 -0.102324089343447 -0.0196052806150161 -0.0891126803333549 -0.00232786954564794 0.995825860378806
1463226060.48298  0.100923441264151  0.102652475544069 -0.069977612248613 -0.0389061477380554 -0.0907712877353084 -0.0135390460239886 0.995019386355773
1463226060.67445  0.0893302066946739   0.085967866074764 -0.0410030196804107 -0.0381236493372507 -0.111673015218037 -0.0187781197567286 0.992835891399845
1463226060.8149   0.082561995389164  0.0692390519851052 -0.0142092366233469 -0.0250540782177249 -0.119048413721785 -0.0121731401415454 0.992497648870808
1463226060.95963 0.0745424852975848 0.0513646602156268  0.013320960431477 -0.0158822371127441 -0.129891404067314 -0.018977653252016 0.991219363395794
1463226061.14686 0.0616341757028149 0.0266796698850677 0.0392355060451393 -0.00221536493507144 -0.125769483547313 -0.00951649765607011 0.992011373643875
1463226061.33731  0.0398973885400019 0.00620838993639074  0.0588028789246225 -0.0113192647257432 -0.113021363658841 0.021449315210762 0.99329651790377
1463226061.52915   0.004876033967628 -0.0110001519371754  0.0741418580791657 -0.0249864843998221 -0.105541185926603 0.0412922218516848 0.993243014616813
1463226061.66853 -0.0256429890260757 -0.0230545431954243  0.0819821415175025 -0.0470219839530621 -0.0825964250956387 0.07127987140599 0.992917893644225
1463226061.81319 -0.0584880504903623 -0.0362662142666946  0.0863402124616901 -0.0668357681861373 -0.0576366830414831 0.098391297040223 0.991226586369477
1463226061.95509 -0.0913608935025106  -0.046581158708027  0.0879881707645624 -0.0865412314375361 -0.0425742660899109 0.13054412160537 0.986740228957177
1463226062.09542  -0.120105554763607 -0.0538992308911986  0.0833995831278679 -0.0929987100609634 -0.0162439432134855 0.152868172451339 0.98372694183257
1463226062.2378  -0.147520316673577 -0.0531948891546937  0.0728815023686731 -0.105829853877303 -0.00695690311910422 0.153202609861446 0.982486948442035
1463226062.3797  -0.172417970726959 -0.0471146937929852  0.0552233720600229 -0.118587982965557 0.00121140074490463 0.156576743138051 0.980519834737001
1463226062.52223  -0.192400823167162 -0.0396659157336738  0.0304549352863955 -0.119028260139454 -0.00831473652523117 0.150921640615688 0.98131839727917
1463226062.66427    -0.206050807035327   -0.0275932635385997 -0.000578032606362821 -0.118923701995728 -0.0227804709559108 0.14231590412373 0.982387085969733
1463226062.80666   -0.21573822136871 -0.0118133129469496 -0.0347676794079191 -0.115007038712333 -0.0532334170322328 0.122520903776217 0.984341512126534
1463226062.94878  -0.219192742549327 0.00877963094873135 -0.0703423085700517 -0.117976099215695 -0.0795697365925196 0.105267812617433 0.984209827556699
1463226063.09117 -0.222677052462677 0.0280589823590434 -0.102828535979783 -0.113096566760062 -0.117015605023948 0.0783228583565984 0.983555816731729
1463226063.2345 -0.219910915464548 0.0475586239615255 -0.131076207871585 -0.112526248362714 -0.129217169189344 0.0560192867876114 0.983617103411644
1463226063.37861 -0.217885328560612 0.0676141645452092 -0.155498463418377 -0.109931598156181 -0.151979265512333 0.0309208133725026 0.98176435557701
1463226063.51783 -0.211656186927594 0.0901775433698736 -0.173480872911963 -0.107398320240063 -0.164746534496735 0.0112589717078433 0.980406760348485
1463226063.70751 -0.195315643764647  0.119315414138763 -0.190433445905968 -0.107580158385961 -0.160694906090679 0.00244186270329711 0.981120631719004
1463226063.89974 -0.177007425373284  0.146379349150275 -0.201659152079294 -0.109297795712573 -0.145986935501068 0.0272767045779274 0.982851864678878
1463226064.08949 -0.151366940597617  0.169615230125358 -0.212637705234178 -0.112800391010928 -0.141596211496089 0.0375609371558114 0.982759258759598
1463226064.27674 -0.120541261304237  0.190248873972285 -0.213339404523634 -0.126059468536903 -0.126662402566747 0.0443496586778841 0.982903227150755
1463226064.41883 -0.091927523236277  0.199324733947131 -0.204150874091523 -0.137189989982229 -0.108090577846253 0.0568742719630273 0.982985580167998
1463226064.56101 -0.0621272527419717   0.197970913140334  -0.185916650213122 -0.137990368078418 -0.0826320968419697 0.087421197092979 0.983101281246196
1463226064.70349 -0.0373847393851807   0.187143646704277  -0.160154347106731 -0.12988247596552 -0.0705157641076364 0.117683757659095 0.981992160168612
1463226064.84637 -0.0127873094977582   0.168323908165553  -0.130625686270688 -0.113838435766697 -0.0583748352702579 0.131270024597092 0.983057154895706
1463226064.9878 0.00621112436502915   0.148257333459228  -0.104131001906056 -0.101249114185335 -0.0634630737837815 0.133834735531358 0.983773001615642
1463226065.13017  0.0196503736023235   0.125321653190361 -0.0849897354669591 -0.0856279029425 -0.076376069957495 0.127458319280339 0.985184721268935
1463226065.27612 0.0291352388781896  0.103446195113162 -0.070456569551743 -0.0757399828782151 -0.0865125433647032 0.126329645929343 0.985301910783464
1463226065.46201  0.0364168194724909  0.0756453614609451 -0.0497444592197078 -0.0663976742855373 -0.0872580054669151 0.12630343950038 0.985913196230673
1463226065.60424  0.0368342144342349  0.0516647170131593 -0.0305731127650751 -0.0607084034690125 -0.077021232240926 0.130183536689552 0.986627825629975
1463226065.74879     0.03214858048463   0.0258793798666323 -0.00820384205110679 -0.0571324820866697 -0.0684780695473144 0.126067091654761 0.988004919969227
1463226065.88903   0.0235165723212602 -0.00263804946143098   0.0165142060284545 -0.0475260374671451 -0.0606512340285259 0.120224945453004 0.989751820440008
1463226066.03144  0.0124931667274329 -0.0326993182641885  0.0426600737580775 -0.048961334811336 -0.0442233866736428 0.126662509768073 0.989749305826409
1463226066.12604 0.00269615381785199 -0.0556676905277573  0.0594072369539591 -0.0531030558347349 -0.0408782013052758 0.13052958387777 0.989176963870345
1463226066.22084 -0.00733510771023286  -0.0807380592892717   0.0746592047032658 -0.0553040774541241 -0.0372886971221764 0.140513182635877 0.987829467868526
1463226066.31685 -0.0164120300271334  -0.107153503825392   0.086980230196324 -0.0553701574158207 -0.0296953587148808 0.145698098638803 0.987331958052397
1463226066.41039 -0.0234453177338661  -0.133249513690023  0.0948340068159174 -0.0486064681901074 -0.0170191710414991 0.155206067125636 0.98653881616211
1463226066.55439 -0.0353246197586849  -0.165441707036555   0.100435236340206 -0.048790958689462 -0.00688209122163106 0.170156902053117 0.984184285514795
1463226066.74234 -0.0582579211253794  -0.192962847171263  0.0988169542883961 -0.0605337560100401 -0.000857688946350424 0.184163482924548 0.981029428870555
1463226066.8848 -0.0837972475107818  -0.202080984950684  0.0899399272696076 -0.0850715068390751 -0.00965730637572432 0.169345343122883 0.981830805139199
1463226067.02694 -0.113988192130506 -0.204184928690648 0.0764748463861474 -0.0958433272022628 -0.0344981521454863 0.153086790343086 0.982948812884882
1463226067.16916   -0.1388932382561 -0.197916540557453 0.0564633362121333 -0.100193937372346 -0.0427989530498471 0.137405494696356 0.984504522365902
1463226067.31144 -0.159465945188711 -0.182461295728042 0.0338010482620746 -0.108105440323183 -0.060459793996178 0.121082148897684 0.984884226851456
1463226067.45377 -0.173487904583332 -0.161616306277755 0.0123023580146043 -0.107540344706446 -0.0738502018355847 0.10366357438761 0.986019819929826
1463226067.59698   -0.177927914036419   -0.138157969847816 -0.00573734235725109 -0.0992959389187145 -0.080661066465442 0.0964080910115751 0.987086414078531
1463226067.73837  -0.171665643573639  -0.111996800194269 -0.0200490672779525 -0.0924384851618834 -0.0796592025603124 0.0908635719192715 0.98835891719886
1463226067.88042  -0.159938174370173 -0.0829447409250716  -0.031850245859299 -0.0892819494306458 -0.0823944615230312 0.0817003856919644 0.98922440992627
1463226068.02268  -0.142390565704569 -0.0509067691023429 -0.0415250451490424 -0.0973932322228321 -0.0782708667342826 0.0644695541754258 0.990066617113351
1463226068.16493  -0.116653517044963 -0.0239992086300023 -0.0553801417437827 -0.0899339120398749 -0.0677905344220536 0.0600404425190256 0.991822302718635
1463226068.3073   -0.0862690378042454 -0.000771598386616189   -0.0737448476039795 -0.0591331951587612 -0.0678064749381673 0.0617855464817086 0.99402620359462
1463226068.44951 -0.0577723115668498  0.0196991274033815 -0.0965546861919099 -0.0241169278361935 -0.0671106747105742 0.0514389355253754 0.996126782615371
1463226068.63926 -0.0278781664433693  0.0431342739839027   -0.12192069762307 0.000311006659485946 -0.0628536697673622 0.0541030290557493 0.996555157389006
1463226068.82893 -0.0046579303371159  0.0615182267720897  -0.134702053522319 0.0158284507021974 -0.0448496781547899 0.0714533923745891 0.996309379277312
1463226069.06784 -0.000205768020815245    0.0664795021075097    -0.155598346664645 0.0646238980519999 -0.0404350306841054 0.0881780717572989 0.993183461277575
1463226069.25655 -0.0167212980938141  0.0570568176895189  -0.197465869357864 0.0977114515376779 -0.0147220253901854 0.0962575101483173 0.990439410537998
1463226069.3978 -0.0439229328962274  0.0519879104676001   -0.23685392094003 0.118383789181891 -0.0229161294135793 0.110906832484681 0.986488623340306
1463226069.54191 -0.0786041384870662  0.0479666240462827  -0.276725931933101 0.0977682345448831 -0.0322981365285192 0.103135671042173 0.989323625538905
1463226069.68625 -0.118542989658061 0.0339105490178471 -0.319210744961493 0.0923959306062481 -0.0543323687020433 0.0812935183705048 0.990909859467336
1463226069.8246 -0.156236667211803 0.0151700330311174 -0.358553652478019 0.0988171130158387 -0.074384447282647 0.0664773786510814 0.990092364532396
1463226069.96721      -0.195826781579 -0.00250877390945975   -0.394039262395197 0.097867760063132 -0.102429020438309 0.0504851931614205 0.988626037783614
1463226070.10908 -0.234693756909994 -0.028329759723958 -0.431838417260412 0.108948052291612 -0.130515856318065 0.0586019608409849 0.983697993968178
1463226070.20419  -0.263316212258022 -0.0480008577092241  -0.458645104432536 0.118124733137305 -0.154734125670083 0.071009533197744 0.978295223319318
1463226070.29882  -0.293681524028013 -0.0688833072815894  -0.486745133887405 0.127630677131877 -0.183354965621642 0.0885091371846475 0.970699489786399
1463226070.39415  -0.321688972557463 -0.0910068602880422  -0.515164720495564 0.149330992063976 -0.203005575419129 0.101635649775973 0.962371646430085
1463226070.49139 -0.348775867666211 -0.110328619336654 -0.541829788919669 0.162434471843177 -0.225895454155413 0.105128951903315 0.95474299663347
1463226070.58335 -0.376197553130193 -0.128798601741827 -0.568679524032298 0.183307110248619 -0.245297968616605 0.104204561526942 0.946239303390979
1463226070.67818 -0.405341121228369 -0.144676010396676 -0.595144904358899 0.209682383988503 -0.270149496096306 0.11056735613891 0.933181336804515
1463226070.82051 -0.448188377334252 -0.151941929212794 -0.627355366624555 0.225598674576606 -0.288367325056034 0.122358055069961 0.922484704604257
1463226071.01002 -0.520841265522571 -0.143652236582771 -0.662922677878075 0.216781309769324 -0.300236654008589 0.123896107862583 0.920605002039923
1463226071.15323 -0.589726995008367 -0.137607669469668  -0.68926895486493 0.222831424360719 -0.321183355546912 0.108172378415359 0.914049312118861
1463226071.2473 -0.635797796369827 -0.130256675465669 -0.703880891768303 0.210380020415547 -0.342427981688601 0.0933880085914896 0.910912731395242
1463226071.38943  -0.70213475482363 -0.114906864464212  -0.72002258493899 0.196206151273185 -0.364243539182149 0.0678399676088639 0.907869775442191
1463226071.53174  -0.769189961318643 -0.0932275633976789  -0.729060710613371 0.194482796910076 -0.382807072577936 0.0455661816332466 0.901975005186791
1463226071.67607  -0.842492226187412 -0.0686460327614545  -0.735672130665377 0.176409310004917 -0.402688014763145 0.0225234898168269 0.897894654464641
1463226071.81631  -0.915400402235807 -0.0565939113636462  -0.740482119266702 0.166657949447705 -0.417379276055681 -0.00160557802032299 0.893318022836404
1463226071.95885   -0.98201179170874 -0.0483085255921123  -0.746530455317378 0.175374268713315 -0.429804540558982 -0.0253880717091851 0.885362845732212
1463226072.10078   -1.04418855368596 -0.0401486989884286   -0.75375317563823 0.193940912008096 -0.453258003953115 -0.061952369407841 0.867816805798701
1463226072.2903   -1.13169401396869 -0.0249511754040079  -0.754464390380556 0.194989385295275 -0.460749684780805 -0.0976502321337731 0.860321625766074
1463226072.43282   -1.20716691749492 -0.0223260979566115  -0.758463418133806 0.200071566762528 -0.459743252907404 -0.105955549007607 0.858708874540029
1463226072.57656    -1.2801163300972 -0.0387701269966752  -0.771105635041607 0.197456747938791 -0.462755680698311 -0.105724605771012 0.857723918524745
1463226072.66976   -1.32333441590945 -0.0624143176457792  -0.784548960054974 0.186347453524264 -0.469000460399923 -0.100472663690464 0.857448796465786
1463226072.76488     -1.365955346626 -0.0936015076628636  -0.800191861407949 0.198670853194107 -0.475029634050744 -0.0971147763237964 0.851730860709133
1463226072.85941  -1.41041231952089 -0.125516075447716 -0.812274335072737 0.206407683943373 -0.475096977387021 -0.0713592290436163 0.852400487163839
1463226072.95433  -1.45954462163012 -0.152671270093858  -0.82042460640831 0.203994142590847 -0.474287618474988 -0.0481819271744487 0.855053300469454
1463226073.05226   -1.5127624099521 -0.179227235944453 -0.826855632426398 0.195265961209307 -0.474260242555892 -0.044088026985257 0.857324135085662
1463226073.14473  -1.56503169105816 -0.213120467203097 -0.835652983205201 0.204260933596873 -0.470630731023393 -0.0365393729242988 0.857583267239292
1463226073.2389  -1.61360909987581 -0.251239722478793 -0.846410095316401 0.205764512416307 -0.475903120750551 -0.0165284539284829 0.854929234089407
1463226073.33671  -1.66003726739525 -0.289954656073746  -0.85942946172655 0.210722825856463 -0.480885499244802 -0.00505845576398078 0.851069585465506
1463226073.42873  -1.70739423057537 -0.325029471699606 -0.873307040263923 0.21138610923324 -0.489416764250194 -0.00858358477303999 0.845998502224766
1463226073.57329  -1.77952850077555 -0.374923788846572 -0.892039117823068 0.239998385955649 -0.484837415996394 -0.00376152189723058 0.841022773616529
1463226073.66567  -1.82487052044289 -0.406777633856777 -0.902125601927416 0.263370631431332 -0.470128604454386 0.00259240585976826 0.842382505281948
1463226073.8101  -1.89108624035292  -0.45600948013273 -0.919447101022323 0.265312783351878 -0.456087049263845 0.0159570317134265 0.849316845248448
1463226073.95014  -1.95646926069515 -0.508735035959555 -0.940246458281906 0.248753173334388 -0.466728192448478 0.0320941506271629 0.848089982622934
1463226074.09362  -2.02179359429283 -0.552689127279684 -0.956577889925961 0.246767717818634 -0.474048862106243 0.0427398744195274 0.844130720275576
1463226074.28416   -2.1303342538675 -0.572712716609849 -0.963691365997938 0.231832257561882 -0.488375855187725 0.0465107884010513 0.839987842165428
1463226074.4749  -2.25607802023174  -0.58166059176431 -0.962919027108644 0.218241488284603 -0.491137840456101 0.0540270346157071 0.841567201115913
1463226074.61415  -2.34767988392653 -0.589836913985143 -0.967922543282734 0.225449518953603 -0.511512891918656 0.0468443585562226 0.827848223937249
1463226074.75629  -2.43611989592582 -0.585085187734506 -0.965236419139828 0.230597213627848 -0.505523667861877 0.0164476310882472 0.831264230994052
1463226074.89985  -2.53407714685403 -0.567512740896018  -0.95911071821763 0.216413854031313 -0.512193071072683 -0.0150288165718777 0.83102192293639
1463226075.04073  -2.63553866227112 -0.555915403347361 -0.966665547626738 0.214610165004961 -0.528366068555624 -0.0445224258449738 0.820237482850239
1463226075.13681  -2.69764513448712 -0.551253124531838 -0.973489790638352 0.195661316706052 -0.544364943832837 -0.0510338267452804 0.814112403540481
1463226075.2777  -2.77949184283926 -0.547613816137982 -0.981572810342637 0.219122624226842 -0.544070524919084 -0.0740867296806708 0.806525694538889
1463226075.41998  -2.86227020900851 -0.541487889918995 -0.983431725629992 0.25380847394847 -0.541111212189287 -0.0941964506459582 0.796182732342703
1463226075.51539  -2.92048572514815 -0.535266288177224 -0.983152330868471 0.231890139060842 -0.555647545966401 -0.117189709900795 0.78977803208321
1463226075.65714  -2.99688141787017 -0.547679258579885 -0.994438080302529 0.213585478036681 -0.572670721327761 -0.141323510855978 0.778753589901918
1463226075.75202  -3.04602154747796 -0.573155076639858  -1.01266240198877 0.228896866452837 -0.586313893256275 -0.14673079298168 0.763093911320035
1463226075.84685  -3.09662861624202 -0.600878991654631  -1.03032265459125 0.231734205446099 -0.589225652052788 -0.134327335594234 0.762278529083292
1463226075.9435  -3.15271400983253 -0.627331345796545  -1.04816118638899 0.243487194195773 -0.594657746234531 -0.113008291148168 0.757842514799552
1463226076.0365  -3.21280766229653 -0.653000730577969  -1.06630302140926 0.2529946722579 -0.594561560581141 -0.0902430036726542 0.757856481648453
1463226076.13156  -3.27111573739103 -0.678846001266805  -1.08468480660515 0.254991350636562 -0.593691766909194 -0.0740191957786978 0.759625339006708
1463226076.2262  -3.32214031707066 -0.707770716489557  -1.10406933680948 0.249567556967863 -0.592699711456181 -0.0556021275535718 0.763761409054142
1463226076.32393   -3.3696339019678 -0.739622548022737  -1.12683013034845 0.247074621179832 -0.598109671464829 -0.0393057424441184 0.761363258293959
1463226076.41995  -3.41929225766813 -0.769815774090272  -1.15058828331963 0.249709477299001 -0.603651045051792 -0.0240518941543891 0.756751015290053
1463226076.51068  -3.47261115619126 -0.795294660916843  -1.17347079055113 0.258883786784112 -0.611873259841234 -0.0103469260614265 0.747317362271652
1463226076.60564   -3.5277302291778 -0.818727865409195  -1.19496935445254 0.265028155995245 -0.626156280319752 0.00330327525430379 0.733264943603938
1463226076.70049   -3.5800535609781 -0.845172265711351  -1.21691579077148 0.278047430257126 -0.632186518534411 0.0211824154114769 0.722897736604622
1463226076.84255  -3.65146123510329 -0.887487485019028  -1.25658154060867 0.28757091619304 -0.653575648003192 0.0246836973609907 0.699666031461936
1463226076.98673  -3.71669275875146 -0.928966207712937  -1.30185478040624 0.312632699581514 -0.667249481638697 0.0252118696118254 0.675576262190984
1463226077.12997 -3.78505502089783 -0.95740458952737 -1.34222831463261 0.342124960326458 -0.670380791332724 0.0299634737557583 0.657755498931189
1463226077.36642  -3.91928368717649 -0.969773232019393  -1.39840448639541 0.33366726560263 -0.676098891051356 0.0444424161489747 0.655424531911365
1463226077.5066  -4.00601562950793 -0.967036852911216  -1.42889223476505 0.316086630942377 -0.688606403642813 0.0216890916126036 0.652257653007329
1463226077.69624 -4.12129148686061 -0.94041375530403 -1.45875609137134 0.30336303479463 -0.702186383539969 -0.0271526965215272 0.643558764187748
1463226077.84392  -4.21597526553131 -0.908763005866553  -1.48032559036544 0.285092958000054 -0.715706390398249 -0.0751585717477985 0.633117332833907
1463226078.02898  -4.31961172043541 -0.889850574283702  -1.52242005190251 0.304304967682582 -0.727838478131475 -0.100563079073703 0.606248054448158
1463226078.21786  -4.41062612896664 -0.873013801829801  -1.56526129751528 0.328877855642458 -0.735166773477903 -0.14193288239727 0.575520832061283
1463226078.40746  -4.51605613475799 -0.844449876775859  -1.60922090436087 0.316772892761491 -0.741643631237331 -0.175613113332778 0.564605785555012
1463226078.59717   -4.6100772365533 -0.845823811411112  -1.67330204173525 0.320081982737383 -0.750528395313241 -0.149614915632182 0.558453247081448
1463226078.73963  -4.66822388006715 -0.858911063148296  -1.73018378328449 0.322016043582638 -0.768695835994904 -0.134847405718895 0.535937082660235
1463226078.88194  -4.73237903474287 -0.863551070911632  -1.78467315078121 0.313880074386606 -0.782734019601285 -0.123479884027269 0.52302913083545
1463226079.02768  -4.80703807791182 -0.866098915775735  -1.84408195915591 0.306061329524062 -0.798745756877456 -0.108103239221941 0.506601784550693
1463226079.16733  -4.87504366615631 -0.882617941922241  -1.90885985741695 -0.304961638838403 0.815393286286934 0.096928928269794 -0.48242820230544
1463226079.35598  -4.95518447487455 -0.914173074176722  -1.99358505162896 -0.305481834415865 0.824522899839166 0.095817691734683 -0.466542395108278
1463226079.54566  -5.03927076215165 -0.937937595872247  -2.08145883467422 -0.325831459297945 0.823635780230317 0.0608062131910661 -0.460174495266231
1463226079.78279  -5.13625451871448 -0.971774563824598  -2.20059033718692 -0.303804691007316 0.83737595959377 0.0279833873428874 -0.453564925946861
1463226079.97877 -5.19728855447901 -1.00992262455345 -2.30006515388818 -0.299865792599253 0.850075290572048 -0.0113050381382495 -0.432810238904261
1463226080.21144 -5.28613425688556 -1.01779474221451 -2.40827122090524 -0.304622707652557 0.856288320353386 -0.0487578305086315 -0.41424388030832
1463226080.39943  -5.37019306673516 -0.992305088047312  -2.50032578967101 -0.27579275200222 0.876371159216151 -0.0101124695487242 -0.394727358054655
1463226080.5414   -5.4294813936559 -0.953769343811075  -2.56851137193746 -0.274139274409087 0.885370437664745 0.0531676542074792 -0.371671961387822
1463226080.68591  -5.49352451920276 -0.900674044364378  -2.62922562989168 -0.263667193916702 0.888744854841866 0.0961433893039996 -0.362448123925814
1463226080.87349  -5.57025134536913 -0.840414712850865  -2.71870195623342 -0.273461159510794 0.884026967318459 0.146257347905696 -0.349748628984209
1463226081.11047  -5.65726661276574 -0.786711279983192   -2.8222478318039 -0.260231593820231 0.884818420962097 0.183391548124345 -0.340210845771382
1463226081.25299  -5.71573415658533 -0.740816619547132  -2.87537518446679 -0.257121752336011 0.882271769241649 0.225278941365746 -0.323626834876218
1463226081.39702   -5.7799711718679 -0.699253485811414  -2.93310297245907 -0.241054147252787 0.88190470868648 0.253859560767016 -0.315740884739408
1463226081.53721  -5.82999007701089 -0.682250619480708  -2.99907567242247 -0.249735474992598 0.889052268195296 0.249553715541549 -0.291446736139605
1463226081.63539  -5.85762773662776 -0.677906796427874  -3.04495629008028 -0.269075919773341 0.891631306857508 0.246050357404752 -0.26842314291189
1463226081.77424  -5.90416483598169 -0.671757365370089  -3.11436597773596 -0.271920459358752 0.89487846052367 0.238781047915518 -0.261219095452991
1463226081.91797  -5.95668264339779 -0.664203251408554  -3.19387241011028 -0.271230972108789 0.900305067608966 0.216371462200297 -0.262807791649793
1463226082.05888  -6.01357104040422 -0.660105251294869  -3.28683877321987 -0.27473380806759 0.902843031943994 0.20308397898897 -0.261060705302167
1463226082.20113  -6.05606365738462 -0.671940546713112  -3.37639825718641 -0.247737670430173 0.91008223806366 0.203759623234161 -0.262408808065477
1463226082.34583  -6.09111080515679 -0.686147970753798  -3.45900896688076 -0.236639171239671 0.915756709893444 0.188826781924953 -0.264075741687878
1463226082.4856  -6.13897455689283 -0.696301396973838  -3.55432930334974 -0.234759078824411 0.928336885412896 0.14203561835054 -0.250808064485929
1463226082.6278  -6.17873761634765 -0.708192696315479  -3.64060108509399 -0.232181097301297 0.936403448872188 0.118524664844727 -0.234930676625431
1463226082.7701  -6.20463270257576 -0.719681670882302  -3.72478106084544 -0.231756847502403 0.945573439769791 0.101015990574317 -0.20487899669308
1463226082.9598  -6.24369115640571 -0.719719729490866  -3.83265578357835 -0.237883868243082 0.94970292440445 0.0719282661167444 -0.190530693434897
1463226083.24451  -6.33833568450652 -0.643640312253306   -3.9887841572338 -0.222934964813005 0.95094776417465 0.0957850782629694 -0.191894684807097
1463226083.48136 -6.41234149227601 -0.57777821719747 -4.11041898885208 -0.211971937084043 0.950316400136253 0.131250221747375 -0.186386739904361
1463226083.76865  -6.51262414336485 -0.477515220271537  -4.24492840997263 -0.238270760914322 0.938501085344966 0.169908149952898 -0.183232032896036
1463226084.0048 -6.56911162155456 -0.43812216326676 -4.37261572754592 -0.25410445987379 0.930668954772933 0.197964697410971 -0.173482560141038
1463226084.19274 -6.61842704326125  -0.3840407155045 -4.47999508170714 -0.253722494625332 0.932494474214541 0.192213611951951 -0.170683562948601
1463226084.38247  -6.66060686967787 -0.344610874587302  -4.58540500592189 -0.254834594569949 0.930484405598395 0.200394296333358 -0.170587884521819
1463226084.52456  -6.68599952143994 -0.313390074978396  -4.66097365977997 -0.254669385416218 0.926484406218938 0.227660572121923 -0.157926606580354
1463226084.6668 -6.72088409900425 -0.27909836078513 -4.74174512223539 -0.249700749138277 0.931343522839593 0.215238489430719 -0.154664705127257
1463226084.76175   -6.7448710012389 -0.267127957052961  -4.80502303660836 -0.246198280053922 0.93878869291899 0.191315875455272 -0.14649379763228
1463226084.85654  -6.76318941673581 -0.264485550749651   -4.8708147419514 -0.25334092220518 0.942687066116702 0.178518148079867 -0.123655745190621
1463226084.99904  -6.78766454073652 -0.267309916380609  -4.96786634153831 -0.257484506429623 0.944887637142425 0.172622154376838 -0.10531226871736
1463226085.14152  -6.81618472258971 -0.261650477024614  -5.06202408069444 -0.246432474694734 0.950121739400175 0.156351788476708 -0.109971969042794
1463226085.28648  -6.84413506983642 -0.244500273013248  -5.16172056031694 -0.245766437736688 0.953987502877844 0.135526267872949 -0.10554303933251
1463226085.47303  -6.87791662812821 -0.237695001378878  -5.29725338696695 -0.234634739242593 0.958238877683732 0.111981330099142 -0.119100689104677
1463226085.6644  -6.90017196202542 -0.237312362774527  -5.43098406205613 -0.22079768266734 0.962322958251978 0.106187101221763 -0.11792882126102
1463226085.85229  -6.92375908742996 -0.223432775147813  -5.55967428442693 -0.221242833900529 0.966099789482896 0.090659077122868 -0.0973844799955176
1463226086.08968  -6.94458724560611 -0.202490074555782  -5.71319713763763 -0.206932258544938 0.973318016385399 0.0779137412788664 -0.0613231463071883
1463226086.32663  -6.96752591516307 -0.151948873171182   -5.8548299118991 -0.194890486256644 0.975860959328198 0.0940628661738856 -0.0294153638911989
1463226086.56413   -7.01314715294638 -0.0449287306230768   -5.98652608806595 -0.208161827694905 0.968169496197319 0.137828738360957 -0.0178806880620985
1463226086.85128   -7.0614653663215 0.0654433318420139  -6.13604188753939 -0.217342501261052 0.960802435697919 0.172050402425513 0.0044244466043412
1463226087.08715 -7.10817312515023 0.162634396144656 -6.25669043014058 -0.222336861418681 0.954296742111645 0.19640755034759 0.0361679722413192
1463226087.22742 -7.12331438563526 0.200928835093137 -6.33096438118829 -0.235778969612358 0.942165135811004 0.227874640282377 0.0693273587189401
1463226087.41713 -7.14046313427382 0.256310029356883 -6.42077107230035 -0.245668694471888 0.926113996331516 0.268954261808635 0.0980987431638054
1463226087.60709 -7.15854143731339 0.329443005373194 -6.51626575242016 -0.263471496340015 0.919943610456778 0.263776004912865 0.121279608460404
1463226087.75209 -7.15899837966024 0.372835006266983 -6.59991138382112 -0.264030098202749 0.919450333507424 0.256506713603529 0.13821540193644
1463226087.89161 -7.15401746508877 0.400642128537142 -6.67747923826603 -0.256982988763799 0.916152981891856 0.266763431054685 0.153168956086469
1463226088.03565 -7.15472915282847 0.434510210741465 -6.75754135925747 -0.23639839570247 0.921443488871043 0.264733555197051 0.158031136423136
1463226088.17607 -7.15988877453951 0.472133773751285 -6.84858245125133 -0.225960752666574 0.929183005142354 0.245488855073203 0.159046858641806
1463226088.31822 -7.15527300907466 0.490254475153643 -6.94561356621772 -0.217191629346591 0.933759868123653 0.222021439204097 0.177839212091186
1463226088.51184 -7.14780383373995 0.503426173525883 -7.07642142626697 -0.212585996737884 0.937738326672146 0.203998440695643 0.183952876777805
1463226088.74705 -7.13288293820519 0.537954279572438 -7.22789900900257 -0.198831873901822 0.942712653621661 0.196384917000386 0.182185902300498
1463226088.93503 -7.11883651673095 0.560421080099872 -7.36191069258098 -0.191078357310174 0.944014946802973 0.213702432843134 0.163266995370011
1463226089.12434 -7.09979447146127 0.573828492711776 -7.49353396798248 -0.165703548434657 0.95052840156619 0.211092083064522 0.156455183102598
1463226089.26636 -7.09593114819383 0.586697552027588 -7.58844017125127 -0.14786255204376 0.962075595969475 0.176650037840137 0.146088936864377
1463226089.55104 -7.08561446168143 0.617865238190222 -7.76648635279446 -0.137763384648665 0.958047649022913 0.183197882202324 0.172059547855958
1463226089.74165  -7.0647719393898  0.63650716603052 -7.88292966453078 -0.124203257879349 0.96280774841613 0.145656496970524 0.19068029581552
1463226090.07308 -7.03854117205274 0.742061382161002 -8.06387650398907 -0.137471388256634 0.963833342678728 0.118458871435294 0.195177869467364
1463226090.35718 -7.03237906627206 0.871136224776524 -8.21134942744212 -0.163462918843992 0.949376532630727 0.148850681158878 0.223176047486282
1463226090.59426 -7.03659440316171 0.996123019980666 -8.33058452167769 -0.144314014274521 0.938720786901546 0.19784952306471 0.242553737852012
1463226090.78387 -7.02667928286563  1.06806107582932  -8.4180392652143 -0.169447384650797 0.915546902927786 0.245575819970033 0.269729436696089
1463226091.06843 -7.01520013918314  1.19286327965259 -8.55823885095617 -0.18291377106588 0.897139757859635 0.273602595510545 0.294659849575586
1463226091.30553 -6.99768629214332  1.27723535249052 -8.68020659566232 -0.196672317124048 0.886202436798099 0.298098524715913 0.295131344069663
1463226091.49531 -6.98132158889944   1.3357171102594 -8.78683405907392 -0.191898459914533 0.881672195101486 0.307643981009238 0.301967386345191
1463226091.63753 -6.96781725072986  1.38081649558837 -8.87892485728636 -0.187309056479943 0.886218116749511 0.282119998861886 0.316134580752744
1463226091.78352 -6.9445419593215 1.40757700020174 -8.9696811286181 -0.183111967962476 0.884601670331104 0.254682278712704 0.345089595534311
1463226091.92205 -6.91346272680705  1.42575768449083 -9.05411033033688 -0.17071253110052 0.873865166372739 0.229423297688508 0.393168988099684
1463226092.11159 -6.87499725954872  1.47254328310684 -9.15705392024429 -0.161701845194318 0.863357133319274 0.229397747215236 0.419337152158085
1463226092.30381 -6.83319581505701  1.51875003386454 -9.26923304106654 -0.130668997830721 0.874703012697763 0.197901530319823 0.422676279060517
1463226092.54054 -6.76104342226377  1.54614489415934 -9.42026606474743 -0.103292855569458 0.871050983708061 0.173772932531648 0.447664760383121
1463226092.77759 -6.69825414136284  1.59594891202731 -9.56272969295274 -0.0797865378402005 0.867533878323986 0.136411736781172 0.471604618730522
1463226093.05994 -6.62601661477797   1.6562170331255 -9.70298059262777 -0.0561343806790795 0.85012702785848 0.125346462222378 0.508351484918277
1463226093.25193 -6.58881425243144  1.74354342939646 -9.77198913056429 -0.0652544669723127 0.825469187560847 0.170587869624088 0.534080755752264
1463226093.58208 -6.50038205026706  1.89029649138532 -9.89618817975084 -0.0910723254508635 0.800236999454663 0.198003182727342 0.558678186320723
1463226093.81863 -6.43769137439867  1.98613803412444  -9.9713949642339 -0.0935087683060761 0.764785414705922 0.22186188140585 0.597609140895642
1463226094.05657 -6.36543197874719  2.07346606311523  -10.061883205512 -0.0905100747512877 0.736271535428866 0.218710858426269 0.633938256372165
1463226094.24552 -6.31284481228613  2.12561965718776 -10.1243367083094 -0.0884140888825902 0.710117126434284 0.218594601606337 0.66342521491148
1463226094.38799 -6.27386486006003  2.18677033926188 -10.1664519005219 -0.102569951939501 0.675922650044871 0.249846521844687 0.685700147030435
1463226094.57741 -6.19729368810832  2.25155992027855 -10.2416527793405 -0.0847738748991254 0.688698835593347 0.219688368850984 0.685743628901173
1463226094.815 -6.08886875470965  2.29975672016438   -10.34643922433 -0.0704847709752688 0.679755162294365 0.217005776818722 0.697046131344281
1463226095.09923  -5.9844739788243  2.39841015899936 -10.4737666383756 -0.0595759010384902 0.678442700776854 0.206144098088657 0.702617125183605
1463226095.24261 -5.92708762465325  2.43081768527321 -10.5352850188057 -0.0381688019399677 0.643345488524877 0.19167955556844 0.740208533408147
1463226095.43095 -5.85220698025586  2.47687443980106 -10.6087488182203 -0.0420129358333709 0.609651681070357 0.191089148670399 0.768143657300619
1463226095.71577 -5.74078513968295  2.57901889316694 -10.7233125786366 -0.0472635578863552 0.598475827852647 0.175943809419397 0.78015166185749
1463226095.95265  -5.6342816988446  2.62669181020375 -10.8165569041603 -0.0164481347902211 0.583351809458957 0.172440730648686 0.793532809451651
1463226096.14536 -5.55974651387622  2.68535939153995 -10.8833028081985 -0.00422138782470528 0.558454015916067 0.160965251478659 0.813757629646852
1463226096.33506 -5.48651365208318  2.74293945360855 -10.9502932650783 0.0208596654819029 0.519305613971003 0.15955253182455 0.839303010385736
1463226096.47423 -5.42742877287751  2.77282371572055 -10.9973227282414 0.0244618871209137 0.482999403709085 0.152572187446297 0.861878715198956
1463226096.61662 -5.37194419369757  2.81413574961066  -11.039205724264 0.0415126748145368 0.452633513810751 0.147264185749495 0.878471888907444
1463226096.75875 -5.31211648434202  2.86821132133843 -11.0772071689226 0.0360036571488244 0.42466764089259 0.135024282810038 0.894499622415944
1463226096.94897 -5.21928242107966   2.9198101847411 -11.1340329318236 0.0582964706438658 0.405601857139465 0.125105639294235 0.903569163933933
1463226097.09067 -5.15423730419753  2.94970334305748 -11.1795467951224 0.0884111630830286 0.380042904855017 0.129626536458375 0.911563392067426
1463226097.28346 -5.07382277000461  3.01659170745108 -11.2452295749559 0.0745297579849016 0.369672548831816 0.118152134741519 0.918600889870526
1463226097.42263 -5.01075210044644  3.06571404740706 -11.2912321683109 0.0902374219710975 0.342292440958398 0.114042906361732 0.928271139294614
1463226097.51951 -4.96776180344127  3.08613707996756 -11.3222050390866 0.103666394723093 0.311511256084536 0.105114171269624 0.938703908022147
1463226097.65971 -4.90481552322641  3.11654601055974 -11.3670030382341 0.108712716526373 0.278451586402833 0.0982934677825148 0.949202114139286
1463226097.80369  -4.8452554839204   3.1652339271826 -11.4034916918873 0.111154919408976 0.252810012472933 0.096744490683681 0.956228103020914
1463226097.94428 -4.7781361251053 3.22509649205943 -11.440604823325 0.0939241580635549 0.236497103980446 0.079959208326085 0.963770666364556
1463226098.08741 -4.70579680240026   3.2667134225009 -11.4818458914208 0.0979130054501027 0.228260920243598 0.0850166333030487 0.96492599079675
1463226098.23128 -4.62973761096598  3.29615698222206  -11.525693799643 0.111331607557939 0.227258957825592 0.0896821414747091 0.963283838101263
1463226098.37142 -4.56017165499551  3.34205880308971 -11.5646222915471 0.108325596918574 0.22078309713259 0.0755766521561832 0.966337704284397
1463226098.51329 -4.49150697348616  3.39926085609678 -11.6063248207318 0.0893070803083348 0.211273867830549 0.0771130530927477 0.970278916199582
1463226098.65549 -4.42190228604493   3.4370939360431 -11.6500307277664 0.0997962552711435 0.200636381720085 0.0812584135773195 0.971175998461158
1463226098.84831 -4.32443720640632  3.48215080544162  -11.700463911862 0.0984650379489 0.191933525004676 0.0890761560088055 0.9723844901641
1463226099.03486 -4.22953245577446  3.55532042471528 -11.7303384279353 0.0916720587003777 0.181143061289694 0.0779017942062788 0.976071070906046
1463226099.17887  -4.1513039507395  3.60057170907461 -11.7477804847505 0.0791067550184854 0.155318694352166 0.0693942987476362 0.982243684528696
1463226099.27188 -4.09537942978306  3.61600714270325 -11.7657419117364 0.112729436285516 0.161614301038134 0.0704108592097996 0.977862568462482
1463226099.41657 -4.01294985053111   3.6417300254431 -11.7975123142684 0.113628501794587 0.161899965351653 0.0793613034735267 0.977025459397059
1463226099.5574 -3.93489522466902  3.68549423057416 -11.8265981010936 0.115017884564558 0.16400750892827 0.0653238827053491 0.977550619453405
1463226099.69862  -3.8559274474869  3.73566738799823 -11.8548965044089 0.121092440483714 0.152221731056023 0.0568692396365157 0.979250251485886
1463226099.84101 -3.77548735112932   3.7684486014187 -11.8868015094085 0.136051290740289 0.135791334214509 0.0532951159295989 0.979903255662617
1463226099.98332 -3.70154920967339  3.79794772501832  -11.915242151047 0.136277378273238 0.105172877314721 0.0480127114613534 0.983901377977714
1463226100.12818 -3.62744699086465  3.84421256437173 -11.9326736526504 0.139013468634559 0.0979325146279796 0.0431272428751165 0.98449201065261
1463226100.26783 -3.54859146201316  3.89355770858094 -11.9439077020486 0.136005330047366 0.0808035011173055 0.0239097250389966 0.987117859961237
1463226100.36581 -3.49253938390776  3.92108358546924 -11.9514012846134 0.108841671260822 0.060938994721125 0.0241527139933812 0.991895446065907
1463226100.50748 -3.40490212858426  3.94203651425398 -11.9734898597053 0.124408533077208 0.0677509530080479 0.0287646106621683 0.989497307948603
1463226100.64718 -3.31918643761838  3.96799699384505 -11.9925980269696 0.153519608799097 0.0760336153825623 0.0169516833632312 0.98507017997561
1463226100.78928 -3.23710811017158  4.01012868026294 -12.0046955897701 0.171478004993367 0.0706939164683504 0.00353299631898288 0.98264193983102
1463226100.93162 -3.15729683183293  4.04466532191507 -12.0136752906071 0.164550039165956 0.0307471373610396 0.00760686675286418 0.985860047741457
1463226101.02637 -3.10498685948267  4.05349206003295 -12.0217532294712 0.20573332634746 0.0167839570105517 0.00581664740278248 0.978446863059037
1463226101.16876 -3.02780483507448  4.08101238480501 -12.0270951098055 0.185512730663586 -0.00958295921498517 0.00733708650848594 0.982567738538158
1463226101.31352  -2.9503783125347  4.12709246615558 -12.0222978383452 0.184908409926229 -0.0290438699188165 0.00136507007253086 0.98232554183549
1463226101.45322 -2.86762591452632   4.1716062979527 -12.0116029080491 0.175468769916026 -0.0549010907269823 -0.00598988700145608 0.98293473958084
1463226101.59578 -2.77784960249068  4.19393047628235 -12.0097737897768 0.177317073551331 -0.0690044841405304 -0.00714311187110166 0.98170566492635
1463226101.73792  -2.6865775989753   4.2143044878003 -12.0116838711739 0.188387331635636 -0.0654432786159764 -0.00223377746140896 0.979909383974584
1463226101.88095 -2.59840237426567  4.25541420741289 -12.0076524088943 0.194872632796719 -0.0677950367626892 -0.00890849901230826 0.978442194829397
1463226101.9749 -2.54139652249523  4.28506957805229 -12.0025620626701 0.181351902446578 -0.0805500469436813 -0.0109011855869092 0.980053234048629
1463226102.06972 -2.48586677506945  4.30546848561012 -11.9992114771657 0.179026264154443 -0.106748037903965 -0.00840797072030316 0.977999876878788
1463226102.16581 -2.43150929364484  4.31212714416789 -12.0013990689761 0.213144848380147 -0.11809827560333 -0.00579619475460428 0.969839406827177
1463226102.26151 -2.37873296354784  4.32380371031693  -12.000521965863 0.197997228494466 -0.135728427882706 -0.00743825017068255 0.970731458132164
1463226102.40176 -2.28770946416711  4.35460045365307 -11.9900065101673 0.204162311564403 -0.131080840039187 -0.011507342415789 0.97005316605938
1463226102.54387 -2.20038494487163  4.39072330860463 -11.9725913185936 0.208318876388096 -0.12606443828539 -0.0308619654209727 0.969411441148981
1463226102.63874 -2.13627092452923  4.40979052722783 -11.9617877443902 0.179963396743169 -0.125150211830543 -0.0284030794555952 0.97526604851644
1463226102.7355 -2.07487191061723  4.41429838632996 -11.9569324265908 0.205057674918652 -0.129101328931568 -0.0221376471875336 0.969945421867674
1463226102.82863 -2.01163285782091  4.42174329716285 -11.9525419810664 0.213409767881675 -0.120814035397492 -0.0103662302914606 0.969408469683037
1463226102.9706   -1.923697401073  4.45051336360935 -11.9440696952837 0.218996666889698 -0.116789725766565 -0.0129332492307183 0.968624463303973
1463226103.11446 -1.83448826505298  4.48739169096651 -11.9382187846128 0.213219844981763 -0.126557235533967 -0.0264042284952844 0.968412815155563
1463226103.20778 -1.78065386803702  4.50197970929656 -11.9379565680688 0.222960277392005 -0.157563059111624 -0.0384216264950403 0.961242100475287
1463226103.30269 -1.72561345305386  4.50945027264854  -11.938897566435 0.253632362099272 -0.170666574203775 -0.0405821285166889 0.951260551158591
1463226103.44707 -1.64371122400266   4.5303687516848 -11.9361706859587 0.243394959052686 -0.185466218407 -0.037133826918413 0.951305552720019
1463226103.58747 -1.56297724005434  4.56452198222692 -11.9209700611448 0.248085503835572 -0.186174595140277 -0.0355418706596091 0.950015462158917
1463226103.72938 -1.47784169745135  4.59857413607875 -11.8972650983352 0.243125464658687 -0.194104531911143 -0.0434967533131175 0.949379519253112
1463226103.87155 -1.38281069237445  4.61416380835948 -11.8793847843975 0.236155334638211 -0.189951269408249 -0.0429748078228558 0.951999127659631
1463226104.01522 -1.29026828132765  4.62571529415943   -11.86581629106 0.241447064194694 -0.189605064018083 -0.0318966840622684 0.951176028102209
1463226104.15738 -1.20121482591338  4.65614601437892  -11.845169996458 0.239342721735625 -0.176205305972319 -0.0276571155371311 0.954411774686142
1463226104.2985 -1.10780031951595  4.68861211869555 -11.8253764789993 0.23984363389593 -0.175302450883456 -0.0251490384962977 0.954521664424941
1463226104.44071 -1.01749284819273  4.70075084018369 -11.8102667023513 0.25777334519613 -0.17620524625999 -0.0100207950372314 0.949949576221641
1463226104.58296 -0.931316852817722   4.71357451005804  -11.7908399650274 0.245390105812762 -0.19260112700066 -0.0162527465396612 0.949960183416755
1463226104.72833 -0.841871795787497   4.74385433145473  -11.7650466163993 0.233625262834707 -0.183546697853167 -0.0158157222701401 0.954714464749375
1463226104.82011 -0.778389803226896    4.7712739297194  -11.7408358913521 0.218801175898656 -0.166998974259138 -0.0190110552077781 0.961184668938102
1463226104.96235 -0.686081044239238   4.79391826925826  -11.7003119493592 0.189334111793003 -0.157816312779988 -0.0364533669825635 0.968461541604889
1463226105.05717 -0.622259195670342   4.79576237935897  -11.6802030024955 0.20396976979666 -0.148154263810242 -0.0269680249121511 0.967325887566481
1463226105.19941 -0.533419780994178   4.80613594131389  -11.6483194603899 0.179925967626217 -0.133642694670684 -0.00534019343361037 0.974544898231487
1463226105.34356 -0.449280024513256   4.82814079480816  -11.6104041240635 0.169124629913621 -0.115109195549543 -0.00613401526756392 0.978830478945775
1463226105.48623 -0.364785179888893   4.84521039775538  -11.5717953116308 0.16754412655139 -0.117661796542568 -0.00663177514499569 0.978795528622262
1463226105.62608 -0.286251017718303   4.84613016925554  -11.5393438347115 0.171946968800815 -0.132504317948236 0.00489237547349016 0.976141849480654
1463226105.76839 -0.211647345648694   4.84556827953741  -11.5027138231005 0.162826424396738 -0.123162346640608 0.0204302422650752 0.978724270205425
1463226105.91158 -0.140336405508847   4.85681588943924  -11.4506246215741 0.158208617351231 -0.104314956662021 0.024330255586005 0.981578556140838
1463226106.00975 -0.0922981324296568     4.8641772435167   -11.4101256731302 0.149796381082819 -0.0850611935996123 0.0246187005287136 0.984743396597397
1463226106.10041 -0.0440405369356967    4.86426939507396   -11.3688741588955 0.146697378723555 -0.0694650584252086 0.0285953009610524 0.98632489246524
1463226106.19564 0.00527021172782699    4.85586299282099   -11.3301140241305 0.131900362550826 -0.0539479023644612 0.039609035264013 0.989001032615684
1463226106.33746 0.0654251764183174   4.83685000144007  -11.2729799893603 0.131357906998908 -0.0544572300181243 0.0589627860532614 0.988080411823075
1463226106.47965 0.122825966562736  4.83097809140887 -11.2083362271937 0.121069863089859 -0.032771108691794 0.0607353057317695 0.990242074103187
1463226106.62191 0.182143749093041  4.82472633229285 -11.1345957055127 0.123180096297271 -0.00716163107478716 0.0659027101477107 0.99016776745748
1463226106.85977  0.27342451580523  4.79205478829041 -11.0271543450211 0.125131455020302 -0.0155724976630619 0.0574113892636417 0.990355263864364
1463226107.05081 0.333874469089637  4.77272389498609 -10.9368689956275 0.114982501659661 -0.0216057523782632 0.0548360816361228 0.991617476614371
1463226107.2403 0.380353323352082  4.75722949211425 -10.8281723283677 0.120219215409934 -0.0270420158652197 0.0308975914433712 0.991897882076156
1463226107.42808 0.418439617107309  4.71408812885087 -10.7339484986985 0.122874578390608 -0.0486207158155042 0.02618111411482 0.990884661927222
1463226107.62071 0.447170770879203  4.67166030682169 -10.6430311027625 0.128514909734579 -0.0804365501373545 0.0195121964164669 0.98824751634847
1463226107.76008 0.465296305891535  4.64696397646427 -10.5652999885242 0.152019839372915 -0.0937934459075857 0.0106959994182655 0.983858909365697
1463226107.90232 0.484490607291793  4.61351043967408 -10.4911363540634 0.170680536751239 -0.117676758683227 0.00997049428013562 0.978223350817148
1463226108.09239 0.510333482886309  4.56305657264714 -10.3986946861054 0.166504943096291 -0.150866457628529 0.00246497373797411 0.974427698596254
1463226108.28176 0.519149696802677  4.52995538694888 -10.2909965252714 0.157704650266339 -0.154894453354123 -0.00350178340186759 0.975256217164241
1463226108.42608 0.521838399091394  4.49979804902587 -10.1984406435059 0.171057597932864 -0.14357748258003 -0.0015875975898188 0.974742162943264
1463226108.61352 0.525241416558579  4.44312301533445 -10.0887374378602 0.18428582620952 -0.130331852664606 0.0143307848253842 0.974087763523172
1463226108.85061 0.522277115286656  4.37444964062341 -9.96188967668701 0.193689876326754 -0.148004476621772 0.00700559304213298 0.969809171112838
1463226109.04035 0.507521117267039  4.33376187257708 -9.84668963987887 0.215691547552834 -0.154068112929714 0.00574231685116511 0.964213253740956
1463226109.18259 0.493632980788036  4.29437986120151 -9.76798239715092 0.208190459790085 -0.176090009965058 -0.00730408240625303 0.962078838361546
1463226109.37519 0.470987817746194  4.23863850800024 -9.67561681067387 0.213819182962615 -0.201069194282662 -0.00670114631408907 0.955932858911021
1463226109.56206 0.441999285142754  4.19579275392561 -9.56852336418892 0.236556731094221 -0.194466953669879 -0.0188656712034102 0.951770772483805
1463226109.70419  0.42816815840214  4.15844824482138 -9.48478425987378 0.258211467173637 -0.162718536378457 -0.0161162083719588 0.952150084790524
1463226109.89396 0.412813536024917  4.09916631622377 -9.37927144793133 0.23881004927838 -0.143493716397424 -0.012871288534665 0.960319552883086
1463226110.13305 0.385798433877068  4.05934399097415  -9.2478433160096 0.213508705283083 -0.144538707535053 -0.0179883441755245 0.966022263856409
1463226110.3227 0.372781401217866  4.01614888225152 -9.13404631450303 0.207231711803553 -0.136476664495779 -0.0142564400592719 0.968620612824191
1463226110.51022  0.36712198376637   3.9521111584979 -9.04186504360473 0.18762989936678 -0.126182677769904 0.00195841118286916 0.974099131156613
1463226110.65553 0.374768734656763   3.9088987139712 -8.97646033824898 0.197847170578769 -0.0717349901705959 -0.0421128012318464 0.976697036061647
1463226110.79731 0.383571365355037  3.87585823898031  -8.9016798553528 0.193311595966358 -0.022342846299272 -0.0763144311477435 0.977909776862254
1463226110.9371  0.38592891261401   3.8389573207563 -8.82545252127351 0.221489152116245 -0.0108620797549039 -0.104311659910434 0.969506909890257
1463226111.2232 0.383587257492693  3.76628620675654 -8.68258276471637 0.200590250899536 -0.0150557533447929 -0.149306303409138 0.968113889631576
1463226111.41121 0.377999277868357  3.74535255323259 -8.57809096077247 0.197836910578646 -0.0239663233071767 -0.225335850046476 0.95368229869473
1463226111.6011 0.390900757679371  3.71014352026952 -8.47424978172605 0.196145203477957 -0.0372703003575086 -0.255120011186333 0.946071754020876
1463226111.74512 0.393343127769661  3.67377320179232 -8.40745399503131 0.192378032701733 -0.0609124801317516 -0.25652681478828 0.945237724380798
1463226111.88535 0.393282169023703  3.64894844962709 -8.33807176388897 0.188865119939124 -0.0892250559967651 -0.255656312741823 0.943932574714958
1463226112.02864 0.392800417328856  3.62341769749677 -8.25516912654057 0.201463686161288 -0.0866740669583326 -0.254027402608898 0.942003220800749
1463226112.16994 0.398723233638953  3.58466123000485 -8.18004865593702 0.19842878505339 -0.0875596520594095 -0.248475471885418 0.944044100910964
1463226112.31222 0.414491259925146   3.5366862088731 -8.11539130160592 0.210237910117005 -0.0807831481381158 -0.222222464312587 0.948625996102453
1463226112.54936 0.438809983617966  3.50036681150803 -7.99534186457111 0.2128228371061 -0.0960131633787513 -0.203436381959701 0.95084254793276
1463226112.78777 0.487263411119278  3.46967343169282 -7.85509368166555 0.207817773044695 -0.099518923723152 -0.203146815059812 0.951650738747563
1463226112.9763 0.522097920101032  3.42641346055206 -7.76934981079741 0.205619652755353 -0.110315390039024 -0.208670789339635 0.949740793478768
1463226113.1658 0.539870805349792   3.3979145410746 -7.67698737654866 0.21027141077799 -0.132957531640003 -0.197484201614579 0.948213171550724
1463226113.35552 0.550569962662142  3.37428088740411 -7.55925910327701 0.206440666957219 -0.128040470546112 -0.226849845306416 0.943147409800315
1463226113.45031 0.564782709169943  3.34593134498879 -7.50297169565464 0.209887548116799 -0.114367017691939 -0.232075547369924 0.942872389415832
1463226113.54517  0.58108537702304  3.31580347183046 -7.45487752292589 0.222548861441686 -0.0953360522672609 -0.225867334114558 0.943592596828253
1463226113.68931 0.604457164413571   3.2832266980695 -7.38426114906161 0.207765755466591 -0.0827371937974175 -0.209986075013175 0.9517845322963
1463226113.82972 0.620102864455755   3.2709663777793 -7.30181696707981 0.189391134460829 -0.0634198411034383 -0.216243044308068 0.955692349938218
1463226113.97218 0.636497786858391  3.24927232069301 -7.20906949415899 0.202186752140276 -0.0352174657370538 -0.224159519261556 0.952697621121442
1463226114.11583 0.647625342343613  3.20982954383644 -7.12551013308618 0.196782336145914 -0.0412055558784792 -0.258309627400489 0.944910022561896
1463226114.25663 0.647102478591205   3.1692871248227 -7.05850061742558 0.195996107027911 -0.0649724762990291 -0.289886334228989 0.934521276687029
1463226114.39865 0.64286209178108 3.14607408798841 -6.9875300420988 0.18803370246476 -0.0822863894085602 -0.310354546007158 0.928198433864326
1463226114.54261 0.642656632187778  3.13459691632862 -6.90049944865027 0.1556197567546 -0.0772815000996489 -0.349053418859645 0.920853827614557
1463226114.63578 0.646229915753384  3.11731681719761  -6.8398185911435 0.146537433909933 -0.0635257132271462 -0.345077820923157 0.924885161373562
1463226114.73119 0.654686275159752   3.0887346079551  -6.7826307054314 0.148476690279096 -0.047318707136532 -0.329133229305903 0.931336099249546
1463226114.8729 0.662485497192853  3.05614632421992 -6.71114381723382 0.121202702610982 -0.057527802451922 -0.326022257356419 0.935793751065411
1463226115.01513 0.663631342841345  3.03275959650852 -6.63839684343033 0.106411178498323 -0.0701811892443388 -0.310713553139391 0.941917379424726
1463226115.15737 0.660041849856751  3.01435402684245 -6.55504478733027 0.106785775989496 -0.074609240504242 -0.314138374030074 0.940397437916248
1463226115.29983 0.659078457802458   2.9794030250682 -6.46930707214771 0.11909603084355 -0.0808226571698721 -0.322617786065318 0.935522098958451
1463226115.39461 0.655694986597246  2.94451897916223   -6.421043888121 0.154255121913364 -0.0936305626928486 -0.309996619120371 0.933456357430412
1463226115.53862 0.643704375379932  2.89817979616242 -6.35933243420999 0.168466813929271 -0.118787057707803 -0.289677493815315 0.934663317511991
1463226115.67894  0.62447235297982  2.86678805811602 -6.29275246186313 0.179173351002231 -0.152440289374903 -0.288618562359728 0.928093849741141
1463226115.82139 0.608497167920883  2.84060357828435  -6.2156384278351 0.203935038010888 -0.170572051217697 -0.284718262012168 0.921005530326314
1463226115.91615 0.601063780737637  2.81435619710017 -6.16149276266616 0.210086531318595 -0.178799024050136 -0.286344927563111 0.917551710159224
1463226116.01201 0.597323579713279  2.78072223726636 -6.11285995739141 0.222650530078666 -0.185686839750103 -0.27188173928611 0.917620541859253
1463226116.15607 0.594588165887986  2.73422161280867 -6.04602916441266 0.227446805294061 -0.200074955486122 -0.255016784200982 0.918261619977957
1463226116.29542 0.586653362837208  2.70209566141498  -5.9706316701761 0.241436920282012 -0.216175832395257 -0.247202491742427 0.913163266392867
1463226116.43771 0.580197017597772   2.6794412222134 -5.88986558341315 0.25346939496644 -0.226571800965729 -0.256102357161707 0.90489229606551
1463226116.53273 0.577186622403554  2.65647111074025 -5.84199683892195 0.264837415805468 -0.255793405259974 -0.243724394383391 0.897234248453233
1463226116.62737 0.577226593851797  2.62957194563763 -5.79881336103455 0.266079734985042 -0.275237225101476 -0.24435776321965 0.890918249955078
1463226116.72228  0.57625993891783  2.60280918324154 -5.75960766352952 0.277167615024613 -0.29462414076442 -0.253015814710878 0.878838851193201
1463226116.86467 0.570600986480352  2.57582970869717 -5.69737207710525 0.280319256560205 -0.320393132596286 -0.262745364523035 0.865871946888413
1463226116.95934 0.562826391497949  2.56394686143457 -5.65032047846596 0.298026155071868 -0.337652129677051 -0.27198269348413 0.850409821593536
1463226117.05412 0.556484919840384  2.54904193795145 -5.59841067368278 0.311598472039237 -0.346375919013881 -0.276330751552622 0.840578033674724
1463226117.14956 0.552735164415017  2.52938944822476 -5.54585324508845 0.319142767861399 -0.356061435217006 -0.284261992476389 0.831001364443118
1463226117.24677 0.554755172750367  2.50239867664462 -5.49971090927909 0.324676799017791 -0.377479494400858 -0.255405232054586 0.8287716060083
1463226117.33941 0.560383171445851  2.48169624313295 -5.45315332034471 0.308512500988913 -0.388478268957785 -0.266783605022619 0.826275486367751
1463226117.43357 0.566064994312422  2.46486963539406 -5.40419545655637 0.306607564693148 -0.398242862695019 -0.26387954592944 0.823263025299622
1463226117.52836 0.573055876325798  2.45298115264456 -5.35236052765008 0.314547600218866 -0.40491471708767 -0.273887352651724 0.813688882276141
1463226117.6233 0.583219599460126  2.43900456157289 -5.29801130073839 0.332426350510924 -0.405425825951913 -0.266000518048749 0.808929135051393
1463226117.71805  0.59782736911204  2.42061248168825 -5.24390666924526 0.343239155376086 -0.410812135674671 -0.266272037056467 0.80157312435044
1463226117.8129 0.616816080087721  2.39939616500901 -5.19584681291707 0.340415013846858 -0.416463433494448 -0.267318389647173 0.799510291032017
1463226117.9077 0.634620995807801  2.37625330323158 -5.14945735763984 0.339851689793901 -0.419135421969645 -0.277404539323842 0.794904427310029
1463226118.00487 0.650248826035726   2.3556981320792 -5.10380278922249 0.338933692908474 -0.426742156395404 -0.266520043837332 0.794973049857271
1463226118.09745 0.663132623461566  2.34259005148763 -5.05441993153032 0.337287453408268 -0.436345755795231 -0.252872336794089 0.794918320619892
1463226118.19235  0.67491492392955    2.334575642307 -4.99749316115751 0.333352739844085 -0.433151861107461 -0.255637303823298 0.797436508414017
1463226118.2872 0.687866841836132  2.32425789196769 -4.93481208834371 0.336891262091993 -0.419690085689353 -0.262188518472678 0.801012915177545
1463226118.3848 0.705847182733696  2.30839701655626 -4.87050010049445 0.333203473184381 -0.402445738663942 -0.280952071512065 0.805033419431876
1463226118.47664 0.729522005642051  2.28459106923245 -4.81222247777184 0.329790169386992 -0.390587074062227 -0.261291360248567 0.818783858420927
1463226118.5715 0.755768178070611  2.26271439554741 -4.75595978134363 0.314146271561799 -0.376547843213027 -0.256220989230647 0.832991384417094
1463226118.66642 0.781718655424542  2.24686638474783   -4.699153194461 0.304054383483274 -0.366769532409597 -0.244454054110248 0.844555064758785
1463226118.76193 0.807354389923078  2.23712484814123 -4.64030592569704 0.304024849218679 -0.359204235897834 -0.238252288623244 0.849574631763684
1463226118.85833 0.836117955239837  2.23193669698564 -4.57589883358395 0.306990521421497 -0.342046612160812 -0.245139850334746 0.85362016649358
1463226118.95379 0.871356382724688  2.22298784264752 -4.51343365435515 0.318339188031838 -0.330686484872721 -0.24320015153781 0.854494175742433
1463226119.04576 0.905936964424868   2.2098571647544 -4.45617852032869 0.322109817205908 -0.323248876250994 -0.231587038794394 0.859140776080667
1463226119.14066 0.944477336777355   2.1982603936875 -4.39970647936028 0.295107380012965 -0.309002959550185 -0.24280992564994 0.870903063065564
1463226119.23543 0.980491428030878  2.18734015581241 -4.34656120982724 0.281951581896323 -0.307651309891038 -0.235948403559667 0.877600323522122
1463226119.33225  1.01507285469858  2.18365203041101 -4.28945418011466 0.269771991781448 -0.297882657688106 -0.231283165514392 0.886000616280024
1463226119.42511  1.04848968269729    2.184062006572 -4.22698146936581 0.26688995048911 -0.284394281133306 -0.234000625556742 0.890580346979229
1463226119.51988  1.08474760886867  2.18253928662094 -4.16673435718743 0.272392779197563 -0.265393782198153 -0.238505874806412 0.893578906361612
1463226119.61477  1.12642940242245  2.17361649961934 -4.10902434981581 0.258986575481939 -0.249392655958258 -0.251934823296477 0.898475431876018
1463226119.70963  1.17076517665602  2.15761930916406 -4.05922692233133 0.255758430302983 -0.239137176842296 -0.234568107588866 0.906851056614607
1463226119.80747  1.21461017321385  2.14365774966706 -4.00999192484576 0.242947563002287 -0.227799316232737 -0.226239903962709 0.915368482639692
1463226119.89942  1.25462282639394  2.13613123292287 -3.95534121785259 0.238662045102084 -0.215509890372322 -0.221379706090655 0.920644850694673
1463226119.9942  1.29533171315215  2.13444967294576 -3.90022180172846 0.240880595517689 -0.206101056439148 -0.219512745323654 0.922666271128507
1463226120.08911  1.33670397752089  2.13220285266139 -3.84543894805713 0.238791328162832 -0.199143396734819 -0.225600064863287 0.923268769029273
1463226120.1842  1.37813863034503  2.12498019023986 -3.79507331464098 0.231187048656147 -0.20035869699975 -0.236156403507945 0.922300978071917
1463226120.28223  1.41809096639976  2.11168160464998 -3.74670723626062 0.225687856174827 -0.19605732556053 -0.239896797907821 0.923621157738841
1463226120.37363  1.45421135950402  2.09865690017362 -3.69976077187941 0.214097205810798 -0.199567283510132 -0.233822159708547 0.927179854961068
1463226120.46837  1.48531017600187  2.09163977913902 -3.64870669270841 0.207431172588411 -0.200955739619679 -0.23136410039202 0.929010092734355
1463226120.56318  1.51280216905779  2.08872620563378 -3.59357367466694 0.198889742398481 -0.193394176147999 -0.235846707752442 0.931352722357666
1463226120.66186  1.53691011396359  2.08240874673765 -3.53625491987793 0.202209753537836 -0.181397219571478 -0.249987217676495 0.929361423400105
1463226120.75529  1.55943507494094   2.0681887061071 -3.48189549806952 0.204153810177484 -0.181865500463283 -0.259575894599336 0.926210838024588
1463226120.8477 1.58142042859395 2.04525000044754 -3.4302501081144 0.214660363020385 -0.185258863206705 -0.245991249716079 0.926870210555091
1463226120.94397  1.60170108008939  2.02840498954625 -3.38200574473101 0.197099922075712 -0.187408061555859 -0.247305834278488 0.929983689917971
1463226121.03761  1.6179328106115 2.01311021608391 -3.3304843147774 0.197534544642631 -0.194853142710586 -0.240114935287802 0.930245760162534
1463226121.13409  1.63161031946494  2.00063174476001 -3.27539010092577 0.203902320909475 -0.197847320398543 -0.238145722644012 0.928744796015142
1463226121.22712  1.64592280770716   1.9864201738898 -3.21695188052097 0.213723128463891 -0.194178269036549 -0.237093087127559 0.927579695891356
1463226121.32286  1.65845885555219  1.96576849268581 -3.16268406788788 0.218818773437772 -0.200164924165509 -0.245498186920124 0.922920900047202
1463226121.41677  1.66806781290174  1.93754785063037 -3.11418717826328 0.231959259210813 -0.213317669225165 -0.243281925562695 0.917335477760029
1463226121.51182  1.67290059668986  1.91048788971267 -3.06897990797782 0.241360772425054 -0.232871447795507 -0.232611472406806 0.912911698490464
1463226121.60639  1.67215330474237   1.8884315225482 -3.02107221373962 0.248041040537007 -0.259195484240603 -0.219590953301274 0.907233793675498
1463226121.74885 1.66429985722623 1.86951167320484 -2.9364401203014 0.25329271808879 -0.265305211759928 -0.237591427279719 0.899447751267075
1463226121.84343  1.65746286515615  1.85211173058483 -2.87562754508325 0.243731975108643 -0.251996533259753 -0.268507027379471 0.897215942670741
1463226121.94017 1.65119765041678 1.82309892060275 -2.8199921900669 0.241259075454682 -0.252752674312894 -0.270300281572645 0.897133157296163
1463226122.03332  1.64661886626433  1.78816867269575 -2.77060370135392 0.251597953201981 -0.253236280114842 -0.253958231627097 0.898929959989659
1463226122.12808  1.64311330906592  1.75646019372716 -2.72431685179213 0.253661546313196 -0.256919224169986 -0.238239603324989 0.901604249979692
1463226122.22369  1.63659473474024  1.73218874733739 -2.67654205873975 0.248838260649375 -0.259527402458741 -0.238127504627956 0.90223075704039
1463226122.3177  1.62695955482088  1.71389126168601 -2.62520123564214 0.256120758683854 -0.257630829523696 -0.239977778385887 0.900243955009481
1463226122.41463  1.61541294712545   1.6959859671533 -2.56897803066044 0.266091640214259 -0.255965758323605 -0.251188668091722 0.894751933552655
1463226122.5074  1.60483646816273  1.67317246193447 -2.51367760393546 0.268754192655642 -0.261314163035294 -0.258752249997597 0.890243430331479
1463226122.60229  1.59563901631825  1.64459082099182 -2.46421863181922 0.268236588340345 -0.271434649396571 -0.254960992822291 0.888463424076402
1463226122.69713  1.58581437942082  1.61670151910977 -2.42242516380523 0.261031390189648 -0.28210552712555 -0.259594059837666 0.885940183645529
1463226122.79194  1.57091929356203     1.59043193083 -2.38502012338791 0.258747531888019 -0.302781002727672 -0.259601666339968 0.879761532440807
1463226122.88949  1.55455015679657  1.57220374582098 -2.34120610930419 0.251390263322827 -0.31141539838289 -0.260499867167182 0.878614366125655
1463226122.98172    1.533274121309   1.5553836536292 -2.29398157310069 0.259424800075294 -0.312540546469002 -0.260404946266735 0.87590321604534
1463226123.07636  1.51024162317053  1.53483802757325 -2.24630902391898 0.268071486987356 -0.306306968986207 -0.272936170756171 0.871676296171824
1463226123.17119   1.4875130702824  1.50400182968711 -2.19490324089536 0.273875625398717 -0.297136094406793 -0.276734950367634 0.871848639649201
1463226123.26612  1.46767501358864  1.46742524896621 -2.15151913712224 0.286176318762879 -0.29129457063032 -0.267901654909283 0.872627807829599
1463226123.40836 1.43406735895345 1.42269139794885 -2.0922918756093 0.279350461999192 -0.298826236756556 -0.27386034635585 0.870440526572957
1463226123.6002  1.37673380192313  1.37922567230573 -2.00409939886586 0.286488077564382 -0.296716026088395 -0.285832354208082 0.864976327169502
1463226123.74029  1.32982310021987  1.33327237279559 -1.93746066424429 0.308099182794696 -0.298426947545449 -0.271138543127166 0.861684478780269
1463226123.88328   1.2838410733843  1.27547407866861 -1.87747764940584 0.318968943591942 -0.303872852504729 -0.26026696704459 0.859174725186845
1463226124.02514  1.23423042343089  1.22769574928193 -1.82326782193175 0.315046628929573 -0.3286763638346 -0.255659443197185 0.852851521990014
1463226124.16784  1.17586948074664   1.1942027760022 -1.76054594925551 0.318567288530498 -0.321351262444631 -0.271999624649885 0.849272896655657
1463226124.31235  1.11141015478124  1.15450767847762 -1.69539105032298 0.341775165918534 -0.309073327339662 -0.282037426546212 0.841497655561641
1463226124.40425  1.07211265790598  1.11849195429798 -1.65150909413422 0.339252394705065 -0.293812112476504 -0.274678514708901 0.850372841056372
1463226124.54642  1.01709066116871  1.06705895524096 -1.59814028644064 0.329776058674339 -0.308354346751164 -0.270791687189038 0.85019833575125
1463226124.68961 0.959672756018434  1.02703364803213   -1.538786122948 0.319061612663836 -0.316103107530263 -0.263706968670807 0.853661026056899
1463226124.83104 0.899330502845588 0.987368572476101 -1.47160079196275 0.327318712037454 -0.315157143921307 -0.250570794927726 0.854840752488318
1463226124.97594 0.843825522710396 0.935153156220002 -1.40783738000082 0.324776982004864 -0.311718250098554 -0.246796552404812 0.858162633908286
1463226125.11543 0.788505020234492 0.880618236533017 -1.35396234304756 0.317350433728497 -0.32797956408352 -0.237487561577102 0.857506714756264
1463226125.25759 0.728765079515644 0.838571493434726 -1.29719262869595 0.302939500287992 -0.335231050337541 -0.229899945151638 0.861970891198841
1463226125.39988 0.664662568793594 0.800188748215358 -1.23473665136987 0.298820024048557 -0.326830964581928 -0.236502552171785 0.864843718040606
1463226125.49481 0.623038191956856 0.769136769159826 -1.19394290780437 0.303771469384347 -0.309699971576929 -0.243033100173181 0.867608053336031
1463226125.58973 0.584215569451083 0.732863817714419  -1.1550759353563 0.302995426419621 -0.295950966073682 -0.235460317709297 0.874737238279635
1463226125.73462 0.529294943882797 0.683276760689548 -1.10215590262074 0.284762739404872 -0.297825730559737 -0.241754438642981 0.878501455809613
1463226125.87687 0.472780884814247 0.644189874930703 -1.04503053735447 0.277661760935011 -0.297220148731872 -0.230883067196153 0.883887514893366
1463226126.01723  0.414772950252835  0.607247535924941 -0.978949772957278 0.283126366144517 -0.288883686965609 -0.221297131816855 0.887363091213845
1463226126.15852  0.361573026100768  0.560063903172113 -0.920487586793094 0.274669636549712 -0.29710228578412 -0.211037536804767 0.889803338158987
1463226126.30118  0.313709655761272  0.512467084069065 -0.868981382929071 0.256929081252582 -0.302128242764777 -0.208112283381619 0.894089061355892
1463226126.44313  0.263870439866991  0.473054183643531 -0.814964540074023 0.239589925947183 -0.302764179850319 -0.195628705941811 0.901476526702565
1463226126.58545  0.212231661796265  0.434353040521029 -0.758860746510984 0.244593827742999 -0.280394974994856 -0.194848554660323 0.907516698565071
1463226126.68038  0.179435507852386  0.404927280554907 -0.722166298821558 0.243833320608133 -0.263324079676464 -0.19506084428997 0.912774346620587
1463226126.77823  0.151315693440461   0.37358515362955 -0.690242428216449 0.237664228591309 -0.252732880294763 -0.185549770392435 0.919354713031551
1463226126.91752  0.114878930792331  0.333147520396402 -0.644557981974713 0.22248943418875 -0.242116734930817 -0.179052412217046 0.927263809290575
1463226127.06218 0.0804654013336521  0.303850888291499 -0.594538105767064 0.209557817701939 -0.232186020947075 -0.171372290164416 0.934241248757819
1463226127.20192 0.0460678798848838   0.27818595584247 -0.538382471058074 0.204436781500885 -0.221703904726362 -0.162584381512519 0.939478206179811
1463226127.34419 0.0182608468551795  0.240393581143246  -0.48227935394787 0.20414035999249 -0.201765834962617 -0.150468541631586 0.946031965233331
1463226127.48636 -0.00388382675429926    0.199730672701765   -0.434664379037877 0.205882690979351 -0.180678738703029 -0.143865285071422 0.950931275480569
1463226127.63088 -0.0273158149504928   0.168639511417935  -0.394227651920594 0.197698976610096 -0.179321017710715 -0.121753118341446 0.955999615809885
1463226127.77089 -0.0553631244497396   0.145273371497184    -0.3534591590074 0.171025933517879 -0.171774517859839 -0.114876351004739 0.963351996446882
1463226127.91395 -0.0856258140699616    0.12278379542401   -0.31116642657699 0.142380808276542 -0.160679436478397 -0.110848311207668 0.970372338862723
1463226128.05534 -0.114587219189212 0.0951795973888395 -0.266512020724219 0.124757942546367 -0.125331117802529 -0.124742112255523 0.976302705164744
1463226128.1977 -0.142684257290538 0.0682512615194259 -0.232470627704038 0.100324894376777 -0.113306895186893 -0.0929581309446062 0.984101239183591
1463226128.34172 -0.168041840677496 0.0516610738059999 -0.204022663647171 0.0817763640236707 -0.117511989989267 -0.0617589931792911 0.987769905017009
1463226128.52959  -0.19561454051538 0.0498541173229481  -0.17161617882131 0.0587594485335495 -0.124495398012962 -0.0607488958873997 0.98861407775233
1463226128.76685 -0.221454027922015  0.055824392955272 -0.141961795787679 0.0369233170983169 -0.150336346301102 -0.0729202149366675 0.985250371169117
1463226129.00374 -0.236985962193601 0.0596910688891959  -0.12011614218993 0.0209172141700345 -0.185234486666086 -0.0792214342216258 0.979272494998601
1463226129.47818  -0.227808546003329  0.0650682974515805 -0.0883634426432482 0.0114489544075724 -0.211508407515061 -0.0777893017501593 0.97420836555977
1463226129.76255 -0.198240801681184 0.0720972745194313 -0.088279752747493 0.0317411940964635 -0.216661499985885 -0.0664175699463736 0.973467512258943
1463226129.95216 -0.166161026030375 0.0886891006032376 -0.101796428116604 0.0420965854537613 -0.223382485709654 -0.0741558733717537 0.970993846023641
1463226130.0946 -0.135539790929386  0.101579092839479 -0.113876056353749 0.0444444960225257 -0.221543980256255 -0.0811237761383447 0.970753256255458
1463226130.23806 -0.102130464909639  0.108925416763233 -0.126089872375586 0.0472811164296917 -0.216127230794205 -0.0982598836926389 0.970256930609156
1463226130.42644 -0.056591104818234  0.112370657607183 -0.139218782642579 0.0511825865694965 -0.202066118247696 -0.118298591635654 0.97085275397734
1463226130.5687 -0.0239866567229603   0.111985584506279  -0.144598373094305 0.0605944095488995 -0.173777436825427 -0.134458753621641 0.973678881128845
1463226130.71357 0.00592176038550497   0.109462552028791  -0.145515711710648 0.0798260480294466 -0.158640111193448 -0.119308565722705 0.976845219736332
1463226130.90053 0.0457964332806976  0.108807096176949 -0.145780336128271 0.0937042104218752 -0.135703200051031 -0.130266423986902 0.977668052677793
1463226131.13949 0.0834139651139323   0.11147535687569 -0.145403476247193 0.103839156285826 -0.128140457357368 -0.125515263791496 0.978285935381596
1463226131.42415 0.0994657024279117  0.101383117381814 -0.144719778444504 0.134163088659319 -0.131641463500152 -0.0879761933848596 0.978228490755835
1463226131.70804 0.0872030978278092 0.0922575622740185 -0.120519199323313 0.128445613758028 -0.109127104304714 -0.0277878864898221 0.985302406764959
1463226131.84907 0.0723852001012139 0.0835396441209095  -0.10220093778259 0.105700055261691 -0.0812127855894647 0.0288145089674191 0.990657209052375
1463226131.99207  0.0513735023367321  0.0701295751467707 -0.0809683891980935 0.0745138918677666 -0.0616278959722491 0.0642096432200893 0.993240557002331
1463226132.13628  0.0366516609052295  0.0516516641820585 -0.0619146622240295 0.0268847321419816 -0.0306510799514184 0.0932476019795615 0.994807824255784
1463226132.27612  0.0258228725896941  0.0346913130705628 -0.0425062961597076 -0.029423283768274 -0.0135618006945318 0.0895366341098429 0.995456447609082
1463226132.41801  0.0196712140911549  0.0143354752935983 -0.0203769114837489 -0.0603656332975925 -0.0107034563830634 0.0881635936333317 0.994217585388477
1463226132.56036   0.0187797500890504 -0.00725894667538873  0.00457877144937439 -0.0835345426666687 0.00447622087986641 0.112630301836496 0.990109266059219
1463226132.70309 0.0203077749291337 -0.033594832103588 0.0334712879832093 -0.0993964478004634 0.0206988142228854 0.127858280601069 0.986582062139868
1463226132.79742  0.0225708936433084 -0.0523090224019428  0.0532428382325728 -0.115109581434237 0.0220183551263712 0.124312008856628 0.985297671139841
1463226132.94089  0.0296629847915305 -0.0807811078400256  0.0815740074958001 -0.12325701389513 0.0265737701430186 0.144633166515138 0.981418764040023
1463226133.0819  0.034466304976706 -0.107070583765808  0.105197274592493 -0.137377038774973 0.0335761683274561 0.156508247578284 0.97749954402948
1463226133.22462 0.0337592044172126 -0.128783594836301  0.121994462425744 -0.15921994482678 0.0401149413500897 0.155867019120492 0.974035560439314
1463226133.4138 0.0168228765587873 -0.155264562570918  0.135904422608718 -0.162943912651082 0.0213516412469634 0.154018024797598 0.974305823026561
1463226133.5561 -0.00808618981841711   -0.168197588546292     0.13543360361839 -0.168484417063688 0.00577914508583349 0.1454423091244 0.974898013848294
1463226133.69869 -0.0403984953248906  -0.178639982889477   0.129733889689894 -0.158955077127729 -0.00923735712839086 0.137942010731912 0.977558160092706
1463226133.8406 -0.0748857535694077  -0.181626770852159   0.117896802540691 -0.144424661020996 -0.0170357391229887 0.132502766095497 0.980456178448862
1463226133.93614 -0.098168662255455 -0.177986126671838  0.107199033225743 -0.127685793639894 -0.0270068673983826 0.138207211825993 0.981766639184262
1463226134.03253 -0.121075653979417  -0.17064370396184 0.0936808616468476 -0.118473217438951 -0.0398469132449546 0.137707216030681 0.982554346032621
1463226134.21991 -0.161969414767654 -0.144172085470892 0.0600045712396453 -0.0809261182394008 -0.0564037526663979 0.143079104763915 0.984783199415895
1463226134.31476 -0.180856257411515 -0.125181447604384 0.0415147553431491 -0.0731306364385379 -0.0699432463504086 0.143038067561951 0.984530326364914
1463226134.4096 -0.195765929252467 -0.104900807652454 0.0224495685338405 -0.0525276592686171 -0.0822605989076544 0.135192712221678 0.986000491602951
1463226134.50468  -0.206456533751881 -0.0805243681998364 0.00244895656146061 -0.0500081384093542 -0.0989252248025383 0.123749831997006 0.986102918092889
1463226134.59931  -0.211978095486253 -0.0553507956233617 -0.0183768291546777 -0.0486960946140053 -0.112375173381551 0.107738410477662 0.986606783721132
1463226134.69412  -0.212233356592519 -0.0342067135254575 -0.0399379444632787 -0.0226595250996207 -0.12930675834465 0.10380382804401 0.985896076395513
1463226134.78918   -0.20577378821539 -0.0128735483123245 -0.0625487412898492 0.000440926692774287 -0.140018296000072 0.102993805842758 0.984777618717501
1463226134.88391 -0.194032842810898 0.0112228411289571 -0.086000230411554 0.00343151940375537 -0.144818566903478 0.100181881087022 0.984367511682741
1463226134.98526 -0.178741615557607  0.034236781027238 -0.110656175518642 0.00801365596054319 -0.147147587997643 0.100217016703757 0.983991828333763
1463226135.21766 -0.141842560781901 0.0819375977737983 -0.166553818160372 0.0234209263717461 -0.151824629622849 0.0856061702399381 0.984414712234953
1463226135.35808 -0.123216062148331  0.107449759708936 -0.195027211582812 0.0274225629198833 -0.159470082559865 0.0699812806861764 0.984337297964868
1463226135.54762 -0.0997507736383616    0.13630655387664  -0.226192228715411 0.0412064691158362 -0.168773329818633 0.0620583062207982 0.982835874738983
1463226135.7381 -0.0694601995517807   0.161385067354574  -0.256860280092226 0.0619691536792553 -0.153178932863608 0.0503516560858794 0.984967384865333
1463226135.92888 -0.0401852672826471   0.193327299190702  -0.292746794812889 0.0529473559840428 -0.160173147146913 0.0500225960949577 0.984397724655677
1463226136.11686 -0.0120192702222125   0.223196451640433  -0.315702768890744 0.0363582250104416 -0.152015472592909 0.0559336999496783 0.986124128483014
1463226136.30639 0.0180588939805613  0.242578463809877 -0.318238152049302 0.0138913072530258 -0.13479839610503 0.0674378936868243 0.988477897823415
1463226136.54353 0.0557049180133459     0.246233363288 -0.292512374046115 -0.00805444724254462 -0.120077037845953 0.0827439986353557 0.989277545257948
1463226136.73407 0.0816872840750816  0.231797458409831 -0.261933418284287 0.00943525793229368 -0.119164327446638 0.0918246126128234 0.988574266047041
1463226136.92309 0.0961236633500304  0.211235018967874  -0.23599176388018 -0.00236754809903713 -0.126986808738394 0.090530210836222 0.987761624101882
1463226137.11244 0.0973168878315904  0.182386263255627 -0.206924973273192 -0.0119712877044129 -0.116296701818857 0.101762481749437 0.987915058456419
1463226137.39696 0.0750083704286117  0.121931428050224 -0.153047227422315 -0.00589538651829481 -0.1192995892793 0.108464215547792 0.986898356651379
1463226137.53948 0.0575027352778463 0.0940300350772592 -0.118814501397928 -0.00247347679273075 -0.127929783728285 0.106719464283359 0.986021707819287
1463226137.68145  0.0419280622098331  0.0630779706903281 -0.0859952428198725 0.0167810841196039 -0.125062480338335 0.0949520270551359 0.987452218482249
1463226137.82722  0.0276821491592183  0.0416514127458038 -0.0565816965029907 -0.00641806384089653 -0.129135586143633 0.0804215655671646 0.988339607948402
1463226137.96655  0.0152307119601348  0.0231358876818529 -0.0275097029812715 -0.0307144773532906 -0.137782755894223 0.0796061031294917 0.98678032074198
1463226138.10823 0.00674856334404063 0.00383379265013647 0.00378803288780972 -0.0360093276518492 -0.139576709057243 0.0815061525597595 0.98619390471941
1463226138.25065 0.000931377228959971  -0.0186083199325932   0.0346612446459704 -0.0491582356478094 -0.143292820139622 0.0647759583797836 0.986333975274303
1463226138.39287 -0.00145129180570189  -0.0469753097448579   0.0605079058360734 -0.0479655259438696 -0.145803655157363 0.062348893130807 0.98618112838821
1463226138.53509 -0.0060007588218759 -0.0684742457573826  0.0780151599447228 -0.0388953475821282 -0.14549715297018 0.0650120134601026 0.986453834966392
1463226138.72478 -0.0224072514698555 -0.0834759655818453  0.0819068377515872 -0.0183753947247234 -0.169632252732413 0.0652626985114412 0.983172428358649
1463226138.91437 -0.0412397588610457 -0.0814158160898534  0.0604107687186094 0.00281089184191037 -0.180380471253148 0.0656739063974878 0.981397942985433
1463226139.05692 -0.0542163738741808 -0.0665907454464828  0.0299421435055306 0.0107724312999744 -0.194526113380466 0.0663024779074598 0.978594669595287
1463226139.19894 -0.0641451059939214 -0.0439038408886771 -0.0104251370088076 0.0168086940688396 -0.203677262854177 0.0651499001625138 0.976723364576043
1463226139.34138 -0.0699723700108037 -0.0158574239223783 -0.0553107431644392 0.0150954747782761 -0.210168860756022 0.061587926539111 0.975606531299554
1463226139.48361 -0.0698500409426271  0.0150863421073116 -0.0994068769878861 0.0102797811391548 -0.209020405374125 0.0618534315658845 0.97589904664391
1463226139.62596 -0.0702082086843979  0.0449996117916662  -0.140115860531991 0.00379745898281008 -0.213533396415459 0.0636645640520065 0.974851727805116
1463226139.768 -0.0695280127723163  0.0712059600998028  -0.178169571126376 0.0157480649499746 -0.220570187409264 0.0550015268723582 0.973691749435253
1463226139.9102 -0.0664409629084182  0.0984410506776758  -0.211935216396252 0.028785800035982 -0.231707424006803 0.0353111546049236 0.971718153446197
1463226140.09982 -0.0535390662582725   0.133991193011724  -0.254513975488059 0.0305328974618971 -0.233817042461292 0.0133759750807717 0.971709018234304
1463226140.28963 -0.0323044457246273   0.166114235613944  -0.298458426578251 0.03231943817597 -0.230785722511713 0.0197633636955296 0.97226684282463
1463226140.47917 -0.00797428757853007    0.196769609632499   -0.345583957783754 0.0307302997192149 -0.225807153236317 0.0287023759491697 0.97326407097013
1463226140.95353 0.0299991915286551  0.261011128471208 -0.441239155499834 0.0128676406491046 -0.20974988772439 0.0356279255367116 0.977021012745213
1463226141.19056 0.0408435637126226  0.291342886501185 -0.468727046912359 0.0122922330978982 -0.186383236285443 0.0430196560505485 0.981457843939578
1463226141.42762 0.0550299608989498  0.317519884728157 -0.494414547825877 0.0114962972828888 -0.157152578630264 0.053825680819728 0.986039399954654
