1463226057.02432  -0.17186390730619  0.276396472651634 -0.723585622207588 -0.00336735766137781 0.00218531618203822 0.00138691978932798 0.999990980833859
1463226057.40328 -0.132832998567381   0.27538115210651 -0.671319408354058 -0.00920725212332711 0.00511350314382884 0.0189562404710919 0.999764842120955
1463226057.44871 -0.127512846025099  0.273606182963585  -0.66283551280735 -0.00722902205422829 0.00718106567682223 0.0195965217673432 0.999756045178276
1463226057.68532 -0.0958182738829892   0.262186686620771  -0.615746309300745 -0.00913854471854924 0.00688214080440564 0.010308451462615 0.999881422453092
1463226057.87493 -0.0742748186389268   0.242974240197593  -0.580686499934023 0.0127860698611173 0.00168882172899543 -0.000244036471809004 0.999916798911227
1463226058.11281 -0.0557709540031572   0.226757864847175  -0.551460707557364 0.037980994581308 -0.00959991255286354 -0.000389036060467718 0.999232272487501
1463226058.44405 -0.026302884156335  0.235038609394224 -0.513644150785742 0.0127067477688057 -0.0314445992215414 -0.00874520424313481 0.999386460356394
1463226058.68105 0.00481745718104605   0.232820317580018  -0.483669781867342 0.0177549248310346 -0.0509287742749003 -0.00186858958499259 0.998542703627673
1463226058.8712 0.0360474875824578  0.229489173567194 -0.456892198628249 0.0259780740623944 -0.0640506921043087 -0.0129845935726641 0.997523959029918
1463226059.10789 0.0693249341657057  0.227705679090334 -0.432002234935151 0.0378302956611227 -0.0777937945498468 -0.0027057891293102 0.996247796968664
1463226059.43993 0.0881127466840983  0.227442132935219 -0.396647049411318 0.0135225129582791 -0.0845956669429726 0.0323919114089984 0.995796906428735
1463226059.72441 0.0859423685723339  0.218582863570048 -0.347699917576957 -0.0109485970101972 -0.0719388497856983 0.0181851246989686 0.997183148350744
1463226059.9141 0.0825013686243353  0.199571762277659 -0.306045859266689 -0.019638938186536 -0.0815260757180175 0.00115030902305845 0.996477038307495
1463226060.05832 0.0781187714631576  0.182991906593609 -0.274946201426857 -0.0203869015969843 -0.0904192374774727 -0.00692944813213455 0.995670989075132
1463226060.2473 0.0718155819448971  0.161789289033848 -0.240696664871787 -0.0203785356982479 -0.0879029714011405 -0.00165796274971852 0.995919190527608
1463226060.43565 0.0629855283000447  0.147116655592542 -0.214368601432066 -0.0383409463197034 -0.0843789012759779 -0.0140584010815983 0.995596572017902
1463226060.62821 0.0517342982757024  0.131543758011152 -0.187261408256716 -0.0394708785869692 -0.104833783424895 -0.0172066502760458 0.993557174390419
1463226060.76752 0.0448719620592226  0.115943121891557 -0.161805122997799 -0.0316549606298136 -0.112184673152092 -0.0152986438518914 0.993065211390257
1463226060.91287  0.037555025740349 0.0982806265538367 -0.133643681312799 -0.0194347570009381 -0.122226343272236 -0.0170591047359342 0.992165307887864
1463226061.05199  0.028151077080412 0.0792089971145812  -0.11084463128637 -0.00528020106418226 -0.130854985459365 -0.0172021498976386 0.991238204618875
1463226061.24277  0.0118012517404956  0.0573914763547038 -0.0886392200458928 -0.00755614289655161 -0.11934742382813 0.007638632488177 0.992794413976945
1463226061.43139  -0.016760883904209  0.0381241746095517 -0.0706677783179168 -0.0165835582698999 -0.109677432861193 0.0357163982780877 0.993186883325655
1463226061.57364 -0.0448668098250827  0.0264676951630785 -0.0607765510791784 -0.0345377691188219 -0.0945130163592824 0.052818901039141 0.993521311264123
1463226061.71789 -0.0762730419303331  0.0135852833311357 -0.0541923445876613 -0.0559225650079427 -0.0712641972566621 0.0827828597363824 0.992441977672328
1463226061.85881  -0.110354923697726 0.00139762589641101 -0.0504390580132983 -0.077229944025835 -0.0574395708719941 0.105054252276915 0.989797876095087
1463226062.00047   -0.141290846933345 -0.00849340968388238  -0.0504948496917032 -0.0901722040467845 -0.0344358042921112 0.138341649570547 0.985669689599006
1463226062.14401  -0.168678050381342 -0.0137547242050049 -0.0572519438528524 -0.0964258480109789 -0.0064278785756198 0.15528846978423 0.983130830237997
1463226062.2849  -0.197049735505931 -0.0101849339474021 -0.0694804344495786 -0.114459678749423 -0.00664767882814051 0.154921996917002 0.981251224293771
1463226062.42742    -0.21900308073212 -0.00386567270880619   -0.089910850797734 -0.12235994241566 0.00647549918989113 0.15720034291494 0.979935796156923
1463226062.5732  -0.237511308173878 0.00469533345234811  -0.116852488227231 -0.120161348303487 -0.0129153434185648 0.150184980538911 0.981243555850837
1463226062.71171 -0.250307435286937 0.0176518041420537 -0.148989453368685 -0.11757912560059 -0.031993613560933 0.136519602582878 0.98311441654821
1463226062.85409 -0.257800595833905 0.0350031595930232 -0.184046129331247 -0.114210002185011 -0.0667950319227159 0.113426894654085 0.984697333539842
1463226062.99627 -0.261464591317288 0.0559565620632827 -0.219241990653604 -0.121793980644885 -0.094753885700094 0.0975271852120886 0.983197017676525
1463226063.14093 -0.262057447722152 0.0754438417791195 -0.250111672916403 -0.118285547629866 -0.11785725736667 0.069489896334574 0.98350869361451
1463226063.28075 -0.260112752808763 0.0940461863230903 -0.277230884991285 -0.110518804230963 -0.136773822796866 0.0497082769423088 0.983162042855763
1463226063.42392 -0.257167579112837  0.115069450969933 -0.299581382261444 -0.108037078135975 -0.156697047775071 0.0223193018343391 0.981466185730332
1463226063.6154 -0.244550137719159  0.145154598639729 -0.320293472165161 -0.109341776194489 -0.162609738135578 0.0060228712332292 0.980594806260068
1463226063.80231 -0.226931005830579  0.174749859552814 -0.334107837554951 -0.115613164949723 -0.15075606364417 0.0182534122289749 0.981617551955354
1463226063.99222 -0.206126974137437  0.198782248117845  -0.34555468094959 -0.114947268878173 -0.144862964693928 0.0333407059593263 0.982186460995909
1463226064.18169 -0.177711515016784  0.221239869405572 -0.352526188554972 -0.117169581725315 -0.134118201980769 0.0415249590658426 0.983137464849316
1463226064.32726 -0.152002361326245  0.234417651624784 -0.349168125509919 -0.130554316424254 -0.117538837429432 0.0459834140197401 0.983374657896888
1463226064.46628 -0.122698285326367  0.240444112161534 -0.336851362618452 -0.138781450129139 -0.0978264372386573 0.0635461292624316 0.983428485825485
1463226064.60864 -0.094230179969838  0.235599139809928 -0.316047351867579 -0.134942546604986 -0.0760897112320801 0.0985263247055121 0.98300225243913
1463226064.7508 -0.0701691923318255   0.222442270008011  -0.288839771751823 -0.132362802402587 -0.0657039123639636 0.12318814998742 0.981319399656849
1463226064.84637 -0.0535305241839176   0.208948822522964  -0.268639822156008 -0.114446040614638 -0.0572020737493083 0.131968629287387 0.982962007114425
1463226064.9878 -0.0344567188561634   0.188999198115996  -0.242160080028391 -0.101819962200946 -0.0622706533508841 0.134550165238725 0.983692692898999
1463226065.13017 -0.0209399626459024   0.166124657473359   -0.22303949675343 -0.0862080938978996 -0.0752078060593917 0.12817821206761 0.9851305986545
1463226065.32011 -0.00925120302028926    0.137137923908828   -0.203984993881713 -0.0723835699358191 -0.0896693101708426 0.12678183134044 0.985213885843473
1463226065.51108 -0.00342975756338309    0.109246528897516   -0.181581222593658 -0.0657670331310949 -0.0839487327022968 0.134459688477025 0.985163894895399
1463226065.6524 -0.00492721258899022   0.0841985817928844   -0.161673775269706 -0.0615288553787864 -0.0741471752104118 0.133697187354861 0.98632725728203
1463226065.79396 -0.0106023151218877  0.0580708060748948   -0.13805362978953 -0.0558626354036201 -0.063883285184555 0.128353915431132 0.988090868409019
1463226065.93632 -0.0199822554733578  0.0282851369646164   -0.11287559519478 -0.0440246917132238 -0.0529694467631288 0.121181945065655 0.990237850427496
1463226066.07906  -0.0326885583291562 -0.00268319647072468  -0.0866168760701539 -0.0517269983185779 -0.0444503648191522 0.127602399913332 0.989477695680278
1463226066.17347 -0.0425952913365878 -0.0266692054839153 -0.0707266302801965 -0.0566119044267567 -0.0395485755744799 0.135060343015519 0.988427896303891
1463226066.26888 -0.0521692817854106 -0.0524839547087126 -0.0565751699605015 -0.0593234770937454 -0.0322054280198634 0.14432457934783 0.987225380178021
1463226066.36297 -0.0602560327393045 -0.0792677186930825 -0.0465086943110185 -0.0554339512718716 -0.0233058439231578 0.154100406824184 0.986223594983429
1463226066.45954 -0.0671049859764259  -0.103581068284945  -0.040476154639347 -0.0513506640409349 -0.0104352580644259 0.160930536678473 0.985573729893438
1463226066.60075 -0.0801418655001299  -0.132967457923071 -0.0365498062763961 -0.0485819263195767 -0.00433539141963972 0.178711503268735 0.982691813039951
1463226066.79032 -0.105953829936419  -0.15635706446037 -0.040897121467462 -0.064531473253319 1.78483800669607e-05 0.183056439147933 0.980982175540244
1463226066.93406  -0.133705020778284  -0.162296529602273 -0.0514126880145001 -0.0914102580887179 -0.0160310322976047 0.171422569003273 0.980816738007639
1463226067.07426  -0.163036257690136  -0.161798637248308 -0.0669617298085639 -0.0983245514914558 -0.0390903937608837 0.147456502105369 0.983392497264684
1463226067.21758  -0.186290113940781  -0.152971658848804 -0.0882071184114659 -0.100930493065803 -0.0474102346126453 0.133513636649405 0.984753478822044
1463226067.35893 -0.204853118488751  -0.13442727780018 -0.110808362210426 -0.112017646938938 -0.0642551273036556 0.120177576363355 0.984317365248061
1463226067.50129 -0.216292278291996 -0.113110574672533  -0.13132466667347 -0.104637243387405 -0.0758010736798043 0.106913222040356 0.985837110012716
1463226067.64382  -0.217308917006865 -0.0886088728095629   -0.14817460992873 -0.0985329889003383 -0.0840159732745638 0.102284136502858 0.986291296602053
1463226067.78561  -0.208411052423936 -0.0620407178342624  -0.161621753770929 -0.0925518595735349 -0.0788928831075995 0.0866769308488275 0.988785707796729
1463226067.92781  -0.195274173463042 -0.0315900160181099  -0.172497197971142 -0.0896955599304232 -0.0807077000555324 0.0712238197218367 0.990135415579478
1463226068.07001    -0.174754398715361 -0.000842831752957664    -0.183023279389702 -0.0957365029289357 -0.0731779296399693 0.063384326088512 0.990687609606
1463226068.21235 -0.147597080148655 0.0250013902938823 -0.198456261119001 -0.0811496261817331 -0.0682716334193395 0.0632880489966489 0.992344872055586
1463226068.35471 -0.116714806714037 0.0474026555466854 -0.218824459173292 -0.0465374413322474 -0.0686989482161661 0.0483854957293665 0.995376092173839
1463226068.49689 -0.0900456395163803  0.0671144079608923   -0.24184403321983 -0.0202157305369968 -0.0622192339009772 0.0521400251140272 0.996494610598943
1463226068.6865 -0.0620314885046801  0.0891788511915101  -0.264247502215242 0.00335505841345274 -0.0589681475569663 0.0600231659719177 0.996448052185085
1463226068.87625 -0.0411653546815466   0.104695190270842  -0.275288182750744 0.0272713554675336 -0.0365801023354396 0.0728271321812941 0.996300345328827
1463226069.11326 -0.0437121211496219   0.105864166250534  -0.302087870797638 0.0699649518731379 -0.0296641891455811 0.0862921328539275 0.993367308300029
1463226069.25655 -0.057565734561682  0.097823613697112 -0.335448368060643 0.0970845039905338 -0.0133708678689203 0.0967891352532047 0.990468415586424
1463226069.3978 -0.0848956645272869  0.0925830163972784  -0.374565901196952 0.117788372763893 -0.0215553744386306 0.111352413982172 0.986540371690276
1463226069.54191 -0.119571921952374 0.0885804362980711 -0.414409936173552 0.0971858241163691 -0.0309532870760829 0.103635826082079 0.989371732546616
1463226069.68625  -0.15957192042704 0.0743197570690275 -0.456690725011106 0.0917559660918025 -0.0529856547343137 0.0818166177273313 0.990999194824393
1463226069.8246 -0.197612569234945 0.0554130727855468 -0.495905587162164 0.0981817315360005 -0.0728923219259506 0.0670665674011684 0.990226808632174
1463226069.96721 -0.237003687509187 0.0375492677556353 -0.531202511174028 0.0971622983236017 -0.101107052560397 0.0510213290087284 0.98880416448011
1463226070.10908 -0.275875876926732 0.0113990370450915 -0.568932811949153 0.108155110760186 -0.129207214317252 0.0592392440185864 0.983920057602717
1463226070.20419   -0.304529690841911 -0.00885108970463919   -0.595952051448129 0.117169003991424 -0.153367262768042 0.071672973531446 0.978576972996941
1463226070.29882  -0.335110741576528 -0.0300889271810028  -0.624018066407962 0.126638658834166 -0.181899255490306 0.0891982785310396 0.971040152644501
1463226070.39415 -0.363113514714961  -0.05207367482395 -0.652283267817469 0.148487977947399 -0.201575712103538 0.102268751405621 0.962735506346878
1463226070.49139  -0.390112881250562 -0.0709552564650512   -0.67841924044895 0.162000310429828 -0.224472419303524 0.105685650387066 0.955090873003677
1463226070.58335  -0.417998240740746 -0.0907352882539192  -0.705668300165736 0.182068341272009 -0.243900018134501 0.104784199406723 0.946775671326182
1463226070.67818 -0.447061929621148  -0.10594016301603 -0.731794443714035 0.208938350249407 -0.2686262613966 0.111035549544623 0.93373219084514
1463226070.82051 -0.490290620750896 -0.113612909755301 -0.764273687029057 0.22484726133043 -0.286847135218293 0.122787613596037 0.923084845524318
1463226070.96435  -0.54184445026697 -0.107426817271554 -0.790850874936309 0.223986434084801 -0.289292783990169 0.125219036752577 0.922203857784139
1463226071.10567 -0.607257448364401 -0.102850316194395 -0.816980204498184 0.228350484999861 -0.305244743068152 0.119002645241154 0.916798818310317
1463226071.20286  -0.655412572383116 -0.0960518006065704  -0.833487020886575 0.215090675194977 -0.332061269488409 0.106451781373813 0.912216713830796
1463226071.29513 -0.700729548449804 -0.087476919211103 -0.846730133333563 0.201452973844199 -0.352024964873863 0.0882095773517738 0.909787993929523
1463226071.43689  -0.765311096622969 -0.0706806457624112   -0.85899408670208 0.19687283515287 -0.366571384937353 0.0575892819351002 0.907496546070662
1463226071.5792  -0.836354877635104 -0.0467803071605067  -0.868662273918689 0.190646324531023 -0.388243859592634 0.0395157432658181 0.900754789310374
1463226071.72156  -0.909125474166615 -0.0255292986088594  -0.872872557135687 0.164235075536144 -0.407066906414868 0.0186755084870125 0.898317649302416
1463226071.86676  -0.980198282874066 -0.0163299973513418  -0.878063078561807 0.170089542363988 -0.422609265798794 -0.000278752448999124 0.89020833423221
1463226072.00593    -1.04444763639373 -0.00878844584156538   -0.883879487738094 0.180987672575315 -0.433903622969016 -0.0300352686719144 0.88208219060694
1463226072.15437    -1.10618178603745 0.000222637498149034   -0.889753467711963 0.199765392370053 -0.45494437784237 -0.0757411422268858 0.86451297298249
1463226072.34077  -1.19708934005355 0.0145685416153073 -0.888852812408742 0.19413338470831 -0.458278052837959 -0.0962749736121576 0.861988738142629
1463226072.48003  -1.27353687435124 0.0104969698018048 -0.896171893069304 0.207929087982279 -0.455278785273452 -0.0990193250918767 0.860047612233844
1463226072.62232   -1.34248384474312 -0.0131643718394655  -0.911739332931021 0.191985460495286 -0.461568371410918 -0.10207729637252 0.860044444803152
1463226072.71726    -1.3848832162784 -0.0417790715704899  -0.926849604029407 0.195134761096201 -0.467516234128626 -0.0929372955857605 0.85715439386806
1463226072.81214   -1.42853145024615 -0.0726110311730346  -0.940364117547562 0.197341201131847 -0.472779891606093 -0.0811637166367209 0.854955013746621
1463226072.90685  -1.47566333994194 -0.101882193326635 -0.950762951761161 0.203249127123651 -0.472829054226216 -0.0690737971844067 0.854605925760841
1463226073.00168  -1.52738948370062 -0.129124132557277  -0.95792304791091 0.203254661757826 -0.470291468699045 -0.0541013658751662 0.857080229122717
1463226073.09656  -1.58034616345198   -0.1590561477783 -0.964647680395207 0.200310592314244 -0.469829055520173 -0.0375541674626353 0.858909779721903
1463226073.1913  -1.63083146257688 -0.195114514337242 -0.974231738104253 0.20475164339645 -0.470837147244555 -0.0218587969731041 0.857852748608962
1463226073.28633  -1.67857338486903 -0.233098375247823 -0.985923992840917 0.203999302077407 -0.478153206626686 -0.0131184178226054 0.854155549568333
1463226073.38116    -1.725546668178 -0.271283258895789  -1.00045496127064 0.213621832765715 -0.485699650723887 -0.00931079288400763 0.847569979994798
1463226073.47675  -1.77394956202287 -0.306804315487371  -1.01440585959905 0.220972028856767 -0.488994293138597 -0.00811711764800213 0.843795032067561
1463226073.61939  -1.84371634917372 -0.354389704494161  -1.02953424762143 0.247402309405033 -0.479288399266025 0.00377012497294683 0.842057310275112
1463226073.76151  -1.9113947876504 -0.40209459295706 -1.04562595932367 0.261568216507679 -0.462532243025888 0.00768046857722553 0.847105071804477
1463226073.90269 -1.97751004124779 -0.45510177954533 -1.06587550767093 0.254588989815858 -0.463666144774732 0.0242155139911881 0.848299334749486
1463226074.09362  -2.06289572938804 -0.515795959182733  -1.08758275635147 0.246316507786226 -0.4731526536374 0.0430259132085679 0.84475056385921
1463226074.28416  -2.17248198938778 -0.536954393329033   -1.0954666224241 0.231023768392314 -0.48760651233696 0.0469673989689931 0.840631887926272
1463226074.4243  -2.26729066893591 -0.543270638732638  -1.09487317462295 0.225303810662397 -0.493343540509187 0.0509410643250242 0.838603214818723
1463226074.56653  -2.35938229173827 -0.551350749751827  -1.09679767404906 0.217909437617728 -0.505740292380522 0.0482998193706473 0.83331228306605
1463226074.70875   -2.4473429617107 -0.553386402260727   -1.0978006734658 0.229299044609623 -0.510810242854633 0.0359357927728973 0.827770175068955
1463226074.85121  -2.54130965632566 -0.537212053658406  -1.09047099248667 0.219190239933619 -0.508359888249751 -0.00383417087765551 0.832773175522737
1463226075.0001  -2.64328265333848 -0.523428613063727  -1.09309496485344 0.210814298412031 -0.518613962877977 -0.0283643005834379 0.828125809008182
1463226075.09295  -2.70890927256272 -0.517171997317902  -1.10062569694677 0.20407681803527 -0.537779282965617 -0.046940110547557 0.816665611603286
1463226075.23274  -2.79470784873273 -0.513493319039039  -1.10998571254363 0.20555865693086 -0.547524914613899 -0.060776960461569 0.808868510646122
1463226075.37268  -2.87596869244456 -0.508835555153006  -1.11439899644675 0.254293102299705 -0.538358979360462 -0.0888668874891067 0.798503164535215
1463226075.51539  -2.96209964337928 -0.499477324378366    -1.113447342603 0.231063013858856 -0.555043611040187 -0.116806894881185 0.790501500807018
1463226075.65714  -3.03829955191094 -0.511880174834395  -1.12442192460829 0.212760794498917 -0.572128927095226 -0.140894805002348 0.779454930723006
1463226075.75202  -3.08721359516833 -0.537436338992417  -1.14249181860634 0.228066096045452 -0.585815673769294 -0.146270941108792 0.763813238945204
1463226075.84685  -3.13763833965651 -0.565123154315911  -1.15969443177307 0.230907018616407 -0.588778137725251 -0.133838947079744 0.762960935785741
1463226075.9435  -3.19349680978419 -0.591716308227216  -1.17759538131196 0.24268131671315 -0.594151551084085 -0.112487896474557 0.758575102418658
1463226076.0365 -3.25329012701017 -0.61757978883209 -1.19561248502447 0.25216677825524 -0.594078723758768 -0.0897314027409218 0.758571460894538
1463226076.13156  -3.31179774057784 -0.643472047134708  -1.21407359689627 0.254214499524659 -0.593158501873464 -0.0735666967388281 0.760345921944474
1463226076.2262  -3.36279681991577 -0.672506738729416   -1.2334423757297 0.248814091107256 -0.592136806351607 -0.0551883337711268 0.764473543326227
1463226076.32393  -3.41052292837811 -0.704424393584732  -1.25610959545481 0.246359655922914 -0.597498329926354 -0.0388708281960108 0.762096925846127
1463226076.41995   -3.4601601043307 -0.734794449324884   -1.2796162334773 0.249010254705811 -0.603000061563391 -0.0236354325139232 0.757513158391175
1463226076.51068  -3.51313448500708 -0.760224427052724  -1.30202219928096 0.258193487882514 -0.611288182882419 -0.00995107569609921 0.748040009876386
1463226076.60564  -3.56845000585776 -0.783383561643223  -1.32331675460565 0.264438113158321 -0.625380074100011 0.00382908706574572 0.734137306857631
1463226076.70049  -3.62081739480768 -0.810186142657547  -1.34494964611833 0.27754936737973 -0.631868903012755 0.0213522332845105 0.723361680078738
1463226076.84255   -3.6915021854495 -0.852393785252745  -1.38443328853433 0.287069897682894 -0.652938971155854 0.0250162293265494 0.700453968552216
1463226076.98673  -3.75624716386561 -0.894282078865285  -1.42923350518958 0.312096916683334 -0.666724716879662 0.0254955288538104 0.676331016963553
1463226077.12997  -3.82499783886902 -0.922596702222576   -1.4693150316789 0.341681454055288 -0.66974582757021 0.0303539581399012 0.658614414989681
1463226077.36642  -3.95819050891688 -0.935553280912827  -1.52468360996063 0.333111483115078 -0.675687950112802 0.0447024941443231 0.656112963525725
1463226077.5066  -4.04506321434794 -0.932699230286179  -1.55493156797947 0.315566060653062 -0.688293988342278 0.0219402014152477 0.652830816167287
1463226077.64926 -4.13099442805284 -0.91581886981754 -1.57962618984997 0.311554104502843 -0.699093548729845 -0.00899856441431935 0.643522552775134
1463226077.7912  -4.22454474093775 -0.883586690517318  -1.59806605454302 0.291348761288048 -0.710266253421835 -0.0623805943655707 0.637766736348508
1463226077.98082  -4.33420489457616 -0.859540880937913  -1.63624571954101 0.29993949895104 -0.723030194645012 -0.0926028926366862 0.615376582976565
1463226078.12301 -4.40338667405669 -0.84829124270936 -1.67070632283648 0.325297370675611 -0.731665115938829 -0.12609896762349 0.585616622983027
1463226078.31507  -4.50102394339484 -0.825270898153299  -1.71119608871576 0.32790105376862 -0.73758502247591 -0.153876832792042 0.569886965885806
1463226078.50223  -4.60592985347573 -0.806085296949784  -1.76562441933999 0.321203286251536 -0.746141735314596 -0.164395415641571 0.559531149301782
1463226078.64478   -4.6699234436464 -0.814953913857581  -1.81742467939113 0.315606826231538 -0.755081094120596 -0.146027147670321 0.555806571282645
1463226078.73963  -4.70837748479059 -0.823880529430216    -1.856261589743 0.321621441015906 -0.768569339633336 -0.134455035976911 0.536453783801435
1463226078.88194  -4.77307111032237 -0.828896575138029  -1.91068046901693 0.313483021495881 -0.782443789526415 -0.123045735240895 0.523803263166987
1463226079.02768  -4.84750335043679 -0.831439920145336  -1.97019257116582 0.305666233890875 -0.798977507323134 -0.107857896013788 0.50652716661415
1463226079.16733  -4.91544605400671 -0.848166234770759  -2.03492335422074 -0.304642719396896 0.8153588262667 0.096581612091734 -0.482757485859324
1463226079.30863  -4.97585642366068 -0.872262371555152  -2.09860659266911 -0.308171558932106 0.821883757559995 0.0936591921951799 -0.469856717565861
1463226079.50302  -5.05833481385143 -0.898252677956024  -2.18502708023277 -0.322833207178035 0.822848365006932 0.0764195479140618 -0.46136681853507
1463226079.68883  -5.13938822467711 -0.923638357186211  -2.27613589793549 -0.323650927134957 0.824576737412896 0.0310899301509599 -0.462986714415646
1463226079.8776  -5.20828410327715 -0.957585032722011  -2.37702342236464 -0.302028010254953 0.846056906481032 0.0158748351423749 -0.438992917512781
1463226080.06709 -5.27033072237155 -0.98506028762827 -2.46956918923818 -0.310827156641257 0.850113100415172 -0.031253581355625 -0.423930901031362
1463226080.35508  -5.39041108228562 -0.967732242749382  -2.60003480815916 -0.276155936085768 0.872219612107288 -0.036902056443562 -0.402006325137106
1463226080.49398  -5.44862300128235 -0.935318048543741  -2.67128420112775 -0.278538535680959 0.882456096926327 0.0227461748893526 -0.378378293069467
1463226080.63925  -5.51084969214776 -0.884722664759902  -2.73408662036399 -0.268557859836847 0.88932093060779 0.0836914960887887 -0.36052835087572
1463226080.77845  -5.57652464185161 -0.831874162312109  -2.79605406638276 -0.264234054729631 0.887350598089584 0.124872619788681 -0.356645635355751
1463226081.01548  -5.66421184604956 -0.774770705761097  -2.90894463186663 -0.259370067353914 0.887628760153127 0.162208001061637 -0.34428319259214
1463226081.20669  -5.73274016292086 -0.724638464132775  -2.98079809414019 -0.260347124182863 0.885219909167167 0.204110238418595 -0.327023084684385
1463226081.34749   -5.8002088290025 -0.675362116320682  -3.03539196540835 -0.241541533365851 0.88100970994554 0.252009534793896 -0.319328628553584
1463226081.48967  -5.85545105581769 -0.650717036576391  -3.10027455051448 -0.242858898391601 0.887257336339518 0.254556302557098 -0.298320403948811
1463226081.63539  -5.89487411532341 -0.645438445988459  -3.16725966012594 -0.268558967645586 0.892085527389799 0.246053699492702 -0.267426755738382
1463226081.77424  -5.94330543307676 -0.638540622458616  -3.23778271357063 -0.27151071418791 0.895229020411719 0.238595642303065 -0.260612840374057
1463226081.91797  -5.99882027715371 -0.629230644964102  -3.31912880549133 -0.271000541678885 0.900617654626621 0.21604626377635 -0.26224141261989
1463226082.05888  -6.05055532074391 -0.627718386293452  -3.40776447642427 -0.27423664772999 0.903275042215761 0.203015434028563 -0.260140717109272
1463226082.20113  -6.09036246458157 -0.638611823898098  -3.49465739654818 -0.247281204023643 0.910757834245233 0.203700321178359 -0.260534743651177
1463226082.34583  -6.13353862028175 -0.652525501618762  -3.58574322791926 -0.236216502504471 0.915935815339591 0.188700416238007 -0.263923282478746
1463226082.4856  -6.17585597528501 -0.661919209230907  -3.67545734067631 -0.234182696313666 0.928813229166112 0.141860178167278 -0.249680075143431
1463226082.6278  -6.21697926519224 -0.674282845425649  -3.76340994665048 -0.231617865664154 0.936816608067108 0.11840131172165 -0.233899415427686
1463226082.7701  -6.24210539792022 -0.685869996104634  -3.84643822096448 -0.23115187578733 0.94597657196888 0.100850173778931 -0.203780219979185
1463226082.9598  -6.28033373141856 -0.684503254470363   -3.9538053042559 -0.237311274765931 0.950095360424296 0.0716171283877356 -0.189402090512988
1463226083.24451  -6.37482856357106 -0.609512215898959  -4.11046872609664 -0.222263521301568 0.951350780757559 0.0956725761541252 -0.190728543282446
1463226083.48136  -6.44876299878826 -0.543074213173086  -4.23259511301255 -0.211481330879915 0.95069518694335 0.130925341654111 -0.185237315691961
1463226083.76865  -6.54799572080143 -0.443838296341155  -4.36614162041664 -0.237688030087801 0.938941549159904 0.169722360202724 -0.181899664819365
1463226083.95546  -6.59339578466158 -0.412435442205342  -4.46747251962802 -0.251636444390493 0.932351581454222 0.190766233070339 -0.176090524260892
1463226084.14682  -6.64066858776177 -0.362433252391845  -4.57652060607905 -0.256831810192935 0.93212908742703 0.196518139143682 -0.162952160565537
1463226084.33491  -6.68463287106833 -0.319066763472776  -4.68017305868538 -0.262790729831927 0.931009710043433 0.189557371486635 -0.168017722381668
1463226084.52456  -6.71937885957713 -0.278757217727251   -4.7814817206212 -0.254405647697307 0.926885145531908 0.22724807748616 -0.156588648026769
1463226084.6668  -6.75404693558198 -0.244425735650126    -4.862378884045 -0.249443152874687 0.931726164011208 0.214833085862537 -0.153333668839153
1463226084.76175  -6.77761340100786 -0.232841479288294  -4.92532228339367 -0.245871111990685 0.939162728263859 0.190940193214922 -0.145129627380134
1463226084.85654  -6.79567096151282 -0.230575710044873  -4.99065262955231 -0.252973283894548 0.943038482539432 0.17814163633582 -0.122264040048293
1463226084.99904  -6.82002573366521 -0.233450378058314  -5.08774849476914 -0.257066385766783 0.945225741325126 0.172279047312211 -0.103851341360457
1463226085.14152  -6.84866334737028 -0.227698226607178  -5.18239741576873 -0.245998521925656 0.95046759959846 0.155953759216724 -0.108510341950001
1463226085.28648  -6.87840429552471 -0.209127355039537  -5.28700261405159 -0.245339757927334 0.954355588922624 0.135159708485662 -0.103661305579179
1463226085.47303  -6.90980710440515 -0.203619203709378  -5.41835966146895 -0.234213483327586 0.958553974855084 0.111589529517648 -0.117754398725088
1463226085.6644  -6.93128619196056 -0.203695970060795  -5.55145909883142 -0.220378526616979 0.962618913614146 0.105857610832982 -0.116586012828227
1463226085.85229  -6.95423476402546 -0.190103022191061   -5.6803708389556 -0.22084368309137 0.966354135247032 0.0903434275896358 -0.0960511219140891
1463226086.08968  -6.97395715333533 -0.168378869961077   -5.8333908102177 -0.206529325808252 0.973520133943687 0.0775186164351517 -0.0599587399253361
1463226086.32663 -6.99735716770239 -0.11787470461751 -5.97446548827039 -0.194592042864844 0.975985022609167 0.0937757834425895 -0.0281651368894039
1463226086.56413   -7.04078814821925 -0.0102709329514223   -6.10666285441731 -0.207808891635303 0.968325070859245 0.137444134233808 -0.0164660762619565
1463226086.85128 -7.09104019757581 0.103472436711304 -6.26515447125432 -0.21680960785614 0.961007125208946 0.171502399790112 0.00676949814504888
1463226087.08715 -7.13557615042314 0.198008687876287 -6.37885276727118 -0.222039948203871 0.95437406015325 0.196054791143481 0.0378276826928176
1463226087.22742 -7.15064717673792 0.236065497713659 -6.45404488769846 -0.235545053668122 0.942187497700271 0.227490374047062 0.0710589655547513
1463226087.36973 -7.16341713768334  0.27531522181443 -6.52270580360142 -0.245768679668596 0.929388906256955 0.258465570057865 0.0950240291458874
1463226087.56491 -7.18286068782194 0.346593619712802 -6.61299506253764 -0.256577643346872 0.920311133247972 0.271307833476907 0.116564962353473
1463226087.70158 -7.18705815936886 0.394924978786392 -6.69493900012521 -0.265654545931198 0.920224305883902 0.25510549629394 0.132423845462977
1463226087.84385  -7.1844872837987 0.431020798604921 -6.78511755466017 -0.259839577939673 0.917899941732258 0.256984625224212 0.154602694356926
1463226088.03565 -7.18154525748725 0.470016773835885   -6.881845880394 -0.235990564085541 0.921317003992308 0.264345463040329 0.160015336725016
1463226088.17607 -7.18653088110147 0.507544561613379 -6.97316167121718 -0.225558574187221 0.929040856851231 0.245114362756666 0.161013555585087
1463226088.31822 -7.18179582486291 0.525158611685068 -7.07025813742974 -0.216771063128192 0.933586917847906 0.221623432150531 0.179746564182293
1463226088.51184 -7.17138964113723 0.534657487149396 -7.19552622811948 -0.212706176510122 0.937566455053698 0.203890529666315 0.184807675016153
1463226088.74705 -7.15821594636204 0.572541772311083  -7.3524068574577 -0.198394072717006 0.942489371902114 0.196106929501485 0.184107707507907
1463226088.9837 -7.13782015696663 0.595821283676635 -7.51928313081774 -0.182591193168102 0.946370385186155 0.211736477619856 0.161898777837247
1463226089.1724 -7.12013210031132 0.611221350107287 -7.65162318654145 -0.155903281593467 0.953609646403654 0.203471404486703 0.157867655428509
1463226089.3617 -7.12209759246769 0.632632151861849 -7.77500306021395 -0.153626987897285 0.961798309032578 0.170830720484572 0.148861097236326
1463226089.5984 -7.10672824758893  0.65354374446467 -7.92089454604034 -0.13463488213953 0.959143213608327 0.179358375789953 0.172477005233614
1463226089.78823 -7.08774596059948 0.676990016748717 -8.03310565285914 -0.127866120575724 0.963552872537501 0.1353757356055 0.192066465690693
1463226090.12031 -7.06301458902368 0.790822610185396 -8.21501985647459 -0.138525521208073 0.96308004331098 0.105142654355449 0.205505553173736
1463226090.35718 -7.05955109326269 0.903372185946751 -8.33568237440159 -0.16309088413093 0.948941116832633 0.14877551016477 0.225339672212949
1463226090.59426 -7.06301614588987  1.02793124416235 -8.45413934933235 -0.144063821403966 0.938243508323407 0.197715066566768 0.244649722877361
1463226090.78387 -7.05250214596086  1.09925154997202 -8.54039771453148 -0.169343914569429 0.914966102307826 0.245326073732052 0.271983065232272
1463226091.02093 -7.04208690652193  1.20265178107318 -8.65771255815512 -0.177494703033313 0.898900653659715 0.27074822809368 0.295243361025079
1463226091.25813 -7.02650092780049  1.29422441737954 -8.77668966902598 -0.196368734430338 0.888103447894779 0.288866735155685 0.298776831926655
1463226091.44781 -7.00955497286697  1.34969477424299 -8.87970296864991 -0.191241405859697 0.881492824908971 0.310983777502528 0.299476567445715
1463226091.59016 -6.99626778845259  1.39632464012813 -8.96693764706204 -0.188459438502269 0.885050237648286 0.289910303140059 0.311642636703262
1463226091.73228 -6.97728329584642  1.42962944982764 -9.05645577950448 -0.177783005311152 0.888874050367302 0.262592326029427 0.330668105381539
1463226091.87453   -6.945106798231  1.44722506691905 -9.14289305579788 -0.173083109727545 0.876475903287851 0.233292123534549 0.383936209779085
1463226092.06513 -6.90671629811188  1.49030347402831 -9.24924067293959 -0.160433772867664 0.863013599919719 0.229443617712203 0.420504645834252
1463226092.25504 -6.86465850696827  1.53786561613594  -9.3590924516379 -0.14037682756372 0.873152306871943 0.200039578853297 0.421762447569181
1463226092.44501 -6.81282720991327  1.56363870252915 -9.47697116229237 -0.114641880090829 0.872462490475303 0.184671320124557 0.437679044010933
1463226092.68191 -6.74439350880957  1.60253668376092 -9.61981976823887 -0.094889749842435 0.867859800692302 0.155095784784593 0.46234251292652
1463226092.91797 -6.68420176644518  1.65164974443798 -9.75488112263044 -0.0611964719247707 0.859034399176525 0.128924005389607 0.491623325005729
1463226093.20236 -6.61715506123203  1.74733950467221 -9.87187945783518 -0.0612081772302807 0.830234584197874 0.156246294984609 0.531555443529189
1463226093.44061 -6.55968547809509  1.86435689558636 -9.95836398712426 -0.0876106374629385 0.810180067049068 0.180133795342054 0.550894228446235
1463226093.72574 -6.48123673689438  1.97080676483029 -10.0552451240417 -0.0906448797337935 0.779451612379444 0.216674176798224 0.580767587633765
1463226094.00833 -6.40110011405036  2.08921313517542 -10.1561895439961 -0.079946263262297 0.749546399354513 0.220055511375349 0.619164244864328
1463226094.2007 -6.34390488143785  2.13747149726636 -10.2235095692812 -0.0874762464134138 0.71420552221139 0.21456829606268 0.660468640194925
1463226094.34042 -6.30781460921455  2.19513671174919 -10.2638853309542 -0.0974239039772989 0.683790859900026 0.243153207815986 0.681039764169319
1463226094.57741 -6.21592681417673  2.27856996163798 -10.3534086965527 -0.0848451516429741 0.687420902760011 0.219615871748047 0.687039061165839
1463226094.815 -6.10788988150604  2.32581196291739 -10.4558732717977 -0.0707127728312927 0.678342980844763 0.216906656182494 0.698428240122693
1463226095.09923 -6.0025096876181 2.42403726423822 -10.581406243063 -0.0596499191844175 0.676975090542704 0.206066283834571 0.704047797093777
1463226095.24261 -5.94540819653097  2.45597930580342 -10.6412906219336 -0.0381887000796379 0.641783879881884 0.191629375767762 0.74157484925855
1463226095.43095 -5.86986164522528  2.50202708056727 -10.7143938726185 -0.0418639550753303 0.60766684806615 0.190965059148947 0.769753699056419
1463226095.76294 -5.73699005015552  2.61758308923908 -10.8487191058799 -0.0536127935467965 0.586838295578165 0.175296437074608 0.788680950930077
1463226095.95265  -5.6527934707326   2.6515676679737 -10.9208545820497 -0.0162895352330406 0.581415286607245 0.172334897948528 0.794978992483686
1463226096.14536 -5.57887412063328  2.70960340265418 -10.9853465408242 -0.00403725319444638 0.556503757534732 0.160895179461802 0.815107360819618
1463226096.28499 -5.52549914230796  2.75519431160016 -11.0366333869133 0.0220719979142071 0.536356791946273 0.159744213198974 0.828441914071602
1463226096.42675 -5.46649001440205  2.78481989432719 -11.0856352793222 0.0420380500492991 0.499986455716123 0.149181891727366 0.852051119140822
1463226096.57138 -5.41098857400654  2.82105037974475 -11.1283262746403 0.0376528694648752 0.461803007849756 0.148946235152759 0.873576134286988
1463226096.71133 -5.35535142743366  2.87295155952715 -11.1662891539125 0.0422018266337802 0.430610994852001 0.140490546430741 0.890536682739647
1463226096.90094 -5.26355422323595  2.93368518096865 -11.2195176335726 0.0407470217181444 0.405382625360227 0.126500287229151 0.904434787371701
1463226096.99585 -5.21853185310395  2.94986699722161 -11.2505486898161 0.0775744575922305 0.397112587763291 0.123552169101096 0.906100798851667
1463226097.13857  -5.1555992598164  2.98619859153859 -11.2948270463015 0.0719703123712691 0.366336752368751 0.128186498023105 0.918795885779682
1463226097.32787  -5.0742345081832   3.0575908749354 -11.3598836719255 0.0793069240450581 0.361267528538593 0.114470684903038 0.922004689207142
1463226097.47016  -5.0107876944281  3.09817638472143 -11.4059047791409 0.0871673375030058 0.321507679743255 0.111756977317339 0.93623984382189
1463226097.56499 -4.96789675566398  3.11628220602608 -11.4354494736998 0.114475477080311 0.295182788955035 0.0994228665108978 0.943333228433473
1463226097.7071 -4.90616769292887  3.15160499065706 -11.4780551420005 0.110027799010738 0.265823602501943 0.0981485173799551 0.952679675617076
1463226097.84936 -4.84377803213921  3.20622969874731 -11.5135614889775 0.10801727173344 0.244863286867937 0.0920734869955738 0.959112460947083
1463226097.99365    -4.77849282821  3.26313657502986 -11.5492141143685 0.0947642702656045 0.225400628909363 0.0822353775683152 0.966153006642575
1463226098.18199 -4.67651151867855  3.30830741857493 -11.6062204215489 0.0884607514245864 0.21859901535003 0.0919257289971713 0.967439314010824
1463226098.32363 -4.60355882775599  3.34507307320714  -11.646875679806 0.112358707220757 0.22141146303098 0.081103811213404 0.965284754234118
1463226098.46809 -4.53657861249523  3.40263097484174 -11.6862863026879 0.0975962264569058 0.213208144139177 0.0768052717096843 0.969081118426988
1463226098.60804 -4.46677561033381  3.44795336998908 -11.7296327702783 0.0877168245576238 0.193617129077282 0.082896939844767 0.973625319813413
1463226098.75042 -4.39314870371582  3.47824243739187 -11.7709277241199 0.0981166484849104 0.186926996414365 0.08535643904362 0.973727733822646
1463226098.94007 -4.29985088809042  3.53772818895882 -11.8109532388726 0.0938687962516629 0.186748137266234 0.0893898504874055 0.973818893299825
1463226099.08226 -4.22563301394772  3.59285022770285 -11.8282937109718 0.0786915900141139 0.169256008077833 0.0697041756002571 0.979949674878509
1463226099.22459 -4.14501595719529  3.62795302582609 -11.8499743072712 0.0926812004549202 0.161749671973323 0.0709723106286091 0.979903143082414
1463226099.36683 -4.06330112996814  3.65127806019063 -11.8777704759928 0.105505595533438 0.150433948113629 0.0788324697446336 0.979807959898286
1463226099.50897 -3.98320420460528  3.68727249813526 -11.9083318524666 0.118621475102782 0.163957568879047 0.0736634294267785 0.97653497654554
1463226099.6532 -3.90579398286641  3.73976490426583 -11.9354531613588 0.11633006669009 0.157337275955352 0.0573583308932808 0.978990459124074
1463226099.79352 -3.82597212370521  3.77878125443493 -11.9656187418645 0.114580951639698 0.134700082434018 0.0561238142013564 0.982637883858088
1463226099.93579 -3.75057580998828  3.80487450360816 -11.9955163865531 0.130913125970293 0.106084889715516 0.0495296138529749 0.984456483027212
1463226100.07809 -3.67611118409705  3.84376157426835  -12.018383047056 0.144994909564342 0.100554743803899 0.0474718992473248 0.983164095398531
1463226100.22369 -3.60053470103529  3.89610570761088   -12.02903347407 0.13704930515648 0.0837796202688772 0.0311616333331826 0.986522891671418
1463226100.36581 -3.51680283896471  3.93881047681753  -12.038997783485 0.109463127395329 0.0579546810668095 0.0243271681508782 0.992001646960849
1463226100.50748 -3.42953870375088  3.95961295210088 -12.0605208298718 0.124966485995853 0.0647676873634107 0.0289187901299071 0.989622265123853
1463226100.64718 -3.34446089930982  3.98526321172623 -12.0787246478896 0.154045206320467 0.0731886044406512 0.0172585877673639 0.985198276357602
1463226100.78928 -3.26264770887426  4.02717053511437 -12.0903395481007 0.17208891761624 0.0677595380676878 0.00391784131897259 0.982740403134991
1463226100.93162 -3.18305880561726  4.06135593149003 -12.0989225206297 0.165092349884377 0.0279278738366692 0.0079410449236387 0.985850642682825
1463226101.02637 -3.13122069237935  4.07006578124841  -12.106767257505 0.20629721202521 0.0140363833218624 0.00629590921739611 0.978368438667659
1463226101.16876 -3.04654207087842  4.10069180416036 -12.1127445618548 0.186206989630934 -0.0127103672774311 0.00776254455493092 0.982397651910005
1463226101.31352  -2.9769423478767  4.14322252447962 -12.1074651736041 0.185533694535494 -0.0321114926664085 0.00201255403163635 0.982111017073434
1463226101.45322 -2.89411998556421  4.18745221511094 -12.0964933103147 0.176091570471186 -0.0580676405037928 -0.00541122487719962 0.982644710249153
1463226101.59578 -2.80391662252172  4.20955998822035 -12.0939002383452 0.177914411307327 -0.0722984565124834 -0.00667481497788337 0.981363766541282
1463226101.73792 -2.71256077483749  4.23002004651801 -12.0951393933907 0.188963426975022 -0.0688249844243883 -0.00168912073739525 0.979567808605393
1463226101.88095 -2.62446422633963  4.27087426237926 -12.0906756722925 0.195584776723839 -0.0713088300151902 -0.00836312161193949 0.978055061881822
1463226101.9749 -2.56703186472922  4.30015868442453 -12.0852392537066 0.182009621799423 -0.0843198921563758 -0.0103899752952549 0.979619672001605
1463226102.06972 -2.51023089950825  4.32043689893476 -12.0815830001448 0.179649223917288 -0.110769239001573 -0.00785570431855732 0.977442898560621
1463226102.16581 -2.45506943291458  4.32711426178968 -12.0832697321618 0.213686260484056 -0.122003632563032 -0.00525476793717082 0.969239744921602
1463226102.26151 -2.40145365936199  4.33901793110236 -12.0818465183859 0.198504938611377 -0.139683297970028 -0.00686996548562808 0.970070703190925
1463226102.40176  -2.3076740908719  4.37205065707984 -12.0728834816496 0.204486102041644 -0.134319445397088 -0.0109035635588058 0.969548778020865
1463226102.54387 -2.22286704152309  4.40597149393696 -12.0520242665686 0.208919587906774 -0.129814595713954 -0.0302843097248069 0.968805262740133
1463226102.63874 -2.15860274126177  4.42529198518729 -12.0405768506116 0.180516361993643 -0.128884600184346 -0.0278049356031344 0.974694561616103
1463226102.7355 -2.09696404664876  4.42990307015319 -12.0351458000416 0.205537957058925 -0.132858634047128 -0.0214495284760828 0.96935166441046
1463226102.82863 -2.03342843989646  4.43765191397111 -12.0302355433619 0.213889687232875 -0.124499800505927 -0.00963760065315947 0.968843701544814
1463226102.9706 -1.94511436001542  4.46677883386538  -12.021048722118 0.219391552514273 -0.120213296659938 -0.0121500842158589 0.968126275567952
1463226103.11446 -1.85659655941944  4.50381811107247 -12.0145875376904 0.213610880988491 -0.129874387841639 -0.0255490873599774 0.967910263940388
1463226103.20778 -1.80289003236897  4.51854701612261 -12.0143948171264 0.223318953685974 -0.160668578596197 -0.0375648362514397 0.96067847683493
1463226103.30269 -1.74798080769049  4.52584805543298 -12.0153674622778 0.253914832754785 -0.173610222584071 -0.0396230906492941 0.950692778456225
1463226103.44707 -1.66606392285865  4.54666319351766 -12.0125918825778 0.243726613024001 -0.188448403836054 -0.0363441855116356 0.950664839664846
1463226103.58747 -1.58522663633016  4.58079653538504 -11.9971922203974 0.248387013291796 -0.189226562183198 -0.0346919633185953 0.949364875837215
1463226103.72938 -1.49973680797105  4.61446420277583 -11.9733987851362 0.243417741101511 -0.197393139667366 -0.0427282499993077 0.94866118734841
1463226103.87155 -1.40532042193687  4.63012713195357 -11.9546010781282 0.236553966591922 -0.193221575707015 -0.042338649630567 0.951270246732434
1463226104.01522 -1.31364218882706  4.64168733698081 -11.9406670768954 0.241900156311502 -0.192784775423519 -0.0313575089206332 0.950439399107416
1463226104.15738 -1.22462298658649  4.67163341770689  -11.921051782869 0.23957205219605 -0.179564377057572 -0.0270896339320263 0.953744209959845
1463226104.2985 -1.13214952751426  4.70454149609309 -11.8995507879808 0.240327739510535 -0.178530916038107 -0.0245636251709412 0.953816501198639
1463226104.44071 -1.04513515889413  4.71732532453314  -11.885828420796 0.258262370007251 -0.178783588706274 -0.00919979791004985 0.949343109927047
1463226104.58296 -0.957660846367726   4.73018633202065   -11.866449238886 0.245693191037334 -0.195577620009967 -0.0156561429892015 0.949283485380332
1463226104.72833 -0.869153182979699   4.76003842229922  -11.8387447098125 0.233993373850681 -0.186554891464561 -0.0150798640666374 0.954052918429766
1463226104.82011 -0.808223748843362   4.78617217622339  -11.8121421641876 0.218879023841103 -0.169804737937437 -0.0181773229133074 0.960691370226708
1463226104.96235 -0.71436422211805  4.80996787020248 -11.7738738851586 0.189613399522627 -0.160607486210692 -0.0355994121045437 0.967979687778812
1463226105.05717 -0.652814837478467    4.8114710203062  -11.7556546378918 0.204021307314646 -0.150321570090538 -0.0261511385602941 0.967003024648392
1463226105.19941 -0.562708385497448   4.82206207961968  -11.7219628057551 0.180112363909225 -0.136509536695783 -0.00474193457701745 0.974116110540525
1463226105.34356 -0.477861926858115   4.84431693704822  -11.6827490607431 0.16927526640997 -0.117999077291333 -0.00547175801944471 0.978464185243591
1463226105.48623 -0.396564208987162   4.86141185443993  -11.6446653945209 0.167740113202083 -0.120301093101779 -0.0058766846016664 0.978445893240685
1463226105.62608 -0.317649373819957   4.86209486247684  -11.6111599773335 0.172189507777078 -0.135299335188803 0.00568356576931585 0.975711309962686
1463226105.76839 -0.244293784556696   4.86188496321622  -11.5739278480909 0.162992792726342 -0.125759739831755 0.0213479322956442 0.978346617075675
1463226105.91158 -0.173494170574806   4.87297404786218  -11.5219817644629 0.158328014830346 -0.107028008432204 0.0250329727366774 0.981249507213575
1463226106.00975 -0.125910459795459   4.88049784228877  -11.4810321110021 0.149971195021808 -0.0878471294511645 0.0253759642300948 0.984452935873683
1463226106.10041 -0.07875145849635  4.88061697827187 -11.4405484208476 0.14684262339523 -0.0721762415095904 0.0293913666753764 0.986085179728866
1463226106.19564 -0.0317168263491764    4.87208801939421   -11.4025265087231 0.13178778900896 -0.0560087428181423 0.0404910924011095 0.988865749650692
1463226106.33746 0.0299112793259867   4.85348223821811  -11.3445269460329 0.131427212620523 -0.057249223132717 0.0597367754411156 0.987866859396244
1463226106.47965 0.0867196776642591   4.84779122743649  -11.2801062171921 0.121107744300587 -0.0355595535045067 0.0615696264675431 0.990089699735146
1463226106.62191 0.144563861367112  4.84171445023134 -11.2073802218033 0.123195959869774 -0.00987790359390599 0.0667709204747152 0.990084252309526
1463226106.85977 0.235147947047111  4.80839251184992  -11.101240789276 0.125021320830703 -0.0181259115061888 0.0583421343158536 0.990271334550934
1463226107.05081 0.294213050123878  4.78671494708478 -11.0062527817169 0.114904814784073 -0.023897658310263 0.0557182768478023 0.991524714312172
1463226107.2403 0.339863151299829   4.7747894813628 -10.9037150153303 0.120236162770895 -0.0296670216825126 0.0317210548520778 0.991794791106352
1463226107.38076 0.369514991498363  4.74252289949454 -10.8321229463697 0.12564323008305 -0.0445340479880375 0.0284026840119313 0.990668352600917
1463226107.57031 0.399374415055575  4.69859472179551 -10.7439508399411 0.123647616373133 -0.0765825226561246 0.0278753818762728 0.988973886042558
1463226107.76008 0.423412305314222  4.66447017888837 -10.6430003704299 0.152051812539381 -0.0963444049672122 0.0115281966290017 0.983598039148862
1463226107.90232  0.44232476248621   4.6310533599674 -10.5682836377556 0.170811247126222 -0.120372089030762 0.010876866990802 0.977862859404129
1463226108.09239 0.467024272386931  4.58076866867752 -10.4758223680768 0.166276543375254 -0.152582232162004 0.00335583836396312 0.974196854799128
1463226108.32908 0.477386922193635  4.53780026192084 -10.3372576585908 0.16187852092013 -0.152795234797371 0.00170797812235299 0.974908223115725
1463226108.51861 0.479474315123135  4.49009174702549 -10.2186004535044 0.181885743520651 -0.142021180996678 0.00202109366836145 0.973007438631706
1463226108.70847 0.483419712023508  4.42918951687275 -10.1162367557213 0.18505728773938 -0.140436262983799 0.013914962996715 0.972541942590904
1463226108.89814 0.471685815333098  4.38184378587889 -10.0104073458584 0.198183648834533 -0.154607819161784 0.00275465720813041 0.967890528651011
1463226109.08766 0.459101381228273  4.33954932693993  -9.8932880590611 0.206654884994415 -0.163736561274961 0.00092009145968353 0.964615597241462
1463226109.27752  0.43932481668368  4.28029068074853 -9.79755213577783 0.212804375960939 -0.189554207506845 0.00144268956625898 0.958530864727445
1463226109.46705 0.409949950208919  4.23258573460497 -9.69916266748779 0.22805067449852 -0.208954637712109 -0.00873593798059408 0.950922989850898
1463226109.61161 0.390543673763444  4.19829335297954 -9.61364844307978 0.249138223965522 -0.182659609630093 -0.0175174046273785 0.950925208890903
1463226109.75163 0.375311389530896  4.15635421140541 -9.52650855556727 0.237061840841859 -0.159906717964696 -0.0271748760860534 0.957858575822201
1463226109.94141 0.360841786845743  4.10450988964361 -9.43073624255631 0.240834090481258 -0.14871341042939 -0.0088365106790305 0.959064741557912
1463226110.13305 0.337235353569527  4.07676964258775 -9.32222293759536 0.213483224385921 -0.145972609663722 -0.0167049307909089 0.965835314854983
1463226110.27317  0.32564175979429  4.04550220274088 -9.23378972596833 0.207912066169839 -0.135657345118101 -0.0130698837629397 0.968606646474677
1463226110.4628 0.320346830525725  3.98887620439094 -9.14231351047452 0.195087946008179 -0.127826444201922 0.00401045383259873 0.972411954752233
1463226110.65553 0.326443383293513  3.92862903942856 -9.04988851568828 0.197716304979247 -0.0725606978340209 -0.0410652895413078 0.976707146421117
1463226110.79731 0.334978582995137  3.89721632668729 -8.97648327677322 0.193683385504015 -0.0240352993698346 -0.0752817069549132 0.977876124650694
1463226110.9371 0.337512259348538  3.85962937723549 -8.90191170489969 0.22189474353643 -0.0120505110519395 -0.103321465048425 0.969506154098331
1463226111.27105 0.333694162241609  3.77996141368154 -8.73789749848462 0.20915357758762 -0.0229515135676339 -0.158113073575143 0.964742590006203
1463226111.45878 0.330669526629006  3.76143342617544 -8.63253501590236 0.202146401047881 -0.0334780789691125 -0.234471394858021 0.950283755393757
1463226111.64833 0.345003005780227  3.72013089716001 -8.53273533001525 0.190874391113499 -0.0444555776419989 -0.260439432940353 0.945389850909811
1463226111.79064 0.346922048931581  3.68700620534496  -8.4704617325684 0.193561423662756 -0.0742315047113699 -0.251365708840302 0.945430557681073
1463226111.93286 0.343752632450808  3.66432408619368 -8.39505014241154 0.194229701059548 -0.0953974095131864 -0.246998720861062 0.944545281803626
1463226112.07509 0.346601411336887  3.63532055235981 -8.31434704174939 0.202925647641401 -0.0860150162606757 -0.257472961534862 0.940813622661503
1463226112.21947  0.35480016216211  3.59161312713795 -8.24283991145086 0.202619912887669 -0.0860252186002501 -0.232640925215713 0.947324143353768
1463226112.35966 0.371943550381804  3.54737477465349 -8.18133212076652 0.214502297492539 -0.0843589065061098 -0.21311959143987 0.949448460427431
1463226112.5977 0.399451788416152  3.52263839057484 -8.05477597916083 0.208879670889444 -0.0949770446823353 -0.206682936029745 0.951120816734999
1463226112.78777 0.438048213216429  3.49386289941936  -7.9439523971489 0.208290452054584 -0.100469559804077 -0.202241371928227 0.95164036411675
1463226112.9763 0.472983540767539  3.45137271384225 -7.85942325479281 0.206080135894889 -0.111164813409473 -0.207783911392168 0.949736388697281
1463226113.1658 0.490280088474785  3.42286097624229 -7.76739915916771 0.210744162201898 -0.133811639133592 -0.196562954373888 0.948179491603784
1463226113.308 0.497547891574549  3.40933678935304 -7.68006878538917 0.201689994373066 -0.133299987412645 -0.224231802759145 0.944072220837455
1463226113.40284 0.507661862118411  3.38717701948385 -7.62141609238482 0.201942202252619 -0.122198474383259 -0.233875768806661 0.94318026091138
1463226113.49763 0.522208542495236  3.35556465451571 -7.57164210890185 0.222021321955543 -0.102780706174302 -0.226549192376734 0.942771511273476
1463226113.64319 0.546907318518776   3.3194267666472 -7.50172188690841 0.206614456112375 -0.0893153793559549 -0.217724400976467 0.949699591847511
1463226113.78226 0.566642782928966  3.29968110415713 -7.42346877994167 0.194017234239733 -0.0681978661313194 -0.209684863383362 0.955896763223414
1463226113.92464 0.581045623936862  3.28628412532557 -7.33603104314888 0.19212025949133 -0.0430749212969838 -0.219755906189192 0.955479826444918
1463226114.06673 0.594661831838697  3.25116216157235 -7.24594471601874 0.192004750396877 -0.0329551133650319 -0.248214093953666 0.948914063490942
1463226114.20913   0.5974551473236  3.21032397885087 -7.17647414188505 0.18655340524327 -0.0540063980980796 -0.289296660603233 0.937330559685552
1463226114.35123 0.594237446658552  3.17984185651704 -7.10887885833173 0.187313744258768 -0.0770679643747502 -0.304275710414275 0.930800935823972
1463226114.49352  0.59330956482964  3.16707104429885 -7.02914032521429 0.163574327075924 -0.0751545408062583 -0.33259517179419 0.925729812751568
1463226114.63578 0.595297362883516  3.14501918588968 -6.93933435231636 0.147038083727021 -0.0642731302492222 -0.344372500757669 0.925016944376567
1463226114.73119 0.603643854064154   3.1165864667592   -6.882688737907 0.148915945356048 -0.0480711310239741 -0.328467097348131 0.931462599109853
1463226114.8729 0.611311175146011    3.084230204652 -6.81188157352433 0.121646218303487 -0.0582640837128038 -0.325398754026693 0.935907658372044
1463226115.01513 0.612342612802177  3.06106046727369 -6.73974624043348 0.106808134953734 -0.0709320064710255 -0.310121236174832 0.942011407382678
1463226115.15737   0.6086465749726  3.04283610343883 -6.65711650906089 0.107189232071628 -0.0753304526353356 -0.313539563254358 0.940493877549406
1463226115.25238 0.607561117818143  3.02224408969432 -6.60016981541448 0.116640257802534 -0.07777971128005 -0.315450749474481 0.938528737668133
1463226115.35028 0.605700015305965  2.99074625274119 -6.54708071754418 0.14168853514425 -0.0922104175151577 -0.313795086864116 0.934320202805386
1463226115.44194 0.601592966833689  2.95717454239564 -6.50287388403033 0.16257420666661 -0.0990246406772639 -0.302612814533085 0.933910719686751
1463226115.58493 0.586629288311145  2.91635056427126 -6.44184610271413 0.164595705086565 -0.129700059525839 -0.287173280566493 0.934675160338996
1463226115.72636 0.567531646511177  2.88811777253726 -6.37196627430164 0.187728509150847 -0.161980393682404 -0.28307614972426 0.926492445933469
1463226115.86872 0.552926072454331  2.85846278399154 -6.29350452537269 0.211755367473436 -0.176338140948552 -0.284949607750586 0.918078561690548
1463226115.96589 0.547960889246248  2.82787970348752  -6.2428905639683 0.215590782248435 -0.182629664970881 -0.275866537976433 0.918729924029379
1463226116.10576 0.544036934545351  2.77977371950144 -6.17487130118386 0.224264660397758 -0.19586821900832 -0.270010960349011 0.915661009419202
1463226116.24976 0.539003624674504   2.7415358351773 -6.10275893736234 0.23068792439812 -0.210163146083043 -0.249091948557943 0.916824811362003
1463226116.3903 0.531113784856622   2.7179594343557 -6.02523746829147 0.255740753466144 -0.222861845817726 -0.242521806435224 0.90890727695331
1463226116.53273 0.526155000042814  2.68749439369795  -5.9506123372017 0.265197661446714 -0.256288147526331 -0.243057720148399 0.897167504135643
1463226116.67684 0.525670960149389  2.64727527727579 -5.88787224807056 0.273064305470225 -0.283024006722919 -0.252669877461168 0.884019926087827
1463226116.81723 0.522203584508682  2.61420879371785 -5.82889596698409 0.281247708703209 -0.313949396479158 -0.253329647642279 0.870723602772433
1463226116.95934 0.511590469353442  2.59607397098154 -5.76056242601435 0.29850295856789 -0.338005944714915 -0.271248688427121 0.850336471104328
1463226117.05412 0.505502097545457  2.58135673633228 -5.70879947278964 0.31197027968123 -0.346552542874118 -0.275610191113217 0.840603891364794
1463226117.14956 0.501390498961197  2.56189693036317 -5.65687010374453 0.319546192520442 -0.356398311559519 -0.283532152419795 0.830951257840922
1463226117.24677 0.503399270427393  2.53524073229065 -5.61129700634374 0.325100326475343 -0.377857147268281 -0.254618319683388 0.828675609189452
1463226117.33941 0.508997090161927  2.51470579451493 -5.56517114674126 0.308927138600611 -0.388871839325164 -0.266011136343401 0.826184477557643
1463226117.43357 0.514501678100757  2.49818930652606 -5.51698045887319 0.30704560132687 -0.3984518076464 -0.263088211077002 0.823251935243058
1463226117.52836 0.521534878972892  2.48636967992621 -5.46540233844775 0.315000842776803 -0.405234971403896 -0.273106532188085 0.813616561457168
1463226117.6233  0.53151192226657  2.47257485648678 -5.41164526340166 0.332882909009465 -0.405724230377789 -0.265188676532628 0.808858321099944
1463226117.71805 0.546347404849358  2.45524441047318  -5.3598023280027 0.343791315405544 -0.411310610944604 -0.265469150962922 0.801347142419019
1463226117.8129 0.564653146093079  2.43346802563827 -5.31046778807247 0.340904240709052 -0.416692381434593 -0.266503274249743 0.799454665841108
1463226117.9077 0.582261799131846  2.41064505616056 -5.26459112442206 0.340335881055047 -0.419379211121457 -0.276663634004187 0.794826898742881
1463226118.00487 0.597062578771038   2.3897824424657 -5.21883342224663 0.339281870931426 -0.426571640408586 -0.265751211853936 0.795173403135796
1463226118.09745 0.610455263820461  2.37736912551835 -5.17067810336133 0.337747810645549 -0.436594898083384 -0.252131465846962 0.794821385785234
1463226118.19235 0.621962859024351  2.36949101444874 -5.11444949658971 0.333825281976239 -0.433379180455713 -0.254863046820553 0.797363150908269
1463226118.2872 0.635062741965429  2.35925114262154 -5.05270207322293 0.337295639271513 -0.419904748979259 -0.261451733944268 0.800971063354116
1463226118.3848 0.652250778998256  2.34367612295435 -4.98888634241277 0.333602189825348 -0.40246572331641 -0.280285927407595 0.805090503854316
1463226118.47664 0.675733273795706   2.3201889581331 -4.93150843836705 0.330134900758393 -0.390658313538915 -0.260554732607168 0.818845687953587
1463226118.5715 0.701960827341128  2.29929927736823 -4.87599643785648 0.314686831833687 -0.37706135629788 -0.255443424224395 0.832793845124828
1463226118.66642 0.727473274958768  2.28300457819001 -4.81980861242512 0.304371769392102 -0.366873519950136 -0.243733616376754 0.844603795045007
1463226118.76193 0.752080062099526  2.27209689248389 -4.75962843943179 0.304039028433375 -0.358636502127144 -0.237495316178204 0.85002123698453
1463226118.85833 0.781151682473329  2.26831785419456 -4.69793419484803 0.307287883281266 -0.342133132331056 -0.244445588938825 0.853677591716106
1463226118.95379 0.814195616079787  2.25984324292087 -4.63707190875843 0.318807969279087 -0.33092588739465 -0.242513824090861 0.854421781616688
1463226119.04576 0.850973336251786  2.24641149443151 -4.57872739132286 0.322265894663851 -0.32302894489765 -0.230779061044862 0.859382347315833
1463226119.14066 0.888185940710354  2.23524052522584  -4.5233999212776 0.295327366633765 -0.308934954740374 -0.242053281066374 0.871063229267389
1463226119.23543 0.923917077705973  2.22448776478104 -4.47076923173365 0.282203013989151 -0.307648695781977 -0.235160236099831 0.877731964916716
1463226119.33225 0.958076046880289  2.22096617624139   -4.414195411541 0.270051332413335 -0.29792287160889 -0.230446475669637 0.886120004449476
1463226119.42511 0.991823657056455  2.22160466155719 -4.35274908303604 0.267263278943031 -0.284517940447129 -0.233264509347257 0.890622001733242
1463226119.51988  1.02682124397048  2.22005907566242 -4.29276177604527 0.272675723865907 -0.265439298666983 -0.23766126800944 0.893704117717675
1463226119.61477  1.06816141117733  2.21125842806329 -4.23542694595054 0.259277296890514 -0.249459886940776 -0.251072176938668 0.898614383421455
1463226119.70963  1.11156009683569  2.19470308086396 -4.18442336112812 0.255795186297069 -0.238943232150271 -0.233578109003956 0.907147298662663
1463226119.80747  1.15557810504644  2.18170382970368 -4.13727769949922 0.243220654685567 -0.227901153535174 -0.225406554740741 0.915476194355468
1463226119.89942  1.19612839556057  2.17483103349141 -4.08416466218084 0.239127615196654 -0.21593668835294 -0.220646901261606 0.920599953963272
1463226119.9942  1.23542536137257   2.1726665222433 -4.02852181546937 0.240999837967734 -0.20600345701491 -0.218623669150366 0.922867999816151
1463226120.08911  1.27651938607158  2.17053965339608 -3.97413755626117 0.238896467529813 -0.198978579259923 -0.224665029246864 0.923505077100817
1463226120.1842  1.31760437838235  2.16345326230521 -3.92420483374816 0.231344229936174 -0.200289066286536 -0.235227491988435 0.922514045537594
1463226120.28223 1.35661871526977 2.15028207938852 -3.8761150164247 0.225862810752956 -0.195967597650645 -0.238852443349206 0.923868065091506
1463226120.37363  1.39293409210082  2.13755931407135 -3.82987119214863 0.214272453679555 -0.199673560798161 -0.232892093392593 0.927350558067197
1463226120.46837  1.42376251827849  2.13066553907527 -3.77931634437128 0.207639499104538 -0.201168948806643 -0.230458942096518 0.929142383305918
1463226120.56318  1.45113105591439  2.12780900633111 -3.72455371020495 0.199183430495835 -0.19371816093416 -0.235020632380721 0.931431445408391
1463226120.66186  1.47502401049124  2.12152436811795 -3.66758271407635 0.202451598267598 -0.181618328458962 -0.249149031066417 0.929490663452481
1463226120.75529  1.49730096664319  2.10749419510135 -3.61340675138805 0.204469878688855 -0.182123241190381 -0.258775061644274 0.926314558451003
1463226120.8477  1.51881860072735  2.08576167766609 -3.56293478729282 0.214932764795127 -0.185464558012108 -0.244954461731144 0.927040514765618
1463226120.94397  1.53914664547585   2.0670924884695 -3.51304240273368 0.197273703919828 -0.187495418543318 -0.246526670875725 0.930136094511954
1463226121.08484  1.56216457783156  2.04730223258084 -3.43581872216986 0.196897540434152 -0.196093693215531 -0.241979526364622 0.929636773623133
1463226121.1796  1.57606970797407  2.03394391972462 -3.37912839253492 0.210791885030729 -0.194289099322681 -0.234756023881203 0.92882083113002
1463226121.27458  1.58959968405582  2.01712012876288 -3.32271676736653 0.220203223548759 -0.193969102028399 -0.242207538569573 0.924782156000591
1463226121.36994  1.60110788900418   1.9927314108091 -3.27162554305588 0.224021903427317 -0.203868434068788 -0.244346247538629 0.921165978360541
1463226121.46664 1.60837037030978 1.96428545029376 -3.2261087290602 0.237634313887889 -0.220433161381765 -0.239116165108404 0.91529373089196
1463226121.55886  1.61039165285998   1.9405325836889 -3.18038290372534 0.239944464464446 -0.247007662187918 -0.228570395184706 0.910587416582525
1463226121.65393  1.60717717715537  1.92253540848287 -3.12920602746236 0.251143736498471 -0.265321034511299 -0.219265803569907 0.904684519403468
1463226121.79605  1.59828443577363  1.90378880253934 -3.04146253354818 0.24255434050669 -0.258273127333345 -0.259856775199161 0.898296632511729
1463226121.89084  1.59088456527464  1.88001978039285 -2.98338665107254 0.24756165955714 -0.254718154152279 -0.268423401808419 0.895422114996143
1463226121.98591   1.5858045092989  1.84685143262023 -2.93200262029111 0.252217123482014 -0.255062781101272 -0.253503242210516 0.898368302261438
1463226122.08064  1.58245532001258  1.81358781764661 -2.88475263101272 0.254704407469629 -0.254019130664227 -0.248451327865488 0.899373050382327
1463226122.17745 1.57789680828358 1.78563688817758 -2.8382446746414 0.249387421751998 -0.257426504569209 -0.234647053618143 0.903591870727872
1463226122.27061  1.56934911101849  1.76511715175313 -2.78927366477517 0.250604114587841 -0.259574885416548 -0.239938534559015 0.901247999302247
1463226122.3653 1.55864745491753 1.74751744105078  -2.735575563593 0.264528578498333 -0.255511607346893 -0.240109539626188 0.898379573815633
1463226122.45996  1.54692883123232  1.72923501094308 -2.67998702964226 0.266513867743622 -0.260834235871692 -0.256955016048747 0.891577242545453
1463226122.55474 1.53743517352784 1.70194294230187 -2.6266025336883 0.272504501299469 -0.266861766436303 -0.252807740806393 0.889164968143928
1463226122.65196   1.5282226278174  1.67351599691056 -2.58174750183182 0.268100948014081 -0.278279007468413 -0.253679834719918 0.886752060687102
1463226122.74462 1.51720173872141 1.64757236844627 -2.5430598711796 0.255077653007374 -0.289753869226339 -0.262928412101046 0.884220977083578
1463226122.83937  1.50155061644014   1.6242682197421 -2.50364403655092 0.256302774716787 -0.3103611677848 -0.258199300827303 0.878247091800493
1463226122.98172  1.47144078383145  1.59921318938227 -2.43434160251668 0.259748232509408 -0.312417536708242 -0.259506620114902 0.87611783030705
1463226123.07636  1.44887480917549  1.57874810587696 -2.38674577451553 0.268342404219308 -0.306107429581541 -0.272047865172906 0.871940683021298
1463226123.17119  1.42599597707268  1.54800125625769 -2.33564396252114 0.274196103226763 -0.296964018718073 -0.275808603467264 0.872100041747223
1463226123.26612  1.40628253039264  1.51172432921626 -2.29246682249235 0.286488667904582 -0.291086015101487 -0.266971105343342 0.872880062715577
1463226123.45926  1.36000481071297  1.45668278483245 -2.21249630663552 0.272939060577285 -0.296815778993208 -0.281382808458783 0.870763100766042
1463226123.6002  1.31654492967865  1.42404658617802 -2.14641389631743 0.286786869500255 -0.296541490592054 -0.284935672369917 0.865232973511059
1463226123.74029  1.26989653109719  1.37848738416729 -2.08001509510603 0.308455138787776 -0.298204206049848 -0.270251058850519 0.861913014195613
1463226123.88328  1.22421735437682  1.32101255025839 -2.02055424211826 0.31930108416172 -0.30363243399843 -0.259383467525695 0.85940350211742
1463226124.02514 1.17439071506948 1.27360832428394  -1.966408271164 0.315428173649483 -0.328301045956 -0.25478907826884 0.853115476408242
1463226124.16784  1.11789672495291  1.24007302988236 -1.90409583620616 0.319038650612989 -0.321275448478431 -0.271150114043963 0.849396280468647
1463226124.26489  1.07400557885267  1.21581352142276 -1.86247359997063 0.337297787966157 -0.322862543546978 -0.278592531173477 0.839271220632441
1463226124.35688  1.03251226598051  1.18379491700693 -1.81651839133636 0.340700276724432 -0.305630392000502 -0.276255118660228 0.84510146984817
1463226124.49911 0.976416136025652  1.13010133246603 -1.76047496012859 0.336734001790481 -0.303779166016081 -0.269742596697122 0.849451212171621
1463226124.64206 0.923078257457342  1.08534181713973 -1.70526512677487 0.319708369578838 -0.314445775773768 -0.262082011604987 0.854531118047996
1463226124.7847 0.862993201757148  1.04783902899936 -1.64028810564249 0.330146192001159 -0.313788328063704 -0.250239141261303 0.854353995284697
1463226124.92581 0.805102124693973  1.00176089028695 -1.57488027396484 0.328227985674404 -0.31615858317526 -0.248003430266367 0.854871006807957
1463226125.06803 0.751617302816997 0.944985821447243 -1.51815569769688 0.32324478640697 -0.32138004365911 -0.237151460870273 0.857896765470926
1463226125.21023 0.694441559109712 0.898968199933108 -1.46348294784721 0.305090158979153 -0.335291099685755 -0.236207051851492 0.859480134744962
1463226125.35257 0.631722718534649 0.860755390359668 -1.40331484082033 0.303649632313167 -0.332548033366818 -0.225200833909068 0.863998432120453
1463226125.49481 0.569311810487826 0.817141914221055 -1.34236177324605 0.304046730047143 -0.309462687889789 -0.242226552384588 0.867821829681383
1463226125.58973 0.530840095784104  0.78096832659407 -1.30371960580386 0.303258319362613 -0.295673880626856 -0.234647460263133 0.874958237543073
1463226125.73462 0.475829156889657 0.731577361472668 -1.25181135621841 0.285000734821351 -0.297620305752797 -0.240905604287692 0.878727047824114
1463226125.87687 0.420882161899375 0.692840933465573 -1.19413728556559 0.278005454329875 -0.29689971756271 -0.230036089384721 0.88410798133181
1463226126.01723   0.3628473324337 0.655977151350587 -1.12893149491964 0.283437027489345 -0.288538884794837 -0.220433326356623 0.887591072533242
1463226126.15852 0.309605250271325 0.609169865781189 -1.07133671720952 0.274920261270424 -0.296873270381624 -0.210146314067759 0.890013279653543
1463226126.30118 0.262881366028871 0.561605608257822 -1.01982517410071 0.257185620535034 -0.301933300941429 -0.207201684334833 0.894292625700017
1463226126.44313  0.213446539522203  0.522290581794187 -0.966093954120456 0.239821605027413 -0.302566034432754 -0.194710394965072 0.901680239698231
1463226126.58545   0.16222845779157  0.483736644609367 -0.910467274303554 0.244802713770402 -0.280121425526238 -0.193933490697063 0.907740832769931
1463226126.72765  0.115811095859966  0.438874160110455 -0.857829053376426 0.238052660023433 -0.256525548995087 -0.193047086085611 0.916656094902768
1463226126.87002 0.0769107030021472  0.395785646202489 -0.812215669754294 0.229135747241381 -0.243915606694753 -0.181408641240431 0.924712328797537
1463226127.01219 0.0433306888820739  0.362562168510778 -0.764448045225263 0.211044544764867 -0.235904839474443 -0.174432434549073 0.932406795671723
1463226127.15615 0.00904785775851963   0.337431980928604  -0.710210460067956 0.205128487795505 -0.222287456763158 -0.166283536149447 0.938541621701527
1463226127.29722 -0.0210794917504293   0.304479444319637  -0.653726384566719 0.206909647842764 -0.204230861504206 -0.151753129129268 0.944695263372432
1463226127.43906 -0.0443200948967725   0.264003572915182  -0.603983407876127 0.20425275147998 -0.189678780014998 -0.14419268823899 0.94947945874742
1463226127.58352 -0.0667857127337657   0.228780148981389  -0.561757205732636 0.199842140843714 -0.180443109316332 -0.132029252047165 0.953976771020721
1463226127.72344 -0.0924730930605672   0.204078213477692  -0.521988150935493 0.178284669969383 -0.17494896836487 -0.114058236234358 0.961560270429828
1463226127.86933 -0.121987259913843  0.182326721152565 -0.479234546234315 0.149737957192077 -0.167903318887195 -0.114233020394958 0.967645511917486
1463226128.00797 -0.150860196396524  0.157009097062881 -0.438427228368176 0.13499594186073 -0.135724989501263 -0.119068936512837 0.974257363977157
1463226128.1037 -0.170413588560814  0.138923841997182 -0.410949541266028 0.108467611546263 -0.119314193122867 -0.124242704571978 0.979062128225542
1463226128.24506 -0.197646148010814  0.112977067135406 -0.379080344470027 0.0934030068342501 -0.113924925168169 -0.0802797350068526 0.985825620425325
1463226128.4349 -0.227625295505825  0.101521734686398 -0.343078914376414 0.0713974076177481 -0.117665213621518 -0.0559226827597242 0.988903413504991
1463226128.67196   -0.2577565761254  0.105779248267487 -0.309581243359761 0.0433862359236762 -0.13886140300148 -0.0668235678181698 0.987101694899207
1463226128.91071 -0.277655554480231  0.110966407597102 -0.285843200491954 0.0236270855843962 -0.173735137665549 -0.0758894260721906 0.981579674696636
1463226129.28971 -0.282881640441315  0.114494088549251 -0.255828222089043 0.0113066024337616 -0.207270125921455 -0.0766836846121765 0.975208115304733
1463226129.66764 -0.255591257479839  0.119291426300836 -0.243461006810335 0.0253269581192961 -0.215092850126038 -0.0634192300820715 0.97420306521427
1463226129.85734 -0.229200683023653  0.131818248693333 -0.251575770605697 0.0355779184992757 -0.221150833589465 -0.0690385967681074 0.972142064039117
1463226129.99995 -0.202364437553147  0.145428952654303 -0.263618683555071 0.0419675228019537 -0.225413786834083 -0.0770243975191396 0.97030644330634
1463226130.14184 -0.170653531680627  0.156596598358642 -0.275345945965705 0.0449735239362238 -0.219612555032083 -0.0859254171735209 0.970754619098253
1463226130.28422 -0.136796611526726  0.161306499315574 -0.287175003814168 0.0490296645264609 -0.211974742790941 -0.0953811938761406 0.971372857490829
1463226130.47601 -0.0919052242801937   0.165143938867692  -0.298701051035223 0.0481036826493151 -0.193320503942555 -0.132324975046352 0.970980596845248
1463226130.6162 -0.0614164070680576   0.162369142554759  -0.302511716316659 0.0682423791905913 -0.169090851954491 -0.13014606018063 0.974583636476199
1463226130.8057 -0.0211043468098074   0.161453396105273  -0.302286838346355 0.0831342449934099 -0.147986206257532 -0.125656596684296 0.977445241318714
1463226130.99535 0.0161743645419374  0.161347878389537 -0.303566585411157 0.0991227925572441 -0.128648170173437 -0.130910130203687 0.978001461203783
1463226131.27985 0.0465868487668812  0.159608096041679 -0.302571305065498 0.121643602140802 -0.130719461238685 -0.116091640364548 0.977055775045185
1463226131.51891  0.049717198841224  0.150106180870388 -0.296750952465438 0.146759391365556 -0.133289487589958 -0.0488408507601114 0.978933176902819
1463226131.75423 0.0350502336774786  0.141240390163038 -0.272610575901579 0.125030547084859 -0.100708564339978 -0.0059961428891088 0.987010229751797
1463226131.89645 0.0173440422430825  0.132648828551468 -0.252455997762286 0.09232034415291 -0.0765335414886231 0.0471446711421595 0.99166372882424
1463226132.03874 -0.00125565468975823    0.116470192620343   -0.232541208166743 0.0592138301517044 -0.0476818308966344 0.0815806778602862 0.993762928630851
1463226132.18186 -0.0154051059453342  0.0976067399992664  -0.213503833973659 0.0149924782569436 -0.0262979044922834 0.101527643778372 0.994372054798324
1463226132.27612 -0.0216417242869325  0.0871719165021581  -0.200563775952069 -0.02976723355131 -0.0138940927621876 0.0903145422289906 0.995371362585334
1463226132.41801 -0.0277524937050701  0.0674532222214169  -0.178481835560028 -0.0607323998817263 -0.0110546679402501 0.0889282775186795 0.994123297875519
1463226132.56036 -0.0288583743131518   0.045169274895757  -0.153618178138041 -0.0838821768607355 0.00410185683506748 0.113258143950793 0.990009872680283
1463226132.70309 -0.0270629951441146  0.0193681330117425  -0.125140395658411 -0.0998237318039658 0.0203059161124909 0.128400554237746 0.986476654569687
1463226132.79742  -0.0248443396129554 0.000876020047323235   -0.105468768599113 -0.115479887232055 0.0215844821095935 0.124911590516162 0.985188104034785
1463226132.89215 -0.0205365964191106 -0.0181387018935547 -0.0863175720594475 -0.119686564658307 0.0226547774878631 0.141943319703611 0.982351251482272
1463226132.98698 -0.0156779325830919 -0.0368521029917958 -0.0688638348930028 -0.125515106422181 0.0300423809357911 0.150153935104026 0.980202636795226
1463226133.12976 -0.0126099019835119 -0.0611461875854761 -0.0477100455650844 -0.14489576611974 0.0341533269527091 0.150139409154327 0.977392922543142
1463226133.27158 -0.0159227500308054 -0.0817671141137786 -0.0326309249605223 -0.165714510252718 0.0392943812749226 0.155810765257432 0.972994171679263
1463226133.4138 -0.0305100683991603  -0.101247519571332 -0.0233456746051422 -0.163545785671411 0.020926439086794 0.15454800094214 0.974130266207275
1463226133.5561 -0.0552453975169432  -0.114381683962206 -0.0236279509967281 -0.169129576405559 0.0053999855249134 0.146077126883328 0.974693541346571
1463226133.8406  -0.121371007306285  -0.127489958113556 -0.0413042168959814 -0.144928461119381 -0.0174603877610343 0.133128295054957 0.980289616936017
1463226133.93614  -0.144457082819179  -0.123934444940587 -0.0519356697573549 -0.128146289482597 -0.0274540967753104 0.138880874249881 0.9815991563921
1463226134.03253  -0.167200230700051  -0.116643425676444 -0.0653816225079779 -0.118857335760685 -0.0402773198214971 0.138428892678663 0.982388982488926
1463226134.12519  -0.187909709960044  -0.105604143114942 -0.0812362061752329 -0.0960029206495952 -0.0480987665746051 0.137466492339513 0.984668934903818
1463226134.21991  -0.207757647175408 -0.0903930500840829 -0.0988395420865054 -0.0812379962923503 -0.0568197949802341 0.143928243945905 0.984609851388587
1463226134.31476  -0.226494584635293 -0.0716337297495799  -0.117188159837969 -0.0734610489223232 -0.0703596226491707 0.143864126105966 0.984355683181473
1463226134.4096  -0.241296227526345 -0.0514780906660491   -0.13606952197156 -0.052770458240393 -0.0826455536284738 0.135998950287296 0.985844448543124
1463226134.59931  -0.257353295590117 -0.0024506379272939  -0.176634559377299 -0.0489151744696105 -0.11279786525781 0.108654209286215 0.986447266763042
1463226134.69412 -0.257627635536635 0.0185525500633316 -0.197995318155552 -0.0227658724460953 -0.129726700253747 0.104816274924702 0.98573132587128
1463226134.78918 -0.251257469922435 0.0396589497436764 -0.220399455803399 0.000288085151317843 -0.140380310085097 0.104018234427959 0.98461845018964
1463226134.88391 -0.239697905711684 0.0635053623713963 -0.243678672285556 0.00324664129857073 -0.145144040149798 0.101224909254823 0.984213485314861
1463226134.98526 -0.224511776132437 0.0863912994596296 -0.268126276961492 0.00787271164006823 -0.147476529436061 0.101259048202688 0.983837028594682
1463226135.12088 -0.201971458023705   0.11641961992306  -0.30254033698301 0.0185938625522479 -0.152233918057518 0.0939477537750122 0.983693510209798
1463226135.26314 -0.181783279531158  0.142129211742569 -0.333346716198755 0.0249624760399027 -0.155169439317001 0.0807847438649553 0.984262741878752
1463226135.40533 -0.163583461134181  0.167154427053707 -0.359995281995533 0.0273158456474985 -0.161264017179472 0.0732750517502156 0.98380817649108
1463226135.78531 -0.108701376725286  0.219697070375651 -0.421959586304722 0.0635228910508163 -0.150791310964077 0.0556699447873369 0.984950597795471
1463226135.97446 -0.0804728542266036   0.251724285050921  -0.455604920840411 0.049030007632095 -0.159193774571549 0.0539135930151366 0.984554074176456
1463226136.16925 -0.0519866706304038   0.279763218204502  -0.474506619418661 0.030463417351528 -0.151740442126777 0.0555962040237887 0.986385259685374
1463226136.35387 -0.0218980955657127   0.295948647387533  -0.471077537912347 0.00668953961570107 -0.131650394679394 0.0698986194671865 0.988806152204299
1463226136.54353 0.00781064822820962   0.296759634688101  -0.448354338694461 -0.00845955328343166 -0.120495895158296 0.0836351183868281 0.989148291299473
1463226136.73407 0.0336080501271134  0.282558185204317 -0.417876538342994 0.00917831813477925 -0.119675174493149 0.0927603725801534 0.988427601984608
1463226136.97016  0.049704774966958  0.255961232994322 -0.385242181468109 -0.00646072438244299 -0.123328280680351 0.0952919251975982 0.987759000575048
1463226137.15998 0.0479184803919184  0.224474692572264 -0.355601148917884 -0.0170948441732631 -0.113828270231288 0.103290763660505 0.987968577102164
1463226137.44454 0.0214416743105297  0.164277155970208 -0.298828036938555 -0.00471670293850597 -0.120408790138498 0.109904088828707 0.986610646217394
1463226137.5867 0.00473117208308918   0.135182170842583  -0.264567304600855 0.00945381049397988 -0.125574985532042 0.106231995689342 0.986334786757332
1463226137.7291 -0.0106022884189611   0.107437599000649  -0.233751647884068 0.0111667077041257 -0.125014444204832 0.0894395444421877 0.988052256345372
1463226137.87132 -0.0243373297135852  0.0875427242824631  -0.204881597155428 -0.0134717069801028 -0.131757254472178 0.0789658451452827 0.988039945703354
1463226138.01349 -0.0355386326592811    0.06907591889568  -0.175459709947273 -0.0314875538726939 -0.140105255588998 0.0818903608331561 0.986241866942421
1463226138.15682 -0.0428746428200725   0.049598083923521  -0.143955268312449 -0.0380098188985265 -0.141315978184407 0.0834028905209311 0.985712435667644
1463226138.29799 -0.0472501041976066  0.0254538124634055  -0.114620280667878 -0.0548435762855468 -0.143143446121571 0.0607925268084976 0.986309487258888
1463226138.44029  -0.0490837564827101 -0.00219801733808473   -0.091236406472938 -0.0456151888154465 -0.140553959530313 0.063880719978825 0.986956479600124
1463226138.62993 -0.0604094163565841 -0.0241433566277308 -0.0759546237666644 -0.0324315099924504 -0.15723122612883 0.0649626580468794 0.984889025093243
1463226138.81961 -0.0793076436656878  -0.031159883382608 -0.0847673769910403 -0.00991553022945587 -0.179925638341211 0.0630205549777372 0.981609319728615
1463226139.0107 -0.0967575326558162 -0.0195215650329765  -0.117141332966962 0.00989800118569724 -0.188436695575447 0.0679851402395168 0.979679366956224
1463226139.15147   -0.107605371133413 0.000788278499157303   -0.154371542829742 0.0171391105718493 -0.200794829443138 0.0683058726081752 0.977098764263338
1463226139.29413 -0.115195358683606 0.0273376580581504 -0.198001561168073 0.015165599668503 -0.208653678613192 0.0623173557551826 0.97588431392228
1463226139.43595  -0.11658728288506 0.0570430015196106 -0.242686424048051 0.0138942993337392 -0.209968580085016 0.0610754307865952 0.975699715884625
1463226139.57826 -0.116514060533023 0.0873726361486661  -0.28380541405774 0.00823394210967633 -0.209093568280469 0.0649419499549659 0.975702119008216
1463226139.72252 -0.116398632291394  0.113772051223014 -0.322604874248052 0.0184321587539311 -0.217051194348318 0.0602098975127344 0.974127200522162
1463226139.86288 -0.114651188825233  0.140375744358911 -0.357459117575812 0.0321856061102421 -0.228537795009214 0.0416548041120691 0.97211081688562
1463226140.00512 -0.107815732337245  0.168200086815349 -0.388840836640972 0.0278947536886996 -0.234194605057535 0.0272267679666662 0.971407984723556
1463226140.19775 -0.0907967719683609   0.201797284662544  -0.431904492415552 0.0320681186199463 -0.231808996948066 0.0154121682588559 0.97211043085221
1463226140.38444 -0.0672034910239906   0.232517755152428  -0.476962531916083 0.0321786340085474 -0.230411471607617 0.024519303534245 0.972251969922999
1463226140.5741 -0.0445579173775688   0.261940846453335   -0.52444154757057 0.0277692782224445 -0.224318952498663 0.031394350496242 0.973614024906085
1463226140.76387 -0.0267254762151449    0.28911395039623  -0.565637227595366 0.00985270402259064 -0.217128524550364 0.0360743042651202 0.97542645679816
1463226141.04826 -0.0138867870962731   0.323239871326195  -0.607322005802052 0.0113331821547471 -0.205500796384541 0.0371716515240257 0.977885090381556
1463226141.28537 -0.00229440248485794    0.352899050001198   -0.634098050779091 0.0088679682067753 -0.175809339778514 0.044883867640991 0.983360500331446
