1463226057.02432 -0.0482437288682175   0.188304493510561  -0.500634085392787 0.000957800970680449 0.000227631659969979 -0.000603246290789981 0.999999333447298
1463226057.40328 -0.00895369669090636    0.186722880584483   -0.447609713859101 -0.00487612279494672 0.00310339929222044 0.0169717841779996 0.9998392625223
1463226057.44871 -0.00352981496009053    0.184820668242826   -0.439087929340309 -0.00289992069250077 0.00514324007887517 0.0176178383715554 0.999827359753964
1463226057.68532 0.0282525919931379   0.17273651894326 -0.391290324281195 -0.00477733613555044 0.00490343235921755 0.00829308278343805 0.999942177422522
1463226057.87493 0.0497760540749769  0.153008798149281 -0.355870589736799 0.0172418913632161 -0.000265432768377385 -0.00221852129861064 0.999848851022449
1463226058.06462 0.0641591303417984  0.137733406815887 -0.331171167784179 0.0437707427482615 -0.0111208493432927 -1.91843252430546e-05 0.998979703708294
1463226058.35189 0.0897229494496491  0.140213128941434 -0.298986285944058 0.0288744178020128 -0.0228854809358351 -0.0100013907915995 0.999270981736768
1463226058.58662  0.114993069113359  0.143376347623081 -0.270525041832413 0.0181873871812767 -0.0476160739403053 -0.00211954102354512 0.998697870226967
1463226058.77603  0.144573169318749  0.138528236934456 -0.243874541866205 0.0275205667010423 -0.0623661301159562 -0.00754939383072498 0.997645273068339
1463226058.96543  0.175836908847306   0.13584540999403 -0.218869269302298 0.0363924698120869 -0.0710930893875649 -0.0158396106275086 0.996679721634526
1463226059.20269 0.201310113852544 0.135817925943946 -0.19581489969108 0.0373735257026184 -0.0884307766360501 0.00477528553146704 0.995369486154862
1463226059.48914  0.213918347937059  0.134896715450421 -0.162341022813751 0.0136471609357536 -0.0846342553162787 0.0371624044707419 0.995625307793753
1463226059.67774  0.211230970631416  0.129203163672015 -0.129724079454621 -0.00455390862887104 -0.0795572507966396 0.0204341500917002 0.996610431047112
1463226059.86666    0.20837737646061   0.111247626607943 -0.0883381449435348 -0.016240906327533 -0.0776665501991815 0.000790083142815739 0.996846786477463
1463226060.0088  0.203935812742403 0.0950705992064435 -0.056565002736659 -0.0201253744695866 -0.0926490150563349 -0.00850229977743579 0.995459110265231
1463226060.15103   0.198977401058631  0.0775282977804558 -0.0280005184073712 -0.0152429897668275 -0.0918907963482376 -0.00402912630700163 0.995644263254029
1463226060.34089   0.192347088693529  0.0586425587932731 0.00179097169753958 -0.0234156619465734 -0.0825768552778866 -0.014931837774997 0.996197676151014
1463226060.53122   0.18106520229262 0.0445149461999147 0.0272502990351567 -0.0374237591797871 -0.0960200826737292 -0.0202172978325676 0.994470143765278
1463226060.72015  0.169811668520295 0.0258458626500608 0.0584461428615336 -0.0297354633071955 -0.114812516303406 -0.0176056898846193 0.992785942691411
1463226060.86308  0.162785527420469 0.0085559195524554 0.0861417935415464 -0.0222721853249966 -0.123789712500852 -0.0167881121434415 0.991916436062265
1463226061.00468   0.153712029510748 -0.0104001487590232   0.111973838895159 -0.00689072205381076 -0.134440021422089 -0.0241483963506714 0.990603479472637
1463226061.19459   0.139090791410749 -0.0340617505351808    0.13579510302266 -0.00158232747883366 -0.124495154509901 -0.00520213408551718 0.992205316728479
1463226061.38409   0.113658191994398 -0.0545807113359964    0.15452323577697 -0.00895815387295618 -0.113035110944888 0.0272982412672562 0.993175523861004
1463226061.52915  0.0862403531320366 -0.0671544132546922   0.165375137741268 -0.0214449860663145 -0.106243787098405 0.0395673971526849 0.993321091771521
1463226061.66853  0.0554679657615185 -0.0791171932095582   0.173233048234264 -0.0434072586449725 -0.0834334160134929 0.0696459947548494 0.993128446075257
1463226061.81319 0.0220538956711988 -0.092544774958669  0.177488624740782 -0.0632734941197822 -0.0584644695299252 0.0967861475566061 0.9915698726694
1463226061.90589 -0.00043302730272763  -0.0995846155198844    0.179065777659377 -0.0790076309759829 -0.0496326042148577 0.114433525527396 0.98903961856024
1463226062.04787 -0.0307473294214607  -0.108219989819207   0.176476901903814 -0.0895526091200954 -0.0240253240407471 0.144986535303953 0.985079701640977
1463226062.19036 -0.0584559417732519  -0.110742532661906   0.167739855438327 -0.0963621179170942 -0.00785797008360668 0.153794624260634 0.983361483934177
1463226062.3323 -0.086200817143892 -0.105054936662068  0.152869712835039 -0.113471866590037 -0.00920671928705456 0.154798399761345 0.981364777870018
1463226062.47462   -0.10685903168078 -0.0983455440477207   0.129972367303162 -0.114455872699373 -0.00375417591309524 0.153763202921017 0.981449253296017
1463226062.61692  -0.122521606589469 -0.0875361828614168   0.100386785380635 -0.113568976965845 -0.0196869457998029 0.144297801168571 0.982798380245879
1463226062.75923  -0.134364613663264 -0.0725241551800953  0.0668876325702012 -0.112704706850066 -0.0482289187184528 0.125606224441617 0.984476864550209
1463226062.9016  -0.138882563110078 -0.0527672775721985  0.0309792873602456 -0.112948242985997 -0.0747154734585927 0.106809631873939 0.985013702935745
1463226063.04359   -0.142323531118133  -0.0322740621208322 -0.00310022526536833 -0.11367413203991 -0.106170022319604 0.0850490582873995 0.984160950124549
1463226063.18585    -0.1407355045718 -0.0122443918796494 -0.0325455387587997 -0.109843855854239 -0.124302878174063 0.0647097532833368 0.984020207942259
1463226063.32945  -0.138794242150486 0.00738822357877624 -0.0587860914373715 -0.10695528639723 -0.146182751210701 0.0384545839199608 0.982706677974511
1463226063.47065 -0.134484433789476   0.02956489928623 -0.079024705192409 -0.10481090766291 -0.165423766246717 0.0140535809869102 0.980536663290605
1463226063.66027   -0.11945828441471  0.0593100503626941 -0.0975790613640948 -0.103775922726083 -0.166056858962194 0.000116140233452424 0.980640435616137
1463226063.85196 -0.101173683286016 0.0886232149423681 -0.109983950646077 -0.111615746686361 -0.150697684470864 0.0194409825404044 0.982066281462015
1463226064.04253 -0.0776534593375027   0.111608743354621  -0.121092013249955 -0.107852433606994 -0.144343852740767 0.0329490776810902 0.983080394993698
1463226064.22922 -0.0479277075860058   0.133820478298988  -0.124504458059674 -0.11943943683678 -0.130814518730544 0.0405902888401487 0.983348468788802
1463226064.37165 -0.0202080754448607   0.145372929697311  -0.118500755243467 -0.132793446710956 -0.112903707101089 0.0464861682410099 0.983594270822947
1463226064.51367 0.00928236080291549   0.147582569847961  -0.102937511677762 -0.137039359635705 -0.0954690368311918 0.0726472259541915 0.983274253440169
1463226064.60864  0.0282745253135187   0.142774402792898 -0.0880793079248713 -0.131333599683067 -0.077985660590133 0.0959277889756176 0.983599299328165
1463226064.7508  0.0523647360103289    0.12908060056315 -0.0606535974498107 -0.128788021417518 -0.0676132080452584 0.120632809384352 0.981982599101037
1463226064.84637  0.0690266223519603   0.115439553814035 -0.0403984469246019 -0.110645300156906 -0.0591569416505194 0.129502931384267 0.983609203175035
1463226064.94033  0.0830692339636413   0.102124202558927 -0.0217321719729464 -0.101601393659793 -0.0566643372227253 0.134577946878913 0.984050347242128
1463226065.08258    0.0975263758813053    0.0793645390665823 -0.000257046314535626 -0.0864729745008752 -0.0745339932698891 0.127151633442822 0.985291617056107
1463226065.22882  0.108203570580624 0.0569443481039265 0.0156656921142509 -0.0753776911063993 -0.0875948672603922 0.126573652140597 0.985202747406286
1463226065.41464  0.117290411285513 0.0281360947741297 0.0349135738550324 -0.0621791980767862 -0.0910911434795144 0.124784226435945 0.986035013444708
1463226065.55777   0.119427395159083 0.00544068429091911  0.0535271930103932 -0.0580484874386369 -0.0810338576954467 0.132939287623929 0.986098896064245
1463226065.69905   0.115782250682369 -0.0204023904922661  0.0745594610787409 -0.0567440965139819 -0.0745825888966317 0.125273315145448 0.987686256589995
1463226065.84149   0.108300597475676 -0.0479792665479223  0.0988147989526405 -0.0498580408295171 -0.0670874586605451 0.117444598832682 0.989555564311647
1463226065.93632   0.101910614723975 -0.0686838590465234   0.115840391319653 -0.0398953642531176 -0.055280791049535 0.118846807255777 0.990569447569002
1463226066.07906 0.0888403099188439 -0.100190436350798   0.14204944913968 -0.0475479769075904 -0.0467675955604226 0.125367947838245 0.989866081625347
1463226066.17347 0.0786753383518938 -0.124533419604066  0.157916283354503 -0.0524011458238057 -0.0419181044867628 0.13284471478463 0.988862616436874
1463226066.26888 0.0688885297191726  -0.15082021510948  0.172024122531135 -0.0551467448031622 -0.0346308123499201 0.142181929625983 0.987696229749528
1463226066.36297 0.0604600157073815 -0.177956543215058  0.181946150925755 -0.0512008892404682 -0.0257178623355355 0.151945625020126 0.98672670356848
1463226066.45954 0.0534360084647538 -0.202754033848485  0.187790789079327 -0.0472034630888344 -0.012913295664267 0.158835342943927 0.986091483433152
1463226066.60075 0.0400557954186528 -0.232659218337422  0.191550982074161 -0.0445660595267922 -0.00687169854769598 0.17658513957732 0.983251918166338
1463226066.79032 0.0139125114623508 -0.256007752552381  0.186570866572822 -0.0604837935204609 -0.00254684272790661 0.181041887723171 0.981610441673847
1463226066.93406 -0.0141012920981157  -0.262010714431451   0.176041682349943 -0.087526640592631 -0.018481725672321 0.169254158110272 0.98150422462928
1463226067.07426 -0.0437265851923009  -0.261111725426985   0.160182632771758 -0.0942989438538139 -0.0413643176090335 0.145243662832465 0.984022855844214
1463226067.21758 -0.0671287537468819  -0.251846038490241   0.138573727430581 -0.0969115850170719 -0.0496623939684154 0.131215044758416 0.985354963119307
1463226067.35893 -0.0858471926523479  -0.232763784948381   0.115835564276976 -0.108052342516749 -0.0663260340080135 0.117775783127107 0.984913404009818
1463226067.50129 -0.0971498060622858  -0.210778939823327  0.0951529504502605 -0.100564581190629 -0.0779054589064167 0.104480174702719 0.986357641819955
1463226067.64382 -0.0980052129874928  -0.185783634213735   0.078338809165839 -0.0944420671664385 -0.0861163620957962 0.099836464412638 0.986761039209747
1463226067.78561 -0.0888363522529719  -0.158759002425561  0.0649832584286077 -0.0883577193908682 -0.0809777230914452 0.0842433984865105 0.989211085460739
1463226067.92781 -0.0753797256928491  -0.127978483326473  0.0543416841809748 -0.085550860378852 -0.0827339368584109 0.0687460840739672 0.990510031198494
1463226068.07001 -0.0544543572366191 -0.0968122885629641   0.044033094258334 -0.0915361886409829 -0.0751494586689817 0.0608929693488969 0.991093200115264
1463226068.21235 -0.0268592051956422 -0.0705980934889662  0.0288077832691356 -0.0769252989794943 -0.0702586257155505 0.0608116905507901 0.992697417233385
1463226068.35471 0.00458830358149758 -0.0478490049401259 0.00851293327283476 -0.0422526465885767 -0.0707132236239667 0.045978731417737 0.995540210196546
1463226068.49689  0.0316175171645834 -0.0277307588678963 -0.0144104931293768 -0.0158206759329322 -0.0642585544337135 0.0498054511809497 0.996564077933665
1463226068.6865   0.0602421142521776 -0.00516731292402984   -0.036748333406472 0.00779955449765934 -0.0611466762795926 0.0577646756962595 0.996425357551333
1463226068.87625  0.0814084253716375  0.0106003887875847 -0.0476965234566065 0.0317861150900238 -0.0388331792618802 0.0707254167023992 0.996232674884823
1463226069.11326  0.0788829086189723  0.0120226780777538 -0.0749265202769419 0.0744779522158902 -0.0320200026138446 0.0843482023940904 0.993132989492959
1463226069.25655  0.0648288404302825 0.00434920703171593   -0.10872037628274 0.101671676062077 -0.0157578019791893 0.0949925940674646 0.990146943153311
1463226069.3978    0.0372190791502352 -0.000511996231829468    -0.148467124663166 0.122247337897721 -0.0240379624016564 0.109592346012476 0.986137557562827
1463226069.54191  0.00235249564499143 -0.00401585564826502   -0.188881196880626 0.101678718126719 -0.0333869903522769 0.101788307006741 0.989032804163758
1463226069.68625 -0.0379543022526833 -0.0176059685544041  -0.232026466884539 0.0963719082237733 -0.0554160541481706 0.0798388557926708 0.990589356571972
1463226069.8246 -0.0761379663879993 -0.0360396619911401  -0.272225022793514 0.102850475593342 -0.0753332698566675 0.0650605961048212 0.989703893574948
1463226069.96721  -0.116052488465118 -0.0536182896002596  -0.308430371689776 0.101736427006049 -0.103347176418542 0.048948568655592 0.988217131086547
1463226070.10908  -0.155087762641752 -0.0794850631481307  -0.347172075746695 0.112654137264323 -0.131580295745314 0.0571113463825809 0.983226304185957
1463226070.20419  -0.183742783230719 -0.0994350344731107  -0.374799395731471 0.121591145542868 -0.15594953672312 0.0695129323290292 0.977784888183713
1463226070.29882 -0.213935665595313 -0.120586997632285 -0.403710127346122 0.130850573347076 -0.18486758130318 0.0868934203918119 0.970129701808199
1463226070.39415 -0.241805535712748 -0.142285450561142 -0.433030193458014 0.152604148706107 -0.204769560735963 0.0999260601205084 0.961663237990554
1463226070.49139 -0.269032762830026 -0.161749834374089 -0.460634576237598 0.165538861101882 -0.227787230603475 0.103426985318511 0.953945869400888
1463226070.58335 -0.296198076364294 -0.180896303294268 -0.488125573055158 0.18591634224955 -0.247268714087327 0.102757172781395 0.945375195443652
1463226070.67818 -0.324953037405822 -0.196512710556651 -0.514708305374462 0.212499452088933 -0.272790436713759 0.109007888801383 0.931958497293997
1463226070.82051  -0.36843422239095 -0.203953152295297 -0.547108035106638 0.228165776929854 -0.291168539729882 0.120726782202509 0.921187442255153
1463226070.96435 -0.420663187978259 -0.198637174409218 -0.574574699473569 0.226756275724153 -0.293440405382427 0.123270178972137 0.920477475490241
1463226071.05752 -0.464069346736636 -0.194689802514801 -0.591832650437101 0.223928432303871 -0.310869366676712 0.120070378354245 0.915859922864746
1463226071.15323 -0.511378307610867 -0.190369125722026  -0.60949436616848 0.224828545722722 -0.324422630218736 0.106267622972096 0.91263863294188
1463226071.2473 -0.558244188191811  -0.18255048705173 -0.624184010256377 0.212521480896161 -0.345586531468854 0.091347101789159 0.90942854387783
1463226071.38943 -0.626663354496992 -0.167238738034889 -0.641347593894274 0.198241937410044 -0.366855837536146 0.0657294118139569 0.906529962626805
1463226071.53174 -0.694422651084097 -0.145176241692087 -0.651297115800432 0.196438270893825 -0.385677699450211 0.0432455719406074 0.900441302019497
1463226071.67607 -0.767795273106588 -0.120858538031023 -0.657511179959179 0.178158299337336 -0.405550063190763 0.0197095471435915 0.896326001170663
1463226071.81631 -0.842713866716892 -0.108307772753258 -0.663072918409319 0.168345102799934 -0.419588747838302 -0.00396455367975064 0.891958234092206
1463226071.95885  -0.90916446650924 -0.100260079523915 -0.669424792110765 0.176902711124821 -0.432560976692459 -0.028406674615048 0.883622936029203
1463226072.05343  -0.951266932554852 -0.0951512659017872  -0.675388431234686 0.184009439126143 -0.453494876147813 -0.051045679690479 0.870561463772144
1463226072.15437  -0.992650626324348 -0.0886433297481255  -0.678530231269431 0.201999557124193 -0.458432243916935 -0.0790414251917903 0.861851791065357
1463226072.2903   -1.06071666930104 -0.0762840382972122  -0.678145515721647 0.19635687733588 -0.463262977104546 -0.100392515876029 0.858343016237224
1463226072.43282   -1.13813007821699 -0.0736784566344932  -0.683002117140582 0.201336450467686 -0.462214699169438 -0.108148739146946 0.856810980208415
1463226072.57656   -1.21163553121319 -0.0900854585227904  -0.696096920583807 0.198694838694279 -0.465377342991892 -0.108335073045394 0.855691417307846
1463226072.66976   -1.2560350281658 -0.113991711324682 -0.709966828292209 0.187587813059208 -0.47149279477025 -0.10303527846859 0.85550516553806
1463226072.76488  -1.29989147459117 -0.145399412022744 -0.726325128160687 0.199890090210696 -0.477522287116947 -0.0995731978945732 0.849765612038524
1463226072.85941  -1.34568619801987 -0.177241267685212 -0.739042448295876 0.207628495537605 -0.477410149900503 -0.0735379351660812 0.850624552140531
1463226072.95433  -1.39610394535673 -0.204998881994021 -0.747942582725866 0.20516069226223 -0.476802963055155 -0.0505864489825043 0.853234455440969
1463226073.05226  -1.45049684780511 -0.231853278118561 -0.754958319125816 0.196409085040327 -0.47683774950633 -0.0464244272617799 0.855508038835858
1463226073.14473  -1.50402429075972 -0.265954222053791  -0.76411844378503 0.205489295207356 -0.473183966750352 -0.0387629092732307 0.85578532356559
1463226073.2389  -1.55424080535594 -0.304520326863128 -0.775751748215142 0.207017535418696 -0.478417161974652 -0.018752462566645 0.853175892946452
1463226073.33671  -1.60077529803801  -0.34365758268235 -0.789089349922065 0.211903148954307 -0.483504164693873 -0.00734992189131888 0.84927425301555
1463226073.42873  -1.65000666283609  -0.38035842412545 -0.804699747834611 0.212139910734823 -0.492246674477379 -0.0107853073277896 0.844140715097446
1463226073.52601  -1.69858368273362 -0.413956602119769 -0.818064245876668 0.233232697077288 -0.489158281186463 -0.0113096733493757 0.840356338852447
1463226073.61939  -1.74626802856444 -0.445460360632103 -0.828384153817135 0.249416838651062 -0.482754443817491 0.00110873597430397 0.839486842229414
1463226073.76151  -1.81563171522204 -0.492815074162985 -0.845544416661575 0.263815679726879 -0.46584980475954 0.00510472783428601 0.844605936688513
1463226073.90269  -1.88280436651772 -0.547160743939593 -0.867067924139141 0.256640213421058 -0.467216900685423 0.0215884375289778 0.845800276622181
1463226074.047  -1.94816855881098 -0.596223861765052 -0.885681755724274 0.247193003764422 -0.471907303908337 0.0347530918547664 0.845571604309429
1463226074.18721  -2.02238836646877 -0.624675884471727 -0.897537601096153 0.250847346280464 -0.480133878300112 0.0468427368495131 0.839257306061132
1463226074.33069  -2.11463823419411 -0.631676755970327 -0.898977233690654 0.231841963268177 -0.491563027858259 0.0422830667950315 0.838347920599309
1463226074.4749  -2.21029157397427 -0.637781859265109 -0.898032427696209 0.219387743107911 -0.493704384782653 0.0517532830246785 0.839908683320137
1463226074.61415  -2.30276491042317 -0.645531298339151  -0.90304548980285 0.226484726772431 -0.514108849015296 0.0446415494947977 0.826077412814131
1463226074.75629  -2.39287782483197 -0.640376588398732 -0.900829855193259 0.23174248864462 -0.507972201529731 0.0143505415775308 0.829490038147697
1463226074.85121  -2.45915544874317 -0.628251478835199 -0.896725431655084 0.220960049767832 -0.511425156482532 -0.0064194937558979 0.830409390495635
1463226074.94586  -2.52830728812278 -0.616829843324741 -0.897267641593478 0.208580619536818 -0.522167049406757 -0.025842291809549 0.826539698757119
1463226075.04073  -2.59621453560298 -0.610136914565079 -0.903599174346531 0.215834367386278 -0.530483896706308 -0.0466238342096831 0.818430558614379
1463226075.13681  -2.65964752843696 -0.605263623751381 -0.911083424762708 0.196782962783478 -0.546489830565697 -0.053253419419891 0.81227421722379
1463226075.23274  -2.71607244441194 -0.602877661747756  -0.91748540096018 0.207552126013517 -0.550337939678151 -0.0634185417103539 0.806243360100044
1463226075.32705  -2.76931054026066 -0.600404509393735 -0.921307478338638 0.248991412551116 -0.537652871328246 -0.0805748674998185 0.801523772046518
1463226075.46943  -2.85675118512803 -0.590394440127685 -0.921590779181158 0.246566974408126 -0.55224248237544 -0.104112629468962 0.789552739325305
1463226075.56237  -2.91348297005335 -0.588775165349856 -0.924716248681951 0.235482330890899 -0.562439065580241 -0.128423076301354 0.782123956173643
1463226075.65714  -2.96391107736103 -0.599869856830341 -0.934040888923093 0.214853779778547 -0.5745094473093 -0.143465242052389 0.776655955098577
1463226075.75202  -3.01370014628395 -0.625321708825652 -0.953184824042856 0.230222822629148 -0.587950309828446 -0.148896931630673 0.761013527385862
1463226075.84685  -3.06533220402625 -0.653318450636276 -0.971185958836434 0.232987435849746 -0.591029215259468 -0.136510775532824 0.760109287937836
1463226075.9435  -3.12254270470175 -0.679845073045996 -0.989766000546643 0.244704661291485 -0.596533286811621 -0.115143169353926 0.755651849080698
1463226076.0365  -3.18358539582374 -0.705618997507732  -1.00804249276169 0.254134415144988 -0.596614174887897 -0.0921851520301085 0.755624988408228
1463226076.13156  -3.24288810026113 -0.731463621305454  -1.02735974609568 0.256179755169198 -0.595731541889122 -0.076020633311427 0.757427703712235
1463226076.2262  -3.29490423862621 -0.760580587585117  -1.04746958034462 0.250714210403746 -0.594800954938568 -0.0576418965198648 0.761598070159967
1463226076.32393  -3.34343530588357 -0.792796213752758  -1.07087808652629 0.248188373431164 -0.600219306264647 -0.0413988893355795 0.759226874947508
1463226076.41995  -3.39366838283418 -0.823097198315506  -1.09519720134033 0.25079352208998 -0.605792056408438 -0.0261186937573196 0.754610102971429
1463226076.51068 -3.44789400793921 -0.84910413197309  -1.1181588472733 0.259807800138594 -0.614244741214256 -0.0124098008311597 0.74501630970141
1463226076.60564  -3.50355694456518 -0.872071540492746  -1.14076664802567 0.265948982894917 -0.628262764064279 0.00133243187888775 0.731132862353184
1463226076.70049  -3.55702515808906 -0.899024841505341  -1.16346895488476 0.278933810826858 -0.634438027753617 0.0190919014471184 0.720638479000977
1463226076.84255 -3.62979823815377 -0.94202130344439 -1.20345352737927 0.28832885527879 -0.656081937252812 0.0225370063191163 0.69707606914195
1463226076.98673 -3.69549446408089 -0.98447540333835 -1.24937729524629 0.313202348400558 -0.669767665804001 0.0231796541459328 0.672888004376293
1463226077.12997 -3.76515663262051 -1.01328069150158  -1.2907053585515 0.342694287421433 -0.67288352634981 0.0279891849516208 0.654984725670381
1463226077.31689 -3.87215978077736 -1.02431409782311 -1.33670427153577 0.341550124540015 -0.677013113989296 0.0463896125849796 0.650265145734747
1463226077.45916 -3.96002688868591 -1.02395813205865 -1.36947491925076 0.317502429633921 -0.687213614600235 0.0291709030271843 0.652747051698601
1463226077.60939 -4.04633056104573 -1.01128381320473 -1.39712581967097 0.314883484787573 -0.697544197031162 -0.00806448036857934 0.643595718096827
1463226077.7438 -4.13840760009939 -0.98214487382974 -1.41623887183231 0.295448980165478 -0.706978891945139 -0.0417136911239072 0.641210351161007
1463226077.93616   -4.2568586145998 -0.949465854795692  -1.45361959880921 0.303152282001904 -0.720948532027415 -0.0899765433085934 0.616632897061769
1463226078.12301  -4.35184247883318 -0.933936882071708  -1.49933353976338 0.326343801457977 -0.733678596391193 -0.128415036317029 0.582000875338776
1463226078.36016  -4.47789457843373 -0.902735206449664  -1.55205280614253 0.325730231964441 -0.738692373439544 -0.162807260595939 0.56721000458727
1463226078.55162  -4.57980968725995 -0.890456474397656  -1.61394857335668 0.324425775346406 -0.750309378066966 -0.169008818957361 0.55065394994523
1463226078.69195  -4.64130336383576 -0.903461718629598  -1.66995572453396 0.321916988173104 -0.76468662350673 -0.139918858596843 0.540413298841166
1463226078.83471  -4.70317175241945 -0.911864200664293  -1.72596738577262 0.321697513386501 -0.778332227112146 -0.127821523046083 0.523804650958512
1463226078.9769  -4.77655276085709 -0.912551364601862  -1.78312820832773 0.305002599883792 -0.795024327062453 -0.113232715150161 0.511945393243013
1463226079.11955 -4.84914994277988 -0.92417602537771 -1.84826898440682 -0.304113129929076 0.812405612080328 0.101522992027278 -0.487037378190789
1463226079.26357   -4.9121165081544 -0.947311365606551  -1.91485403658175 -0.310777489715587 0.822891471593728 0.0984336381961903 -0.465379196715806
1463226079.4034  -4.97377073806295 -0.968874765973821  -1.97987404148887 -0.312349043639372 0.825329762995973 0.095518836366694 -0.460592020284475
1463226079.54566 -5.03861988618255 -0.98555767796359 -2.04696263079032 -0.325897587599737 0.825186304488705 0.0624440980716982 -0.457120399782113
1463226079.68883 -5.10244583504778 -1.00414215019109 -2.11684873417134 -0.324356580132363 0.825946712179685 0.032702302376241 -0.45992977396957
1463226079.8776 -5.17113276504229 -1.03801253997726 -2.22200922985592 -0.302384519966705 0.847645812867718 0.017760309978009 -0.435597003435304
1463226080.01968 -5.21733065291537 -1.06280354955617 -2.29477490489292 -0.3071304037736 0.850376482603121 -0.0212280342210453 -0.426708475983919
1463226080.25691 -5.31254054374792 -1.06075107587009 -2.40388792423432 -0.295602065636041 0.863144898435385 -0.0531076788308855 -0.405930877793094
1463226080.39943 -5.37702372603781 -1.03629073741432 -2.47396077732615 -0.275809665347254 0.877898040635605 -0.00856573263152643 -0.391344716297138
1463226080.5414  -5.43727754901723 -0.997345253327238  -2.54250357657579 -0.274276662577716 0.886731944672843 0.0547447145971973 -0.368078506416252
1463226080.73115  -5.52359029922834 -0.926243725618799  -2.62514140006642 -0.262011428601925 0.888526690904119 0.107824720470137 -0.360893558391518
1463226080.92307  -5.59911360745403 -0.871573921617052  -2.71817160222654 -0.273270834957234 0.883454582486665 0.151162754805503 -0.349257602644093
1463226081.11047  -5.66570908499303 -0.828169013996778  -2.79992928124778 -0.260640413662753 0.885631061560274 0.185195221580899 -0.336789143929748
1463226081.25299  -5.72390138982146 -0.782177495754658  -2.85333766265319 -0.257657719673842 0.882833708304389 0.227174739073917 -0.320326054046021
1463226081.39702  -5.78767039315394 -0.741110862460112  -2.90982720088556 -0.24164609384407 0.882253048480068 0.255863336281222 -0.312683029479651
1463226081.53721 -5.83742523720192 -0.72384969055282 -2.97701339794224 -0.250254219431771 0.889345522674463 0.25168721389829 -0.288254944997647
1463226081.63539  -5.86473092685641 -0.719450485934041  -3.02298981880099 -0.269505612131328 0.891916596791733 0.24811782417395 -0.265120830423331
1463226081.77424  -5.91072509069624 -0.713295818180628    -3.092584384988 -0.272279302932831 0.895177663157203 0.240776814683549 -0.257967940042293
1463226081.87189  -5.94773730616888 -0.706242239072464  -3.14680589105488 -0.269425262073953 0.899955342854905 0.226652751390516 -0.257136032695537
1463226081.96397  -5.98615664314174 -0.699783275308013  -3.20610971553301 -0.274892358561506 0.90212700604717 0.211483332603169 -0.256662923298085
1463226082.05888  -6.02010874497175 -0.700586126372452  -3.26683182071267 -0.275004138908858 0.90327486353479 0.205002604276084 -0.257761860501564
1463226082.15366  -6.04987719672249 -0.706760138592828  -3.32695739949407 -0.250698300898794 0.908269173152013 0.203310446658802 -0.266199799601005
1463226082.29592   -6.0903940780279 -0.719979262394949  -3.41798422526651 -0.232409765796821 0.914558961616765 0.201370546031091 -0.262711837723145
1463226082.39073  -6.11835032286752 -0.727097880664964  -3.47929979215962 -0.237843393090857 0.919869347162276 0.176630869256525 -0.257045600117881
1463226082.4856   -6.1479892495795 -0.733051013359796  -3.54116050276361 -0.234959827697558 0.928882723686964 0.143861112541601 -0.24753736142755
1463226082.6278 -6.18830307049226 -0.74374009288453 -3.62955322450257 -0.232350284988701 0.93694457158479 0.120185263149147 -0.231740625193846
1463226082.7701   -6.2144188144632 -0.755335983761535   -3.7159284515892 -0.231796777112208 0.946081814428193 0.102702290661654 -0.201622652550506
1463226082.9598  -6.25359671958112 -0.753463779794086   -3.8263464760733 -0.238154525137938 0.950179899972457 0.0735042872841379 -0.187183598628476
1463226083.24451  -6.35028974830075 -0.675759701036021  -3.98625537706197 -0.223078707868317 0.951391456123742 0.0974738507372611 -0.188650565154195
1463226083.48136 -6.42704936550919 -0.60974508843275 -4.11133421685083 -0.212100673237557 0.950686525754173 0.133112985491427 -0.18300100342674
1463226083.76865 -6.52673934063137 -0.50617131649933 -4.24737636746647 -0.238484144915854 0.938785016581017 0.171631103827686 -0.179863196528985
1463226083.95546  -6.57307945422374 -0.474531067596344  -4.35140563115335 -0.252334606460137 0.932110528322852 0.192838389128634 -0.174099296525215
1463226084.14682  -6.62099132576637 -0.424748395909991  -4.46031804492325 -0.257640199243357 0.931635865579217 0.198536114185168 -0.162047996175702
1463226084.33491  -6.66611406138198 -0.378546381858938  -4.56833116012333 -0.263381355227317 0.930808419862214 0.191616587217709 -0.165858465974058
1463226084.47904  -6.69219758795077 -0.350725788681709  -4.64528023707057 -0.254477077055174 0.929647286297723 0.212228258918978 -0.161110230739561
1463226084.62203  -6.72431225336326 -0.313663885546721  -4.72390646003353 -0.253456904459507 0.928301472216527 0.223240795217488 -0.155497657902288
1463226084.76175   -6.7616548034086 -0.289166607342877  -4.81973915103391 -0.246323878022816 0.938943921769978 0.192979538357655 -0.143065567703349
1463226084.85654  -6.78011650912442 -0.286617717906461  -4.88649494085715 -0.253247748735433 0.942846863348951 0.180166993302027 -0.120188287940159
1463226084.99904  -6.80498489643545 -0.289281284255241  -4.98622114023464 -0.257227731441943 0.945034376779484 0.174267821484785 -0.101856012474429
1463226085.14152  -6.83347183904541 -0.283091082852496  -5.08229937598897 -0.246175629640332 0.950288644847326 0.158046179699821 -0.106632339971092
1463226085.28648  -6.86188061324599 -0.266526400017133  -5.18335055445856 -0.245750900758663 0.954053237037501 0.137240849293501 -0.102732005527834
1463226085.42785  -6.88603409353275 -0.258340531426695  -5.28732109533798 -0.243446897865638 0.955968691378155 0.119399223535782 -0.112255487364263
1463226085.61509  -6.91058808878004 -0.256883426632461  -5.42465371769473 -0.22020486755352 0.961906921120347 0.113297543562936 -0.115795328183463
1463226085.80496  -6.93426237008969 -0.248233976018482  -5.55726594099179 -0.2118548577298 0.967084847916841 0.0905785673560108 -0.10798119892685
1463226085.99484  -6.95433127719452 -0.225686448731869  -5.68373390345367 -0.211637572726741 0.970658847127721 0.0856811099392596 -0.0754300185774384
1463226086.23164 -6.97135298655042 -0.20142983161101 -5.83435378036889 -0.201762270636 0.97518552060493 0.0822268179711473 -0.0392929631949244
1463226086.46884   -7.01332214140506 -0.0991908402230868   -5.96778391129081 -0.207663171841622 0.968893873185203 0.132996758461076 -0.020797398964758
1463226086.70577     -7.0527087846981 -0.00470737150790928    -6.10614639994711 -0.215329846247461 0.964326092717521 0.153948519524972 -0.00284562036703354
1463226086.94297  -7.09831367379548 0.0996154443710085  -6.22434503079345 -0.221793502686564 0.956236186631603 0.189982016974618 0.0180784614536474
1463226087.13264 -7.13092044252812 0.170147210487937 -6.32724738790298 -0.229397197991498 0.948357341097105 0.212111580181726 0.0548083633553277
1463226087.27727 -7.14578457023432 0.206077136906563 -6.40211554912946 -0.237350773499206 0.937365863882773 0.241760883949706 0.0810032254820063
1463226087.41713 -7.15838388897649 0.250074900399914 -6.46935667899447 -0.24545255530681 0.925346951120529 0.270578765842984 0.10135676899047
1463226087.60709  -7.1762731276775 0.324680720915356  -6.5658776315598 -0.26321401894668 0.919147108402863 0.265263837117728 0.124587599953495
1463226087.75209 -7.17627938084717 0.369370726623176 -6.65111264997271 -0.263667752652635 0.918624707383298 0.258033308765116 0.141515987661412
1463226087.89161 -7.17077859278878 0.398019306627532 -6.73006511266388 -0.25660655172805 0.915256328076199 0.268321982906755 0.156404108052506
1463226088.03565 -7.17112807853811 0.433133682414606 -6.81159266921467 -0.236008825655659 0.920534279617396 0.266335554028624 0.161188854832409
1463226088.17607 -7.17595085928443  0.47120648004901 -6.90270237700894 -0.225542060962032 0.928321406677076 0.247139629876719 0.162086853219166
1463226088.31822 -7.17048566775761 0.490327757351366 -7.00083627419497 -0.216653578546524 0.932957617467367 0.22356899482479 0.180743507395516
1463226088.46065 -7.16112052698199 0.495888181836501  -7.0933998682395 -0.217852781632876 0.93405705539748 0.211806753536038 0.187657885401947
1463226088.65004 -7.15081463232731 0.520606817119974 -7.21847198786105 -0.203507769913076 0.939738723371448 0.201759268360615 0.186464251297124
1463226088.83977 -7.13729595297522 0.552384299050003  -7.3512118037085 -0.197878382097301 0.943680147482393 0.195921636784387 0.178680265798687
1463226089.0312 -7.11713111334227 0.567482040977139 -7.48620020708861 -0.17605821584467 0.94540427810912 0.219260441450398 0.164739534968208
1463226089.22141  -7.1026740791101 0.585501926782008 -7.61668289789993 -0.155877344083529 0.956766507374132 0.193597396828462 0.151063403608595
1463226089.4584 -7.10083149358661 0.611766423556758 -7.76710793704779 -0.137532210596594 0.960469157730669 0.181693862477533 0.159910063581215
1463226089.69557  -7.0768354729981 0.631904475431204 -7.91878507231412 -0.132875335137113 0.960625841052045 0.165380811979691 0.179419413231093
1463226089.93271 -7.05285324603082 0.692022992601827 -8.05216720518496 -0.138259277077031 0.959933644034493 0.126911883413252 0.208098883229337
1463226090.35718 -7.03663986571229 0.882675300564868 -8.27940358109259 -0.163163370455484 0.948767427090267 0.15096346616339 0.224562053156932
1463226090.54679 -7.04148670005864 0.988456281668246 -8.38109440046833 -0.149312294965241 0.939654549019343 0.196398419131131 0.237029171289654
1463226090.73971 -7.03377093982634  1.06593242411854 -8.47098042468603 -0.166848058625852 0.919732433320657 0.238394083015218 0.263481000480453
1463226090.92622 -7.02247870336034  1.14249850128711 -8.55793097011483 -0.172579269809208 0.903076196202361 0.270598654376205 0.28538771475763
1463226091.21059 -7.00661119793226  1.26870196193913 -8.70847251497764 -0.195412903628384 0.889713471956076 0.284606851679255 0.298701648627205
1463226091.40057 -6.99142759346209  1.32692094239952 -8.81133386533429 -0.193904394104248 0.88004892999107 0.31585026727017 0.296906677988216
1463226091.54265 -6.97813676459812  1.37543788006946 -8.89703336766961 -0.190661898732287 0.880155587306544 0.306893642776886 0.307880617330816
1463226091.68497 -6.96195410317478  1.41574158433827 -8.99162868275166 -0.182099805905703 0.891278976550504 0.268679030489373 0.316659162544653
1463226091.78352 -6.94300772575121  1.43200499800747 -9.05190761760678 -0.182900649754208 0.883578244649769 0.256685709748701 0.346336951987406
1463226091.87453 -6.91981060094136   1.4429061402725  -9.1092955394418 -0.172800407498306 0.876311054614657 0.235554597998943 0.383057418790086
1463226092.01753 -6.88803762740878  1.47228098323074 -9.18727609785374 -0.168527278714323 0.863330445397671 0.233243250960593 0.414556008592251
1463226092.20736 -6.84782516988918   1.5259477705574  -9.2992359266545 -0.14641216455904 0.868499751758557 0.21147405799016 0.423733857582369
1463226092.39621 -6.79667961750657  1.55977494909336  -9.4203918167369 -0.118256511092528 0.874609985882061 0.194114202302782 0.428243443200194
1463226092.58583  -6.7382437619285  1.58425118787465 -9.53678530759873 -0.101082586628492 0.868537205355027 0.172507365389786 0.45350484284167
1463226092.82297 -6.67326361507001  1.63805179712084 -9.67913526366497 -0.0694623738657414 0.867105726608307 0.134988160958311 0.474426847786999
1463226093.05994 -6.61139729321543  1.68940219760557 -9.79504685897444 -0.0558324692926548 0.849550701434679 0.127516414222681 0.508808318690171
1463226093.25193 -6.57228493819483  1.78003907398454 -9.86590866832813 -0.0650341705695028 0.82492207121976 0.172593169792531 0.534308647519208
1463226093.53717 -6.49551695254921  1.91006188322234 -9.97548087587501 -0.0875002455411444 0.806839769512061 0.192968663257721 0.551467486226062
1463226093.72574 -6.44173682229341  1.98545597541729 -10.0404720254136 -0.0902355189838406 0.779644080805763 0.218904914644373 0.579735540330928
1463226093.96834 -6.37288901075857  2.09047815615641 -10.1254110658642 -0.0773239687311397 0.758960407741378 0.222267104050705 0.607122259349482
1463226094.10324 -6.32856546123076  2.13090505313183 -10.1806741621934 -0.0762500642734169 0.737486627412828 0.210981270285023 0.637013583587093
1463226094.24552 -6.28812817445722  2.17515101465537 -10.2271717152348 -0.0879441207306536 0.709542418445387 0.220845928480868 0.663356965689671
1463226094.38799 -6.24922434699085  2.23889780592706 -10.2696748015001 -0.101871449916044 0.675367862607048 0.252134035077223 0.685513593012763
1463226094.52996 -6.19420467481726  2.28917237918155  -10.324539932145 -0.0946005082439747 0.681145468869787 0.229946514829795 0.688633570482714
1463226094.67423 -6.12424538961133  2.32309304481819 -10.3906567103096 -0.0738215481501024 0.695393849187769 0.218907521352904 0.68048311561395
1463226094.86233  -6.0402570099986  2.36935058763088 -10.4720911166921 -0.0668257046647408 0.676864603233676 0.215032448630218 0.700820718958474
1463226095.09923 -5.95535414928262  2.45330801031789 -10.5798926751782 -0.0592048775703293 0.678262840566194 0.208508077860386 0.702124407100285
1463226095.19389  -5.9151286339696  2.47876953844365 -10.6206331860268 -0.0494472903902391 0.650332365462723 0.203828852340364 0.730120934406302
1463226095.33913 -5.85737154339918  2.51025510712093 -10.6824867002296 -0.0455482177175635 0.622816171225951 0.196236657446858 0.755987136792872
1463226095.47836 -5.80656195565124   2.5515299791801 -10.7424785415818 -0.0383555715328666 0.604585373189132 0.191374197781198 0.772257271303902
1463226095.66805 -5.73259053501769  2.62583657130786 -10.8189453165308 -0.0596482085745039 0.594674536058746 0.181256418101685 0.780993212694012
1463226095.86038 -5.64376311613823  2.67277920991836 -10.8964123677712 -0.0338615015763885 0.59005461251992 0.173496784089754 0.787773964323189
1463226096.04738 -5.56189884508695  2.71711465410464 -10.9659378977385 -0.00541290474469088 0.571757545902809 0.171021396524381 0.802381262926966
1463226096.18972 -5.50702286575803  2.76749800830687 -11.0163720356761 0.0125423882632007 0.553108448808651 0.159104752623583 0.817679283121281
1463226096.33506 -5.45188363518763   2.8092725841733 -11.0683052632918 0.0219923605860333 0.518664297499922 0.161540632415687 0.839290358966136
1463226096.47423 -5.39086252115354  2.84069775562143 -11.1166212531281 0.0255211357663463 0.482866105173789 0.154570708354817 0.86156653383368
1463226096.61662 -5.33445843915373  2.88350984768224  -11.158873094964 0.0427146607911807 0.452593822171273 0.149256775832269 0.878098345718774
1463226096.75875 -5.27334648223122  2.93932507246644 -11.1969028185488 0.0374411359195904 0.424547789959916 0.136962832090896 0.894202727577389
1463226096.90094 -5.20184061159882  2.98408309785056 -11.2390180466119 0.0421003540396939 0.407196466550424 0.128265489005532 0.903308674899535
1463226096.99585 -5.15543951495966  3.00153861571198 -11.2700229058524 0.0789469259661222 0.39929925074562 0.125160013910019 0.904799680676629
1463226097.13857  -5.0925610133526  3.03804190624216 -11.3167443341986 0.0732571410859089 0.368588708437062 0.129981481782952 0.917540500297467
1463226097.28346 -5.02913509863014  3.09311108181961 -11.3655436611591 0.0761926746150556 0.3695506484497 0.119911783249088 0.918285445165845
1463226097.42263 -4.96600865228312  3.14256247185372 -11.4143924719225 0.0918764132987116 0.341831729892697 0.115716019339416 0.928073055306623
1463226097.56499 -4.90252330424796  3.17201537376656 -11.4606952832227 0.115730629798016 0.297817600431459 0.100913712306197 0.942192931871379
1463226097.7071 -4.83846929048576   3.2085976764502  -11.504133642681 0.111251750541415 0.268264029729266 0.0995222426031297 0.951710450495386
1463226097.84936 -4.77516151420016  3.26455569415156 -11.5404646844147 0.109235905329643 0.247406638678835 0.0934416404131835 0.958188985514521
1463226097.99365  -4.7066935049791  3.32361733657323 -11.5774495532047 0.0959810417513075 0.227848276063536 0.0836741986656891 0.965334880337836
1463226098.13392 -4.63224117665699   3.3592810564534 -11.6186698068874 0.0911377311963085 0.222091583526136 0.0884110981385452 0.966722669748248
1463226098.2761 -4.55362723463002  3.39264583475713 -11.6639115194004 0.110340260076401 0.226783257885174 0.0872150930553917 0.963736431029043
1463226098.4185 -4.48532782195594  3.44599314307125 -11.7036704908488 0.109825318360791 0.218457787342384 0.0756416297269463 0.966691749446881
1463226098.56116  -4.4166831017067  3.50041448552928 -11.7463339140997 0.0970751003181647 0.201331953722947 0.0837939447784813 0.97109239731695
1463226098.70636 -4.34361967248747  3.53410687279803 -11.7897384503644 0.0991609486400307 0.188417570885739 0.0821282975392301 0.973612278060232
1463226098.84831 -4.26998872236741  3.56938353149326  -11.827686650144 0.100156967857538 0.192166865296353 0.0907863571027209 0.972007363673637
1463226098.98746 -4.19928096098198  3.62410904371375 -11.8527200136448 0.0984103222231062 0.190186089294046 0.0877318050397745 0.972855482743169
1463226099.12976 -4.12178989098393  3.67647343441314 -11.8688224080732 0.0902004144459816 0.162176669846075 0.0681797703528799 0.980262277100389
1463226099.27188 -4.03849836107153  3.70570686441069 -11.8930245968754 0.11442549106162 0.162022799526886 0.0719421133440769 0.977486445817212
1463226099.41657  -3.9532790290946  3.73233397851463 -11.9241684306439 0.115538556473967 0.161764127616677 0.0809018352953899 0.976697548901483
1463226099.5574 -3.87512123986684  3.77774800414421 -11.9534680585306 0.116869879772848 0.164383069583925 0.066739701582467 0.97717217002365
1463226099.69862 -3.79413863796999  3.82938897589896 -11.9822633713516 0.122976818112003 0.152500730764133 0.0583265098224124 0.978886228105896
1463226099.84101 -3.71191088966124  3.86309321862737 -12.0145437070787 0.138030210541605 0.136000335095054 0.0546304183549588 0.979523908448505
1463226099.98332  -3.6357899523194  3.89301237583239 -12.0434320866264 0.138354601239689 0.10488988953754 0.0494162421888546 0.98357213787121
1463226100.12818 -3.56086797049095  3.94024581965734 -12.0626307364705 0.140817037072834 0.0979437684732882 0.0444804462076939 0.98417430884597
1463226100.26783 -3.48046095157498  3.99179549534406 -12.0722403127298 0.138130468141534 0.0810748191338008 0.0251885285407325 0.98676865855345
1463226100.36581 -3.42266648249467  4.02025007806818 -12.0796921401073 0.110929754982757 0.0610047479537191 0.0254374665557467 0.991627926937213
1463226100.50748 -3.33284897059625  4.04209067460083 -12.1020129945476 0.126517951730532 0.0677068821109671 0.0299994511939957 0.989196147855814
1463226100.64718 -3.24546487436657  4.06893274582866 -12.1214451931503 0.155595047294484 0.0763174988778004 0.0182351325199838 0.984699599149123
1463226100.78928 -3.16204233515201  4.11212247731765  -12.133440409948 0.173618285469214 0.0709878114623731 0.00479023106878191 0.982239520311019
1463226100.93162  -3.0803490743033  4.14772690589234 -12.1429152449149 0.166727209678608 0.0309309656048285 0.00879617835725711 0.985478533589568
1463226101.02637 -3.02653694376683  4.15711435309009 -12.1506740706585 0.207983545690503 0.0170687373173005 0.00706507189627842 0.977957866008296
1463226101.16876 -2.94805011690259  4.18550498930032 -12.1567389571598 0.187737742600475 -0.00927283787376648 0.0086468274097445 0.982137356410391
1463226101.31352 -2.86812323504295  4.23299870107069 -12.1523053395046 0.187156363856412 -0.0289217815181709 0.00265281734821261 0.981900701996887
1463226101.45322 -2.78321484265445  4.27891341385031  -12.140850271763 0.177759505393809 -0.0549966897425661 -0.00476511550607323 0.98252440989205
1463226101.59578 -2.69059372838809  4.30226055278259 -12.1402330261477 0.179770173343036 -0.069697845258082 -0.00609744150462301 0.981217466390449
1463226101.73792 -2.59642556292509  4.32367488105828 -12.1399435050657 0.190814709921117 -0.0660696828155393 -0.00106899300391489 0.979399510283894
1463226101.88095 -2.50584973597913  4.36589984150035 -12.1354764301554 0.197464518301242 -0.0685139994048053 -0.00787539246401848 0.977881165628603
1463226101.9749   -2.446475389608  4.39602713225638 -12.1304669307807 0.183833330463512 -0.081412192552152 -0.00994574393791237 0.979529705364807
1463226102.06972 -2.3881115310418 4.41667624139271 -12.127750677414 0.181406345572027 -0.107790959495683 -0.00739503335507195 0.977454940301025
1463226102.16581 -2.33183836074632  4.42388769599202 -12.1294405096945 0.21564313202422 -0.119160078516319 -0.00488753381373796 0.969162023251009
1463226102.26151  -2.2756945074566   4.4357135658538 -12.1283290556921 0.200254172936782 -0.137068591706766 -0.00652094908166806 0.970086565524955
1463226102.40176 -2.18667378519495  4.46740463015608 -12.1178609729227 0.206593584088844 -0.132133349798373 -0.0103760675286877 0.969408173117509
1463226102.49926 -2.12450833421733  4.49348290973218 -12.1050542386911 0.211857965003472 -0.128319023677359 -0.0252153149493789 0.968511548056646
1463226102.59129 -2.05958381889111  4.51641325135987 -12.0919265222063 0.207577608728398 -0.128179585545033 -0.0256901115321874 0.96944393771562
1463226102.7355  -1.9618258220278  4.53021275754903 -12.0814657311596 0.207572328709621 -0.130546892391832 -0.021055917204057 0.969240881097984
1463226102.87579  -1.8663233760665  4.54525720736014 -12.0742921353272 0.213463057011877 -0.119820819747213 -0.0074869567659943 0.969546512512233
1463226103.01818 -1.77764250465726  4.58069921672302 -12.0679209426007 0.227988091088111 -0.117723851460849 -0.0147975485191527 0.966407552576575
1463226103.16068 -1.68801987752376  4.61393846099581 -12.0626545749912 0.227626928817131 -0.137529150171149 -0.0261156776570187 0.963633584673654
1463226103.25557 -1.63223952329839  4.62415146859449 -12.0627153503238 0.235885490584364 -0.1654714907575 -0.0426004931587819 0.956641217521435
1463226103.3976 -1.55037321713504  4.64045347074758 -12.0632968382692 0.242991705834594 -0.186054147473569 -0.0396124784208847 0.951193848096608
1463226103.53963 -1.46594631579399  4.67138774744143 -12.0506433121223 0.247376839092192 -0.188847747481575 -0.0330956299931208 0.949760973628233
1463226103.68198 -1.38120872602906  4.71021192481457 -12.0278205023148 0.241050092555744 -0.193361713859137 -0.0444627237017044 0.950015350767213
1463226103.82643 -1.28782354773496  4.73294635941173  -12.005776872965 0.227400515749708 -0.197203930204825 -0.0449213014240062 0.95256584655703
1463226103.96675 -1.19232782638368  4.74076805023335 -11.9910961791711 0.246669795550085 -0.192748062300526 -0.0319218568681366 0.949201344023892
1463226104.1087 -1.10013188962258  4.76515566410189 -11.9728886028163 0.248685377433308 -0.180543705651347 -0.0256447784974842 0.951263317245203
1463226104.25102  -1.0092702690246  4.80265184317249 -11.9490390658845 0.244699005623112 -0.178705291446522 -0.0262347602697706 0.952627184584642
1463226104.39327 -0.917689463579086   4.82339674742798  -11.9281067370896 0.240274830838493 -0.185106695106136 -0.0168931980977307 0.952742429489969
1463226104.5355 -0.828217961699512   4.83223789918699  -11.9123668717741 0.240995186203106 -0.192790158732893 -0.0169084406781068 0.951034899231627
1463226104.67768 -0.739788335749758   4.85544968884524  -11.8878837391522 0.234174509121943 -0.1917980183938 -0.0157127641398384 0.952957988822589
1463226104.77273 -0.679859661673607   4.88088213373124  -11.8628107456441 0.22548562677936 -0.173035844101725 -0.0153679233148923 0.958633744297013
1463226104.91626 -0.586237447712663   4.91188865235389  -11.8226503185712 0.219381067018967 -0.158805934714166 -0.0247917012633056 0.962308679209353
1463226105.00969 -0.521337140842138   4.91843857501108  -11.8007041740712 0.200088655885151 -0.148498482473676 -0.0317731643247544 0.967937599495898
1463226105.15253 -0.430307095603605   4.92526789444842  -11.7696584704343 0.190013139131767 -0.145220739513615 -0.0101606889179854 0.970928784295286
1463226105.24671 -0.372051889787406   4.93690558390565  -11.7458243512488 0.18111367264332 -0.129466781488015 -0.00113802928563086 0.974902505362525
1463226105.34356 -0.313891287628717   4.95234786000991  -11.7188167304475 0.171855201438879 -0.115852800590972 -0.00587840238049373 0.978268553475519
1463226105.48623 -0.230020320063678   4.96909195259784  -11.6800804375537 0.170419459564078 -0.118434237517584 -0.00655978307326573 0.97820627090177
1463226105.58077 -0.176153467161729   4.97259830492811  -11.6561300645453 0.162391192698727 -0.136891196190308 -0.0031729878383804 0.9771795296094
1463226105.72095 -0.0998269678914235    4.96921068788585   -11.6222565573709 0.164004243067567 -0.130515280919665 0.0149171430141567 0.977673692264751
1463226105.81761 -0.0511074405432773     4.9728854546724    -11.592310849177 0.159055053324931 -0.11731732441095 0.020394623645694 0.980062342267679
1463226105.91158 -0.00385334541954279     4.98098952051737    -11.5568810637835 0.161059232379587 -0.105524529805332 0.0245203983121803 0.980980757885329
1463226106.00975 0.043603656010949  4.98838435881474 -11.5154975187769 0.152670460523091 -0.086254830644659 0.0253228769740329 0.984180159613008
1463226106.10041 0.091802634266985  4.98841182650888 -11.4743103836308 0.149545052052171 -0.070689145025657 0.0291768016822049 0.985793100212135
1463226106.19564 0.139174658575648  4.97910768590007 -11.4349653500815 0.134457816907618 -0.054894807057132 0.0403008207237576 0.988576501581739
1463226106.33746 0.203279431121767  4.96045021852208 -11.3772802559561 0.134380406582071 -0.0562782892080005 0.0594374755928248 0.987543339294945
1463226106.47965 0.258891267480125  4.95427056272154 -11.3120742439676 0.123879396419443 -0.0341287967023594 0.0613343235513611 0.989811709939269
1463226106.57632 0.298681861059345  4.95036894612831 -11.2639386251929 0.128611752168212 -0.013586750543716 0.0687902886892075 0.989212976863901
1463226106.72001 0.356167993853079  4.93590167754705 -11.1932525473382 0.137530640470882 -0.00999440619968144 0.0656211761353323 0.988270861666477
1463226106.85977 0.410291816988889  4.91309371406855 -11.1324745598457 0.127799184801051 -0.0168453196314963 0.0579069426961388 0.989964842586991
1463226107.00364 0.456971161678946  4.89684807780782 -11.0663671154584 0.11794861159252 -0.0252180480925665 0.0551451227176273 0.991166580608051
1463226107.14473 0.494216910249519  4.88908969813875 -10.9862231745419 0.113728001584015 -0.0272943922695891 0.041815133513556 0.992256243324064
1463226107.2403  0.51711404942523  4.87752173375802 -10.9312184641162 0.123033812380412 -0.0284222074969153 0.0313527287716151 0.991499806117337
1463226107.38076 0.547597021878054  4.84438263057412 -10.8587542885115 0.128449243664156 -0.0433073246063014 0.0279492257157357 0.990375740928382
1463226107.52287 0.571438538385506  4.80902976996216 -10.7921029239196 0.126170445881988 -0.0701147489755978 0.0289339815644043 0.989104526970158
1463226107.66523 0.589997188840549  4.78306999271268 -10.7212537763247 0.138106846089477 -0.0907306343220643 0.012688474861532 0.986171107701104
1463226107.80748 0.609336628227882  4.75478470953017 -10.6416246943733 0.159268979625417 -0.100378227834856 0.00747714357950014 0.982090472324064
1463226107.95213  0.62812671809954  4.71708403106877 -10.5690194826428 0.169979947057817 -0.128753749731729 0.000573843208412397 0.976999979648011
1463226108.13931 0.649176985696766  4.67114378303515 -10.4749314529484 0.167175637303433 -0.156662884606904 0.00307581240070694 0.973395904171016
1463226108.32908 0.657212038848264  4.63642075940991 -10.3604704858565 0.164668359884875 -0.151718376085296 0.0014893351771774 0.974609484609911
1463226108.47125 0.659514947492336  4.60045576935436 -10.2677490342448 0.18774022972891 -0.137571494728512 0.00646798492408821 0.972515221037964
1463226108.61352 0.661677602971007  4.55560937959275 -10.1846431841614 0.187029172435119 -0.131433748726763 0.0150922614502642 0.973405096554452
1463226108.75586 0.660847576228797  4.51000473001211 -10.1089670007177 0.185765253609306 -0.142338208676307 0.0104801707560905 0.972173477792525
1463226108.89814 0.650723585953978  4.47437535177392  -10.027085213446 0.201185204194046 -0.153776209224158 0.0026226732200113 0.967404006956364
1463226109.04035  0.64206488753009   4.4420506661156 -9.93767496857731 0.218362319898799 -0.154959029205173 0.00649903961468226 0.963464248947667
1463226109.18259 0.627976119257901  4.40128762763855  -9.8587218100493 0.210672827772533 -0.176936901079517 -0.00670157068295458 0.961387217319371
1463226109.32494 0.611402627268683  4.35842961161925 -9.78947564399391 0.210263592696186 -0.197219565434142 -0.0011928312095523 0.957544903255281
1463226109.46705 0.588620395437741  4.32193492636731 -9.71352442045482 0.230684510321905 -0.208075450306128 -0.00930483829674065 0.950474977925098
1463226109.61161 0.568686733315233  4.28661117294886 -9.62744800977413 0.251736278930226 -0.181830723489448 -0.0179254567563049 0.95039208322973
1463226109.75163 0.552702862013421  4.24442645028901 -9.53909431758972 0.239857344282188 -0.159550222577676 -0.0271574559094931 0.957222363642761
1463226109.89396 0.542720798405805   4.2004393584073 -9.46421887410351 0.241519118289777 -0.144422916092251 -0.0118610304838675 0.959515426016591
1463226110.08576 0.519372209811354  4.16458672282925 -9.35693374842303 0.23098669679019 -0.141926733919244 -0.0125592553629306 0.962467772556412
1463226110.1788 0.508507387145471  4.15190256961173 -9.30118648923199 0.214290500852613 -0.143109806896888 -0.0144858213357763 0.966120761289446
1463226110.27317 0.502568570417916  4.12977927798935  -9.2438987123893 0.210616745707861 -0.135152341647377 -0.013212465092078 0.96809083341433
1463226110.41542 0.497868426087385  4.08606161339381 -9.16953603839015 0.209332288803251 -0.126748972151335 0.00427894991374758 0.969585675178119
1463226110.55947 0.495475623796296  4.03861993805863 -9.10503632343742 0.20242174582286 -0.118036613393735 -0.0037997829207906 0.972151406091828
1463226110.65553 0.504157860550627  4.01183325636715 -9.05982939955809 0.200688460672284 -0.0721411773158154 -0.0408742853036298 0.976139890123027
1463226110.84233 0.516907724805871  3.96644527654683 -8.95674220857734 0.199136021604223 -0.0195392792247604 -0.0774719145291392 0.976709354888244
1463226111.07929  0.51719833742528   3.8987711927312 -8.84004027033457 0.212112916619997 -0.0276006399326725 -0.125082374537309 0.968814076517457
1463226111.36387 0.509916008770768  3.84633841300658 -8.68746263141641 0.207738784264449 -0.0297894518633112 -0.204740288051978 0.956053659853047
1463226111.6011 0.522230542345814  3.80632809395685 -8.55290408381851 0.199989019892081 -0.0374633947492904 -0.255548405321321 0.945143321678883
1463226111.79064 0.527690153044731  3.75990807920637 -8.47138275504244 0.196869868186724 -0.0741765552617364 -0.253154518193752 0.944273733388647
1463226111.98022 0.524410610911762  3.72901440695053 -8.36842439506516 0.199433963063985 -0.0929072809624816 -0.248522512913309 0.943308481937911
1463226112.12269 0.529841384777875  3.69389466908404 -8.28639443232779 0.201662010824086 -0.0841480931676118 -0.256680069389148 0.941470591035654
1463226112.26483 0.540455047612059  3.64527924111396  -8.2200961403778 0.210123612001233 -0.0834544628503642 -0.229329582503267 0.946726656907256
1463226112.45762  0.56389416514003  3.60022959753218 -8.13141400430908 0.216940254344847 -0.0886047118585012 -0.199450744192389 0.951475449878959
1463226112.64429 0.588561164788792  3.58513331085315 -8.01648713801649 0.211128397940581 -0.0972818117009141 -0.208545935660543 0.949984021662838
1463226112.83386 0.632079458059959  3.54825588974807 -7.91050804116795 0.212473769142844 -0.103561477645303 -0.205935428954084 0.949589657102294
1463226113.02351 0.662817302363293   3.5038755585723 -7.82646449314973 0.212040704500311 -0.118573101731606 -0.20658214637613 0.947788465840026
1463226113.21318 0.676439403139033  3.48211187123513 -7.72373018357904 0.208988402311833 -0.135689629191351 -0.202031696432256 0.947151184270899
1463226113.35552 0.685723548365439  3.46017734056432 -7.63351476433587 0.210019291264129 -0.128768846322407 -0.228066499983772 0.941963987156017
1463226113.45031 0.698840720007723  3.43114063831763 -7.57611239203177 0.213456030644955 -0.115061727549025 -0.233071167488153 0.941740491176016
1463226113.54517 0.715973386814203  3.39881846746138 -7.52556811007252 0.226081983687081 -0.0959754804569427 -0.226730625917238 0.942480168000553
1463226113.68931 0.739339184301357  3.36598658871277 -7.45519277647882 0.211443975792534 -0.0835018629086052 -0.210959502802262 0.950691838699198
1463226113.82972 0.756221960535464  3.35239211238896  -7.3699766452002 0.193234242605897 -0.0642402803012974 -0.217331550316216 0.954620715838749
1463226113.97218 0.772082485032795  3.32975532790727 -7.27640964806797 0.205931782046821 -0.035999316410861 -0.225051660826178 0.951655347444835
1463226114.11583 0.783444021454322  3.28868663523576 -7.19202498510487 0.20054487215835 -0.0418191819045305 -0.259297767962269 0.943820733935005
1463226114.25663 0.782453520145955   3.2468490384292 -7.12377237819948 0.199727024992224 -0.0654141064894334 -0.290969671320422 0.933363145046787
1463226114.39865 0.778397026793991  3.22160647763953 -7.04889198392619 0.191784681192761 -0.0826341652014186 -0.311490971628919 0.927018665073647
1463226114.54261 0.777760400179848  3.21025523974006 -6.96295442606729 0.159410135779209 -0.0775313886266746 -0.350207516554278 0.919745610338728
1463226114.63578 0.781228489865718  3.19216415192091 -6.90116109819047 0.150289701740243 -0.0637502419205106 -0.346253346442415 0.923827652911156
1463226114.73119 0.789752009394845  3.16249483530572 -6.84266658858369 0.152290694308712 -0.0475914308531613 -0.330274589703459 0.930301722847234
1463226114.8729 0.797414839728646  3.12837028137896 -6.76980403008942 0.124942538601207 -0.0577369565063615 -0.327333176696866 0.93483089237295
1463226115.01513 0.798310693117204   3.1039185357857 -6.69544092519042 0.110150474459336 -0.0704465073147095 -0.312101129006332 0.941008526983956
1463226115.15737 0.794338739066939  3.08446071804501 -6.61001792319357 0.110528704556067 -0.0748378304233557 -0.315559844097739 0.939470430295543
1463226115.29983 0.792913465524746  3.04824025415149 -6.52199533036742 0.122912025664929 -0.0810424551736478 -0.324001682797377 0.934530718569935
1463226115.39461 0.789220697320804  3.01208101157483 -6.47240403381274 0.158020797813471 -0.0939003192575089 -0.311299620579551 0.932365112886985
1463226115.53862 0.776510200885963  2.96399511367912 -6.40919032822409 0.172177412955764 -0.119143014732848 -0.290990909629264 0.933533165464068
1463226115.67894 0.756894033149998  2.93198726678299 -6.34140417028973 0.182966357081332 -0.152965485574476 -0.29000528867448 0.926834292060983
1463226115.77566 0.744261865168247  2.91422197122527 -6.28911402427517 0.200876713876374 -0.170525839427585 -0.284938711240385 0.921617824668347
1463226115.91615 0.731958184273228  2.87622671232336 -6.20556685226533 0.21368832451238 -0.179213360746328 -0.287689294366144 0.916217627643241
1463226116.01201 0.727899726871355  2.84112972615845 -6.15557006602776 0.226208220849726 -0.186193396128665 -0.273231776151949 0.916245740267821
1463226116.15607 0.724415241584707  2.79278348920129 -6.08698981729448 0.230982708357928 -0.20052813632905 -0.256395534986869 0.916895187368126
1463226116.29542 0.716996959092142  2.76013576746047 -6.01079518132297 0.244915055805603 -0.216804685467558 -0.248557335377458 0.911719032832544
1463226116.43771 0.709026436663192  2.73551489822544 -5.92770490063713 0.256870932893083 -0.227073885583341 -0.257568382527359 0.903389895141052
1463226116.53273 0.706033424346108  2.71194252866201 -5.87942392960128 0.268175096387931 -0.25652082646896 -0.2451736177622 0.895638923014403
1463226116.62737 0.705718409103072  2.68396226543364 -5.83557420081741 0.269256683535055 -0.2758056132473 -0.245933091606137 0.889353145002609
1463226116.72228 0.704673339569854  2.65708125863619 -5.79589650186481 0.280316320848761 -0.295196781704377 -0.254435853686263 0.877236579661459
1463226116.86467 0.698607177706793  2.62845196771163    -5.73244575064 0.283397364559662 -0.321057752765 -0.264368371762973 0.864128009707775
1463226116.95934 0.690491493203488  2.61621449745921 -5.68466619409427 0.301067132386157 -0.338313902885436 -0.273557980003124 0.848568392345491
1463226117.05412 0.684027548039015  2.60122036576399 -5.63208650220696 0.314721946088121 -0.347117817602257 -0.27782878097578 0.838612238054671
1463226117.14956 0.679799933091093   2.5804327993848 -5.57797488311766 0.322206476683891 -0.356694540831657 -0.285751408576001 0.829034452493186
1463226117.24677 0.681713542956106  2.55259266034816  -5.5310504469626 0.327663923759794 -0.378277136418703 -0.256858796094861 0.826780696435216
1463226117.33941 0.687254491892968    2.531260479853 -5.48367697335154 0.311346104097046 -0.389021225293469 -0.268282632116295 0.824469841194638
1463226117.43357 0.693397365755735  2.51350747466316 -5.43404391772805 0.309527304411127 -0.398977506729349 -0.265470278531851 0.821300997298941
1463226117.52836 0.700185804734986  2.50119283444957 -5.38086678591236 0.317423562567553 -0.405551075267764 -0.275340716128588 0.811762340416134
1463226117.6233 0.709871090306104   2.4868284309355 -5.32644843408142 0.335126211258769 -0.405759657773852 -0.26733788380807 0.807205041195614
1463226117.71805 0.725597800819736  2.46831590224344 -5.27185548707411 0.346216458942436 -0.411678954902009 -0.267638137354608 0.799390035640617
1463226117.8129 0.744358426496474  2.44554091109397 -5.22126570212217 0.343315850057192 -0.417076004062431 -0.268695629402034 0.797486358927266
1463226117.9077 0.762506736341888  2.42156743318557 -5.17385180469534 0.342766258090698 -0.419727011563208 -0.278800357917323 0.792849852433544
1463226118.00487 0.778113520717234  2.40021808539155 -5.12733827698451 0.341704397339255 -0.427313786761766 -0.267924537930976 0.793005343271286
1463226118.09745 0.791255738892458  2.38644097880482 -5.07714380906553 0.340084907493337 -0.437033776930388 -0.254355898370321 0.792872505817572
1463226118.19235 0.802956256135511  2.37787383262075 -5.01915222555596 0.336119410699295 -0.433763190638337 -0.257185966962308 0.795442401809251
1463226118.2872 0.816509038769547  2.36681212464649  -4.9553052362907 0.339615167370745 -0.420238990987081 -0.2637134778568 0.799071918003988
1463226118.3848 0.833896511615407  2.35010407615465 -4.88971544263177 0.335926022426768 -0.402690829648778 -0.282373085543543 0.803280302095059
1463226118.47664 0.857607983742607  2.32565216037851 -4.83015521753131 0.332661639839797 -0.391041264679614 -0.262798268207738 0.816921068968036
1463226118.5715 0.884329089285723  2.30343078466661 -4.77322383221479 0.317244702886431 -0.377387023234899 -0.257779928720435 0.830953874492014
1463226118.66642 0.910370459251374  2.28612384437278 -4.71583032109259 0.306895149985687 -0.367077245733684 -0.246126263480938 0.842906593285844
1463226118.76193 0.937104774765395  2.27549642919894 -4.65555454694785 0.306793302146578 -0.359467006293047 -0.239865631293569 0.848012865509039
1463226118.85833 0.965868395361171  2.26975787737228 -4.59020807618946 0.309801117557783 -0.342342982006729 -0.246738627356996 0.852023825958332
1463226118.95379  1.00008922880668  2.26042552707883 -4.52757270528077 0.321258304322614 -0.331005647699513 -0.24479942539813 0.85281979598244
1463226119.04576  1.03728865527592  2.24638431942824 -4.46856966986812 0.324951822463126 -0.323572223470838 -0.233049780724312 0.857551822912401
1463226119.14066  1.07587777828393  2.23402897035896 -4.41069654548962 0.297967958537355 -0.309211318301692 -0.244309071542916 0.869434605868117
1463226119.23543  1.11249631730662  2.22253341157513 -4.35653430427842 0.284921824662706 -0.307962414921282 -0.237524239666082 0.876105553228477
1463226119.33225    1.147118863044  2.21814000479549 -4.29775863235692 0.272781475517847 -0.298112250013273 -0.232749501244027 0.884616879036901
1463226119.42511  1.18144258374809   2.2189268750056 -4.23600997449505 0.270153930250282 -0.284953186994272 -0.235663636182836 0.888977607014494
1463226119.51988  1.21826518466985  2.21635851799016 -4.17291305822963 0.275442681158817 -0.265645527309422 -0.240010101603661 0.892165306624698
1463226119.61477  1.26059195031335  2.20680229300221 -4.11394094167724 0.26203875451357 -0.249491020024847 -0.253414023944089 0.897146172331133
1463226119.70963  1.30575701982482  2.18999497077859 -4.06301558544384 0.258878479738638 -0.239377902122827 -0.236048389469143 0.905517150877061
1463226119.80747  1.34932754006853  2.17486979918346 -4.01219252462174 0.246052260067016 -0.227915450685657 -0.227598014584913 0.914172837275136
1463226119.89942  1.39220842969386  2.16762690159816 -3.95755037538557 0.241972576307842 -0.215943969746667 -0.222974224878915 0.919293190056711
1463226119.9942 1.43287948448773 2.16484526204476 -3.8998791605207 0.243826944897878 -0.205947179825708 -0.220893852360471 0.921596487652245
1463226120.08911 1.47515909745906 2.16205595327918 -3.8436782665042 0.241679766967979 -0.198802248226487 -0.227009728924391 0.922244620104705
1463226120.1842  1.51777090808494  2.15418246379719 -3.79212516981996 0.234060213603519 -0.199941507103612 -0.237576547099706 0.921301576256761
1463226120.28223  1.55864471888907   2.1400395661661 -3.74277998409552 0.228573508056591 -0.195695012065714 -0.241368638371902 0.922604354031455
1463226120.37363  1.59579892229028  2.12632811591942 -3.69448605576829 0.217079461807237 -0.199347890876116 -0.23531579868818 0.926155170882541
1463226120.46837  1.62784507508815  2.11860050543586 -3.64195795580538 0.210447794548044 -0.200837953758093 -0.232903966796681 0.927971758379799
1463226120.56318  1.65598323222737  2.11517902884007 -3.58506402021155 0.201996021173917 -0.193387031493856 -0.237442052405435 0.930279708060643
1463226120.66186  1.68072457511314  2.10812865882073 -3.52595606802381 0.205399794201312 -0.181496494213535 -0.251584298450665 0.928210799281791
1463226120.75529  1.70304064867348  2.09312880623323 -3.46936686262256 0.20742494722395 -0.181994515347438 -0.260984450326199 0.925062162419653
1463226120.8477  1.72597707140461  2.07001840944579 -3.41783312819902 0.217997498764842 -0.185616663740128 -0.247453447322999 0.925629697061531
1463226120.94397  1.74689748615192  2.05113994225869 -3.36755705844948 0.200426202330195 -0.187733648144979 -0.248970838346372 0.928762045104546
1463226121.03761 1.76328471023936 2.03493950931174 -3.3146200878732 0.200786257849276 -0.195198906102569 -0.241815681353995 0.929035759250712
1463226121.13409  1.77718550791192  2.02185984480761 -3.25789283607041 0.207153848887942 -0.198135359286138 -0.239763431769919 0.9275468500714
1463226121.22712  1.79146951791092  2.00683080715409 -3.19801805872691 0.216904010987171 -0.194301851439697 -0.238705506097233 0.926401166829817
1463226121.32286  1.80407992492032  1.98537610255803 -3.14238333083827 0.221972323798285 -0.200207023855559 -0.247053990574781 0.921742784516139
1463226121.41677  1.81384782380562  1.95598766677563 -3.09296656828815 0.235075439427683 -0.213368243364554 -0.24493522189142 0.916089661320554
1463226121.51182  1.81754746206365  1.92831464037728 -3.04794618603607 0.244123820655218 -0.232602155042463 -0.234040373430996 0.911879872166603
1463226121.60639 1.81814680302143 1.90569291990715 -2.9978463739124 0.25137084126082 -0.259996699944973 -0.221122167023635 0.905714857685532
1463226121.70359  1.81367969873113  1.89221159486912 -2.94105405781278 0.247749566963992 -0.262707696891203 -0.231707418225538 0.903280958729082
1463226121.79605  1.80588005522404  1.87783060164429 -2.87933649283275 0.245431660787004 -0.258594896704764 -0.262294107996174 0.896712763482307
1463226121.89084 1.79813309159441 1.85269634973757 -2.8195530551109 0.250358381252716 -0.254964463431729 -0.270892241971592 0.8938295120229
1463226121.98591 1.79265509224851 1.81801089054226 -2.7666947981386 0.255062774801048 -0.255396989353893 -0.255945565556773 0.896776017861529
1463226122.08064  1.78902626649892  1.78334894173486 -2.71821030517682 0.257616812066267 -0.254492151969758 -0.250886474942157 0.897732309442917
1463226122.17745 1.78432279478354 1.75393311428131 -2.6706643694562 0.252302395256425 -0.257935599880463 -0.237104752258006 0.901994492288532
1463226122.27061  1.77545106669394  1.73234420063707 -2.62041303937639 0.253462193002017 -0.260028514042282 -0.242432328728486 0.899649184177285
1463226122.3653  1.76435378282846  1.71368966053299 -2.56521301229302 0.267321452746332 -0.255893976445367 -0.242568198862331 0.896782126617861
1463226122.45996  1.75200886637612    1.693720405368 -2.50712623287745 0.26947592871338 -0.261291454858428 -0.259432746444201 0.889833776350643
1463226122.55474  1.74243451197174  1.66573844000871 -2.45294152055956 0.275169932339071 -0.267240298176056 -0.255213816442056 0.887541570442965
1463226122.65196  1.73287263466315   1.6359618343403 -2.40669669187165 0.270757270549981 -0.278619557083103 -0.256095961686684 0.885142079704108
1463226122.74462  1.72130425599406     1.60845255494 -2.36674243563783 0.257768482875898 -0.289952883968452 -0.265445240354629 0.882621979494794
1463226122.83937   1.7048152777463  1.58465210988778 -2.32611884431336 0.258999787005356 -0.310709502410691 -0.260699969394154 0.876592403230126
1463226122.93417  1.68476507734816  1.56763096867621 -2.27914537538825 0.257762829937634 -0.312437489417038 -0.262123069958708 0.875918166785427
1463226123.03138  1.66099960849059  1.54899483870423 -2.23079351155687 0.263764518123791 -0.311491389066876 -0.267890960487671 0.87271749541596
1463226123.12376  1.63750005754328  1.52138769293743 -2.17860595019006 0.279749836088764 -0.297790076675162 -0.278470587128748 0.869203791723369
1463226123.21857  1.61582948180499  1.48539336376388 -2.12965152756306 0.282302494460649 -0.290822623899069 -0.273499242616374 0.872310533776834
1463226123.3166 1.59478832619966 1.45043566296973 -2.0866523297367 0.28171023408953 -0.287356322925879 -0.278713033359115 0.872000420137227
1463226123.40836  1.57098259161558  1.42059437424545 -2.04776441629977 0.282438332377204 -0.299006525886638 -0.275379102778091 0.868901625982091
1463226123.55321  1.52738241991384  1.38709911942048 -1.98120374606002 0.281799204851505 -0.299185284767679 -0.291445126645225 0.863792285030546
1463226123.64539  1.49540212034996  1.36126348345081 -1.93377912325058 0.291986312436535 -0.297537713842734 -0.284366761148037 0.863337041569009
1463226123.74029  1.46253976579923  1.32720676656529 -1.88936209047874 0.311108170033485 -0.298565301197594 -0.272682883361834 0.860066574504952
1463226123.83707  1.43134057327778  1.28654210823569 -1.84735525434686 0.321356618717685 -0.302878403190352 -0.261207847316093 0.858350194843393
1463226123.97869  1.38136876148426  1.23286066239879 -1.79200585643906 0.324961305151123 -0.324585218102437 -0.259966984475112 0.849389047096081
1463226124.11988  1.32538362021177  1.19408201875513 -1.73237415661622 0.323461920919703 -0.329826140069532 -0.263117958218556 0.846968737973644
1463226124.26489  1.25926049767932  1.15755168438537 -1.66521507526924 0.339792810812254 -0.323408840726406 -0.280978988407587 0.837256457445244
1463226124.35688  1.21592320344964  1.12408218458028 -1.61758725891815 0.343251555322575 -0.30612823333612 -0.278599257038726 0.843117031319264
1463226124.45155   1.1766977929217  1.08473000276898 -1.57891881029702 0.351143423042731 -0.302285684975469 -0.265054356486571 0.845616845397627
1463226124.54642 1.13961012309491 1.05117951901265 -1.5421216558824 0.332719321334036 -0.308559656710995 -0.272279750756408 0.848500164283685
1463226124.68961   1.0810513854121  1.00912548954444 -1.48144825540369 0.321985806895961 -0.316382488852925 -0.265248505109608 0.851980335126289
1463226124.83104  1.01789233446435  0.96856015421406 -1.41218564173693 0.330280588899784 -0.315460812012948 -0.25209618793194 0.853139332530348
1463226124.97594 0.960100905526195 0.914901244721726 -1.34795772244898 0.327690694502104 -0.311807020960068 -0.248238743561386 0.856605344725213
1463226125.11543 0.903478115534582 0.857946898593511 -1.29194664644588 0.320249468665924 -0.328229215338577 -0.239051289215626 0.855897389376648
1463226125.25759 0.842024558762438 0.813671255591627 -1.23311293885106 0.30581718238738 -0.335520602430167 -0.231470588350292 0.860420329275356
1463226125.39988 0.775467105437861 0.774365156861502 -1.16995658024252 0.301698457746573 -0.327157581721806 -0.238065753696716 0.86329059663134
1463226125.49481 0.732225082289262 0.742146975846836 -1.12818976594786 0.306714093025788 -0.309977218623983 -0.244574010386837 0.866039342360846
1463226125.58973 0.691896137243497 0.704853493619789  -1.0895633686502 0.306016650669315 -0.296175406983299 -0.236962485113078 0.873202564391817
1463226125.73462 0.635063470293656 0.653135867466008 -1.03443707170865 0.287810032709873 -0.298018351560951 -0.243361605605621 0.876998047957628
1463226125.87687  0.577006285100945   0.61272933534467 -0.975286352820346 0.280814667765404 -0.297409489871743 -0.232485392408786 0.88240651630559
1463226125.96905 0.536344075569272 0.588136363336494 -0.93051488920781 0.284081243854495 -0.295628113158042 -0.222348376781264 0.884569423473045
1463226126.11152   0.47896530787782  0.542857536330254 -0.866534378899816 0.280152824045967 -0.292649553992693 -0.220994376211087 0.887148307449222
1463226126.20604   0.44537443075235  0.507521210804765 -0.830493602546695 0.273536839289573 -0.298101374521596 -0.208286349586087 0.890466150190959
1463226126.30118  0.412252239176563  0.475650020434519 -0.795732748329958 0.26004080947958 -0.302287947594376 -0.20973872546088 0.892754412583007
1463226126.39595    0.3781204697103  0.447682378739896 -0.758971693593029 0.243607355624725 -0.30592007237703 -0.201762917576895 0.897975551278107
1463226126.49056  0.342982345579241  0.421957682138427 -0.721396049576184 0.241933177587934 -0.296071974892264 -0.197173464931242 0.902736034504333
1463226126.58545  0.307166062363637  0.394590450952173 -0.682783283703775 0.247830083656513 -0.280650548400062 -0.196442848798327 0.906215055311678
1463226126.68038  0.273667061372796  0.363897622096948 -0.645403683098661 0.247231451101594 -0.263561219190748 -0.196574978211033 0.911466056014275
1463226126.77823  0.243970702892032  0.331531848648322 -0.612556930138594 0.241130702560958 -0.253032428715883 -0.187085277604222 0.918057554407321
1463226126.87002  0.218198733222511  0.302197242466319 -0.581219550710844 0.232450583874938 -0.244167827086511 -0.183736385995635 0.923357860600815
1463226126.96621  0.194424660155172  0.277858086623725 -0.549287373332654 0.220705582482946 -0.240013342711844 -0.176840087269366 0.928660446404235
1463226127.107  0.158766827635376  0.250597354779518 -0.495282075171149 0.207997587235498 -0.228049160666529 -0.173837987973337 0.935152895499386
1463226127.25021  0.124779210189869  0.220030469666744 -0.436949910574306 0.208340593341386 -0.211986080484749 -0.159004667613882 0.941474170927632
1463226127.34419  0.105932039594148  0.192771115943825 -0.398918415843853 0.207603542262956 -0.202244169494685 -0.151716606977837 0.944976262301022
1463226127.43906 0.0905987167896768  0.164311184660384 -0.365147135316978 0.208318006715893 -0.18990024110721 -0.14641675613966 0.948210757177369
1463226127.58352 0.0670354673593184  0.127994277035028 -0.321725309717634 0.203380602962528 -0.180482696955613 -0.133986223533039 0.952948066969854
1463226127.72344 0.0401410962866339  0.101843800045731 -0.280720064867384 0.181738221088008 -0.174948843870754 -0.116011827801185 0.960679643187198
1463226127.86933 0.00867482180752405  0.0792495915083492  -0.238080529976231 0.152776548760164 -0.168122500076787 -0.116244779837647 0.966892601211407
1463226128.00797 -0.0213306606730083  0.0516985303266934  -0.193714636789356 0.139381539853498 -0.135748977265694 -0.121212713876737 0.973371706756479
1463226128.1037 -0.041736239821551 0.0327801195345618 -0.165716519199799 0.112321263859851 -0.119267262275266 -0.126426033009833 0.978353572085105
1463226128.24506   -0.07044379609706 0.00549527905891922  -0.132808350407824 0.0974942948552446 -0.113876624617185 -0.0823497877891577 0.985264172335296
1463226128.4349   -0.102161614025278 -0.00700594758861529  -0.0953427496686567 0.0756917788264156 -0.117642343744522 -0.0580316909689584 0.988465151848902
1463226128.62445   -0.127778487412195 -0.00358300051108845   -0.066489546732044 0.0520013306350199 -0.132906159117676 -0.0654659084472262 0.987596086116158
1463226128.86163  -0.150594558963505  0.0024435698924037 -0.0400008929120292 0.0290601499257961 -0.167593972027167 -0.0808077261769957 0.982108893970802
1463226129.24087   -0.160054680379169  0.00617057804791484 -0.00723611035597237 0.0168968083503308 -0.203091131922774 -0.0803459071089059 0.97571154815998
1463226129.62023  -0.135938946683862 0.00969360466626759  0.0090093089111206 0.0261787563483276 -0.215131692504157 -0.0670647410026054 0.973927794094924
1463226129.85734   -0.103020240960892   0.0241707008913135 0.000485455860915865 0.0396275201274502 -0.221422328248573 -0.0715767700063814 0.971739974580126
1463226129.99995 -0.0745691456485607  0.0386374356063614 -0.0117430084489729 0.0461017938085231 -0.225604680947429 -0.07952885920552 0.969872317934538
1463226130.14184 -0.0419329256758254   0.049829423585468 -0.0239579156361722 0.0489799484468398 -0.219926572627879 -0.0884581887707202 0.970262034783235
1463226130.28422 -0.00669235171169231   0.0546534187665673  -0.0361923405875153 0.0530632894072587 -0.212246315175019 -0.0979464849715292 0.970846164484173
1463226130.47601  0.040104341373276 0.0584484081106274 -0.048234036162816 0.0521303172351994 -0.193390726685443 -0.134826273968427 0.970414515918236
1463226130.6162  0.0718044802597847  0.0555726279826622 -0.0521386795288533 0.0724371813329122 -0.169158254182493 -0.1326089729095 0.973936959000099
1463226130.75829  0.103664036569924 0.0546876596050548 -0.052035551248591 0.0835957315809708 -0.152921440673721 -0.12659861696789 0.976524232584903
1463226130.90053   0.133872792798318  0.0537746743074161 -0.0523163037234346 0.098002010492886 -0.136208900992652 -0.131717277357108 0.97698172965279
1463226131.13949   0.172719177738441  0.0565044617320273 -0.0518107910004428 0.108174903680679 -0.128664616340481 -0.12699509743215 0.977556060767786
1463226131.42415   0.188902430061868  0.0456281218087519 -0.0508541334105322 0.138533926508298 -0.132278532871386 -0.0893880200558072 0.977404994267008
1463226131.70804   0.176371685108865   0.036445145260033 -0.0260761317470102 0.132812663687157 -0.109982245158797 -0.0291220256857288 0.984589564099738
1463226131.84907    0.160851570924896   0.0272618333310793 -0.00729920425022465 0.110070629966905 -0.0821999993865276 0.0275980146130263 0.990134317205985
1463226131.99207  0.139075315419526 0.0132641098232764 0.0145286236681692 0.0789297612660276 -0.0626539698736652 0.0630353510477176 0.992910427663971
1463226132.08603    0.128752029661939 0.000109404891446212   0.0272197043744853 0.0512392087988165 -0.0386343280941583 0.0841047140807141 0.99438841970519
1463226132.22823  0.115932627848755 -0.018182697038464 0.0471399145254043 0.000394459871331151 -0.0228582573960505 0.0976593477514158 0.99495728363935
1463226132.37269  0.108303279440147 -0.037229252682151 0.0686208644864933 -0.0464268523275969 -0.0106480468643004 0.0882591042275183 0.994958037809577
1463226132.51365   0.10547142641168 -0.060131255103055 0.0933593802414574 -0.0686053069485862 0.000118646802749568 0.107212896668305 0.991866267482375
1463226132.65634    0.10618199762793 -0.0849430279335766   0.121672709949758 -0.0931662677897113 0.0154859081972593 0.119923633160971 0.988280605598893
1463226132.79742  0.109183871321132 -0.114565650724604  0.152098146949621 -0.11078731616292 0.0206744553817151 0.123172255694701 0.98596517834007
1463226132.89215 0.113476050823554 -0.13454266173264 0.171865340024157 -0.114906200290848 0.0218514127678192 0.140021774345429 0.983215634336603
1463226132.98698 0.118360289758379 -0.15441463121189 0.189973431234658 -0.120606232586837 0.0290471628299428 0.14840259160566 0.98111521739165
1463226133.12976   0.12174785950471 -0.179643717147824  0.211646971277901 -0.140175525252707 0.0333693151168924 0.148314167223415 0.978386538505913
1463226133.27158  0.117949722432757 -0.201449131348346  0.227214167737828 -0.160899823576016 0.0383719824871724 0.153984448763426 0.974129163546721
1463226133.4138  0.102708691247181 -0.221641987355593  0.236614577147356 -0.158621243395022 0.0200018602786392 0.152656610494535 0.975261598752628
1463226133.5561 0.0770266139538013 -0.235099812082042  0.236098419914654 -0.164092184434064 0.00431669111260611 0.144268440055271 0.975828744396021
1463226133.8406 0.00829331560163142  -0.248103254574796   0.217406558891335 -0.139742664712788 -0.0186467458070464 0.131393415218122 0.98125432838133
1463226133.93614 -0.0156993479291507  -0.244127838830285   0.206379432380175 -0.122985850517813 -0.0287014212837418 0.137163516209442 0.982464695961013
1463226134.03253 -0.0393476829376548  -0.236283354807145   0.192458779279686 -0.113839756708807 -0.0414976282339576 0.136631988582314 0.983183683926599
1463226134.12519 -0.0609229060380703  -0.224578484637139   0.176056834852532 -0.0910431120809255 -0.0492919741748781 0.135601668763125 0.985339352940508
1463226134.21991 -0.0815313889142232  -0.208410584514675   0.157878952822309 -0.0763029518861428 -0.0580124039167375 0.142020429085039 0.985211966151327
1463226134.31476 -0.100959274411984 -0.188596563898411  0.138890364424811 -0.0684999822292857 -0.0715115865405725 0.141952119888394 0.984907833801838
1463226134.4096 -0.116236563775431 -0.167416383143355  0.119345614198535 -0.047883936963836 -0.0837488764862815 0.134106061220988 0.986260015721981
1463226134.50468 -0.127256541488516 -0.142201579353109 0.0988812795151491 -0.0455419662740217 -0.100250019474753 0.122594843496729 0.986329745699287
1463226134.59931 -0.132793879438071 -0.116112773837561  0.077494835468609 -0.0442759117086063 -0.113653284584552 0.106570095262145 0.986795515464745
1463226134.69412  -0.133042921381187 -0.0940580122339193  0.0553589508586837 -0.0181527904802706 -0.13055034712383 0.102684660886116 0.98594266744184
1463226134.78918  -0.126272254457232 -0.0718294084454279  0.0321838647353384 0.00491649698452984 -0.141253213872133 0.101835532222761 0.984709541948844
1463226134.88391  -0.114063759887619 -0.0467562409373044 0.00821449909691714 0.00789397167588208 -0.146029889539136 0.0989626617521034 0.984286212517125
1463226134.98526 -0.0981015514757661 -0.0228352567138764 -0.0170117159447447 0.0124504521584554 -0.148406803430648 0.0989847675823349 0.983881305200591
1463226135.07352   -0.0819758506658185 -0.000946357714778273   -0.0411524677327663 0.0194321615132804 -0.151410530755656 0.0954827187126924 0.983656592872963
1463226135.21766 -0.0596653693697656  0.0268957710146661 -0.0741924036299235 0.027797140937633 -0.15312417521848 0.0843752648992281 0.984205832431681
1463226135.54762 -0.0159100811340508  0.0835362822939241  -0.135156704488462 0.0456455628086754 -0.170047292993876 0.060686275559236 0.982505764207052
1463226135.7381 0.0154328695578901  0.109839795090274   -0.1664746882026 0.0666114767792355 -0.154512557594625 0.0490324252415603 0.984522524872737
1463226135.92888 0.0452938072377101  0.142723767434569 -0.202478588093366 0.0574152562846033 -0.161422991349567 0.0485518309538908 0.984016679696313
1463226136.11686 0.0747499849428641  0.174094132840636 -0.226250734634015 0.0408641136796418 -0.153309197755693 0.0545367562209035 0.985825621658103
1463226136.30639  0.105758707019354  0.193805053257342 -0.228763831434584 0.018308579240638 -0.136041511772431 0.0660312527314287 0.988330600894042
1463226136.49912  0.136228865956983  0.198877424530866 -0.209592243511059 -0.00288936494305899 -0.126919401964388 0.076282286817302 0.988971248163035
1463226136.68566  0.165424772330139  0.186090263975976 -0.178355852299224 0.0116207945144821 -0.120696807126622 0.0901779690002086 0.988516652257962
1463226136.87549  0.182990628226004  0.166639900588689 -0.150609722618863 0.00628186994057448 -0.129427235656174 0.0886689806535526 0.987596547508299
1463226137.06508  0.188030722060671  0.138792925619686 -0.122090495087829 -0.00538361704104582 -0.120515107091036 0.0951603824014876 0.988125309488424
1463226137.20814   0.183530740587107   0.109324947924002 -0.0981344117383118 -0.00277820879044234 -0.115814016455634 0.109169372226651 0.987249433180881
1463226137.35046  0.170473467479264 0.0775600980310726 -0.069870274963432 -0.00334061014215363 -0.114338158796936 0.111089015193062 0.987205579638932
1463226137.49201   0.151643111707301  0.0479951501029549 -0.0360607532093381 -0.000539408371777027 -0.127829480919663 0.104838930573555 0.986239388527254
1463226137.7766    0.119579059932698 -0.00953620837361445   0.0295636542716085 0.00438329142695853 -0.128467480193165 0.0812956085885569 0.988366287017774
1463226137.91867   0.105823028954259 -0.0295086323758143  0.0593568077786336 -0.0194973524147328 -0.136307203905858 0.0729608709930385 0.987783838051686
1463226138.06092  0.0956824683999703 -0.0496465401151627  0.0905147386305462 -0.0279801160715332 -0.139621937178531 0.0782960768898958 0.986707936578393
1463226138.20313  0.0881298881649238 -0.0713597136248675   0.123113227686227 -0.0352666970140502 -0.148941644201366 0.0745115412497803 0.985403814141642
1463226138.29799  0.0860713547327003 -0.0888818518414114   0.142842970442632 -0.0502379485148005 -0.143892327279526 0.0584485522529135 0.986587509255334
1463226138.44029 0.0840432634620984 -0.117844898464556  0.166917986480556 -0.0409276187226514 -0.141345483881827 0.0616859511533966 0.987188547159157
1463226138.62993 0.0720631703968313 -0.140927960659005  0.182569666216292 -0.0278265956578464 -0.157979682201023 0.0627023023306859 0.985056608458717
1463226138.81961 0.0522037225284864 -0.148113115200601  0.173243435792921 -0.00540222186805141 -0.180578630088026 0.0606739566448566 0.981672473556979
1463226138.96189 0.0380753973566697 -0.140778530945673  0.149904342772685 0.0107900900076044 -0.188657718207368 0.0626429357813182 0.979983521246717
1463226139.10429 0.0263537640275847 -0.121713186391028  0.114947945931267 0.0173371342204245 -0.198686249363831 0.0668623742295919 0.9776260128511
1463226139.19894 0.0198464700050423 -0.105102050575797 0.0862901832725142 0.0211684286781714 -0.20492759615188 0.0636075367471759 0.976478703931461
1463226139.34138  0.0140343196733504 -0.0756391232323856  0.0402334433253136 0.0194532330142921 -0.211448501761744 0.0600150317761267 0.975350859326487
1463226139.48361   0.0143009614813189  -0.0432834269809845 -0.00497128787359386 0.0145921352254785 -0.210339253838932 0.0602632205403693 0.975660192963793
1463226139.62596  0.0141015300792813 -0.0120549248098465 -0.0466546392955187 0.00803674011750549 -0.21491373974317 0.0620215070869248 0.974628558958004
1463226139.768 0.0149724348192842 0.0154551846626187  -0.08560730817427 0.0200625910266038 -0.22199557046725 0.0533235228132082 0.973381765315649
1463226139.9102 0.0183975096988117 0.0438837345956855 -0.120054505601776 0.0331086742493033 -0.233151964768007 0.0336122248665105 0.971295112390562
1463226140.09982 0.0317914553884995 0.0810126991904335 -0.163697016598989 0.0348518732694432 -0.235155519810771 0.0116409996006599 0.971262948722144
1463226140.28963 0.0538708273445592  0.114481120070487 -0.208777862661998 0.0365723373099165 -0.232125414177642 0.0180408947435923 0.971830634603272
1463226140.47917 0.0790051158131638  0.146485645466859 -0.257205700645916 0.0349507644935333 -0.227104984280487 0.02691543351104 0.97287066438206
1463226140.95353 0.118724830170428 0.213723697502788 -0.35534833866006 0.0171233790260521 -0.211123959451517 0.0338821000387711 0.976721796077679
1463226141.19056  0.129999765176228  0.245261096537861 -0.383435225434888 0.0165480837645407 -0.18776778326712 0.0413964973648175 0.981201177382395
1463226141.42762  0.144589569133963  0.272889855303414 -0.409458689439839 0.0159738369807349 -0.15855849045956 0.0523317123938584 0.985832355683879
