1463224708.88848   2.6946843076472e-05  1.83141556310736e-05 -7.41449785198922e-05 1.54707962953086e-05 -3.64542868190235e-05 -1.65356016042872e-05 0.999999999079157
1463224709.18838 -0.0161410700938401 -0.0252037004227594  0.0365281947970794 -0.00719169944379439 -0.00167973147790543 -0.021475751089402 0.999742091779884
1463224709.22164 -0.0202182865463262 -0.0280607479868269  0.0413330660080467 -0.0137723105881396 0.000670041632348654 -0.0208079978124736 0.999688402319598
1463224709.42836 -0.0520573225945345 -0.0470239578360753  0.0709450849117346 -0.0143252109028361 0.0220074480038591 -0.00530438189675281 0.999641097643369
1463224709.59094 -0.0832980269059463  -0.066346372214385  0.0953014795447163 -0.0229856858865367 0.0499646038487933 0.0138934515221794 0.998389787914199
1463224709.75735   -0.11404730763669 -0.0841922539076709   0.116446312907839 -0.0277563083117766 0.0743166041388015 0.0376498004113494 0.996137100115824
1463224709.92413 -0.144275648062804 -0.100865235481093  0.136788402116629 -0.0291146548897814 0.0886215085646899 0.0510877326326168 0.994328219787021
1463224710.15483 -0.178101195012014 -0.112716453480307  0.159557404566504 -0.0275113766457417 0.0885525099959278 0.0572677918924418 0.99404324711767
1463224710.32152 -0.203439863086059  -0.11331245816133  0.169202681213485 -0.0322284761465599 0.0619995956124779 0.0406183161709739 0.996728412287216
1463224710.52148 -0.223438313844965 -0.107033266555288  0.171091410895814 -0.0307361476005529 0.027177047895931 0.0224933941375398 0.998904772497615
1463224710.75724  -0.238390900253476 -0.0973295404492271   0.163956829161411 -0.0223879753610627 -0.0114678609059306 0.0111078897367836 0.999621869264108
1463224711.02132  -0.244202346297398 -0.0748600141182166   0.146913779031498 -0.014814847843426 -0.0423991435054829 0.00449951584578845 0.998980774224675
1463224711.22399  -0.241551009884759 -0.0539211054098268   0.128187560203346 0.00411527309406754 -0.0693806394713031 -0.0033309723090411 0.997576210631243
1463224711.42394   -0.22417905915035 -0.0249946040475072   0.107380993268991 0.00418189221678467 -0.0822934980246933 0.00141684140345737 0.996598356671726
1463224711.59018   -0.202878383251691 -0.00041102040504578   0.0891326316192856 -0.00696156358552218 -0.0900529784068404 -0.0102423184390562 0.995859976415106
1463224711.75714 -0.172502008668762 0.0212027320643351 0.0686408898153393 -0.0151153178300586 -0.112284271895547 -0.0167129144549053 0.993420579584602
1463224711.88772 -0.146896749112303 0.0381614272691958 0.0478544384270233 -0.0225971777033676 -0.130031138756532 -0.0238788249586438 0.990964717955244
1463224712.0545 -0.115035479600559 0.0519385493467548 0.0223731818382851 -0.0218008089217468 -0.139553277433878 -0.0205232794488959 0.989761790780228
1463224712.25704 -0.0810776494566485  0.0655323219113012 -0.0034248241658056 -0.0162857942948369 -0.132955120902774 -0.0154536977868301 0.99086774695447
1463224712.42431 -0.0518491990492605  0.0779126160447819 -0.0241904044092482 -0.0104873288547837 -0.116851133970747 -0.0110086562915738 0.993033049757105
1463224712.59022  -0.016453739769933  0.0929987299655501 -0.0457552317422505 -0.00334141202676823 -0.0921164684098511 -0.00488523847941319 0.995730649150845
1463224712.78763  0.0274168427873003   0.113449331820763 -0.0777605439274882 -0.00342150289988872 -0.0731081084886594 0.00316353692677462 0.997313135291634
1463224712.95432 0.0658574436574222  0.123501778738708 -0.103243594165208 -0.0137419432211615 -0.0439064238807066 0.01838138967093 0.998772000735042
1463224713.09017  0.088154754092969  0.121623500956865 -0.114363203075021 -0.00533276316219744 -0.0380357796408898 0.0236615485987662 0.998981967916375
1463224713.38749  0.113558686604618 0.0963892075305706 -0.110548344727791 0.0261215937045107 -0.0614100476989546 0.0153823452062464 0.99765216976655
1463224713.6542   0.124290113069955  0.0675671437906553 -0.0861798882599626 0.0496435338289996 -0.0930889355653439 -0.00751043997075684 0.994391051305132
1463224713.92376   0.117160683872074  0.0371650899495292 -0.0628876128836442 0.0528774639560753 -0.127563902201792 -0.0290194102518024 0.989994595181844
1463224714.22094   0.0842321604946643 -0.00767614003946204  -0.0250561025484129 0.0606965602918772 -0.110386377746458 -0.0324514272030405 0.991502738296388
1463224714.38734   0.0498069713103392  -0.0424968242866493 -0.00486010444329864 0.0668425094949646 -0.0939786869712656 -0.0192042487093555 0.993142125856658
1463224714.52066  0.0180991809324249 -0.0726814706311578  0.0075177880067153 0.0698508481016025 -0.0798705840674774 0.000695340276378919 0.994354597375658
1463224714.65396 -0.0105791391295008  -0.100690198445216  0.0173807313806894 0.0690770599144322 -0.0678062070365899 0.0296518485015205 0.994862526161948
1463224714.82088 -0.0418498936920587  -0.129692919727057  0.0324323095622767 0.064856333568375 -0.0578814184687282 0.0545509681761413 0.994719854664197
1463224714.98725 -0.0708388118106398  -0.154594898500865  0.0505679341333243 0.0648740470094378 -0.0531889371029519 0.0642363310627019 0.994402327413848
1463224715.15501 -0.0995113269725973  -0.180372774811169   0.069075542693808 0.0691072689206615 -0.0458862619285756 0.0782683517661117 0.993475063330915
1463224715.28723 -0.124865219624147 -0.201160056710523 0.0848241789920452 0.0710001615227544 -0.0469633351523725 0.0999379803695532 0.991345460621454
1463224715.45384 -0.156410675400314 -0.216311096798756  0.104938734581141 0.062812518617188 -0.0391719830988905 0.10629206605178 0.991575584582189
1463224715.62035 -0.190468187864104 -0.219476336630795  0.122813204112785 0.0573740257226031 -0.0254900309033219 0.0950868158281519 0.993487280720087
1463224715.75831 -0.219993156207186 -0.215558223018442  0.134341218757449 0.0471414264415433 -0.0146680563209001 0.0903419703921165 0.994686313579559
1463224715.88711  -0.25100863773819 -0.207759006122878   0.14487944866211 0.0375784524276742 0.00723022514686605 0.0976175778734607 0.994488005079793
1463224715.98708 -0.275187668521191 -0.197717328478323  0.151471850207864 0.0179115890696148 0.0221197950894843 0.0980668015256031 0.99477273388485
1463224716.12032 -0.303615882772649   -0.1828360987465  0.157599233303711 -0.00102923157971917 0.0432593409174881 0.0938356132877104 0.99464689603128
1463224716.25572 -0.324033753624437 -0.163926520939865  0.159603661613823 -0.014588183411545 0.0626513088348404 0.0886993147621067 0.993979089300557
1463224716.38689 -0.338836678266022 -0.140383443489229  0.159871217314487 -0.0385302458711955 0.0722870421215762 0.0894729028256928 0.99261503280696
1463224716.55367 -0.349047665600723 -0.112181392054656   0.15575603659427 -0.0575603762310366 0.0811484832049503 0.0869822364173771 0.991229447357931
1463224716.75578  -0.354560045776635 -0.0838060852108172   0.144857209714643 -0.0830337521012082 0.076204142096555 0.073710012337553 0.990891093319806
1463224717.08933  -0.347229278277311 -0.0539722719430489   0.107999425022318 -0.0796494824853134 0.0754637537426031 0.0713501795319845 0.991398171115749
1463224717.32015  -0.330288896515167 -0.0351643419598578  0.0711294266136768 -0.0744958916538338 0.0844085548925157 0.0747685726338102 0.990825523759839
1463224717.52007  -0.307800741593132 -0.0173123243434183  0.0312807643006788 -0.0595910118831343 0.0877282590908922 0.0716782295892804 0.991773610892411
1463224717.75591  -0.280188300850945 0.00904024418207802 -0.0246290661396928 -0.0541011947799426 0.0864548353931477 0.068572296908171 0.992419499131927
1463224718.01998  -0.257799493670212  0.0307039232576371 -0.0827056215940388 -0.0416769734019062 0.0816531043493964 0.0684929162600196 0.993430682463734
1463224718.38651 -0.238618069300684 0.0551068054811771 -0.140189722927815 -0.0162197327143239 0.0739310370648334 0.0582206100564782 0.995430300218878
1463224718.75712 -0.220888266292267  0.077723374111167 -0.202998941718338 0.00959938873141518 0.0664631624693365 0.0356065529992456 0.997107152293107
1463224718.95323 -0.218153519388396 0.0805827663129039 -0.226217190027196 0.0226757911275322 0.0485745404553252 0.0327085002933933 0.998026290497826
1463224719.18648 -0.222824184036783 0.0701348262282333 -0.230946581002323 0.0506795853135531 0.00598879161919006 0.00993123959029585 0.998647627788495
1463224719.5542 -0.232355608098806 0.0525852534473739 -0.211358278444576 0.0698547074889446 -0.0303970487010989 -0.0032363588384176 0.997088694777634
1463224719.85605 -0.273332167632301 0.0334011273250976 -0.181573257362624 0.0729032824350594 -0.0487057882873951 -0.0163640047905921 0.996014596752834
1463224720.05299 -0.324813192273658  0.013249188322293 -0.161587764665279 0.0740199108181953 -0.0480210396191501 -0.00962325988393817 0.996053424985612
1463224720.21988   -0.373609524943755 -0.00749864433362858   -0.148878834370808 0.0769788895319426 -0.0484519608055714 0.0002626799698991 0.99585470278538
1463224720.38623  -0.425044265181854 -0.0334001946205159  -0.136097264456479 0.0826009703224173 -0.0611827271176626 0.0162736729063152 0.994569716598278
1463224720.51954  -0.465418419704798 -0.0505634528289487   -0.12516400157096 0.0928992310986235 -0.0746201598216856 0.0161156590420055 0.992744604691011
1463224720.65286  -0.505125590011165 -0.0650912554817273  -0.109077264865335 0.0986048164980804 -0.0906940242951925 0.00407342687578232 0.99097683692103
1463224720.78614  -0.546412107293417  -0.081727787888928 -0.0890641933760691 0.0985472587705068 -0.103574595140192 0.00264686075077526 0.989724070212769
1463224720.88614  -0.579296678533727 -0.0972922235694734   -0.07174490090741 0.103094837008564 -0.11087418888789 0.010514147022119 0.98841682580429
1463224720.98612  -0.613178460549646   -0.11492882140377 -0.0568183400530274 0.108274509357166 -0.123913459063655 0.00494253706931336 0.986355745465936
1463224721.08854  -0.644140007075202  -0.132966902739549 -0.0428425467356457 0.116747237655554 -0.13581837943933 0.000237072180085308 0.983830978422134
1463224721.22248  -0.678989434910537   -0.15138151190854 -0.0253079090348043 0.114528138131443 -0.146460282106835 -0.00378131229351729 0.982557068581093
1463224721.35301   -0.713235578501649   -0.170784265112458 -0.00251775573624491 0.124523463050742 -0.156554114227621 -0.00577986465905499 0.979771049599231
1463224721.48605 -0.744942939543872 -0.188721246553538 0.0283944299442871 0.132833920676318 -0.154091066708618 -0.0195120193071515 0.97889242196521
1463224721.58797 -0.768365890788802 -0.204508091211488 0.0577148959391311 0.142019006904608 -0.146692335963773 -0.0180723797257582 0.978767260046212
1463224721.68605 -0.788935177605383 -0.226371135509615 0.0863011862105052 0.147941550687266 -0.130339897776842 -0.00979270636522093 0.980320820716266
1463224721.78601  -0.80897226186194 -0.247292343096719  0.112988898637036 0.148066462443479 -0.121045572011593 7.83229509927911e-05 0.98154179027761
1463224721.92194 -0.836042352731253 -0.272098851651375   0.15100853091847 0.144151524416286 -0.114032272873184 0.00667223402190558 0.98294072051421
1463224722.01927  -0.85336051810626 -0.284959329336405  0.183238680951163 0.143694222654386 -0.109442565791006 0.0140628466817745 0.983451336626291
1463224722.15249 -0.871024222827748  -0.29841693504942  0.238824443674806 0.141050016116517 -0.0993446468193987 0.0100039593428326 0.984954544585346
1463224722.25261 -0.886434218738356 -0.312342693284797   0.28687847028132 0.12938146030966 -0.0907769308512641 0.0151688782498453 0.98731448469371
1463224722.35262 -0.901778679607874 -0.332975033980315  0.332363996179324 0.128737424176357 -0.0848162562455835 0.027490338967635 0.987662472485598
1463224722.48574  -0.92370938288436 -0.367398631660279  0.383683858200867 0.136211560601039 -0.0990619082514625 0.0297411055412725 0.985265758936842
1463224722.65233 -0.948002939582181 -0.400301281687232  0.440813983266023 0.116711600279109 -0.113980414796961 0.026571985449136 0.986245809619637
1463224722.81965 -0.974527257809084 -0.417240394911052  0.502351410408785 0.0963042400922586 -0.128974247297316 0.00471950588444592 0.986949270802988
1463224722.98612  -1.00650372901006 -0.439034447899544  0.572430146353746 0.0908675286048757 -0.139149915826264 -0.00514301667546565 0.98608008931844
1463224723.11905  -1.03279913137556 -0.467328045553551  0.623985377345211 0.079670543159933 -0.151873468045615 -0.0134762203876161 0.985091592564094
1463224723.28566  -1.05363097795688 -0.507839229048122   0.67770194832849 0.0846117868572794 -0.151450569757643 -0.00228161040382365 0.984834181321337
1463224723.51897  -1.07599322421799 -0.532573831577175  0.750908385043492 0.082070423106399 -0.155426592334022 -0.00818168493638247 0.984398334048861
1463224723.71894 -1.10103467197185 -0.53084493439109 0.826918988022435 0.0877640038191036 -0.190870609378011 -0.0272954338506662 0.97730284426078
1463224723.88556  -1.11840032900688 -0.541166630703368  0.886884440099249 0.0976232343340739 -0.221327065153112 -0.0318845939297393 0.96977698829102
1463224724.08799    -1.136381227914 -0.557553675886923  0.940232765312571 0.072414524700579 -0.236723953352189 -0.0401573953326206 0.968041987788649
1463224724.2854 -1.16478351793675 -0.55580026135384  1.01302749538637 0.0832889004002726 -0.249548852237268 -0.0570208361943174 0.963087199404538
1463224724.48547  -1.19635139210053 -0.559159159611994   1.08140712557412 0.089406160918109 -0.263496234184806 -0.0603676041873523 0.958609422718654
1463224724.71874  -1.21280172096232 -0.571711358739189   1.13764756343831 0.0762309534410362 -0.292871393932593 -0.0673101112235267 0.950728424567461
1463224724.92316   -1.2130824555079 -0.569906481759286   1.21147882020167 0.0849354559929314 -0.297017116486349 -0.078523738234499 0.947840083222422
1463224725.11862  -1.21378987488942 -0.581415637307536   1.27779739641274 0.103691074133858 -0.308583474469703 -0.0919561128910024 0.941046477986688
1463224725.28528  -1.22771277416656 -0.596144933656676   1.31739676313728 0.0832321087951162 -0.324979070837669 -0.118496759465837 0.93456917217459
1463224725.5186  -1.25394065597909 -0.607445206630354   1.38914829291408 0.111322112964027 -0.340113331875668 -0.142843846127902 0.922781634119928
1463224725.71855  -1.28576824895204 -0.614248468511867   1.44029171035754 0.105516737689705 -0.369965904648361 -0.152421760654797 0.910362045750993
1463224725.95209   -1.3168109033838 -0.624075513015113    1.4921680687258 0.106066957612977 -0.399433926646626 -0.154239693764506 0.897447745338867
1463224726.11853  -1.33885926910786 -0.615949876567231    1.5422228397603 0.105618915150017 -0.431603982919789 -0.162863288088334 0.880930301490058
1463224726.2852  -1.35795032179764 -0.614951973679181    1.5824040095515 0.091139420827412 -0.449519633503402 -0.173709207696924 0.871464753290411
1463224726.4212  -1.37748030825346 -0.612260874722916    1.6098868490506 0.0510237950149834 -0.460386646572886 -0.189275567164013 0.865803365478781
1463224726.58743   -1.4050366499229 -0.612422250695824   1.66211249988048 0.0625988574403176 -0.450814465483337 -0.209351664090315 0.865459173792014
1463224726.785  -1.44303170683357 -0.606736146357972   1.72165188911015 0.0504097912889579 -0.467811583139669 -0.246085511635285 0.847380137002137
1463224726.92227  -1.46381974918346 -0.608457353301852   1.74958365771324 0.0252827728853482 -0.497080702719952 -0.257522270204056 0.828223301246479
1463224727.11881  -1.49770021280053 -0.613308956592001   1.80320550061844 0.0347107883504846 -0.506987891580643 -0.259261171360432 0.821305110167664
1463224727.28499  -1.52992019862449 -0.615468356614262   1.85783590617564 0.0556426758922382 -0.511083240422426 -0.259766559473252 0.817446725211064
1463224727.51893  -1.57024076699546 -0.627128771552904   1.91750965914891 0.0619550123348766 -0.517302452884361 -0.271486651443744 0.809230960093762
1463224727.7542  -1.62160457100362 -0.631484060723888   1.97169259277569 0.06580077211534 -0.525452742632621 -0.275829669590066 0.802176830270431
1463224727.95145  -1.67606792605424 -0.635593432922229   2.01952149726999 0.071141555517342 -0.532984227061536 -0.273252094421709 0.797621455125386
1463224728.18478  -1.7364615147966 -0.64249953298319  2.07368412109339 0.0684372757126171 -0.544721420699965 -0.274604284180766 0.789422193907174
1463224728.35141 -1.78172679266509 -0.64295676012916  2.11930836172986 0.0751610996737423 -0.551478307943076 -0.283820684964777 0.780812591951616
1463224728.5514  -1.82872189357538 -0.639788069253091   2.17577661071645 0.0730885271498153 -0.55549720358108 -0.312307352530209 0.767166892904173
1463224728.7538   -1.8866761952989 -0.633782058326218   2.22570218036662 0.0720955829207596 -0.561241758376504 -0.322283612017713 0.758909209986664
1463224728.95114  -1.95377008036642 -0.630990665747968   2.26892842857142 0.0705174364012655 -0.566815292052112 -0.325330857020474 0.753596410109282
1463224729.15118  -2.02206403460369 -0.631539029001991    2.3089057377023 0.0773493380408268 -0.582282833667375 -0.32320079804719 0.741960258816197
1463224729.31779  -2.07927822876031 -0.631220755089348   2.34599302617321 0.0796442385989237 -0.595971886390706 -0.326092892771693 0.729477711224743
1463224729.48498  -2.13614512058262 -0.629076936345318   2.38113822679328 0.0872296873862366 -0.603377486204455 -0.331664492553219 0.71994809198963
1463224729.65157  -2.19420962628555 -0.624639977364572   2.41404481865794 0.0866964081017153 -0.612610285244011 -0.339060958865985 0.708681901425732
1463224729.81776  -2.25748588084596 -0.623044308931428   2.44171822774169 0.0932405662676815 -0.617926157705853 -0.339652907220941 0.702929130881148
1463224729.98442  -2.31746516371367 -0.618584547021174   2.46757693041759 0.0924631167689931 -0.627486302486204 -0.339552349970832 0.694561526330707
1463224730.11775  -2.36677484984661 -0.612590085443223   2.48933624649465 0.0970691275806787 -0.651435856144346 -0.331880050927883 0.675325507882173
1463224730.28425  -2.42410260848127 -0.605947006758969   2.51941436462779 0.0985560606438404 -0.664881509783385 -0.342442535021995 0.656469642151292
1463224730.48429 -2.48821559348125 -0.59614749785562  2.54877210040792 0.0888767151164276 -0.678867672767823 -0.343828899062547 0.642667332723821
1463224730.65282  -2.54779544892248 -0.590370099159858   2.56763185267964 0.09200052302903 -0.685523346555352 -0.32956469909105 0.642635786587521
1463224730.81761  -2.60746474324005 -0.583194440953628   2.58543884951988 0.0959224393102544 -0.679303054221207 -0.305022253626669 0.660535896795185
1463224731.05087   -2.6868492087994 -0.567958824967364   2.61408412145734 0.0689125173921437 -0.678195336394221 -0.29442943460065 0.66978612905953
1463224731.31747    -2.770964182846 -0.551272833736915   2.65099070602569 0.0480164992243127 -0.686931277485905 -0.305903200278282 0.657451950999714
1463224731.55089  -2.85510000384345 -0.528407258732878   2.67500175524515 0.0294826907196031 -0.688194341891677 -0.303786180272738 0.658204584769442
1463224731.71818  -2.91566958644166 -0.512250659428946   2.68267530000848 0.0270907698258569 -0.691101775430481 -0.310658106065028 0.652024514357528
1463224731.88702  -2.96702807462489 -0.491201412929935   2.69319416636044 -0.00422532414062551 -0.691836854285005 -0.32542643856442 0.644547551986829
1463224732.05067  -3.01933667493156 -0.470139368705196   2.70788440188119 -0.0202590771609954 -0.696550942880707 -0.356645507093109 0.622262272707322
1463224732.184  -3.06511510405044 -0.461477358035763   2.71937025349655 -0.00554593710881836 -0.712624924114897 -0.366891000631349 0.597934740391918
1463224732.35064  -3.12070261601972 -0.448529754704827   2.72824997056686 0.00827794962401189 -0.722842312277948 -0.39458502783963 0.567215235105238
1463224732.51725  -3.18510461133131 -0.434587668726905   2.73484244567407 0.0190918641268226 -0.7384646028831 -0.392041072473458 0.548278513628548
1463224732.65056  -3.23455189726355 -0.424810436765738   2.73561464993778 0.0386531919988675 -0.757029483818905 -0.394584159919564 0.519341537061838
1463224732.81725  -3.29183830018106 -0.412397055699571   2.74032969124928 0.033115954476141 -0.767074545618759 -0.400064901164149 0.500447849310423
1463224732.95055  -3.33782749270623 -0.400462255335717   2.74588786496368 -0.0398702704420028 0.778369285617139 0.40615963068189 -0.477059714445789
1463224733.08622 -3.38566677294278  -0.3928724378343  2.75818440900565 -0.0546667596808154 0.788104549120514 0.414404171473894 -0.451853900842504
1463224733.25369  -3.44474156126581 -0.378350605826019   2.76571488109231 -0.0533630838446469 0.796491177499133 0.41442220492268 -0.437045102381504
1463224733.3838  -3.49806363809264 -0.367420175661307   2.76856187967233 -0.0525025504103213 0.797729570467104 0.416345693794558 -0.433044198508086
1463224733.51709  -3.55204339432216 -0.361168594858724   2.76676655965055 -0.0738012918087657 0.806151440203354 0.405962705499415 -0.424107894914738
1463224733.6838  -3.61035568545778 -0.350213501739332   2.76188632676403 -0.0875760880368522 0.817276028196311 0.405327085443833 -0.400125325798595
1463224733.88373  -3.68357223935927 -0.327218664402447   2.75646937991414 -0.0881572115339238 0.8271296204621 0.408508503915682 -0.37577346797952
1463224734.05028 -3.74632494711998 -0.31041087908082  2.75656803755907 -0.104051681445146 0.837722181337373 0.40796730256222 -0.347789411172763
1463224734.22047 -3.80448199919383  -0.2861646259987  2.74946078945423 -0.0981901310815427 0.839136778095511 0.421965261635481 -0.328866969728755
1463224734.35036  -3.85808578093346 -0.261965467507099   2.73837880018855 -0.0939036551050934 0.842639611261693 0.421483019702247 -0.321702740419353
1463224734.48362  -3.90862265119411 -0.239727892712572   2.72209991068976 -0.105398400862044 0.851270248459893 0.413921089419869 -0.30479414842845
1463224734.65017  -3.96405648479934 -0.213671881306875   2.70102446030232 -0.101483313190016 0.860090400789328 0.413568194858375 -0.280903876469541
1463224734.78357  -4.00744552808638 -0.196357341285363   2.68535377159604 -0.110110848987265 0.870734420777582 0.410335034567773 -0.247633456573817
1463224734.95014  -4.06387730289322 -0.171634315219445   2.66930297733494 -0.119933457247724 0.877811666903602 0.405982798320254 -0.224144174023291
1463224735.1168  -4.11969880957877 -0.142681409168039   2.64629298067445 -0.119744968010132 0.882470668819085 0.405928568939007 -0.205252669238136
1463224735.28343  -4.17839308011632 -0.111423548701281   2.61730076774009 -0.113672751496855 0.88848645755017 0.3943601752441 -0.205305558859294
1463224735.45004   -4.22965212878009 -0.0792963304047298    2.58860520611805 -0.108545582789479 0.895721720293907 0.388887867133938 -0.186189911237512
1463224735.64999  -4.28792903519899 -0.045306500783173   2.55820771488355 -0.0984293193480743 0.90222823641657 0.39046887632455 -0.154369476021536
1463224735.81667   -4.33771671017657 -0.0164360212157328    2.53808686081102 -0.114272816524057 0.904384786157536 0.391560556537225 -0.125340386686442
1463224735.98321  -4.38347113905108 0.0139371205125749   2.50977298156985 -0.110293126969013 0.909788471025471 0.387306757416473 -0.10056758817865
1463224736.18324  -4.44422064743406 0.0539697957757919   2.47291802531739 -0.113054892628241 0.912245290791742 0.382025390244121 -0.0953085614723799
1463224736.35076  -4.48865412036236 0.0856907703992684   2.44226042892203 -0.116124493282062 0.918782095812644 0.37027763503633 -0.0724502275083536
1463224736.58625 -4.55881746686995 0.135155593621858  2.40720545376417 -0.122614440964024 0.916425889339954 0.379049462635427 -0.0380892778922008
1463224736.75206  -4.6134568054173 0.169962256334223  2.37845247648404 -0.136652124931633 0.915542948045023 0.378212546548655 -0.00791054169312174
1463224736.91921 -4.65725990413835 0.211361050537864  2.34287649818104 -0.120917529890835 0.915195985614312 0.38426899089128 0.0115152733334563
1463224737.086 -4.70582380055129 0.257969400874877   2.2976821697254 -0.117599760908574 0.920343234818983 0.372987300987357 0.00437031570293832
1463224737.2523 -4.74375040216074 0.301191767096603  2.25539539619473 -0.108435141820632 0.924310926827124 0.365217409986683 0.0225249641274092
1463224737.41932 -4.77703458987617 0.340741618221074  2.21392337497398 -0.0915078576828597 0.929183579223132 0.355516231944354 0.0430394808108975
1463224737.58587 -4.81422215959161  0.37759360051107  2.17096449293373 -0.091611359160028 0.933854609707528 0.339678728305989 0.0643528424957227
1463224737.75172 -4.84428081600262 0.414303991131584  2.12212463725373 -0.0787502498474136 0.938726925084982 0.326703616167411 0.0765173539309961
1463224737.94957 -4.88643803609781 0.469919890117754  2.06727364534943 -0.0752024261998314 0.946082536118053 0.307132934509444 0.0702978697096106
1463224738.15009  -4.9160979837173 0.519527930715045  2.01790829296546 -0.069210281400174 0.943576156299164 0.311718552884703 0.0877810799641424
1463224738.34949 -4.94736609820965  0.56452842096132  1.96886106372549 -0.0639453709909976 0.947522576130057 0.291859547359502 0.11370999018464
1463224738.58549  -4.9814264064524 0.620855797992158  1.91075590471692 -0.0585074519775289 0.944544582370612 0.294459139766506 0.133064739827624
1463224738.81606 -5.01554130219094  0.68332995055084  1.84821248374889 -0.0635602862700313 0.946425297888949 0.283477268808976 0.140996041056792
1463224738.98273  -5.0287283932505 0.728091237495483  1.80556735169104 -0.0526484444981836 0.942794309516997 0.276341371708302 0.178892362935552
1463224739.14931 -5.04420438541891 0.773868134189761  1.76547605939179 -0.0507911883612512 0.936157986812212 0.278162027656201 0.208936270864466
1463224739.34932 -5.06719306930336 0.832187288558386  1.72687069280966 -0.0474668620494154 0.92560693279799 0.284283510549796 0.245319360412021
1463224739.54959  -5.0809481313631 0.888550356568907  1.67842024212932 -0.0297749629822216 0.916150273171743 0.300181216542917 0.263957128681083
1463224739.71627 -5.09111196611253 0.937171671446083  1.63401353823931 -0.0288227567721534 0.915096758878222 0.296022725088778 0.272282421051454
1463224739.88244 -5.09397844071529 0.985770335344617  1.59598398312375 -0.0246913431120783 0.905933900724828 0.302715246886536 0.295021328712421
1463224740.04921 -5.09573879581182  1.03194289194583  1.55579078137866 -0.0145138985439491 0.898851194293829 0.294322348236276 0.324392096997287
1463224740.18248 -5.09670314449365  1.06823714672832  1.52349364074921 -0.0128252635845896 0.893612625145015 0.27378637530755 0.355433551442987
1463224740.31581 -5.08953839699411  1.10564754931357  1.49243708945872 -0.0109560895092293 0.881134978569749 0.275675254215655 0.384036805341217
1463224740.45011 -5.08086310601501   1.1476680843686  1.45820113756608 -0.00160186361346207 0.870116308549477 0.280297549824173 0.405374305046288
1463224740.61575 -5.0662147984915 1.20670456422042 1.41741666225692 -0.00148391699485813 0.861119108581704 0.282420941374578 0.422741162768545
1463224740.74899 -5.05427930709186  1.25083854741986  1.38537744814295 0.00377628157718751 0.84286410201871 0.282858780285387 0.457773694789365
1463224740.88245 -5.03888745835027  1.29442428510661  1.35241707497677 0.00202668916438392 0.830720747027987 0.28068608726837 0.480743438231108
1463224741.11559 -5.00617665156722  1.37038002612396  1.29175785342244 0.0151500629250571 0.816781310003066 0.264499946506093 0.512521751266535
1463224741.41886 -4.94241796837195   1.4677534596041  1.19298328079545 0.0369492593043812 0.800136349176351 0.242888699567722 0.547194348093892
1463224741.84911 -4.84060152101154  1.60762134654904 0.992461614445824 0.0533072556784107 0.779265856098015 0.240078924059374 0.576424472272264
1463224742.28214 -4.74879140288253  1.72240150354245  0.73671916392562 0.0620689492515797 0.774260635043044 0.227850030061828 0.587156093694319
1463224742.54902 -4.68320668828281  1.82393218916593 0.571056860867303 0.0546093660214535 0.786972217836178 0.199250014664863 0.581370774250645
1463224742.78191 -4.63321993033539  1.89560914110059 0.406356174742315 0.0537171154210692 0.800891067214557 0.211881011861791 0.557489378176116
1463224743.08432 -4.59805297409174  2.00873440983704 0.206508101938832 0.0638043117688964 0.802714607010113 0.203608668212336 0.556885786962727
1463224743.34845  -4.57885807218645   2.08235632074894 0.0158210761477138 0.0597370245306129 0.811152205612433 0.206922306963018 0.54373407665091
1463224743.54847  -4.56663331006003   2.17371094188879 -0.126168352292447 0.0404047678269777 0.829504153209892 0.192886569937666 0.522575435398632
1463224743.78246  -4.54983172074877    2.2541902438246 -0.304106893025019 0.0292789076331071 0.850525989885532 0.19633329170311 0.487033391736204
1463224744.01705  -4.54322950363534   2.34250716071745 -0.480319066117674 0.0295937202354784 0.866174582333607 0.202379876054561 0.455969506008864
1463224744.34832   -4.5438514079862   2.44274554669892 -0.718730934784511 0.0221807056206002 0.864402918236572 0.192357308551868 0.46401969472098
1463224744.68294  -4.54188060924134   2.56576612409675 -0.946714729937042 0.00276285317765234 0.871233943877909 0.162635990249937 0.463134231462851
1463224745.01486  -4.5494472265193   2.6620786925606 -1.17423238364392 0.0170311443557818 0.87627205946212 0.194833016647876 0.44033772669604
1463224745.38149 -4.57729432450859  2.77275870315283 -1.41969640996377 0.0262189208953211 0.886963247282777 0.178072167509171 0.425322312270662
1463224745.71567 -4.60216289783555    2.879535483084 -1.63624484806965 0.0104581605737855 0.897206826272947 0.173170859301481 0.406106379235079
1463224746.01508 -4.62031313610916  2.96764578720571 -1.84609548970178 0.00139228722077254 0.901806915000377 0.196740482744435 0.384753859036248
1463224746.38132 -4.65753843769559    3.090232465619 -2.07480725650845 0.0191657321170018 0.905757240288025 0.197523328188112 0.374460987553753
1463224746.74793 -4.68663930807166  3.17865671507981 -2.30623163735572 0.000570834441745715 0.902804308640662 0.195330046592983 0.383132127791289
1463224747.08617 -4.70683088001756  3.28314255526918 -2.53237572422689 -0.00682143396100193 0.911257054029487 0.187631994952872 0.366549156308158
1463224747.34772 -4.72890889103596  3.36125760411593  -2.7022977082786 -0.00302686628681259 0.921377189925992 0.190827071096988 0.33858520478767
1463224747.71435 -4.74989126905034  3.46307666349019  -2.9407577608217 0.0183747091870418 0.915232409995417 0.207193949159933 0.345083574207444
1463224748.08409 -4.74454006154925  3.59234218332898  -3.1745122355788 -0.00128081707936844 0.917392562431449 0.192814945028738 0.348154624953675
1463224748.38104 -4.74363563393713  3.67464748012117 -3.37811187441032 0.00518133719352388 0.924310336831068 0.196452601922185 0.327154291077052
1463224748.71424 -4.75695026935688  3.77772700646378 -3.59892948253961 -0.00501021269448077 0.924566509167682 0.199564894157598 0.324538935898467
1463224749.08357 -4.76023956106558  3.89719442794375 -3.82823167015515 -0.01604829598473 0.926278760890358 0.192912099399418 0.3233187764803
1463224749.31407 -4.76487563143771    3.956810130246 -3.99372306835807 -0.0230213336427026 0.93414695861218 0.188049882104522 0.302451185736477
1463224749.58334 -4.79064868058306  4.04748741167275  -4.1680589628753 -0.013461372075708 0.945135239250037 0.166902285081952 0.280502759744065
1463224749.9169 -4.81117465263071  4.12315544560321 -4.38254835120527 -0.029535368999225 0.942583595783824 0.161540342396142 0.290806713670529
1463224750.21386 -4.83241306748325  4.22931914552217 -4.57027311690621 -0.0308248372854407 0.947042535496072 0.137582123323936 0.288498569683066
1463224750.44721 -4.85083593733264  4.28667436300143   -4.732878990612 -0.0382288609472514 0.950598289309923 0.156043146112724 0.265616232755015
1463224750.78046 -4.88416018554203  4.39614182255546 -4.93218193805938 -0.0389530677384341 0.948273602721269 0.157618855554479 0.272793198722927
1463224751.11374 -4.91158825152195  4.47352958752291 -5.13841647023732 -0.0443482776939943 0.943272732433001 0.158440979526578 0.288385572663778
1463224751.34687 -4.92657089491857  4.55710710244261 -5.28363874278902 -0.0484974891374705 0.949645202495131 0.128827413220787 0.281470212506018
1463224751.54698  -4.9384397208365  4.60303667745716 -5.41303238543774 -0.0695889433656172 0.952884091124911 0.152419327986804 0.252858925684581
1463224751.81391 -4.96287605191915   4.6897599542116 -5.57608900012818 -0.0650610443653904 0.95794050036453 0.145940277797909 0.238366301275386
1463224752.1136 -4.97891103096179   4.7544982563226 -5.76261724205058 -0.0563650634228206 0.958551384263665 0.147827238774348 0.23695850022294
1463224752.38011 -4.98972123264084  4.84317513800079 -5.91927348802727 -0.0509646889513301 0.963665413721539 0.136242225651372 0.22403041495866
1463224752.54851 -4.99137443713507  4.89841931058849 -6.02469816018157 -0.0665978981423623 0.965486767941077 0.143240169005101 0.207080358501483
1463224752.71397 -4.99418786602323  4.93625615356538 -6.12689944087349 -0.0707990214768216 0.967048858072299 0.161538169645828 0.183601264719126
1463224752.95057 -5.00373823891799  5.01214667639903 -6.25773226707174 -0.060350051972465 0.972136163707527 0.157817317500446 0.162489521926481
1463224753.1466 -5.00692018735156  5.07143487112526 -6.38532175639019 -0.0472066079353709 0.971403539244811 0.163640854812502 0.165433886329631
1463224753.31341  -5.0006826490032   5.0987635228302 -6.48453027130505 -0.0455213177480494 0.972271915257337 0.14689898297172 0.176169864716373
1463224753.47994 -4.99487791393314  5.14363534846359 -6.57905422747517 -0.0461119657150219 0.975417038816921 0.115745458979681 0.181764341192403
1463224753.64656  -4.9842284073657  5.19201388890839 -6.67542061082545 -0.0371969464251982 0.979010427092058 0.0766780681263229 0.185136286799972
1463224753.84657 -4.97447526508896  5.23400899992697 -6.79582420980286 -0.0507015321077643 0.97712170564709 0.0894101635177518 0.186194386744002
1463224754.04662 -4.96908445716031  5.28571296995129 -6.89518576251558 -0.0298510592169194 0.972977667153009 0.0838525513772763 0.213054272692752
1463224754.17975 -4.96816859647645  5.33276474269471 -6.95885958617269 -0.026514084236577 0.964904579903536 0.0907917782672355 0.244975525343553
1463224754.31335 -4.96224362185702  5.36679557193107  -7.0290573094633 -0.00836803076381679 0.954537154883877 0.0922794064226846 0.283325443893779
1463224754.44644 -4.95819052300042  5.38645255545827 -7.09478110607734 -0.00466168084260388 0.949943390575714 0.097422097982008 0.296807611523058
1463224754.58276 -4.94562421945716  5.40664621956349 -7.15543284452799 0.00677465927081205 0.942735347166064 0.0942509834413755 0.319876415691716
1463224754.71308 -4.92931409034285  5.42802498295034  -7.2145525121099 0.0243502068679621 0.93786444574393 0.0798423613127762 0.336812330794048
1463224754.84636 -4.91106289543981  5.44790073257128 -7.28283794373447 0.049013909428525 0.93651271026167 0.0659722230979801 0.340865436764106
1463224755.01348 -4.89055278604887  5.46295884383397  -7.3598609758726 0.0428745597550911 0.933349179959266 0.0769863664593659 0.347985890194641
1463224755.1796 -4.86985608844633  5.47187530878506 -7.42653788065817 0.0634276175316596 0.927443430927184 0.0698812091958815 0.361859415195449
1463224755.34637 -4.84719818422647  5.47889517684192  -7.4881903840059 0.0776354839575783 0.91812548130069 0.0700664138668013 0.382242108963541
1463224755.47963 -4.82424308330959  5.48042552125582 -7.52761755420676 0.0809537952431395 0.901556461113311 0.0756442182993234 0.418234841564471
1463224755.61286 -4.79596257936088  5.47934976227596 -7.56651114609212 0.0980133021174084 0.889214393965559 0.0774905950736982 0.440098127521157
1463224755.78106 -4.76439175945083  5.48486080319084 -7.62750682136664 0.101855372116007 0.887025557276553 0.0731766567442593 0.444360575228117
1463224755.94615  -4.7381563699668  5.48677804780611 -7.69110635160819 0.104726968755998 0.895916657570909 0.0639174056919267 0.426942818128804
1463224756.14627 -4.71150585187079  5.50265133962037 -7.75976824052032 0.102673032871865 0.898430227191706 0.0724459563234204 0.420752847407521
1463224756.31329 -4.68632518138197  5.51767295272046 -7.81988729974873 0.110836250005948 0.895702366794144 0.0728400739150164 0.424413618344232
1463224756.47991 -4.65922167501245  5.51866362711377 -7.87482843835118 0.113211530860795 0.885050699240484 0.0762414034230633 0.445034445249092
1463224756.64604 -4.62698374046183  5.51997821660068 -7.92952151517486 0.127664603084256 0.876804807909725 0.0692179269750358 0.458392797206729
1463224756.81269 -4.58900669263182  5.53164559783196 -7.98665117004263 0.141087716260279 0.867844577016281 0.060723055327028 0.472496303705799
1463224756.94589 -4.55194242431319  5.53808463571502 -8.03676593072939 0.145522717985738 0.86049466999965 0.0577362518138151 0.484807783228291
1463224757.07938 -4.51322046167287  5.54408217362666 -8.08577087035815 0.130534770070099 0.850498387905769 0.0709467685525993 0.504558938087889
1463224757.21257 -4.47905270774831   5.5485108342475 -8.13331285683362 0.12720071507474 0.843607952159642 0.0916847556756727 0.513555748399511
1463224757.34573 -4.44410939141666  5.55285340594436 -8.18451789741867 0.127802866857517 0.83962604293224 0.0956892768776869 0.519170586169492
1463224757.44578 -4.41465617902977  5.55527338326086 -8.22729831415836 0.136741556132895 0.837917862237653 0.0855747283263163 0.521413817271189
1463224757.54584 -4.38341368757729  5.55564907519684  -8.2709718018904 0.148261857296075 0.831673085048383 0.0754028832848261 0.529766652847797
1463224757.64585 -4.35257210130404  5.55468109217779 -8.31293024944301 0.151435715002601 0.822146628838059 0.0754085628266498 0.543558362610939
1463224757.74582 -4.32344217247149  5.55146161498321 -8.34841950651561 0.150418451762047 0.808847891534396 0.0722350437343655 0.563845259079621
1463224757.87914 -4.28553641227375  5.54990166366769 -8.39394457887148 0.152133286913799 0.798708780166406 0.0809841450861144 0.576507862689284
1463224758.01238 -4.24201226787457  5.54898335439864 -8.43678879863711 0.155448153602249 0.786701476816955 0.0871898874343597 0.591045329433249
1463224758.14559  -4.1963208975345  5.54906521632945 -8.48370985945123 0.1641993056431 0.777286780534192 0.0820699885048443 0.60177102441039
1463224758.24566 -4.15915670666031  5.54438194213039 -8.51542103174305 0.17239199649621 0.772432786284451 0.0752382101159633 0.606603496491272
1463224758.379  -4.1138537409836  5.53951117714651 -8.55591802990041 0.167322635603695 0.766183120715203 0.0747015102788921 0.615943378491724
1463224758.54561 -4.05971081430809  5.53447884039557 -8.59856372241253 0.16616470547608 0.750018133382038 0.0871240251848446 0.634248763883511
1463224758.71224  -4.0057859161221  5.53612389242024 -8.64060028865277 0.176206442067766 0.742659597576692 0.0828863361518102 0.640732289790653
1463224758.84555 -3.95938372541579  5.53889003437087 -8.67809326610807 0.192659118709789 0.737171870890766 0.0762426349814189 0.643154069688178
1463224758.97889 -3.91064127331813  5.52894866927076  -8.7135330863606 0.211459063650367 0.720736459110435 0.0774306569861758 0.655613082746029
1463224759.11223   -3.869477313881  5.51215788323712 -8.74965510202543 0.215963234496112 0.710379497201703 0.0712336507574193 0.6660680282833
1463224759.27877 -3.82213749934614  5.49458210247721 -8.78777264196584 0.223988611919657 0.695602880080992 0.0809181276873638 0.677803800199516
1463224759.47874 -3.76512998874292  5.50144623277456 -8.82251284441802 0.233190671090621 0.680223973379663 0.0744149967358154 0.690926816107681
1463224759.67871 -3.69600233506369  5.52892957476075 -8.85434835112735 0.224211920323377 0.66561671541313 0.0832490532958525 0.706932102873313
1463224759.84537 -3.62799478680242  5.52682170877169 -8.88723335216097 0.23193188834748 0.653920661043108 0.107872021753996 0.712010530224956
1463224759.979 -3.57882147666252  5.51060651841302 -8.91534994757055 0.222842131937927 0.649362849687119 0.101760943224022 0.719940264267627
1463224760.11195 -3.53532521071633  5.49350539650355 -8.93986042258155 0.231998138746753 0.636789253915355 0.102761628477762 0.728090899152411
1463224760.31196 -3.47185246010124  5.49404745164083 -8.96588104075257 0.23212145109339 0.620319941429992 0.100962758627876 0.742380848067109
1463224760.47857  -3.4110008409185  5.50788345295107 -8.98838392185946 0.235903517946897 0.606459388694363 0.0893430881084211 0.754038694426213
1463224760.61189 -3.35016291923679  5.50060450969806 -9.00573723481769 0.244950062012423 0.586517446820373 0.106191128589846 0.764669991502371
1463224760.71185 -3.30900587693434  5.48545319214865 -9.01874670033907 0.243323654134734 0.57089485702418 0.100494576663443 0.777671847004311
1463224760.81179 -3.27187400390395  5.46421753526871 -9.03092466240613 0.240472875166754 0.555801034580398 0.0989092249875601 0.789604313235911
1463224760.91449 -3.23413303224086  5.44482090523677 -9.03814990592259 0.247885426593343 0.536400561144333 0.107847757012809 0.799497413750655
1463224761.04519  -3.1833841132734  5.43300644234159 -9.04164640305429 0.25431963930571 0.521109158407468 0.101522084767188 0.808368747782717
1463224761.17844 -3.12877886895096  5.43106876995882 -9.04250357886044 0.267373955826811 0.50891830555713 0.0852370039999177 0.813786199909719
1463224761.34517 -3.04848245450907  5.41099068919899 -9.03945284140491 0.283500289054925 0.49280843307901 0.0874245632040121 0.81800023235973
1463224761.47837  -2.9899708212723  5.38311015518173 -9.04222467596915 0.279243228962875 0.485246005363958 0.0837610602579616 0.824344356528976
1463224761.61171 -2.94018068786285  5.35272295031515 -9.04697798043652 0.288959889458408 0.472113223335067 0.0872599947592922 0.828249346483875
1463224761.77963 -2.88072389943314  5.33567881090738 -9.04623618917394 0.286545589997943 0.455950043163067 0.0885424929960123 0.837950720464144
1463224761.97941 -2.79667336745898  5.33439162243031 -9.03835014758792 0.299148095544795 0.444407242926758 0.0876355457308457 0.839840836403313
1463224762.11191 -2.73434843593637  5.31588414562231 -9.03772727311247 0.301409182216126 0.426510798037301 0.111012955038834 0.84552774516685
1463224762.24735 -2.67776053067928  5.28405400036399 -9.03925866936813 0.294199092860701 0.411762482263495 0.114601203425993 0.854848007620922
1463224762.37828 -2.62660553442246  5.25236014792974  -9.0352216755989 0.29390221524761 0.389538241097967 0.12160794684455 0.864345390373028
1463224762.51183 -2.57588833977277  5.23533667380589  -9.0229564843824 0.305584402496355 0.36916441014472 0.117419030884101 0.869798012425693
1463224762.67821 -2.50543709810643  5.22150263924987 -8.99929753710048 0.304748645101554 0.350542876615027 0.101190014452017 0.879777549121612
1463224762.81153   -2.442205939022  5.19857908754737 -8.98326131035256 0.295306177578609 0.341585739434476 0.0995744699167156 0.886678278204512
1463224762.94474 -2.38441819236947  5.16579401792344 -8.97474957998705 0.289272925943777 0.340022604248877 0.0970164273623271 0.889546859776138
1463224763.08089 -2.33552032591931  5.13391054040156 -8.96700949288576 0.291668928042338 0.32762202592466 0.104695355738438 0.892542395088579
1463224763.2115  -2.2866122544649  5.11733549351422 -8.95556915894652 0.293715196816643 0.323312882387618 0.103723373292415 0.893555608271815
1463224763.34483 -2.23242628543163  5.10855665826246 -8.93768834470867 0.293146300172417 0.317632394518716 0.0908394436026189 0.897175068831884
1463224763.44475 -2.18652320949333  5.09265926121678 -8.92587575054311 0.305110981608737 0.31042629728487 0.0962973505239224 0.895136650538805
1463224763.54471 -2.14214722278958  5.06797126984545 -8.91613298758545 0.300913971372596 0.294169534881964 0.106699280333552 0.900849782236974
1463224763.64464  -2.1046611836654  5.03904854217834 -8.90887287647259 0.302026934845408 0.280056808933794 0.102954136557892 0.905399558296406
1463224763.74726 -2.0697042468946 5.01087823608775 -8.9007290512941 0.30015525219308 0.265363228666477 0.106268027959491 0.910052903784287
1463224763.84465 -2.03468455611978  4.98549379181744 -8.89168931988864 0.307800091181045 0.250455528313836 0.112389181733679 0.910988366575123
1463224763.94466 -2.00008858401416  4.96288889692348  -8.8737164956163 0.326220077505732 0.237236712867989 0.106058832311566 0.908873328461372
1463224764.08074 -1.95229836246777  4.93539937633053 -8.84991637666744 0.340225187445756 0.21844416909487 0.0959708818592933 0.909570534181435
1463224764.17784  -1.9153828829143  4.90992272362257 -8.83054918431891 0.345845633939308 0.199649193690121 0.0994581263323874 0.911394030071765
1463224764.27787 -1.87923873085917  4.88006611978659 -8.81694854882052 0.344388181185063 0.19208627319383 0.0921995733688442 0.914329745212936
1463224764.37785 -1.84452098231314  4.84960820506093 -8.80752405848919 0.339265175528697 0.1890144825854 0.0875611898375341 0.917336200136401
1463224764.51112 -1.80079102238049  4.81548212125368 -8.79353437940285 0.340331090661548 0.182583180210857 0.0964440504505966 0.917353081515451
1463224764.64442 -1.75501701169255  4.79655865703467 -8.77276567520018 0.343089238058252 0.18228954829065 0.0846857737619797 0.917544884479737
1463224764.77774 -1.70471931130742  4.77823241793256 -8.74639073224788 0.352320374022895 0.176362429433176 0.085530369432284 0.915123600087755
1463224764.91338  -1.6533794342761  4.74794443353305 -8.72526129985159 0.345880242401335 0.158915978034584 0.0993785741106656 0.919367428642888
1463224765.011 -1.61996953676943  4.71573197101527   -8.717059977833 0.352479457124097 0.150979535484268 0.0939433656599161 0.918769860312659
1463224765.11108 -1.59147914936522  4.68032862251404 -8.70859950439256 0.361073817718969 0.136925136810859 0.0879599108457748 0.918226692680615
1463224765.21099 -1.56597066863411  4.64861979398457 -8.70086966391837 0.368304190028103 0.126738688310908 0.0907863216655648 0.916540873224653
1463224765.34434 -1.53260794445519  4.61598228393536 -8.67261115871103 0.381976273384613 0.108461568374169 0.0805139805365078 0.91424707475342
1463224765.47758 -1.50003375386697  4.59537191509302 -8.63744300272726 0.390628303062361 0.0969077169052758 0.0682327036355021 0.912887025543368
1463224765.61095 -1.46421282825268  4.56796228054756 -8.59966460848068 0.38383185090893 0.0891738170889982 0.0758888414182742 0.915948701796009
1463224765.74688  -1.4321094997027  4.52676657841548 -8.57048446888645 0.371916895284267 0.0809087228625334 0.0699674804432009 0.922082508915171
1463224765.84421 -1.41209954005213  4.49344388656395 -8.55579544131449 0.373357759164469 0.0712517286745706 0.0710425287397412 0.922214798158669
1463224765.97887 -1.38666412006853  4.45572248844906 -8.53586203518169 0.372514598638004 0.0684435839263355 0.0782164843316904 0.922187904496516
1463224766.11086 -1.36302228534925  4.42793944235285 -8.50909145935751 0.381136764055638 0.0623824947568866 0.0722897450369577 0.919574566957784
1463224766.27736  -1.3321212672539  4.40109243959121 -8.47096689589578 0.38550614311983 0.0438337492533989 0.0747390175834058 0.918628159427922
1463224766.41306 -1.31287761538631  4.37134810641816 -8.44884844843155 0.386810013805075 0.0139169113570766 0.0714787898092795 0.919279672029028
1463224766.54585 -1.29839054337566  4.33462097272337 -8.42764741433214 0.392139367538731 -0.00946050991610721 0.0726567121117558 0.91698321542085
1463224766.71114 -1.28172678106599  4.29791214412749 -8.39395358376219 0.395111812643725 -0.0353921587054258 0.0681742311362473 0.915415929957821
1463224766.87743 -1.26634018895547  4.26625334579679 -8.34574196066835 0.40495432620879 -0.0520498712605184 0.0597349569944826 0.910897655886443
1463224767.01096  -1.2487189395913  4.22938500727878 -8.30553804792494 0.394817253575374 -0.0525790212407938 0.0660089307125275 0.914875731381453
1463224767.17727 -1.22567790798421   4.1730060861281 -8.26811994150447 0.391678285495584 -0.0473309262220284 0.0668419686034809 0.916449701471617
1463224767.44399 -1.19616626827296  4.10079859904952 -8.22224737753313 0.372113934336506 -0.0632360082066531 0.0657397485028971 0.923694057903087
1463224767.81071 -1.15543166253737  4.00764247566203 -8.15760537050062 0.380002436937449 -0.0931390497624656 0.0765882095997748 0.917091877339041
1463224768.11049 -1.14141962445313  3.94187795136155 -8.09076307486441 0.379537630499282 -0.0850376140497126 0.0912029955180947 0.916734315295467
1463224768.3438 -1.12008424330695  3.89101503671595 -8.03883779605842 0.360177202459773 -0.0385600795151324 0.100227571980017 0.926682220025306
1463224768.877 -1.07492888239841  3.79912542343791 -7.93028093371521 0.329096503580106 -0.00794636474728057 0.115124824517201 0.937218555833449
1463224769.24593 -1.02103065665611  3.73396741647737 -7.85736985455304 0.305049314228199 0.0270782430577712 0.136469921422316 0.942118700158742
1463224769.5103 -0.958300406579538   3.67477500032079  -7.80632070244238 0.290551273537375 0.0836009176086267 0.130504480713145 0.944224244835197
1463224769.77757 -0.887777217701202   3.63406337289311  -7.75468758039939 0.279416641524674 0.136701944577056 0.14545062524281 0.939192756788722
1463224770.04349 -0.809828154530019    3.6003747825556  -7.68514824641195 0.258025049544224 0.178619069572127 0.17346686677207 0.933502837663158
1463224770.31014 -0.729022077604795   3.55896042418237  -7.63234287262826 0.220084194498699 0.204278449625875 0.190333078326494 0.934669236492284
1463224770.5101 -0.656259076727965   3.55299974157075  -7.57505144158647 0.197278985287464 0.24450037112009 0.199123291974121 0.928251304916657
1463224770.67663 -0.585436393175834   3.54017385449266  -7.52058712985098 0.200702542735591 0.287104957377956 0.188107538710847 0.917553696885701
1463224770.8433 -0.507027606990072   3.52082734930946  -7.47239914979296 0.195050953018262 0.329579977676423 0.192911701293053 0.903392074099445
1463224771.0433 -0.422581470518733   3.50804897120616  -7.41656949085702 0.193001260573359 0.356943026723996 0.192420923100962 0.893485521675187
1463224771.24598 -0.326478453274859   3.51215496434332  -7.35806152679182 0.18832004917146 0.351436278867749 0.192370395032311 0.896672589126467
1463224771.37651 -0.257380007702988   3.50604136390359  -7.31896472500011 0.168041595211173 0.339251185836777 0.189627562447691 0.905931588337316
1463224771.54319 -0.175597889019184   3.48597865882629  -7.28424661639674 0.175390566157919 0.333840566100295 0.186640390472893 0.90716811582681
1463224771.70984 -0.0953562515903927    3.47841185286888   -7.24028869106695 0.186213468447022 0.314489694436705 0.17140970729319 0.914898621983715
1463224771.8107 -0.0416072059483608     3.4833578161512   -7.19787649973808 0.186134483702108 0.317540097231046 0.154676762839496 0.916840956581316
1463224771.94303 0.025239091353042  3.46920352437381 -7.15412716180256 0.17704565517473 0.309912039457309 0.139906966842341 0.923599157866733
1463224772.17642 0.138903609192065   3.4406445876934 -7.10123979753252 0.182318163902683 0.306386322783007 0.136941325430269 0.924194017353533
1463224772.37641  0.23160529714626  3.43972243894419 -7.03440924519266 0.195035951394473 0.290761060937359 0.138075656735249 0.926474012654086
1463224772.51003  0.28813272670116  3.42320248916615 -6.97957880732214 0.192315260095538 0.24928552170713 0.137978147297433 0.939059955631139
1463224772.64298 0.335872065674744  3.39360345991405 -6.92988147518562 0.197028255660139 0.21246614807078 0.122243891324787 0.949259939863293
1463224772.77626  0.37325432279198  3.36799305141885 -6.87168243169508 0.196032208203068 0.180691336765481 0.108555396820732 0.957673086176084
1463224772.91249 0.418496872543981  3.36843429434897 -6.81246723538017 0.196123059207698 0.152019505957739 0.0931457483714047 0.964235285091616
1463224773.07821 0.474318353703579  3.34916990113568  -6.7269112380985 0.195364887743197 0.139478221037349 0.0758436489554803 0.967794465476251
1463224773.24591 0.525760171969618   3.3084840683713 -6.65657063161459 0.198722886848093 0.134058208302355 0.0889824354817624 0.966757331084309
1463224773.41238 0.566038950196343  3.27700325147297 -6.57466031232039 0.201753742715176 0.115996174425931 0.0989097299336159 0.967500480694158
1463224773.60946 0.632032352054109  3.25732963764526  -6.4745009615832 0.19874246115399 0.0807980386038657 0.102193894808454 0.971354476468864
1463224773.80939 0.679540637463585  3.20188754122595 -6.38328122680407 0.204780780216556 0.0494657036562922 0.0927849107752412 0.973143841653492
1463224773.97604 0.708481918907346  3.17327589436519 -6.29824805222735 0.204385001644056 0.0148894895815284 0.0804108248797575 0.975468694241449
1463224774.2453 0.751310588318383  3.11830508312729 -6.14007601848765 0.199238443313738 0.0228388374315694 0.0634825671413933 0.977625896690463
1463224774.54258 0.790879281592915  3.03749339357341 -5.99209228630856 0.21621985089037 0.00165435391818516 0.087781546733818 0.972389139823702
1463224774.74572 0.815036944539919   3.0008900378106 -5.86943512076241 0.22176671568095 -0.0164416345542813 0.0970916290766411 0.970114638603352
1463224774.94245 0.839433357863831  2.92938122831011 -5.76081997913784 0.227862904238333 -0.0230548300326074 0.0920091501027814 0.969062066114242
1463224775.14245  0.8742356688278 2.88667111272895 -5.6530797605896 0.229472552077447 -0.0304107083606369 0.0874794030859504 0.968898803124348
1463224775.31163 0.896056047603549  2.85690394838284 -5.54526969153716 0.237023828849665 -0.0239531244804878 0.0802661960246258 0.96788599026993
1463224775.47579 0.922317796579092   2.8053785768273 -5.45445144534415 0.226453571004931 -0.00702112249315869 0.0807060984660576 0.970647211755351
1463224775.67573 0.948304619776774  2.75220336117531 -5.35218945879454 0.2277906629761 -0.00234330115233399 0.100615458253994 0.968494941835504
1463224775.84237 0.967482319642583  2.72912022461799 -5.24885172420693 0.216665643583125 -0.00205719716681522 0.112463771794562 0.969744124428845
1463224776.00903 0.988105697840678  2.67927617244624 -5.15449752931527 0.242089693288391 -0.0343487472631673 0.116816682653353 0.962583298535171
1463224776.20905  1.00378838040306  2.61840962579307 -5.04672626345755 0.249866224551996 -0.00917628743115743 0.0984433810633906 0.963219376000047
1463224776.37555  1.02726926419878  2.58280140156068 -4.94824093273816 0.261618557776318 0.0287322073857191 0.100740881902911 0.959469366472535
1463224776.57879  1.05109618507477  2.52704446417072 -4.83938842610367 0.259404550991442 0.0733798198216876 0.103420232504924 0.957407403604386
1463224776.81017  1.07593004491806   2.4632162949044 -4.73108263618958 0.237414536204559 0.085626727852097 0.106778122341839 0.96171764778716
1463224776.94215  1.07905515545258  2.44892558079311 -4.65783109234681 0.209207803242605 0.103913360862954 0.107037859713043 0.966424857443464
1463224777.14208  1.09057743352367  2.40481339362196 -4.54490353479556 0.187128387755122 0.117686043706349 0.084569527084017 0.971586824067567
1463224777.27549  1.09025786371291  2.35842151786363 -4.48097115608957 0.214597985336299 0.0814326564138377 0.0842960166101663 0.969644578566108
1463224777.5088  1.08631870666957  2.30810873228269 -4.36471014192557 0.209250639416038 0.0569245537956892 0.0566738961742699 0.974557250535631
1463224777.77534 1.07405506011251 2.23256287928175 -4.2102305173363 0.23354495792444 0.0453296999298407 0.0434464583347045 0.970316637078079
1463224778.00864  1.05808499802592  2.16939091394264 -4.09721403231498 0.238519679868472 0.0135999420874115 0.043138929024091 0.970083726640807
1463224778.20868  1.04631033446536  2.12835297373252 -3.97887764782522 0.242646455954385 -0.0115700018558394 0.0372723325767232 0.96932946189318
1463224778.41088 1.03493194350278 2.05637403397922 -3.8784455449507 0.256240285083624 -0.0433399703814257 0.0374000169977183 0.964916474103417
1463224778.64183  1.01211500504776  2.00441895296116 -3.75846917265581 0.242617722372299 -0.0646581686645028 0.0253539012435793 0.967632751464915
1463224778.87515 0.980012805375664  1.94727760267069 -3.62262409545782 0.243554823174405 -0.053904112800101 0.00715740972115681 0.968361588569994
1463224779.10846 0.965222766136308  1.87033960138128 -3.50428407339134 0.230188880767035 -0.0425547076466813 0.0142601986420176 0.972110499255622
1463224779.34167 0.938325710425985  1.82167373368585 -3.36232088019327 0.23366550934183 -0.0457992524741876 0.0239256210158247 0.970943058513647
1463224779.57772 0.924010335580457  1.73028574273749 -3.23983945917537 0.253666865800674 -0.065735637532318 0.0365326906769737 0.964363681224559
1463224779.84155 0.896148142034924  1.66579478370516  -3.0852312639904 0.25055453076929 -0.0536183086027106 0.0390765869725895 0.965826342798818
1463224780.04149  0.87616832226279  1.60302078299163 -2.96420225350143 0.243999890825387 -0.0177292923737744 0.0263229196135341 0.969255812142566
1463224780.27488 0.861549895204185  1.53160070559659 -2.84314917324287 0.235281420111503 0.0153540251411991 0.0469701744027282 0.970670237505434
1463224780.5081  0.84508009566234  1.48705885253632 -2.69775534280673 0.219595921667123 0.0370799365660525 0.024760410792112 0.97457151176752
1463224780.77472 0.834714777186161  1.39032817816076 -2.56188375593428 0.223976020142036 0.0183127247964612 0.0281421009288949 0.974016123412324
1463224780.9747 0.822689870965644  1.35146335942121 -2.44337144846821 0.223989667544965 0.0271349686074522 0.0286640786646604 0.97379191458241
1463224781.14261 0.815894726572957  1.30292872946983 -2.34062306566939 0.227904266831053 0.0401677419985205 0.0157278616828907 0.972727521986411
1463224781.34162 0.808906452583138  1.23539815002849 -2.23934968332554 0.221048831884757 0.047972200700176 0.0285703703513872 0.973663091536467
1463224781.54159 0.801769939515034  1.19110274554406  -2.1180986753981 0.216376317536522 0.0470335237211931 0.0367526213061235 0.974483648750881
1463224781.70786 0.792392359020541  1.15162385759644 -2.02055140614116 0.196909649781773 0.0410520858822395 0.00582802182612053 0.979544460567835
1463224781.87449 0.782013621019415   1.0940991306649 -1.93934983018609 0.203072923949206 0.0135126529888706 0.019495649489235 0.978876251330532
1463224782.04118  0.76518201677999  1.05594604426732 -1.85332135184629 0.209458406844416 -0.00551736879639562 0.0251125212904678 0.977479460509631
1463224782.20786 0.743276509425376  1.01740300210905 -1.75812977132719 0.230930092721931 -0.00554067398790891 0.0161477428240685 0.972820560848139
1463224782.47442    0.708396224474 0.928472230349949 -1.62447762170613 0.227417610624905 -0.0171302216059948 0.0168390902344353 0.97350101742395
1463224782.67438 0.674046771468236  0.88127817926099  -1.5106081349616 0.229510504758233 -0.0349184740241766 0.0265069216210655 0.972318369405628
1463224782.84212 0.636730284357344 0.838387814607014 -1.42331979341607 0.223787515012327 -0.0553852783501565 -0.0205965106435622 0.972845004518188
1463224783.00767 0.603959476144482 0.779443901519851 -1.34897357062056 0.237472556561444 -0.0903504642753808 -0.00427925276188699 0.967173855354452
1463224783.24325 0.540372310344828 0.733971200107469 -1.24195653183396 0.231918876149333 -0.104528967705558 -0.0192413097554157 0.966911113699153
1463224783.50762 0.451339466176118 0.659811179507355 -1.11573395779804 0.243151818192575 -0.110637534190756 -0.00783737577019759 0.963626019199809
1463224783.77447 0.372681130553218 0.587045620213065 -1.01226868035426 0.227754266240427 -0.113402035784043 0.0121410492864887 0.96701632220534
1463224784.00744  0.289901485482216  0.539214781852113 -0.902803901209834 0.223020388385835 -0.121989833729732 0.0118475055482095 0.96707808549419
1463224784.24257  0.208830522387879  0.464037989839383 -0.821615215052271 0.223788498364557 -0.134590815979063 0.0350350939110543 0.964663963485975
1463224784.44076  0.133716747140144  0.424628849705416 -0.742747371665154 0.217830573390642 -0.119980276030373 0.0310552368724929 0.968085815887607
1463224784.60748 0.0641956548530845   0.39468249350706 -0.675802816818129 0.213370200505188 -0.0883374443239201 0.000558233201767423 0.972969342704274
1463224784.77402 -0.000696676860313783     0.347589400190636    -0.617945383530292 0.191443212217844 -0.0719297835919173 0.0126943561539479 0.978782129000101
1463224784.91022 -0.0447789362409321   0.315886654391451  -0.575502910157006 0.159454004855974 -0.0623262848905832 0.0242648375246382 0.984937090481941
1463224785.07664 -0.100115616035348  0.285241720971466 -0.511570721205844 0.151255575514004 -0.065766929610903 0.0613540417397635 0.984394302811469
1463224785.20725 -0.144476242269884  0.253494765657574 -0.458957974988363 0.158356879545416 -0.0674924225588947 0.0725358122711711 0.982398303915439
1463224785.3406 -0.185474822469429  0.208838424533452 -0.413931903570949 0.172805398825613 -0.0694598695879765 0.0898434816248418 0.978387331000902
1463224785.47463 -0.223068983890934  0.165028124056239 -0.380442493359346 0.18225218627339 -0.0620464204164563 0.0816206032852948 0.97789184444468
1463224785.60717 -0.254187332707376  0.130657728614538 -0.348780208518735 0.174281868262774 -0.0459594667080431 0.0881259531455647 0.979666971065645
1463224785.74425 -0.280172208509724   0.10040611072779 -0.318477807903445 0.179582173766452 -0.0307865276001566 0.114960849255547 0.976517504053094
1463224785.87385 -0.305157426306258 0.0752512378699882  -0.28910529080659 0.169038622928719 -0.020267857016121 0.141109204320824 0.975245277038695
1463224786.00728 -0.326561209743278 0.0478613879666674 -0.261776456343661 0.178161606725722 0.0135754864356283 0.140452044864259 0.973831284746179
1463224786.14122 -0.347121870624387 0.0186660088369143 -0.243780644268479 0.185335352415883 0.0228639786181519 0.15055445809496 0.970804512131233
1463224786.27379  -0.369339688944652 -0.0094714600316535  -0.223973116078747 0.200360463272873 0.0182948961731302 0.14282503319904 0.969083067349124
1463224786.44038  -0.395128679583317 -0.0274753751360052  -0.210179198799078 0.209299740474007 0.013286659047479 0.122103381019812 0.970107132059341
1463224786.64032  -0.427625075954924 -0.0257363316237252  -0.196292107906085 0.200766211217032 -0.00608733852847707 0.106549932960093 0.973808494792173
1463224786.77375    -0.44727714913694 -0.00939070366625117   -0.185653395383103 0.179185037547268 -0.0218027228832125 0.0939711397554407 0.979074455027362
1463224786.90987 -0.462701403050354 0.0154228606508965  -0.17667770951651 0.152615347484065 -0.0322190696897019 0.074729949938862 0.984929399420478
1463224787.04023 -0.476325665073454 0.0428219802380142 -0.172030344303028 0.133051150843007 -0.0459811846338944 0.0487084198643417 0.988843067303065
1463224787.20982 -0.488488845994157 0.0743528382608074 -0.164120271969669 0.122987469418076 -0.0620278227190851 0.0259684349390115 0.990127401884064
1463224787.37354  -0.49534935152288  0.106320510276353 -0.158006533528245 0.102286038156681 -0.0762362470988734 0.013064594722292 0.991743372748834
1463224787.57618 -0.501780558436156  0.140904482719293 -0.149995934403985 0.0880140118094817 -0.0865522198406123 -0.00750197663399771 0.992323519479633
1463224787.77355 -0.505139370702301  0.171859215214866  -0.14517957483856 0.0795465671259024 -0.0969335290575616 -0.0288613217639972 0.991687077010166
1463224787.94012 -0.50325910592146  0.19766076254697 -0.15075714173422 0.0521604719381886 -0.107192500806216 -0.047992506200109 0.991708511754703
1463224788.1733 -0.484848053792118  0.217207248523248 -0.176966859853337 0.0468266380374538 -0.128913411347731 -0.0634111207340946 0.988517894684788
1463224788.30672 -0.466568321913819  0.220968281851737 -0.206129550573699 0.0572593461951331 -0.142404458044173 -0.0644640712002054 0.986046003554979
1463224788.43998 -0.441604662314248   0.22546890073735 -0.242082807290894 0.0667897706955357 -0.160496868727097 -0.066360007762037 0.982535613109803
1463224788.53996 -0.419779919125042  0.231182061340813 -0.272383423603589 0.0684684605012461 -0.176949666987948 -0.0718484951260335 0.979203083643821
1463224788.67336  -0.38718650707214  0.241583554702799 -0.315765822435048 0.0637257148904643 -0.19829001833811 -0.0738016940292149 0.975281196295504
1463224788.80749 -0.353132367038034  0.253116278234588  -0.35284757821444 0.0642463064544154 -0.208659701562754 -0.0711949834650964 0.973275302974504
1463224788.97324 -0.32155183696676 0.266811722113745 -0.39724791402128 0.0803490741342905 -0.222433821568692 -0.0738314633399812 0.96882203542714
1463224789.20827  -0.28624450887326  0.297364123947224 -0.458732122561499 0.081682878104235 -0.232835883226523 -0.0710526855435311 0.966471352283028
1463224789.4732 -0.246452591253979  0.338141386011211 -0.520307552327697 0.0515745834640377 -0.23698430241687 -0.0528245188831508 0.968704326899217
1463224789.83974 -0.212517833346378  0.346613959460904 -0.522650745239587 0.0436454479792721 -0.201596581938705 -0.0373230809869297 0.977783657383863
1463224790.03961 -0.200176880075821  0.323929241680426 -0.479109898885633 0.0537273250773778 -0.156761367434326 -0.0109818858672529 0.986112897392052
1463224790.24251 -0.193077658365453  0.287300530282697 -0.419623789433785 0.0649425788332861 -0.116123645990924 0.0206198869794408 0.990894838293758
1463224790.47297 -0.190466772440009  0.240122784676142 -0.355465833021352 0.0661094156494233 -0.0865482374074512 0.0515253373555043 0.992715511803133
1463224790.70634 -0.193182511898701  0.191193959796831 -0.298936060375549 0.0476820886896135 -0.0655519836684765 0.0595352804026991 0.994929598636354
1463224790.93951 -0.207770934542907  0.144262424191211 -0.241954145214291 0.0454869328372115 -0.0557663406693683 0.0725722626727491 0.994763449710517
1463224791.10616 -0.223348150618065   0.10727659986634 -0.200453788451605 0.0584793569781436 -0.0544431189054896 0.0618240590762437 0.994883861227331
1463224791.24233 -0.238249543404726 0.0746550249683331 -0.170001163767135 0.0711186250741965 -0.0574581601966766 0.0575187812956985 0.994149028462346
1463224791.37282 -0.249949534725763 0.0422787276794281 -0.145014152010669 0.0926252381069349 -0.0612045227229427 0.0610259552695517 0.991942742524653
1463224791.50612 -0.259224287502505 0.0152171177416915 -0.123724234360259 0.110252980301631 -0.0599551452969311 0.0596505246252589 0.990298680095537
1463224791.63934   -0.267495188918882 -0.00718910982480725   -0.105999839675676 0.128822353646309 -0.0597555729832277 0.0687478617265229 0.987475470179641
1463224791.806  -0.281089994594355 -0.0289314577426413   -0.08658801036176 0.147699523167321 -0.0689932391940122 0.0683288067733982 0.984254010896876
1463224792.0073  -0.304485160959864 -0.0410279863369433 -0.0676171296786049 0.14150206882036 -0.0771907506152455 0.0598533752161572 0.985107266247817
1463224792.17266  -0.332939583786009 -0.0439595494686069  -0.055758766088708 0.1283325994557 -0.0845063870884606 0.0493721386987562 0.986889966702727
1463224792.30592  -0.360958027079612 -0.0462445560258509  -0.049963164685255 0.119815964775192 -0.0834880676038609 0.0555264713668777 0.987719944179678
1463224792.43918  -0.391796249810619 -0.0437908707582453 -0.0462243018681235 0.107341423227004 -0.079295707323473 0.0618221549619864 0.989124881304443
1463224792.53918  -0.415564157894544  -0.038143772356314 -0.0446586370330656 0.0940448707603948 -0.0733209483603182 0.0692503067901889 0.990446361911976
1463224792.63922  -0.439348361628987 -0.0296232138472076 -0.0444849196160485 0.0796345885506968 -0.0719687032731135 0.0696718965695847 0.991778536208535
1463224792.74165  -0.459498164923922 -0.0183828596741246 -0.0456479300370326 0.063616984351613 -0.0654934778196626 0.0742393693002623 0.993051861541476
1463224792.87247   -0.481826236598607 -0.00196245506296625  -0.0480080154388306 0.0572135531679626 -0.0581860351455571 0.0785831789890034 0.99356211613966
1463224793.00572  -0.498367094144388  0.0200730303160327 -0.0518548745026599 0.0440292288223606 -0.0537277183472457 0.0798971217813624 0.994379811350553
1463224793.13929  -0.508523521543483  0.0447014110794962 -0.0601921623367715 0.0367240991727272 -0.0516369969386323 0.0670401540848072 0.995736199415988
1463224793.30573  -0.513839465011625  0.0764845255661654 -0.0766055160546021 0.0256243956860948 -0.0573359909613644 0.0562679670779159 0.996438603410727
1463224793.47234 -0.511954433816341  0.104316746791846 -0.104472341409202 0.030858329789291 -0.0508492860631068 0.0437718733313211 0.99726934009552
1463224793.63897  -0.50639229581552  0.129455538873147 -0.142404259517457 0.0359787316677234 -0.0604463687869126 0.0389288563792464 0.996762916399413
1463224793.77234 -0.498049213424987  0.150344722348974 -0.181717520173815 0.0438295506978707 -0.074643702895862 0.0449713928065661 0.995231059569914
1463224793.90831 -0.484220546254684  0.173752362405639 -0.224047568314999 0.045515947960527 -0.0796693569292954 0.0630359363538925 0.993784464949878
1463224794.07541 -0.464265161033829  0.202261015678135 -0.267212311501897 0.0295559943864456 -0.0827729279174499 0.0780709554350706 0.993065965340297
1463224794.27209 -0.438358234887583  0.233177521951418 -0.300578979575871 0.00745293026592725 -0.0729350189184579 0.0624021697618827 0.995354663451588
1463224794.47211 -0.407420535771008  0.257809844606322 -0.316318034639343 -0.00763046105999604 -0.0431257149958423 0.0622764952363591 0.99709758143884
1463224794.70547   -0.3671027871652  0.274157935698865 -0.318201297192736 -0.0248840715293017 -0.0190416028461444 0.0574024867479579 0.997859286102166
1463224794.97209 -0.324729351346953  0.265994785958378 -0.290300490776965 -0.0325411465186487 -0.0271494623980856 0.0541881833755685 0.997631004558901
1463224795.1721 -0.298192907213359  0.242092266009171 -0.252825545663521 -0.0115576669225507 -0.0421624015505866 0.0495474480759499 0.997814513133556
1463224795.37194 -0.281730684465515  0.210036062975689  -0.21759393442101 0.0120772121891142 -0.064670340132223 0.0420936251562655 0.996945341919067
1463224795.57439 -0.282004983277122  0.174868010780702 -0.183717773423005 0.027582936614573 -0.0839454367857659 0.0391329749514096 0.995319524334782
1463224795.7414 -0.293285189001531  0.141444518287355 -0.148171516766167 0.0324103014132456 -0.0970771108244385 0.0503716282016085 0.9934728511583
1463224795.87187 -0.306466431862459  0.108729210775357  -0.11963937368862 0.0464833231554011 -0.087772088363252 0.0525587811052556 0.993666410673881
1463224796.00815  -0.323376334117297  0.0747680009898446 -0.0937581773134026 0.0647257152870326 -0.0789299697358513 0.0552011866447119 0.993243912969566
1463224796.10514  -0.335533146649635  0.0493127194062797 -0.0753691676593523 0.0788363706809671 -0.0757952358893497 0.0653440641820077 0.991851834777004
1463224796.24145  -0.351479107645902  0.0195091016837052 -0.0531145291355712 0.0917043981733013 -0.0725912084422037 0.0750237386390193 0.990299075256156
1463224796.37179    -0.36580989018846 -0.00289964866933191   -0.031909694433424 0.0848620699753462 -0.0790339931689204 0.0867360479257094 0.989458900103235
1463224796.63836  -0.393183826943489   -0.04125434075883 0.00325112522672978 0.086879046593566 -0.0977627769718096 0.0891091302878363 0.987397606641366
1463224796.74093  -0.403285344538096 -0.0556876890453021  0.0152418259885401 0.0989569550990418 -0.101632461151381 0.0935591068003572 0.985456776024478
1463224796.87174 -0.417196588252283 -0.070496946656041 0.0307317046154726 0.104363543002358 -0.0965926679632151 0.0898970084879861 0.985746739914799
1463224797.03842  -0.436445759803037 -0.0760121621027246  0.0435807418738346 0.106169598664544 -0.0866063138485197 0.0909836011110858 0.986381947852778
1463224797.17157  -0.455833747440789 -0.0705107754132767  0.0473323314339404 0.0946421907675958 -0.0791233568914014 0.0993174271344925 0.987379561662247
1463224797.3048  -0.479572680634239 -0.0607067134238632   0.045626715613868 0.0786383169524672 -0.0783390643864836 0.108927936923858 0.987832835380281
1463224797.40877  -0.496543455131652 -0.0511482565482241  0.0399272406616008 0.0680654837136133 -0.069018500103087 0.109607239647108 0.989236973423099
1463224797.5061  -0.513381328737186 -0.0391740558712438  0.0304039140544292 0.0519422700597033 -0.0635831885059152 0.110227065007576 0.990509552129752
1463224797.60504  -0.528705692515198 -0.0250171208378159   0.019350759205039 0.0333674844501911 -0.0575060488490057 0.115135590514018 0.991122323996504
1463224797.7055  -0.541694151930762 -0.0103096051861011 0.00723700477824015 0.0192545261030027 -0.0540493199336581 0.114546068469365 0.991759614239998
1463224797.93822  -0.562384277328984  0.0321363654422108 -0.0272971647393802 -0.02365379282255 -0.051451965714298 0.105726470675401 0.992781499982633
1463224798.0737  -0.564370470534925  0.0586705720584271 -0.0492706829040211 -0.0384295042662189 -0.0519849353659146 0.098728675758365 0.9930122800247
1463224798.20482  -0.560066671483357  0.0857076452173751 -0.0736754356612423 -0.0552929994269472 -0.06011385561079 0.0899676135444124 0.992589964230497
1463224798.33811  -0.54721813780061  0.109599505437329 -0.102781930095261 -0.0537497100947608 -0.0653241792909693 0.0811582244974616 0.993104759258111
1463224798.43933 -0.532289989838325  0.130343946019484 -0.127375483274314 -0.0602932415275264 -0.0632201648754218 0.0785925237377416 0.99307157395213
1463224798.57491 -0.507012281777071  0.153676312501261 -0.159556609466575 -0.0634612462494779 -0.0481901589835387 0.0811971923235828 0.993507621893447
1463224798.70522 -0.478590163108334  0.170867557063227 -0.188597513255949 -0.0525052259147837 -0.0266731329407549 0.0803982913557672 0.995021537444208
1463224799.00465 -0.415598565121948  0.183812862466632 -0.253635861987108 0.0355587738707408 0.0266295664421351 0.0647612204371556 0.996911442465881
1463224799.13815 -0.393805905254618  0.186016873743572 -0.283385978161128 0.0879299218124123 0.0189447913522793 0.0193408000189655 0.995758684212851
1463224799.23994 -0.385758572645548  0.191582292218458 -0.305938908670493 0.0843750484026164 -0.0377043724365852 -0.0113104276281918 0.995656218648328
