1461162996.11289  4.15958499527631e-06   1.6422807268055e-05 -5.45895101377684e-06 -4.18544286852255e-06 2.42911929149469e-05 4.88401675383689e-06 0.999999999684283
1461162996.61255 -0.00190995441838511   -0.028261679821381 0.000169036647059315 0.0205474694181932 -0.00548552716000648 -0.00177812098727631 0.999772248453637
1461162996.63251 -0.000778787291056497   -0.0296897244060523    -0.001099735788256 0.0222034490309433 -0.00392951060147947 -0.00163890004311573 0.999744407238276
1461162997.49252   0.0221844196188187  -0.0170304729630397 -0.00606392196273599 0.00464226208356828 0.0262523203858661 -0.00315537210858031 0.999639589404082
1461162999.03241  0.0542627190008792 0.00478438530895357 0.00331406134216996 -0.0151963681719703 0.0484969666946143 0.0178789807855826 0.998547673705103
1461162999.97233  0.0139658367536452 -0.0153584974884211  0.0148090437890322 -0.00548770501802725 0.0574263118218352 0.0208404545812388 0.998117117004324
1461163000.25273 -0.00901423722933385  -0.0315196595467159   0.0313811813318677 0.00824925834196312 0.083385494763261 0.0170103405268519 0.996338023622031
1461163000.5523 -0.0451114287427043  -0.025271269147572  0.0543778817578257 0.00235023845616668 0.0976505680712283 0.0225587688884385 0.994962283144845
1461163000.77228  -0.080564323621633 -0.0198118732639449  0.0755471973055492 0.0076916745838556 0.118699505036027 0.0234051410704843 0.992624533757739
1461163000.99235  -0.117012116268445 -0.0158236112013361  0.0966985625377743 0.0176078428221859 0.149299699499497 0.036474784094766 0.987962121604745
1461163001.19231  -0.149877064185791 -0.0243100454091835   0.115663958269593 0.0246579813368073 0.178899414595692 0.0349754618229853 0.982936264710984
1461163001.39286  -0.193973751518087 -0.0315505706668804   0.131645309471363 0.037677295517383 0.185570156454747 0.0390173907122248 0.981132907234217
1461163001.5523  -0.239253232366368 -0.0273226398696544   0.144396303870813 0.0236370636111773 0.18268131903549 0.0253076479058706 0.982562134349155
1461163001.75271  -0.287665808501573 -0.0345139123072725   0.152603744506418 0.0131015385951913 0.173369517071701 0.0456627891195572 0.98371046041332
1461163001.9743  -0.292116067428214 -0.0856998501511186   0.137392422884879 0.00905362967358463 0.169684066738861 0.0692894403650025 0.983017966640794
1461163002.09226 -0.287671693769404 -0.136004730764491  0.121936091370942 0.0234479467322644 0.175709870838423 0.0884883169340407 0.980176541675104
1461163002.2122 -0.281924724185018 -0.180353330738908  0.106726736176826 0.0270374757231319 0.189651692830301 0.120921073283656 0.97400169627627
1461163002.39226 -0.287536228365252 -0.232928530186102 0.0911951741670032 0.01563630319954 0.205724317704808 0.127668203718527 0.970120529051122
1461163002.57416 -0.314747957551009  -0.28867586417702 0.0843619196035929 -0.0091204073816696 0.204914288940789 0.126726814252812 0.970498463113887
1461163002.71223 -0.350336911132988 -0.346655391233748 0.0852742960208331 -0.00303568034595818 0.208760467409245 0.10943251916371 0.971820135437312
1461163002.85231 -0.395818507769987 -0.396567230314817 0.0910311286853219 0.0039770905942416 0.205587305629437 0.111828893883872 0.972220315055771
1461163003.01214 -0.437848691168108 -0.430946404632129 0.0955871617869961 0.00622704026775746 0.233090871008018 0.102718320286187 0.966994734473674
1461163003.1922 -0.494232047630313 -0.455837202759702  0.106965834893075 0.012352563172789 0.254428795686329 0.107566305732918 0.961011390140429
1461163003.35231 -0.559580004354212 -0.475544506968262  0.126734874667005 0.0158001407540411 0.258471795553105 0.113981013062843 0.959140769187127
1461163003.49279 -0.623571311808728 -0.491578071590351  0.153246718809443 0.017865254240954 0.243503102375343 0.108292868635739 0.963669926077976
1461163003.63217 -0.685156275321571 -0.497588554778161  0.180863982145049 -0.00252127312730797 0.235128573010179 0.0962301190290193 0.967185587944566
1461163003.79215 -0.752244348037968 -0.508575454518209  0.210093411011448 -0.0105388861889392 0.22139059666304 0.0905211307151464 0.970917638361324
1461163003.99245 -0.823521515106445 -0.516287254249111  0.247916554235864 -0.00913801778094936 0.230473666269986 0.0964942571613096 0.968239249422369
1461163004.1724 -0.890837405169587 -0.514055402647249  0.283005690848559 -0.0170707117278586 0.25057847213844 0.0882892404458887 0.963910799878992
1461163004.35235 -0.961585272286794 -0.520095901368492  0.311416050835531 -0.00498668297878661 0.268037487743906 0.107692639932112 0.957357474228544
1461163004.53209   -1.0436689564825 -0.525158154016718   0.33130092847091 -0.000175987191838368 0.252774708908176 0.0979174452854376 0.962557577225211
1461163004.73197  -1.14267261432881 -0.522491148493447  0.338888486283445 0.0100887525610815 0.245494456522072 0.0903634857971999 0.965124411318703
1461163004.89263  -1.24354424763646 -0.521445661836794  0.339707398002165 0.00753798043626685 0.223629072100972 0.0826771115041228 0.971132180599292
1461163005.01294  -1.32271197280924 -0.519856782187583  0.340130127999886 -0.00905796816780478 0.199299155349394 0.092608551544409 0.975510869273395
1461163005.17431  -1.41690395650709 -0.527744308020005  0.338666337191814 -0.0131645188344021 0.177159107689709 0.0963380992375657 0.979367304253995
1461163005.35201  -1.51505773610302 -0.524650295993772  0.330891006223406 -0.0105549927444059 0.157500451319087 0.0943596625050923 0.982943769528234
1461163005.51211   -1.6075939438712 -0.513742779402905  0.331441363110451 -0.021165348894769 0.141490745412703 0.0846375676624892 0.986087662993964
1461163005.69207  -1.70808304396804 -0.514037054653857  0.333835098785635 -0.0289910828037944 0.136277730749294 0.105602001499199 0.98459946907311
1461163005.89242  -1.80400775060664 -0.526124849005385   0.33758785787697 -0.0168840210637766 0.128945989225734 0.107798200686899 0.985630463015415
1461163006.11246  -1.89442639470216 -0.539673975739021  0.329190790014331 0.00487917674640966 0.120476067672926 0.10232338213758 0.987416647732999
1461163006.33201  -1.99716916379933 -0.541376042010996  0.305867534038912 0.00172532394835661 0.104951191452884 0.0924721893528677 0.990167240856907
1461163006.51196 -2.07954274736535  -0.5436555741915  0.30250590267732 -4.58004166422228e-05 0.0814045139578247 0.0869459677779913 0.992881514429975
1461163006.8326  -2.15725912404264 -0.534877463925343  0.342247101488621 0.00605202230196149 0.0717061793930613 0.0710768801801105 0.994871687187232
1461163007.03193  -2.18449309369068 -0.538337275003222  0.398418931384768 0.00525417409510363 0.106505528952748 0.0690235436056126 0.991899549543802
1461163007.21224  -2.20761328366738 -0.543476536152405  0.458673873843313 -0.000547042374879313 0.142728043606784 0.0870892088077856 0.985922855005428
1461163007.41202  -2.22384275087283 -0.556766496797863  0.535087931435501 -0.000216453021971964 0.171469688020109 0.0967479256148696 0.980427426242042
1461163007.61195 -2.21324169313243 -0.56868568996147 0.622600828810925 0.00891675954654013 0.201052759483902 0.10545305930823 0.973846975446159
1461163007.79198  -2.18596127597804 -0.581656031699123  0.714673977685808 0.0292667456905182 0.219243713568218 0.117131415039988 0.968171412131258
1461163007.91195  -2.15567994833468 -0.591113442006552  0.778898613782823 0.0363189128609119 0.251177190017762 0.147180383358319 0.95599628165484
1461163008.0741  -2.12117611701113 -0.609036705665649  0.861767752334148 0.0375824776028071 0.280184099653541 0.14878413389945 0.947601028481058
1461163008.25272  -2.08770597080283 -0.622103400825952  0.950777431953748 0.0246835853114804 0.290035363896889 0.130301125855053 0.947782583141448
1461163008.41214 -2.05025222995577  -0.6221681395363  1.02790301022711 0.0188177383874354 0.300307423175314 0.129235180012337 0.944859572928678
1461163008.5318  -2.01391030923808 -0.616846426391457   1.08214243464302 0.00591990457470433 0.329098419236725 0.132027598105675 0.935001550011636
1461163008.67423  -1.96803771167213 -0.629057927073678   1.13736265361564 0.0280333691357528 0.346524211640604 0.13683091590688 0.927584174840128
1461163008.79193  -1.91839728413633 -0.646077902923736   1.17021825262341 0.0361037378843126 0.367936029124909 0.153699177050407 0.916349366539096
1461163008.9118  -1.85905298958603 -0.672791571664324   1.17866116009445 0.058868778526936 0.393014028732648 0.164777959913302 0.902730670832054
1461163009.0321  -1.80097575256487 -0.695923515328245   1.16515403848981 0.0728510960568837 0.419510418429267 0.164068084359547 0.88982323543904
1461163009.21189  -1.73160663632794 -0.717015882653327   1.13102987412702 0.0832141666171793 0.429980667472937 0.163040302003826 0.884087036437158
1461163009.39184  -1.68141063457982 -0.728344306073736   1.07944289409275 0.103527537720602 0.421578994591681 0.174885531937098 0.883724080791994
1461163009.57178  -1.62674497210058 -0.720553280990147   1.01959972682946 0.105260004466457 0.419930594616176 0.169658113299045 0.88532183512937
1461163009.75194  -1.55776488037971 -0.699415645735341  0.963017928734419 0.103953088441716 0.414537204853917 0.170705544726912 0.887813200056644
1461163009.89228  -1.50417232364092 -0.667490828421418  0.898887838842002 0.0904395558332999 0.422326470491722 0.156285611672952 0.888276897508143
1461163010.01178  -1.45948054851724 -0.641837317099339  0.826810085589871 0.0864693553041508 0.427061441793446 0.140301844794237 0.889076469081215
1461163010.1317  -1.42192541719934 -0.623095520613746  0.751597746707587 0.077293905701997 0.428830094543204 0.129647416191238 0.890686224003904
1461163010.27414  -1.38380777273167 -0.611902488902288  0.668602173825941 0.0801039817400793 0.424107978962361 0.129059329661584 0.892781867937039
1461163010.41182  -1.35793099102525 -0.597427611733566  0.588132887639571 0.0757033582420994 0.417881687045789 0.131638672195523 0.895720468207149
1461163010.55195  -1.34893116349965 -0.579173666886898  0.498522934328144 0.0655575574464088 0.41076561210374 0.118496519727693 0.901627635660712
1461163010.69169  -1.36638238030549 -0.564258577926694   0.40614839749459 0.0629666914609052 0.38874878234446 0.115579777365926 0.911894124915941
1461163010.81171  -1.40344562955712 -0.549103523712016  0.339225900041784 0.0425147468308712 0.358172832085774 0.115319076382083 0.925530242228716
1461163010.95178  -1.45810260229455 -0.538244401266061  0.265732922795164 0.0428133038346505 0.334469740683742 0.127141069463466 0.932808748906976
1461163011.11191  -1.53156498824824 -0.519553344477651  0.193685783619556 0.0316151469614311 0.312378800365615 0.114385886875586 0.942515695597921
1461163011.2737  -1.62075272243585 -0.499485469355645  0.129956686659095 0.0161043368685036 0.286902292063072 0.0983589018865262 0.952760857488729
1461163011.43174  -1.72464393323449 -0.487225016279988 0.0696661281618463 0.0127162513284104 0.2641182000955 0.100405502719092 0.959165579216744
1461163011.55175    -1.815835900146 -0.486380963842951 0.0345914736309259 0.0126803236561558 0.230175954380688 0.10569799773871 0.967308726669486
1461163011.6521   -1.8985141127111 -0.488800386996005 0.0107703347879068 0.0148269747897804 0.185028738148125 0.108797792863788 0.976579524230292
1461163011.77385   -1.99471479303423  -0.486165772038664 -0.0213468436669954 0.00897914613033864 0.145955057476487 0.116813299182095 0.982329450472702
1461163011.87379   -2.07752562445958  -0.485481284905924 -0.0517509189108168 0.00923977636982946 0.103315684754992 0.103432037999315 0.989212974708455
1461163011.95226   -2.14389438754189  -0.483618520625833 -0.0771732452878989 0.00600174421005723 0.0665782597589141 0.0991347764944341 0.992826072624662
1461163012.05181  -2.21982330934648 -0.476979500104677 -0.113265271985277 -0.0024104365070464 0.0256595261559621 0.102857549153752 0.994362158921678
1461163012.19159  -2.32475884541719 -0.471259212482353 -0.147570750140172 -0.007068265427921 0.00427385495509137 0.103439503405505 0.99460144928654
1461163012.33191  -2.42157780871974 -0.460367258155716 -0.175920500914486 0.00397700578451036 -0.0110604933221254 0.0899493146915062 0.995876985224074
1461163012.45244  -2.51949233414178  -0.44667956315878 -0.183310110904251 -0.00526338812114512 -0.0377263514240973 0.0826698693397836 0.995848739446436
1461163012.53196  -2.58548408107385 -0.431528336791848 -0.181780761211055 -0.0227324320898013 -0.0619551153198157 0.0761962061622531 0.994906497306893
1461163012.63186  -2.66276962647908 -0.423462563516114 -0.169785840565716 -0.034036168568166 -0.0822541788859518 0.0546558473852451 0.994529299534005
1461163012.77334  -2.74976834991447 -0.434256294789223 -0.140399033679607 -0.0332173219409225 -0.0982389993727514 0.0511200520697671 0.993293737421966
1461163012.9746   -2.80598516579378  -0.478013094378173 -0.0593958236695266 -0.0184870784879598 -0.0942996223663389 0.0534653502894818 0.993935242090232
1461163013.11164  -2.78351889991832 -0.505997890276305 0.0291136085984892 -0.00433479534595082 -0.0556969683412138 0.0674621786671493 0.996156569880653
1461163013.23164  -2.74296362002529 -0.518214099572623  0.108975365019101 -0.00548568538931422 -0.0194285902261507 0.065306591891516 0.997661007653977
1461163013.33233  -2.69422371064086 -0.529694473314198  0.177302715884818 -0.0114485298499367 0.0129497721627526 0.0777788534150457 0.996820788570668
1461163013.43335  -2.63902500527411 -0.548590589899086  0.244535302229061 -0.00162354115763326 0.0483270627309807 0.101209072146703 0.993689379452708
1461163013.55195  -2.57944925983592 -0.575662923361052  0.319632030559571 0.0149993889927798 0.0796992227280492 0.116304301102198 0.989897147067066
1461163013.65162 -2.52256390242141 -0.59739066398758 0.375409820470247 0.0275283223923888 0.11821365426109 0.126110159093302 0.984562822366335
1461163013.77423  -2.45158873041177 -0.606608491720698   0.44571035210035 0.0197247113938723 0.160835127956425 0.119019864386038 0.97958014948099
1461163013.89201   -2.3799715041717 -0.599600410704984  0.525680561444054 0.0144906639564955 0.191337580711439 0.120872811985069 0.973945436966782
1461163014.0121 -2.31612256621633 -0.58257444660269 0.613629601798705 -0.00383568213743689 0.203241080400416 0.108868872052903 0.973049803184884
1461163014.11175  -2.25710871679163 -0.574274399903959  0.683194769072208 0.0040031844612596 0.22543277701733 0.100001309546159 0.969104625749706
1461163014.23177  -2.19357227844556 -0.579388010699185  0.764575725119072 0.0213896033779998 0.235471888687557 0.0969878003974171 0.966793070454747
1461163014.37358  -2.12567880196203 -0.593754147312629  0.852248901812343 0.0191130971868063 0.237177894969545 0.0895963347573829 0.967136925389464
1461163014.49219  -2.06290536924993 -0.599205519232826  0.922453300491494 0.0111009286836323 0.24761931054031 0.0931234710113806 0.964307764967541
1461163014.61157  -2.00191024567211 -0.595936602015581  0.997999821696674 0.00542035432260159 0.245093722116587 0.0923345874239991 0.965077204737162
1461163014.71165  -1.94538018329505 -0.592091218072774   1.05850177018985 0.0094957020262379 0.247609296119553 0.0948427335203896 0.964159905833357
1461163014.81158  -1.88867702362475 -0.591869192847147   1.11843638345978 0.00725465540722366 0.253353927917526 0.0856761512986308 0.963544889604183
1461163014.91148  -1.84354106431089 -0.596237169702797   1.17943767375265 -0.00808716975141711 0.240284078951787 0.0799771142491966 0.967368502838538
1461163014.99158  -1.81117788856463 -0.608369308075044   1.22785661819915 -0.000647031999995393 0.221823983964604 0.0852131718214696 0.971355968137215
1461163015.09175  -1.77382978815648 -0.618502951752618   1.28548725487263 0.00077329440067552 0.211185700078367 0.0936098931684255 0.972952820027352
1461163015.19154  -1.73488846472034 -0.624073598214686   1.34227993352518 0.00321606105853435 0.212884025813372 0.0948209702381186 0.972460298473856
1461163015.29149  -1.70011992264231 -0.623526644442845   1.40461074916603 0.00131376006647836 0.211726516159689 0.0914118274176686 0.973043695934325
1461163015.37399  -1.67265211018788 -0.620145811050904   1.45739323334978 -0.00352156162213635 0.2160394524974 0.0792599711808803 0.973155902482624
1461163015.4517  -1.64661721921188 -0.617431434243376   1.51551038217135 -0.00293319622236861 0.219694129671879 0.0736487381002258 0.972780421844458
1461163015.53158  -1.62106966822699 -0.617028537221978   1.57228543884104 -0.00376873279865061 0.228700310246355 0.058584522116178 0.971725176433508
1461163015.6115  -1.59900201985945 -0.617042469174024   1.62733352155995 -0.015423451599141 0.232868607093752 0.0591103564308991 0.970587602812645
1461163015.67341  -1.58126752781948 -0.619273025739789   1.66604401095177 -0.0275014227154885 0.240320165512084 0.057031483594153 0.968626501638231
1461163015.75179  -1.55659621107764 -0.628374398731966   1.71780101719867 -0.0270491572750384 0.248710267124396 0.0662033946541399 0.965934085046123
1461163015.81145  -1.54224742105823 -0.635306878629054   1.75430119442488 -0.0267188854705967 0.23829329335711 0.0591322164964908 0.969023110391307
1461163015.87339  -1.52868740704997 -0.640650472212633   1.78938404044713 -0.0295749895913902 0.231955055795073 0.0633275936969538 0.970212238614999
1461163015.93149  -1.51410212881485 -0.645972129146139   1.82301950944292 -0.0332053502216763 0.230087359334929 0.0566634930008641 0.970951317189423
1461163015.99152  -1.49999578877924 -0.651486325034303   1.85681831504823 -0.0286565732315392 0.222691126651808 0.0548264365817117 0.97292421327302
1461163016.05152 -1.48610877401889 -0.65498592421965  1.88916208325096 -0.0279218393646361 0.219198207910968 0.0552962065219937 0.973711890694261
1461163016.1114  -1.47494356836651 -0.657502052915023   1.92237530173939 -0.0255064517146219 0.210526324809292 0.0562582148633858 0.975634716860571
1461163016.1731  -1.46322481649613 -0.660798334508354   1.95861897688187 -0.0239557831351589 0.205074616461797 0.0586993219474734 0.976690796383551
1461163016.23139  -1.44988271332569 -0.665556942423756     1.991714546287 -0.0170429749174402 0.203398363911524 0.0609407664804371 0.977049059947788
1461163016.2914  -1.43779544941118 -0.672544523203314   2.02930565875037 -0.0100323147559231 0.202486062206328 0.0589534951150536 0.977457534978647
1461163016.37336  -1.42664958811435 -0.678055386794245   2.07781323382152 -0.0128107977238354 0.187123237272184 0.0573131059315774 0.980579413113967
1461163016.49139  -1.40969594039083 -0.691174478011626   2.13869493480459 -0.00971379816525176 0.176682305933642 0.0479657257971556 0.983050504320062
1461163016.63143  -1.39680115679493 -0.698772377729604   2.19571931130214 -0.0141089043410672 0.164988462771047 0.0369089339679982 0.985503666438683
1461163016.79213   -1.3868779561053 -0.702726493066518   2.24696183646854 -0.0180337047851104 0.167440911915829 0.0366618625276004 0.985035143710379
1461163016.91141  -1.38560599869673 -0.698579362598843   2.28456986691426 -0.0332353241017101 0.154777882035806 0.024578994881809 0.98708413697869
1461163017.05167  -1.38494284465812 -0.692195233731586   2.33194879967935 -0.045400702615597 0.146343895061008 0.00902621530294309 0.988150174830571
1461163017.19151  -1.37539174978542 -0.692754234762525   2.38343762785039 -0.044375261602846 0.149270170454236 0.00512695508372689 0.987786903487696
1461163017.3322  -1.35655664037446 -0.693661287876094   2.43125070499387 -0.0334492334544925 0.177940596701854 0.0205003712714334 0.983258881274117
1461163017.49174  -1.33802840179028 -0.695269443035573   2.48247678383605 -0.0294812650865017 0.208323241819111 0.0363711807945526 0.976938800096754
1461163017.81218  -1.32783290678896 -0.698352877523864   2.58697637441363 -0.0160848143587178 0.207954880355225 0.0509073703285216 0.976680339788676
1461163018.01138  -1.30753426781392 -0.703633796305592   2.65305063396099 -0.00033395830581597 0.238395009904817 0.0844915062120298 0.967485861965101
1461163018.41212  -1.29015581472971 -0.712932411361467   2.79161447657668 -0.0216020310531982 0.225043492963777 0.081267172810896 0.970713358902804
1461163018.73139  -1.25642771287703 -0.715698711501161   2.91451958969428 -0.0296701574715813 0.24154081314848 0.084398920771982 0.966258008769763
1461163018.85146  -1.22307101478454 -0.718530064902953   2.96688710098143 -0.0279376642543363 0.270834853925817 0.0805071915815702 0.958846474112849
1461163018.93138  -1.19195829605094 -0.726038681510627   3.00158690464243 -0.0150311656463168 0.303294270432187 0.0847649885004012 0.949000287832858
1461163019.01128 -1.15733530032232 -0.73123932092075   3.0313095616049 -0.00501432519550348 0.339875731896518 0.107249461822713 0.934321623612222
1461163019.15198  -1.09281979175856 -0.734271134806273   3.07947154843335 -0.00601680743289688 0.387529614032879 0.128745397057013 0.91280294643065
1461163019.29138  -1.02077394136115 -0.729116747538634    3.1286509139549 -0.00710756894951495 0.435790089830739 0.143166927037193 0.888560471252054
1461163019.43137 -0.940346841746406 -0.726127704416312   3.18191213200694 -0.0013247915539072 0.47364337560957 0.14594905292571 0.868538468703948
1461163019.55131 -0.863218467304552 -0.729139674085827   3.22672144903543 0.0126149464099213 0.503092297947476 0.156353316272846 0.849878016755044
1461163019.69158 -0.772359629022802 -0.741939610387035   3.28388992317082 0.0120879993250027 0.522905958501793 0.152654812378807 0.838522359328141
1461163019.83124 -0.690723141755418 -0.757714057019929    3.3381739389062 0.0119759890809391 0.528103222443254 0.15350853490643 0.835104000613975
1461163019.95199 -0.609694297532435 -0.767652942337931   3.38614104959604 0.0232817367422176 0.532435613800069 0.149693110247661 0.832803848835962
1461163020.05119  -0.53382850792418 -0.769151936869457   3.42497284348875 0.0358454803415647 0.550876977044144 0.139800655531224 0.822013037861827
1461163020.17126 -0.439620351113056 -0.767192143972446   3.47743880943067 0.0263818258029735 0.564581055928723 0.124870231196396 0.815450584593983
1461163020.31123 -0.325690564813396 -0.779756675947116   3.53621558554826 0.0282257997273421 0.587271717602329 0.112932786788347 0.800975292754015
1461163020.47123 -0.201146438523402 -0.790094074141615   3.59508729388014 0.0114330585233796 0.607476937713621 0.117191924569648 0.785561651389975
1461163020.63131 -0.0664653423962074  -0.781631172465185    3.64940706634002 0.00252910873738262 0.627397000921529 0.117697768189277 0.769749207344138
1461163020.75157 0.0423623943648601 -0.776636119446975   3.68547738863535 0.0210241432065073 0.643486729502037 0.13814309227127 0.752595044107345
1461163020.87121  0.148968709422228 -0.790060133395475   3.72805292092748 0.0351934871592463 0.652626720696748 0.140844544907484 0.743641443213048
1461163021.01124  0.262609628720883 -0.816140140959162   3.79112320124434 0.0488696319786175 0.631241475612184 0.144215192726052 0.760491904443574
1461163021.15121 0.383063836124002 -0.82444911003165  3.84942078595534 0.0641591652363312 0.627467211216517 0.147526628543741 0.761842762146403
1461163021.273  0.491787963312567 -0.815246725644187   3.89850950523915 0.0587383634783715 0.630403303997957 0.140292919574722 0.761222290583731
1461163021.37306   0.58154093345557 -0.813752987056812   3.93608802179428 0.0496974818780654 0.635642564946745 0.133236288805693 0.758773208059028
1461163021.47392  0.673291131235625 -0.820412385103964   3.96771544923364 0.0389023937713316 0.641212981255657 0.128058495713267 0.755601441306029
1461163021.57398  0.763518862109797 -0.828916631879245   3.99754433062501 0.0394241127814652 0.637018077846046 0.134055271979658 0.758078420668457
1461163021.67326  0.855951507412303 -0.830746023414607   4.02431491011088 0.0406802063032805 0.638119393092927 0.132024484816773 0.757441942582204
1461163021.77403  0.951609345307832 -0.824470428833839   4.05296208385251 0.0414848454980967 0.629742285545636 0.130001483201196 0.764724313563553
1461163021.8711  1.04639906061496 -0.81767559044014  4.07733704761934 0.0398198479878386 0.632949191874441 0.137122953881377 0.760911950051097
1461163021.97104   1.13589392991473 -0.823428625654162   4.10293920803986 0.0452787790303581 0.629757339440241 0.142179403327064 0.762325745898844
1461163022.0515   1.20248226319782 -0.833586454472027   4.12960052957707 0.0387624266993882 0.610664405590036 0.13935729630191 0.778566632979583
1461163022.15119   1.28381229671492 -0.842119921641782   4.15553699794953 0.0337491058094744 0.604279043058751 0.13301204269183 0.784866633560127
1461163022.23112   1.35198347769149 -0.840269008693954   4.17666987878151 0.0280192954425304 0.595927137198935 0.128296527722575 0.792228355467738
1461163022.31122  1.42246542405446 -0.83564815580497  4.19601347742706 0.0244876444175813 0.590295297265027 0.116909144799874 0.798300738543961
1461163022.39114   1.49487962172267 -0.831502759412867   4.21090557661462 0.0271020001589841 0.595735123405017 0.111911180923966 0.794884288379884
1461163022.49108   1.57922025591393 -0.832754821302228   4.23023617787265 0.0247598183326046 0.599842285736778 0.103399983473521 0.793022463147098
1461163022.59135   1.65836877969141 -0.840208969959097   4.25392428656675 0.0264377058620695 0.591221609900712 0.101902511614026 0.799608612898782
1461163022.69108   1.72975389171617 -0.846880027640821   4.28313521603442 0.0441295073674924 0.56765417715773 0.118595954657466 0.813484063318863
1461163022.7911    1.7960699325532 -0.844897974633521   4.32024453459575 0.0513158858167485 0.532282200935529 0.121097157382424 0.836288118356328
1461163022.89116   1.86129622944224 -0.831339034235354   4.35479865099689 0.0379723111190495 0.506240194141934 0.118404577107673 0.853381113889549
1461163022.99185   1.93352019341013 -0.825958290003735   4.39343475813522 0.0313082115532526 0.478763104052006 0.117916772043904 0.869425857079585
1461163023.0911    1.9945088312362 -0.827311820873905   4.42186863141814 0.0223366798680436 0.451535762767632 0.114380856507148 0.884609262521604
1461163023.19113    2.0481591847871 -0.831245787598346   4.44751542298115 0.0113946454967404 0.421173253597366 0.121085673551743 0.898788914133198
1461163023.2922   2.09351538537165 -0.837133464090169   4.47324248950454 0.00604737262485929 0.382065836234016 0.121380436106111 0.9161091178445
1461163023.39105   2.14105576389843 -0.839175632381957    4.4966770076379 0.0221675648990553 0.342861612494165 0.125931752478015 0.930642631444618
1461163023.49185   2.19358975481537 -0.829605593932915   4.52266169614176 0.0143641658334274 0.309825671030549 0.109588226622783 0.944347470423919
1461163023.61269   2.26292274357276 -0.820858468396551   4.55031212206921 0.00627618169426262 0.291732729316345 0.0969347680247311 0.951554662085667
1461163023.7318   2.32560026014152 -0.820354820799194   4.57900666890593 0.000388661444120152 0.258277660717292 0.0972703913024142 0.961161261127684
1461163023.83108   2.36748702180303 -0.818115643495199   4.59594580747528 -0.0145066369672608 0.224319764189772 0.101227845838547 0.96913524551769
1461163023.93104   2.41262798157029 -0.816225259384691   4.61208021249214 -0.0230658429043076 0.194151599423885 0.106441132401292 0.97490687179104
1461163024.03104   2.45965864201447 -0.812917612023586   4.62586414550743 -0.0221070885156868 0.162913286617142 0.107174317380329 0.980553008957201
1461163024.1115   2.49452302299721 -0.810907673080602   4.63573069329254 -0.0229167990226384 0.126587044403147 0.100513553370578 0.986583785646537
1461163024.19104   2.53019768266211 -0.811806644424144   4.64472148130193 -0.0241253442329445 0.090204405377275 0.0975201224314395 0.990843559164176
1461163024.27303   2.56006836884135 -0.813889789474685   4.64591454735513 -0.0345209370635461 0.0548061950572955 0.0923219362045434 0.993620272530226
1461163024.35179   2.58765739924898 -0.817956681758618    4.6506272228837 -0.040315861294299 0.0186618818419164 0.0916113239788588 0.994803362887891
1461163024.45106   2.62313734115007 -0.816358778960487   4.65958673055106 -0.0565423748632188 -0.0208502464674101 0.0888849804296927 0.994217122826341
1461163024.55114   2.65823387266593 -0.808619320309458   4.67425014897954 -0.0656859444395536 -0.05919241640604 0.0755103257109069 0.993216897386533
1461163024.65177   2.69278842268002 -0.798253355702756   4.69755653237043 -0.0692315239748142 -0.0958753270147842 0.0581774362329464 0.991277107408062
1461163024.75103   2.72945776079791 -0.787619869217681   4.72648728736349 -0.0725913395368342 -0.121354573135563 0.0306226871519547 0.989477547008989
1461163024.87097   2.7668165064791 -0.78572186438745  4.75875018711056 -0.0833164904659602 -0.15136947513228 0.00896280443705873 0.984918937045703
1461163024.99097   2.79309282793552 -0.789724382383105   4.78967225258143 -0.0835353222375027 -0.188322338315663 0.0121510442317793 0.978472737971823
1461163025.11193   2.80796313307025 -0.791922441497683   4.81964297355494 -0.0877765495471134 -0.228966047551811 0.0163452783398101 0.969331036485524
1461163025.251    2.8200561720524 -0.783400781827659   4.85590382968419 -0.0987456079294077 -0.273633830157345 0.00970914522786402 0.956702442981629
1461163025.37343   2.82608892565028 -0.772929274693248   4.88888117462747 -0.113169844707707 -0.311360709279734 -0.00589347445518485 0.943510658087391
1461163025.51122   2.82983396671597 -0.763804355010231   4.93167089824845 -0.129981778171669 -0.340437859908609 -0.00553747557710436 0.931222925645847
1461163025.65095   2.82580379568939 -0.751446415158978    4.9771752548969 -0.157160745002803 -0.341414323623583 -0.0281355288551711 0.926253287103941
1461163025.79154   2.80389941764111 -0.742435576500969   5.02749922079552 -0.178972625415052 -0.328243180904865 -0.0298109469935647 0.927004056615097
1461163025.91175   2.77209261062744 -0.732248399579997   5.07443398757252 -0.192946023331943 -0.314051188723109 -0.0280258103961116 0.929170725374854
1461163025.99085   2.74594642173457 -0.730555207576488   5.10747716873601 -0.196554156162723 -0.29509055756052 -0.0218753751340876 0.934777778135811
1461163026.07273   2.71865055103868 -0.730395255909202   5.13519495836271 -0.198805035367498 -0.268681078095568 -0.0124358982578605 0.942407759210657
1461163026.15123   2.69242393928566 -0.729035253875093   5.16253443507679 -0.207034879203969 -0.247616610866227 0.000623263200373055 0.946478834607042
1461163026.23093   2.66214372757605 -0.724869445409713   5.18673405460556 -0.217491507873909 -0.232193096864063 0.0117457979634463 0.94796932756372
1461163026.33208   2.62367517099891 -0.720169261054678   5.21746719341059 -0.226626024574412 -0.224248873147411 0.0203148049101446 0.947597169993229
1461163026.41096   2.59483166438999 -0.714906086816162   5.24427350739723 -0.231046714368054 -0.216447952720898 0.0291592698687113 0.948112565323012
1461163026.5109  2.56228448369555 -0.70988642506261  5.28663013798231 -0.235916076762322 -0.20330141652483 0.0227461929037009 0.949997236560433
1461163026.59089   2.53410461344015 -0.706965998751325   5.32124575500964 -0.237320708429046 -0.193316867481857 0.02823988156892 0.951582880881488
1461163026.69186   2.49517624502979 -0.708029793941554   5.36100625233486 -0.236330803407705 -0.187686419401228 0.0273431560126959 0.95298159014342
1461163026.79083    2.4546972468761 -0.715241589536164   5.39986747261177 -0.245271028444361 -0.189660329257624 0.0381155435625157 0.949956992421588
1461163026.89104   2.41482627434115 -0.727624672871564   5.43882772981534 -0.241727929984342 -0.195862973884802 0.048936890223208 0.949110364552915
1461163026.99143   2.37917978531065 -0.737585196869721   5.47507910659624 -0.237632153511607 -0.194544021309876 0.0467412323452804 0.950525560197548
1461163027.09085   2.34075223740389 -0.743574966570135   5.51492114247974 -0.235973785418131 -0.211886191716105 0.0273161673876999 0.947984409869029
1461163027.19077   2.30265881658798 -0.745758350717332   5.55479024453324 -0.23191484869466 -0.225787628965294 0.00522698954379506 0.946154389167789
1461163027.33083   2.24834036914207 -0.751335051993401   5.61210528278349 -0.22369305385846 -0.235386903771029 -0.0113173859906144 0.945741159072028
1461163027.47087    2.1880102287554 -0.759091197851141   5.65171406786261 -0.231729699552491 -0.267221530974151 -0.0360899608736734 0.934661176284369
1461163027.63085   2.12028733335995 -0.769375466213201   5.69804133916849 -0.232168849358713 -0.299293214254427 -0.0542535515329538 0.923892715327254
1461163027.77141   2.05349531829552 -0.777555688468708   5.73355885066628 -0.23198523236551 -0.33837347046088 -0.0663446623742394 0.909551885395786
1461163027.91271   1.99047246104226 -0.784521922848221     5.771675149303 -0.226358891705944 -0.378082221223317 -0.0747162485453538 0.894557414783315
1461163028.03088   1.93915366194419 -0.794396320631858   5.79097598553919 -0.224076677875189 -0.418941079592718 -0.0788576013357078 0.876390034729791
1461163028.15086  1.89426248042663 -0.80433082906743  5.79663255305268 -0.224689970226515 -0.462282436798062 -0.102689324132374 0.85162448803266
1461163028.27084   1.84668510078204 -0.811424225738507   5.79610482081623 -0.218250753065998 -0.507088483237 -0.120270460648172 0.825083568646231
1461163028.39088   1.79907399668509 -0.809816108056903   5.79657773851552 -0.213694264110059 -0.543170534981689 -0.133102557619977 0.800989538364383
1461163028.51086   1.74700697264531 -0.797817140459012   5.79748569726362 -0.216343075109693 -0.573518267016458 -0.15453527520089 0.774849224023039
1461163028.6309   1.68938339098147 -0.786134851988221   5.79847901462608 -0.213954732084033 -0.596380381844761 -0.18037905974956 0.752341151056761
1461163028.77251   1.62141931167826 -0.785705443818511   5.78816786836504 -0.210652129433209 -0.613913524997676 -0.198216853037718 0.734469838292905
1461163028.89077   1.5519284157231 -0.79713564139443  5.77616961467849 -0.218551558265255 -0.625200197344592 -0.17198352243969 0.729233568638573
1461163029.01081   1.48309193312582 -0.803418429785912   5.76524769021216 -0.227781165896803 -0.63226870813363 -0.163657883797108 0.722196730987323
1461163029.11086   1.42230116666942 -0.810629043734914     5.764490578382 -0.236355592661844 -0.633848953524086 -0.138263942976708 0.723363407981371
1461163029.19073    1.3665283732163 -0.821775676824888   5.77253714534793 -0.236607081990056 -0.624287346373126 -0.120690875295857 0.734653735123474
1461163029.27391   1.31011178537637 -0.836996647407581   5.78231802925223 -0.239149390997438 -0.617547212159677 -0.0958496435182698 0.743139189773212
1461163029.37267   1.24469719634328 -0.861641253881715    5.7960575782027 -0.239965015822655 -0.609685167380278 -0.0757263801543157 0.751642403810775
1461163029.45095     1.192102194391 -0.883970791198084   5.81121079905158 -0.24220146443162 -0.599573677820644 -0.0493718588085118 0.761191352453244
1461163029.51079   1.15163386391799 -0.899842162803016   5.82280614572673 -0.236395768444891 -0.595042988473548 -0.0277557500862971 0.76763956442263
1461163029.59083   1.10257278177877 -0.914094009570351   5.83825342174146 -0.240044714880609 -0.587794625670238 -0.0184413626084389 0.772357384269884
1461163029.67255   1.05374951671925 -0.923260657433012   5.85828049148969 -0.243648634065657 -0.573827808218937 -0.0093370919457233 0.781837456474546
1461163029.73075   1.01736816087091 -0.927906844857617   5.87784031801963 -0.246622124957358 -0.558563612242166 0.00843321539529622 0.791904728763882
1461163029.79066  0.982659147441252 -0.928903877922531   5.89962040621353 -0.246897263259634 -0.541677983695466 0.0161188402625981 0.803347301211068
1461163029.85079 0.949124509362622 -0.92825191035432   5.9236260829669 -0.245499678431772 -0.52162599108693 0.0206848817041078 0.816828237135178
1461163029.91127  0.915490100024941 -0.929458259585566   5.94793276061763 -0.240625451532249 -0.503495885119677 0.0264768695342689 0.829391500512345
1461163029.9724  0.882797779255585 -0.930821783386519   5.97233055035247 -0.237523965583867 -0.484086322169298 0.0348167106110031 0.841445539012565
1461163030.05081  0.843276919773938 -0.931071759719454   5.99767520382182 -0.238965584585623 -0.466780478103071 0.0267976469681764 0.851054240787559
1461163030.11068  0.813580945067847 -0.933712628431363   6.01949430443038 -0.24104897495638 -0.4483508014992 0.038509926492645 0.8598801870197
1461163030.19105  0.774909786869813 -0.936660030094114   6.04772088706027 -0.244064857007454 -0.428442464152996 0.0412025455275741 0.869006185666413
1461163030.25096  0.744163057962365 -0.942025992012584   6.06880461047226 -0.23966434913507 -0.42021324064376 0.0474919092463429 0.873914384077451
1461163030.33146  0.702489096672091 -0.947208267323452   6.09936933017504 -0.236942992265366 -0.407554885203994 0.0546801246478414 0.880208565018082
1461163030.4107  0.660867385792285 -0.955886827088994   6.13563319549273 -0.230292760630712 -0.39165701209219 0.0713576104085541 0.887962905034261
1461163030.51092 0.609845934548104 -0.96693350903848  6.17859366471785 -0.221167344000523 -0.371382347932322 0.0842658834224358 0.897808118967002
1461163030.61071  0.555150104751309 -0.980096542785548   6.21809236738188 -0.215697970134115 -0.368804463774975 0.0901036483798541 0.899632694897376
1461163030.71071  0.504489961647353 -0.997585087876066    6.2580035429888 -0.215389466803068 -0.358695625985063 0.0989456669755097 0.902859114411681
1461163030.81083 0.458159256447299 -1.02056896086326  6.30131953996925 -0.205536543298801 -0.348939612176696 0.117868180623863 0.906698940343032
1461163030.91107 0.417883280034215 -1.03416036209109  6.34787579360496 -0.210603382234105 -0.326574696529693 0.133065687096914 0.911750352835424
1461163031.0108 0.383997918146747 -1.03980071121622  6.39672573915464 -0.222562101938697 -0.306493329179759 0.171864756789663 0.909390155721166
1461163031.09074 0.356805307227835 -1.04804496282211  6.44164871423601 -0.213500794089849 -0.276201614382916 0.171501101737846 0.921258623426658
1461163031.17257 0.329928224077644 -1.05370447295066  6.48892451666803 -0.213026153230863 -0.246364308547584 0.18319738967768 0.927557654234396
1461163031.2507 0.307699422222979 -1.06145967284888  6.53721348361147 -0.205712077461095 -0.218648251504871 0.201982396599509 0.932243849410883
1461163031.33064 0.290008718355203 -1.07320462448189  6.58759987350057 -0.194535607237467 -0.188199638985129 0.209111221675145 0.939685740219647
1461163031.41069 0.278296343743363 -1.08612525326635  6.63745129105051 -0.190096203651779 -0.152102921006753 0.221979625025374 0.944167983386425
1461163031.49066 0.263101881641197 -1.10348503085678  6.68592821136891 -0.182695160918573 -0.126948650014511 0.229109790795461 0.947636650936471
1461163031.57243 0.241739240512514 -1.12469408269436  6.73316476084452 -0.169396555566588 -0.115009180605403 0.236970217602919 0.949696167891539
1461163031.67255 0.204659747922289  -1.1457059330436  6.79196725697816 -0.166120830897652 -0.114581140561192 0.242370067659712 0.948963530422638
1461163031.77256 0.164479069941632 -1.16102961144085  6.85215909666678 -0.168946797126123 -0.115142852633755 0.243792313507734 0.948031861860525
1461163031.87244 0.127134104771187 -1.17323447743035  6.91245439982579 -0.17782247676398 -0.110345809478097 0.258356649754222 0.943109119145776
1461163031.9723 0.0970980026802735  -1.19104527301833    6.9721887951328 -0.175325491239165 -0.106381863786519 0.254627850724804 0.945044194106455
1461163032.05063 0.082247501169275 -1.20681579329953  7.02079580661326 -0.18345244708232 -0.085716999515293 0.26187292159104 0.94362088181164
1461163032.13069 0.067290684059813 -1.23206012312653  7.06783090126405 -0.175121877982969 -0.0767651879081794 0.276861846093723 0.941693661417935
1461163032.21057 0.0547805207164631  -1.25528931703009   7.11158335075935 -0.168013269078115 -0.060843231586533 0.283641991570365 0.942134206576637
1461163032.29059 0.0383790939769188  -1.27283585012257   7.15437432250853 -0.169704186149458 -0.0531476030285544 0.30102287867267 0.93688902651877
1461163032.37236 0.0205022242005017  -1.28644817258236   7.19643392373548 -0.17374357607578 -0.0484165014395178 0.316314408855932 0.931350743227748
1461163032.4506 0.00645042392752215   -1.29224311199623    7.23930917323859 -0.181530602894917 -0.033637370203077 0.322186634644172 0.928499294558209
1461163032.53059 -2.38316039750108e-05     -1.29535639649135      7.28064465282881 -0.186341728766799 -0.00254576657850007 0.311214024215229 0.93188846453022
1461163032.63064 -0.0116958328456672   -1.29368360513389    7.32897359311097 -0.193267152474777 0.0101064723350602 0.334100350377122 0.922454672528204
1461163032.73064 -0.0120736239902311   -1.28862880369028    7.37180502383413 -0.194226928053074 0.03060209642272 0.33286751059378 0.922246513956383
1461163032.85056 -0.00702103728881009    -1.28620775841379     7.41441806801725 -0.187500607260755 0.0479678317508253 0.337660961294023 0.92115562453473
1461163032.97233 0.00570458574713831   -1.28407697665083    7.44938038000409 -0.186615860249507 0.0678309621312232 0.352636384127324 0.914451235369769
1461163033.09056 0.0248133613882731  -1.29306280699868   7.48137678253687 -0.173885699791969 0.0818085582760574 0.367130929136905 0.910102194301125
1461163033.19054 0.0481138780344743  -1.30396351868609    7.5025201801441 -0.168303539479787 0.104945308592181 0.372227765889175 0.90670110350888
1461163033.29129 0.0678426708600908  -1.31961127826189   7.52371718657954 -0.156352898639703 0.110815072077287 0.392935097351093 0.899375227675943
1461163033.39056 0.0927344545509125  -1.33795430302892   7.53599959438917 -0.142538932258539 0.125564896295901 0.409917192890373 0.892123312430334
1461163033.47273  0.11645081437732 -1.35221643125772  7.54120842769861 -0.130660392969489 0.141323781053674 0.417711604184042 0.887959721129144
1461163033.57278 0.145219032721999 -1.37061607868956   7.5424443446669 -0.11515517076156 0.15644819806985 0.43938054980856 0.877045027588379
1461163033.67331 0.173219318364443 -1.38655807230681  7.53972110086434 -0.0956868998517641 0.168485466025284 0.461038301969251 0.865967868371749
1461163033.77271 0.198454206125966 -1.39955057963534   7.5348634154845 -0.0761333571483844 0.177782497815609 0.490381123407228 0.849778470664929
1461163033.89047 0.229654692107722 -1.41040139659107   7.5248958677974 -0.0583662093739146 0.19321925090032 0.510053435591225 0.836125109972442
1461163034.01056  0.26168353761207 -1.41210393758945  7.51300958345039 -0.0453142871192087 0.212047463669374 0.518990035582932 0.826820313913423
1461163034.11127 0.293064289974327 -1.41133254359189  7.50013609878564 -0.0344707819840589 0.232752725113921 0.517691963740664 0.822577026678831
1461163034.2306  0.32851286678375 -1.41058771061416  7.48323009558517 -0.0193038485848949 0.251526985933444 0.523642443574491 0.813732221350725
1461163034.35055 0.362173848702492  -1.4109257202446  7.46448814474237 -0.00463294407972137 0.271644203758901 0.525762010536686 0.806078327875008
1461163034.49081  0.39845657700925 -1.40814791103062  7.43896606928135 0.0079567547739457 0.291388188173256 0.529397584561514 0.79672317106195
1461163034.63117 0.429254625877412 -1.40198919775024  7.40445740678042 0.0203898114644082 0.309574758607879 0.530063127441693 0.789164624997884
1461163034.75053 0.455919257276804 -1.40180584118074  7.36632465362645 0.0334180656323321 0.322757531666053 0.528314496120231 0.784598369760896
1461163034.87242 0.484203224361006  -1.4008375065978  7.32104860904976 0.0537516937206648 0.336782716753394 0.530089871564562 0.776332973139122
1461163034.99046 0.512864431094218 -1.39470826085565  7.27589784854267 0.06455236069012 0.349406135737659 0.529940147652823 0.770007652522956
1461163035.11136 0.539767106750611 -1.38244628982498  7.22776669839234 0.0702155184901772 0.366370674016863 0.527878873759552 0.763011274374063
1461163035.21046 0.562117889921146 -1.36943519520091  7.18627097112555 0.076031711249626 0.378376018775741 0.52955036404111 0.755398688934394
1461163035.31043 0.584043256144817 -1.35158170795258  7.14546394501629 0.077356376708336 0.392218756195687 0.53241601730803 0.746132443192709
1461163035.41042 0.607700160010642 -1.33799092373385  7.10045042551843 0.0805411398286129 0.407133022215444 0.529834975036017 0.739615255552108
1461163035.49048 0.628716429307388 -1.32747774501589  7.06435454353733 0.0895201906391001 0.424247556293481 0.524140901377575 0.732991447392158
1461163035.57261  0.64959504956614 -1.31581539984238  7.02696440092038 0.0945901565160855 0.441220428505699 0.525465032387156 0.721293099577332
1461163035.6504 0.671345620981443 -1.30566331447867  6.99250952133053 0.10436094008396 0.456757581586299 0.52557327187667 0.710108471810525
1461163035.73041 0.694624800892609 -1.29773072194933  6.95754466057013 0.11494088031834 0.472432531501098 0.52454157021891 0.698893581543993
1461163035.8104 0.716632825875788 -1.29213183034335  6.92253222475715 0.125918214800062 0.488893815124469 0.523207758645293 0.686571978752393
1461163035.91043 0.740948862592551 -1.28488767068487  6.88851634689434 0.13500847915448 0.498056972531667 0.523755955401937 0.677784377106753
1461163036.03073 0.765193169728605 -1.27674310376701  6.85092912591428 0.139019241196042 0.507974945775502 0.525714660172648 0.668026347625009
1461163036.19042 0.788726776971085 -1.27649264577782  6.81858665116363 0.149459590043248 0.502923165334277 0.528405886263023 0.667470853353796
1461163036.41038  0.81464420414788 -1.27744718705608  6.78896738320699 0.141754679821316 0.502258722359921 0.526257262012206 0.671338275939599
1461163036.85039 0.816547546137689 -1.29525189878597  6.78111110061813 0.141448911322865 0.470780293020832 0.536022134859189 0.686322367499263
1461163037.1903 0.824342468960661 -1.31370939930355  6.74762178509016 0.15663506827625 0.478178752751738 0.537239559630056 0.676893042785484
1461163037.31032 0.842102897969039 -1.31552874174921  6.71696176291978 0.18007815809265 0.488981388838947 0.541505321735435 0.659728008257415
1461163037.41031 0.862589494046389 -1.31415278420647  6.69005338102663 0.192926722366672 0.506198582935036 0.53632586674649 0.647222403111977
1461163037.53033 0.886408328297907  -1.3064170655342  6.65555063828619 0.206513129401448 0.521751376294547 0.537266688774226 0.629660490941861
1461163037.6503 0.912102535311225 -1.29850458543474  6.62179742486319 0.215979904691435 0.541300141515402 0.530416349480255 0.615634090811194
1461163037.77033 0.939631553986795 -1.28968262980662  6.58562235734403 0.222995307653365 0.559630871814637 0.523270646272805 0.602722333106889
1461163037.87199 0.967818361510141 -1.28019611797418  6.55231469356658 0.218227810912673 0.58052969500456 0.511748343064705 0.594538080473154
1461163037.97198 0.997756066947743 -1.26988016014127  6.51541209114484 0.225744618791204 0.59250600820903 0.504525293798665 0.586029201695944
1461163038.05092  1.02495066182757 -1.26079033320446   6.4845992630925 0.233679546142747 0.604196380995095 0.50156791568452 0.573384887194314
1461163038.13032  1.05353942839197 -1.25193095485304  6.45710578247587 0.233027535920167 0.615542084897347 0.499289579179685 0.563485603494691
1461163038.23025  1.09648939763956 -1.24233320586321  6.42859982515676 0.234400113596904 0.618429621433845 0.496688843167999 0.562051228226916
1461163038.33028  1.13503491470953 -1.22688453356999  6.39463367962543 0.228585814622844 0.628981314583164 0.494253434329868 0.554837430164527
1461163038.41019  1.16986970657758 -1.21695256296707  6.36113728102015 0.223822415703149 0.644469182527214 0.485516734882313 0.54665939958143
1461163038.53023  1.22296031340865 -1.19947483519297  6.31167054379905 0.21823578654553 0.658438134937074 0.483418832577339 0.533983704096861
1461163038.67198  1.27789103019735 -1.18799490901517  6.25956527396197 0.213757265549979 0.672963538117076 0.478925059263116 0.521592461026196
1461163038.8103  1.32917284020752 -1.18390738659678  6.21676466935066 0.22460169131451 0.680936464279202 0.478384885979331 0.506978808965566
1461163039.05023  1.40340477001812 -1.16842399958879  6.17443139780786 0.227679217317644 0.685506266111777 0.47006062963158 0.507234006739963
1461163039.23023  1.47489156079531 -1.14653130861994  6.15642594417346 0.220671793584138 0.691126826412665 0.470338870495333 0.502423144600536
1461163039.35022  1.53664571567018 -1.13010398001097  6.13890713745105 0.231591207080538 0.69980919924388 0.469108937476218 0.486384006970369
1461163039.45024  1.59617950599247 -1.11699714628949  6.12172989235145 0.242721876415709 0.708428117424838 0.461991846671331 0.475162316225046
1461163039.55027  1.65470957438409 -1.10311229041608  6.10331671284347 0.236716858752511 0.728963632833079 0.445506394856015 0.462710711926513
1461163039.65018  1.70911891938803 -1.08795144773761  6.08478084558273 0.238773269297434 0.74573936472733 0.432935642842786 0.446572340076496
1461163039.7502  1.75789381868046 -1.07161909745468  6.06608043416086 0.238057392697932 0.760285791303069 0.42672152977492 0.428022113156647
1461163039.85021  1.80280795483736 -1.05831849401672  6.04194494964917 0.240776239009287 0.779000047148919 0.417178101141301 0.401432635941155
1461163039.93026  1.84041037010386 -1.04898282597322  6.01993182617688 0.243976367268922 0.792714734876151 0.406091437918495 0.383625631799784
1461163040.01048  1.87782268841067 -1.03908365937084  5.99340724353848 0.249575361121244 0.806871498423454 0.391651514113089 0.36507480828731
1461163040.07175    1.910516301151 -1.03145999033938  5.97621307453017 0.247298914761689 0.818822298362764 0.381309673959324 0.350679658672478
1461163040.13021 1.94289148395306 -1.0213216724291 5.95724030118897 0.25326001563261 0.827297990567974 0.378537611576553 0.328856619069589
1461163040.19021 1.97686362422101 -1.0114522623388 5.94045768274699 0.259262875407052 0.833066873004495 0.377759457345559 0.309967964351429
1461163040.25021   2.0089787243488 -1.00148852298268  5.92554920261803 0.260465739640576 0.838326681781925 0.381573991189129 0.289425745803639
1461163040.3107    2.0389624362188 -0.993597267355937   5.91004805995496 0.259567669416635 0.846624716215069 0.378954274301194 0.268784063657477
1461163040.37107   2.06775859045269 -0.985868388112531    5.8945992735387 0.260574377459227 0.85249565028938 0.376413804192411 0.252318861884759
1461163040.45033   2.10826768141624 -0.976554455620024   5.87928228176117 0.248729894967047 0.861986551979638 0.370820810440009 0.240009479188951
1461163040.53018   2.14710609274887 -0.959615957759323   5.86363257430521 0.242192505939514 0.86841710823668 0.373507880106338 0.21837211288773
1461163040.61086   2.18794771609256 -0.941627828020606   5.84534720990001 0.236756738063298 0.876538783213776 0.369151575519582 0.198376215295965
1461163040.69016   2.23210641854375 -0.922474655177821   5.82723404060176 0.226824013508524 0.882669732170194 0.368451460281277 0.183544360368491
1461163040.7725 2.27212411056422 -0.9075849668292  5.8042594827597 0.213931512791095 0.893562181708319 0.36060092033341 0.160458441692173
1461163040.85073   2.31226096095931 -0.902647041591827    5.7799481008153 0.216621979570685 0.902301742998382 0.344160313565027 0.143108913474257
1461163040.9105   2.34051693281211 -0.908198116828723   5.75723052744914 0.216761602454597 0.915362108724557 0.309496599007663 0.139062837650241
1461163040.99006   2.37653320975921 -0.916260635917442    5.7293555462489 0.221548559588249 0.927882641602838 0.276371583031264 0.116485137460985
1461163041.07223  2.40934066248176 -0.92422651836309  5.70051895187412 0.222256389385806 0.937367022382467 0.245660578622749 0.107684923911145
1461163041.13019   2.43629866298624 -0.930858915398121   5.67857191465724 0.221365389898296 0.94521970963656 0.21421263506479 0.108027828120127
1461163041.21015     2.469449081735 -0.938054862881427   5.64779699032038 0.227543741113552 0.952749369689821 0.170029845388912 0.107621262363527
1461163041.27313   2.49224870832126 -0.939683148717288   5.62492639904195 0.223794681835444 0.957876874893623 0.145896040016877 0.105366875409654
1461163041.35046   2.52420671584746 -0.938187561135608   5.59288418840225 0.22892732169344 0.959836883799464 0.125598007115616 0.102618606933577
1461163041.49061   2.58505401321102 -0.923263614879767    5.5387926839735 0.229491616528779 0.958594579118614 0.122462393684791 0.115900789300189
1461163041.59091   2.63737883217264 -0.908203482296016   5.51127201389208 0.207171736753605 0.954264977494603 0.152758608052703 0.152062591992642
1461163041.71019    2.6902125697789 -0.887002933395256   5.47744052605177 0.17666252325015 0.951414067765533 0.17867667043071 0.177978290756282
1461163041.85028   2.74619581301666 -0.859389223096543    5.4397537855385 0.152272980766421 0.945295631334439 0.200789841366851 0.207153441468901
1461163042.03118   2.80677546219185 -0.830841733630194    5.3845602424662 0.135423478363382 0.941450584666187 0.213222175584868 0.223310505750431
1461163042.19027     2.866990746285 -0.815538706746864   5.33565624223195 0.126684243789013 0.935720166200751 0.210888340238334 0.252794345056144
1461163042.33004   2.91927318863172 -0.799585415338102   5.30103818511025 0.119368517464305 0.924569523813091 0.227138090357702 0.281656955502726
1461163042.51006   2.99154074510513 -0.781833700907905   5.25926976214341 0.104040497145718 0.912772421867767 0.235488390111327 0.31712347587982
1461163042.70992   3.07338796378237 -0.760826128222976   5.21700185520285 0.0848092546453749 0.898412996778534 0.24727640356513 0.352868045855393
1461163042.89031    3.1758661699281 -0.753423004794831   5.17444509496999 0.0895365114769264 0.881926947020367 0.244391185078509 0.393015294725026
1461163043.0501   3.27420801555574 -0.752707400555746   5.14899686259825 0.0771355312390567 0.860957368775434 0.255067850273596 0.433293100254962
1461163043.23018   3.38896495631752 -0.754930011123759   5.13222945317117 0.0780359857652578 0.840803281016379 0.2607819626605 0.467924134351578
1461163043.43027   3.53071686219308 -0.744524021524034   5.11117406922327 0.0836272027444595 0.839540780545098 0.255787356246466 0.47196461429572
1461163043.61034    3.6573456958746 -0.742125845130116   5.08877513912277 0.101988781793863 0.851171385206003 0.261570541846457 0.443493419379419
1461163043.77179  3.76400229988736 -0.74587734756873  5.06793932456975 0.115572710917897 0.864306269622357 0.261762751471883 0.413639798284017
1461163043.90998   3.85928542857283 -0.743782503978394   5.04992052433463 0.128595014249409 0.873583996145533 0.259134207145673 0.3913614527206
1461163044.01061   3.92703337859501 -0.733963175973007   5.03351684374401 0.145947086748794 0.879966121208179 0.268774267051493 0.363482416034539
1461163044.12994   4.01243290689537 -0.723161125988253   5.01899897775689 0.150545371899017 0.88547471283614 0.282677404040685 0.336695870441503
1461163044.20986   4.06462099232881 -0.713694859011842   5.01165241722451 0.141075445154079 0.886656865641846 0.302172802550749 0.3203574859175
1461163044.2899   4.11430106682771 -0.699979036864059   5.00427253906089 0.13425129147672 0.884035726146984 0.33880047885342 0.292697217549639
1461163044.3899   4.17873619231221 -0.698670085109351   4.99074579889091 0.112160772807204 0.89088675097418 0.336590821376634 0.28363246807614
1461163044.49008   4.24037761564643 -0.689723353429111   4.97781753507248 0.101757740948332 0.894894087568906 0.34460683855402 0.264681055259178
1461163044.57306    4.2858487156706 -0.683722396496731   4.96223620589359 0.104765625716323 0.899321752685984 0.346762276595131 0.244949938445875
1461163044.64989    4.3289821715701 -0.680517374361197   4.94266448744073 0.109793657651756 0.904868166749665 0.346668940172974 0.221313351296068
1461163044.73008   4.37224744164933 -0.678394279931107   4.92381829848581 0.115809786983209 0.913048295414835 0.337990853072849 0.196705583850726
1461163044.83031   4.41975971228107 -0.684862808059696   4.89731457311586 0.109168859049142 0.923186097314823 0.327830609464904 0.168335027360334
1461163044.9299  4.46127693351849 -0.68887026054232  4.86723526833984 0.119867957885576 0.928791748651378 0.325875758157646 0.129547483783503
1461163045.0305   4.50222890005591 -0.687305972424599   4.83473647310836 0.123426257022804 0.931403530224367 0.326990870300029 0.101638544378386
1461163045.11045    4.5316064826738 -0.681925747867901    4.8022125918448 0.14109910070993 0.934047998309222 0.320649533185626 0.0694928593542164
1461163045.18988   4.56115762174704 -0.673324432063391   4.76579687469875 0.148418465187705 0.936486208193767 0.314742581451655 0.0436193589514406
1461163045.24997   4.58445560661263 -0.666767143589098   4.73623478506902 0.153500055995078 0.93809327085208 0.309183901075102 0.0287065028788737
1461163045.33028   4.61593131813974 -0.657535986212596   4.69574780528191 0.156512762187547 0.938129537053263 0.308377980288148 0.0178815059225546
1461163045.43007  4.65307395749201 -0.64817571114898  4.65253393481849 0.151587941895105 0.935591650761635 0.318886103147315 0.0010060400811465
1461163045.52991    4.6823774823758 -0.647362918699571    4.6034995483609 0.16758189882878 0.934657892014909 0.312968128478768 -0.0195418176146518
1461163045.62999   4.70822780428419 -0.645562699765317   4.55631807606797 0.175941669113047 0.933484722372607 0.310053375982357 -0.0389577490185834
1461163045.7506   4.73353479972192 -0.636502167812309   4.49861885764058 0.177339475634893 0.933843885982363 0.304977626008975 -0.0589487457782619
1461163045.89138   4.75044734626379 -0.622318812177648    4.4242039206061 0.175255035573389 0.93651590252786 0.288271591783334 -0.0955150573956888
1461163046.02989   4.76061561787223 -0.619634847520687   4.35332735479139 0.16426890433281 0.938773882469563 0.273945838877049 -0.129123979276787
1461163046.19    4.7671457600953 -0.617245927618553   4.27073668685239 0.166012645065719 0.937618633773069 0.259735830227912 -0.160774369150139
1461163046.34984  4.76167770082435 -0.60422696113259  4.18229931274452 0.161970867649143 0.935083884615999 0.248007247856774 -0.194617501204146
1461163046.48982   4.74782493472754 -0.592561538214957   4.09910697360396 0.166255216460781 0.931068306794293 0.231225708541847 -0.228047545025393
1461163046.62995   4.73346271188586 -0.585403761524684   4.01681125122875 0.168387853684473 0.922572355946963 0.234821662163791 -0.255664948228419
1461163046.72988   4.71875107812867 -0.587525747775348    3.9579059666948 0.184902053899953 0.916918491170956 0.216652945134673 -0.279523187547703
1461163046.87156   4.69429082926198 -0.583316275681482   3.88471825002694 0.196236721200032 0.907638990585421 0.205663356824088 -0.308844937924497
1461163046.98982   4.66790045410509 -0.574889893380368   3.82120148929061 0.199304994114134 0.898532650921902 0.19070963479251 -0.341388971329964
1461163047.11056   4.63788911819515 -0.562821501925596   3.75801997986138 0.201083017501297 0.884331529704872 0.177293479071184 -0.38221772319092
1461163047.20982   4.60992256172773 -0.558328193557798   3.70744323847204 0.191741614779227 0.873187287956214 0.158752467534936 -0.419018815049033
1461163047.33035   4.5798810720198 -0.55138502474638   3.6520710082271 0.18453191553375 0.854506991955193 0.1571315745019 -0.459429473525248
1461163047.42983   4.54850129615343 -0.548235740248704   3.60714646321509 0.1870558695456 0.834862323070486 0.148736254481972 -0.495875518440431
1461163047.54996   4.50510841626882 -0.541529861132682   3.55382991797247 -0.182343004273599 -0.819778103552055 -0.141073225170203 0.524226320275082
1461163047.6498   4.46351745851233 -0.532272393552566   3.51029092439763 -0.188015757036769 -0.805356137358941 -0.126740768307167 0.547711917684001
1461163047.75044   4.41906480119727 -0.521157356078929   3.46510449775537 -0.190340783445074 -0.793200482443108 -0.11355439967949 0.567193775638421
1461163047.89013   4.35713632864479 -0.504501247556127   3.39716674556204 -0.190594037068655 -0.784976512272355 -0.118546687489469 0.577436118631209
1461163048.0098   4.30444080782974 -0.499875935428063   3.34223987674446 -0.203482844092533 -0.775000998159975 -0.120604044333305 0.58602290868319
1461163048.15011   4.23929733071495 -0.509868591539911   3.28137430775785 -0.197446736219305 -0.773073229106077 -0.110946817823907 0.592506010442591
1461163048.30982   4.15596379673023 -0.511632094438421   3.21001722798896 -0.205453121661711 -0.779066584121957 -0.0891984520533413 0.585566314310593
1461163048.42973   4.08941048129091 -0.517678709533937    3.1569610789767 -0.18550756197004 -0.790374711821333 -0.0758737524398358 0.578910988888598
1461163048.54974    4.0263714025056 -0.516956086822234   3.10245782035837 -0.173206982286131 -0.808056888212155 -0.086386295511399 0.556399869381759
1461163048.68983   3.95261743103474 -0.507954841804525    3.0441213467702 -0.159147168853028 -0.822630488450001 -0.108524413882326 0.534952063001982
1461163048.80973   3.87562689746797 -0.499857222271117   3.00992388333073 -0.145020250209955 -0.826671666056662 -0.125521824186684 0.528987103076239
1461163048.90969   3.80396486564763 -0.488588267700554   2.99127677437618 -0.132621223291862 -0.827391868790856 -0.141429363261578 0.527097753551247
1461163048.99012   3.74186969297939 -0.482387524391792   2.98165354167141 -0.130263379363553 -0.825523052374403 -0.143500020586297 0.530048003568515
1461163049.07185     3.680872389503 -0.481366986132885   2.97207033968941 -0.118621140015267 -0.828793616215686 -0.147247545652031 0.526638706478225
1461163049.17171  3.60842421241036 -0.48145243388022  2.95701982620089 -0.127446719764837 -0.838671040549115 -0.141272288395571 0.510323779474292
1461163049.26963   3.53984315280026 -0.482430490562517   2.94297441303293 0.12179860200377 0.844181348626762 0.152532556969146 -0.49925621703198
1461163049.38962   3.46243613882267 -0.476555481303262   2.92564735536815 0.115892025286257 0.847730758914281 0.177544639012445 -0.486209317088441
1461163049.48963   3.39241580181617 -0.474440432580346   2.91633433332564 0.109014185497806 0.846145792643022 0.18144143318757 -0.489113699742301
1461163049.57029    3.3337795061092 -0.473678265343934   2.91314560243214 0.101725526312881 0.844285962838051 0.181865557586401 -0.493718593142673
1461163049.62969   3.28554749515564 -0.471559429853338   2.90893511118252 -0.0963182489142248 -0.841397106596274 -0.178018147024479 0.501082072386837
1461163049.71014   3.22296487850363 -0.470753608975749   2.90486886016481 -0.0867717640368713 -0.838966583229511 -0.17765020927088 0.506997175866042
1461163049.77019   3.17629545367685 -0.473049151496123   2.90116741831644 -0.0846951189158736 -0.836384980453846 -0.166321674452577 0.515387234912097
1461163049.84992  3.11856025253989 -0.47349290952038  2.89209673002637 -0.0793219907677384 -0.834630356843057 -0.175578738695166 0.516015790199184
1461163049.91029 3.07281665035365 -0.4770307578936 2.88260878023767 -0.0770224000042167 -0.834535009238886 -0.169139073330828 0.518662551303863
1461163049.98964  3.01331608397742 -0.47927712447273  2.86712074603672 -0.0737348191825468 -0.835650094956167 -0.176054676431675 0.515030917660681
1461163050.07207   2.95523371270159 -0.486121322107965   2.84838857034258 -0.0676953058272271 -0.840318964832587 -0.16911862528499 0.510568578638917
1461163050.15004   2.89633409997992 -0.492388962072556    2.8292233874345 -0.0634711082548898 -0.844339078914332 -0.154372353583101 0.509148421076024
1461163050.2297   2.83523671564543 -0.493537017622262   2.80803394369187 -0.061757620842164 -0.849425785551826 -0.146581055048229 0.503165803099264
1461163050.30971   2.77472147950224 -0.494959026098692   2.78868845227577 -0.0645514079031195 -0.851683870774582 -0.134219507186538 0.502446836880036
1461163050.39017   2.71805719242267 -0.493004264037296   2.76848392631384 0.0691999970065612 0.85395194898772 0.133641886374398 -0.498113717378531
1461163050.47137   2.66605551557511 -0.490688065120772   2.74680315416629 0.0836621508392038 0.853171166429334 0.130652550288579 -0.498025618210207
1461163050.54965   2.61479536231841 -0.486069170784117   2.72239647565856 -0.0763693159880111 -0.847670534386164 -0.147601841985646 0.503821485202292
1461163050.63043      2.56752256013 -0.481733300949063    2.6909773138151 0.0642967594978863 0.849281276626558 0.170641441115758 -0.495448017922741
1461163050.70967  2.51710689984576 -0.48019801578095  2.65881674684353 -0.0578603229395287 -0.846241293039277 -0.171239810338394 0.501203336321513
1461163050.78955   2.46538275993458 -0.478105670106404   2.62457527526887 -0.0420615933894952 -0.842548594995112 -0.166316523641261 0.510569781124172
1461163050.84961   2.42762435391332 -0.473836071155041   2.59669127484423 -0.0400483892422998 -0.84315705015782 -0.159900067349521 0.511775618557469
1461163050.90966   2.39197381648517 -0.467844959501164   2.57028766174664 -0.0274214217722293 -0.840323655719263 -0.166895462432067 0.515024391544895
1461163050.98961   2.33817580155939 -0.465335602509721   2.53568568499962 -0.0212126904757813 -0.834894710184972 -0.160481842694239 0.526066937597671
1461163051.11039  2.26934536935731 -0.46453773266193  2.48484728126022 -0.0184661310278927 -0.8301993645822 -0.161332039032687 0.53329165588234
1461163051.27184   2.18149885772326 -0.462105097814866   2.41015750802897 -0.024263250492985 -0.838044738927286 -0.16089347036425 0.520774040660592
1461163051.52955  2.05327534369519 -0.44514787687306  2.31097107830855 -0.0277531803020342 -0.840139808492321 -0.146636850452621 0.521433118682487
1461163051.73014   1.96222613428349 -0.426679752562241   2.23209840098236 0.0159477315733708 0.852657645372692 0.166404013958918 -0.495005367429002
1461163051.92978   1.87678072443162 -0.438097222347968   2.15256796963373 -0.00100851585936577 0.865655169941273 0.175144091477493 -0.469003898566132
1461163052.10984   1.79552867981863 -0.455464276638002   2.08359181675193 0.000402125200449546 0.87010022002937 0.149553888423048 -0.46963717895596
1461163052.28949  1.71726375501358 -0.45095740556164  2.01534506414562 0.0104160827862169 0.874400299450137 0.132616008563233 -0.466613990160667
1461163052.42968   1.64971829533548 -0.434033051194044   1.96571818511046 0.0101147361506572 0.871782449486709 0.136336579328492 -0.470431068294349
1461163052.55032   1.58812316126746 -0.416663913766746   1.92896651264569 0.0283180143031591 0.860876832326232 0.1471200203712 -0.486255970899953
1461163052.64954   1.53335686282113 -0.402793186706302   1.90614235010076 -0.0464185432208713 -0.841587858861986 -0.151476751563203 0.51636226469138
1461163052.74981  1.47833342148221 -0.38918095898917  1.88527021469366 -0.0617723255825328 -0.820218707092974 -0.159265667326378 0.545948623533331
1461163052.87142   1.41200008065868 -0.375616166705572   1.86185894121318 -0.0805565873924627 -0.799499660462953 -0.152707802476195 0.575318395508256
1461163052.97167   1.35109798273187 -0.363797455637179   1.85033705965183 -0.0927541802208314 -0.775074120602858 -0.145749536548803 0.607794243325055
1461163053.07122  1.28743304286239 -0.35158114439661  1.84202582341708 -0.10657044745528 -0.74871913839899 -0.137183467684922 0.639721101510804
1461163053.16946   1.22378160433261 -0.344928891376611    1.8330475295484 -0.119574498553226 -0.722886560316023 -0.128894865433439 0.668223820194334
1461163053.27129   1.16138943600051 -0.345264143080028   1.83049334267722 -0.127289722911452 -0.697240976377851 -0.123324330891928 0.694581497529876
1461163053.37139   1.09831879413925 -0.348293555479695   1.82806839777591 -0.130571406179189 -0.676111018179125 -0.11298585771741 0.716281505374135
1461163053.44991   1.04917934533269 -0.353283787761742   1.82758584742247 -0.125666426177429 -0.656520059478291 -0.104366116132993 0.736408225536441
1461163053.5495   0.98940218291813 -0.353503101626603   1.82825926927941 -0.125364982477202 -0.634228530937792 -0.0957617112473682 0.756880100393686
1461163053.62945  0.942516946492923 -0.350395590973102   1.83575298358328 -0.122099686052572 -0.611903705778463 -0.0971619929133696 0.775387044419463
1461163053.70965 0.896160590748429 -0.34669910560749  1.84632079870972 -0.118611749785999 -0.589920551460098 -0.103115754111746 0.792017763078381
1461163053.78955  0.848276709195289 -0.348003465459916   1.85999899620975 -0.109938761414836 -0.564271872854934 -0.0937913190276303 0.812843103383681
1461163053.87139  0.799510895970718 -0.350108994992611   1.87044658636527 -0.110460434016749 -0.545294610257334 -0.0961233186244953 0.825356037209244
1461163053.94975  0.750562551991653 -0.355607978379944   1.87713330093536 -0.099474766010368 -0.536638301180568 -0.107831879896885 0.830961124428285
1461163054.03019  0.698905833750701 -0.359965488170392   1.88280122800167 -0.096720428451338 -0.531719289025957 -0.106096720681449 0.834663550335441
1461163054.11016  0.646939243505632 -0.362040645780888    1.8825913303829 -0.0935237337477182 -0.539700912927196 -0.116168222715172 0.82854159813653
1461163054.17171  0.606475517927924 -0.363569060207051   1.88102002448021 -0.0877493828806258 -0.551960110417581 -0.121213123891238 0.820333749707038
1461163054.24939 0.552853561670465 -0.36004878808159  1.88264876405735 -0.087775370370261 -0.564296820609344 -0.128869644497589 0.810714004648751
1461163054.3494 0.477715409203392 -0.35321797454481  1.88447478177265 -0.0846380256126047 -0.581366961000576 -0.140691996727492 0.796903145516559
1461163054.43012  0.418890439072152 -0.350950828476312   1.88393220153332 -0.0822491073502234 -0.602348356174307 -0.148894189037355 0.779898751521702
1461163054.50939  0.36425460761037 -0.34977992711609  1.88311513940315 -0.0823439722628893 -0.618807537442248 -0.163793458818951 0.763851035663862
1461163054.59013  0.311186481950342 -0.349952274822737   1.88129171763575 -0.084458147918229 -0.635743411310481 -0.181971404954342 0.745374767485779
1461163054.67247  0.255578260583684 -0.354945768515381   1.87591815032843 -0.0772049066790789 -0.655011121555596 -0.193839377208649 0.726241095550588
1461163054.72937  0.216798820396179 -0.358792544178372   1.87015757806169 -0.0741515314552642 -0.670125627017929 -0.203742067761672 0.709874893358587
1461163054.80934  0.162410489409014 -0.365749411037566   1.86745876757542 -0.0709346130381888 -0.680543269328758 -0.19282108518294 0.703312994585854
1461163054.88942 0.108228071560125 -0.36535483150533  1.86382890035644 -0.0692420338390384 -0.692301037169692 -0.193864683823398 0.691622222784705
1461163054.97154 0.0548721449116494 -0.360579912488153   1.85620227450542 -0.0657002441053948 -0.707944121984158 -0.199272877963937 0.674380395756387
1461163055.0494 0.00296639646126273  -0.354693700532616    1.84972799776566 -0.0696690570768973 -0.71181671783602 -0.200095023983584 0.669645551073238
1461163055.12939 -0.0456829870026159  -0.345763865752627    1.83774572146518 -0.0648963102573334 -0.71990795907314 -0.213182893263321 0.657323400920741
1461163055.2103 -0.0895982240251163  -0.334100766785382    1.82334957959066 -0.0711797956283492 -0.726578695790141 -0.234758424630355 0.641798502322402
1461163055.30939  -0.14667425664714 -0.326184085981325   1.80208043146273 -0.0690081802210467 -0.737882815214261 -0.246786723845735 0.62439021053148
1461163055.42991 -0.208373200699628 -0.319834999173406   1.78132546296481 -0.073410744701418 -0.749724426788576 -0.247375624385392 0.609368071775067
1461163055.52936 -0.257032022932962 -0.310893109190899   1.76340481018888 -0.0723469348231674 -0.759957545854292 -0.262472273683135 0.590202300121254
1461163055.6293 -0.304344830999605 -0.304856933531054   1.73995681968516 -0.0691439120071777 -0.77533608472678 -0.263137648857042 0.569940043256201
1461163055.72923 -0.348915302712182 -0.298175814860761    1.7153942067213 -0.071338591714667 -0.790351516878432 -0.260752745524862 0.549784767705851
1461163055.8094 -0.374336423297287 -0.294072992902989   1.69466850469662 -0.0783715894839821 -0.80343208445796 -0.273129388037798 0.523216128397616
1461163055.90926 -0.410404019147877 -0.298392250066376   1.66764838329815 -0.0727474410014928 -0.817058938035866 -0.277036874913049 0.500372932463227
1461163056.00939 -0.445882111914813  -0.30523725584698   1.64226425027616 0.0768001034004643 0.8294121978346 0.263771282854508 -0.486417372779945
1461163056.10955 -0.477457198889444 -0.305355359280677   1.61841237475627 0.0774193679539856 0.839583748952837 0.262040685960601 -0.469510435305971
1461163056.23078 -0.509821827773764 -0.293674432879242   1.58783967939869 0.069432161599658 0.850915556042927 0.274211136613206 -0.44263997105667
1461163056.34933 -0.547439958019149 -0.279917759085962   1.55395957812418 0.04998230524477 0.861655623108292 0.285600628008141 -0.416513670375458
1461163056.42953 -0.571573000977111  -0.26929268533807   1.52391896498253 0.0349849009663196 0.871538025449874 0.296749514382231 -0.388763749098628
1461163056.52933 -0.605531660705158 -0.262492787345829   1.48437126126955 0.0251028927954605 0.881683255576454 0.293273355139671 -0.368775298487473
1461163056.62991 -0.631777320552191 -0.261857150442806   1.44445587907912 0.0128490258186985 0.88887584457087 0.298941336094271 -0.346941944780542
1461163056.70929  -0.64859942878006 -0.264201250092755   1.40514649400439 0.0125407592064967 0.900998464604607 0.288351443402434 -0.32387951652798
1461163056.78977 -0.662703044754735 -0.264469946009705   1.36727360102869 0.0209899063846321 0.910134767292246 0.279046236880407 -0.305527947786677
1461163056.88985 -0.673762800843509 -0.263141099845144   1.31870984138576 0.0162120107113487 0.920961172699178 0.278217197678002 -0.272328625020303
1461163056.97097 -0.677039677875185 -0.259775949122751   1.27401208525509 0.00928828986409186 0.9304154844714 0.28238650606354 -0.233449384493675
1461163057.04946   -0.6791274328148 -0.260880006643971   1.22455074099708 0.0015626868449339 0.943273920282584 0.268925606836581 -0.194707183514442
1461163057.13006 -0.682530364822607 -0.261119955715844   1.17731447981453 -0.00676424363099839 0.952761203235812 0.261534722230079 -0.154272238866181
1461163057.20952 -0.688551589222325 -0.263261448754521   1.12914943492739 -0.00679699237761443 0.961097705178002 0.2490910578552 -0.119158075231077
1461163057.28932 -0.696739637065762 -0.265060679143988   1.08181402402171 -0.00867647934104934 0.963508202442739 0.253558245532847 -0.0853515005967118
1461163057.38937 -0.710409759016427 -0.278326951490348   1.02211644976175 0.00216063307773812 0.967082235064061 0.247777883285479 -0.0579085731370677
1461163057.47133  -0.71891021978398 -0.294252591950863  0.974735494453933 -0.00473131295434163 0.970115284330509 0.240885846249608 -0.028774274320552
1461163057.54937  -0.72991420934709 -0.310886893481214  0.929196881432355 0.00452348879694821 0.974414141009771 0.224608525711884 -0.00690145106685247
1461163057.67124 -0.752706195717874  -0.32245450923747  0.866475265836294 0.0202722888177614 0.9751289120885 0.220317284657409 0.0131504066999611
1461163057.77173 -0.777172895014448  -0.32303005447673  0.806274594615481 0.0312407270298558 0.975059470029505 0.216322961409436 0.0385671265131167
1461163057.87138 -0.810360760361042 -0.310576636854253  0.743072332383005 0.0337146010598268 0.973304037170107 0.219174511939677 0.0592039713174109
1461163057.97103 -0.856318366989894 -0.296578963036131  0.672767238290401 0.0179676333937301 0.974701317857492 0.210666107346549 0.0724865251791597
1461163058.04925 -0.903778390246037 -0.295009473958094  0.616702515240365 0.00644950117231821 0.979036226189153 0.192018125595249 0.0676425249884855
1461163058.14938  -0.96496916745681 -0.298354950170988  0.554770326222681 0.0169309484459315 0.979521324887172 0.189539089172053 0.0657742407924898
1461163058.24959   -1.0322682969954 -0.310328131495182  0.492228340168622 0.033085822909035 0.979038283359014 0.192605940178557 0.0573787403817995
1461163058.32961  -1.08954228253727 -0.329274577362993   0.43651931498242 0.0506716825188498 0.981936838144296 0.174495902692055 0.0527598941391624
1461163058.40927  -1.15138519900512 -0.342493910784897   0.38102698550552 0.0527137284799291 0.984655630728856 0.158347396319093 0.0509966055994696
1461163058.48922  -1.22321927200899 -0.356274490763791  0.326449498194916 0.0535765007270298 0.987946222592814 0.139584074891832 0.0401011953815438
1461163058.56943  -1.30139933189584 -0.376300142611248  0.278130631265636 0.0513841308034825 0.991266383797516 0.117151032348293 0.032035341020422
1461163058.64928 -1.38242500866457 -0.39963867424545 0.237973304730435 0.0559313102803947 0.993906362250247 0.0905728401221852 0.0286075556627929
1461163058.74926  -1.47513531694086 -0.436472585489718  0.198835138437295 0.0419054639844581 0.995608530103141 0.071739447694624 0.0431397556620312
1461163058.8493  -1.56556574601085 -0.476102361856151  0.162689065539861 0.0500681205812058 0.996466855686642 0.0492198925955276 0.0460911161974524
1461163058.96929   -1.6771164913176 -0.513986168322668  0.121624420964665 0.0583431170759804 0.996749121837828 0.0332672658069071 0.0445034586421001
1461163059.06951  -1.77768284511464 -0.531451219566238 0.0898838928888993 0.0672952343823078 0.996268344630399 0.0220301709422004 0.0493498580047794
1461163059.18926  -1.90830373980117 -0.527916080033071  0.057229379312835 0.0715379940675887 0.996228063939828 0.0150527697317485 0.0467479854848388
1461163059.28924  -2.02250549687785 -0.510531565906295 0.0321773956316075 0.0667747442550785 0.99683015499254 0.0217077567883999 0.037410545604603
1461163059.3892  -2.13442165062345 -0.498826217467677 0.0124623503678862 0.0683604293353928 0.997058461971011 0.0242449225029084 0.0247681013788176
1461163059.48915   -2.24414507290918  -0.491171698484602 -0.0060476062233788 0.0707216232588951 0.996658285738787 0.0385604523904311 0.0135574696493777
1461163059.58912   -2.35555187169572  -0.486137051950127 -0.0186345381932803 0.0984056437297882 0.994494731677235 0.0354536733633121 0.00629245527577598
1461163059.68918   -2.46198842841634  -0.465599750955196 -0.0277175083981592 0.0888351410640303 0.994409207415899 0.0569613034111649 0.00374911087047512
1461163059.80908   -2.58847918353433  -0.442832695262684 -0.0323714231136484 0.0975065729829661 0.993307632440415 0.0609518669552143 0.0108298418921409
1461163059.90926  -2.68391457946077 -0.424700283995673 -0.029336304588723 0.0761363502162102 0.993769159686342 0.080170305020551 0.0141009086575003
1461163060.00918   -2.75498813462331   -0.41630944155828 -0.0229522540601811 0.0746753109240094 0.991275080473073 0.0977935315570511 0.047262437062695
1461163060.10916   -2.82376358798909   -0.40965493956769 -0.0204186967552053 0.0861275730175023 0.986857229206173 0.120633392810954 0.0643617500426068
1461163060.20921   -2.89540285503322  -0.394342345771501 -0.0187755386570614 0.109360423697259 0.980881831357486 0.141358343323433 0.0769996715213481
1461163060.30922   -2.96361771142516  -0.370437012240807 -0.0186701068729898 0.101747471929991 0.977287167047703 0.157238137604284 0.0991635677175182
1461163060.40918   -3.02982644400155  -0.336107979136151 -0.0184533792313088 0.0837424410467057 0.973346157446526 0.174681356104801 0.122763533596135
1461163060.50908   -3.09549451627502  -0.301608549742881 -0.0205066374077665 0.0611120395241956 0.969053092832699 0.188968004066317 0.146603258271315
1461163060.6092   -3.15548490560912  -0.276654483538209 -0.0178941017234027 0.0494252130831163 0.961366869788261 0.202982586769372 0.179245528406218
1461163060.72914   -3.22230507841577  -0.260987194276048 -0.0129468928082987 0.0355469502449974 0.952340877162477 0.220101323445323 0.208179430855453
1461163060.84919    -3.27679420379446   -0.253629952813157 -0.00738204562803002 0.0340419893253609 0.939906016708977 0.240441066643891 0.240012325075576
1461163060.97107    -3.32550360238361   -0.250889162903564 -0.00311642760608821 0.0459659994151892 0.926705643491457 0.240256234219983 0.285273060658171
1461163061.08907    -3.38372768513414   -0.240780039064317 0.000536541216063835 0.0297535253519741 0.912113554185598 0.24022671990147 0.330839409752566
1461163061.20913    -3.44577321791536   -0.232290648116972 0.000328150505710667 0.00482446705878922 0.899304017821506 0.241848511968272 0.364332684927427
1461163061.36913    -3.5050181938319  -0.241559960034708 0.00146665505122545 0.0169283512990993 0.885497524250056 0.231472390943425 0.402527139085366
1461163061.74922  -3.51584644782027 -0.228604547664506 0.0305500513727095 0.00409101711348983 0.860055146395446 0.227679981352114 0.456563505800876
1461163061.88898  -3.46133587717129 -0.205040082333876 0.0599390276004898 -0.0138879945041934 0.84087296206512 0.244561384962223 0.482627718082832
1461163062.02906  -3.37808452284473 -0.195503462248285  0.084365533668473 -0.0221402505766806 0.832920741125441 0.245165583830057 0.495627566639221
1461163062.1491  -3.28834583788917 -0.200882015865395 0.0960893283872357 -0.0152634480105214 0.834389883213883 0.240526877758817 0.495688784441154
1461163062.2491  -3.20324236220232 -0.216370878714666  0.106532113084424 -0.0261004082720558 0.830284797631838 0.219373520461019 0.511684650961926
1461163062.32895 -3.13133178488118 -0.23172591035917 0.114938669809258 -0.0278401134191044 0.823309942850905 0.204390625906054 0.528781749050951
1461163062.40928  -3.06069546672104 -0.250391288823621  0.124182526728398 -0.025026890061345 0.812468840590548 0.194253844469393 0.549120644077573
1461163062.50904  -2.96934761928971 -0.272725487545017   0.12839097304311 -0.0202693332202463 0.805665572051688 0.182637421081968 0.563148037874555
1461163062.60896   -2.8724647898656 -0.288244601581877  0.126802834147529 -0.000469677514622563 0.798447304529572 0.177586946339649 0.57527780922112
1461163062.7089  -2.77550546492948 -0.305563850738035  0.121040740927287 0.0189475698515146 0.79680378859126 0.162149196290628 0.581766577095693
1461163062.80893  -2.68009514235365 -0.327149656398931  0.117167108833133 0.0358360287118494 0.788228220532466 0.145192424852345 0.596934846669116
1461163062.93118 -2.57423297743808 -0.35427235929393 0.111972730884847 0.0584032977947585 0.7772596563283 0.150565369399736 0.608100773711587
1461163063.04906  -2.47223242028421 -0.381714187094272  0.114019628378516 0.0801337516424608 0.755137320220537 0.147651176946703 0.633676052414879
1461163063.17059  -2.3703949056948 -0.38361810397947 0.115353973460957 0.0842825574794162 0.730234522881792 0.157532531476555 0.659422090639158
1461163063.30901  -2.25073200723366 -0.345243586753054  0.103817506137324 0.0650853922654577 0.718328421847849 0.167386700818464 0.672123398244951
1461163063.44929  -2.12644577777817 -0.303041434427251 0.0743906972025896 0.0213554254684522 0.727083986702488 0.159291448992539 0.667472139015356
1461163063.58909  -1.99976238218993 -0.295008962084366 0.0421748732317533 0.0230318256125078 0.724999976729404 0.152870839052704 0.671174400076941
1461163063.7089   -1.88805126843229  -0.297183613814017 0.00832322778290795 0.00946771774082136 0.719341798650391 0.154411229762748 0.677211127462002
1461163063.82906  -1.76736737051644 -0.286605060972201 -0.038682828934282 0.0198837305826274 0.720770511356385 0.16330437834657 0.673369279986853
1461163063.92975   -1.66620829731396  -0.269810959369236 -0.0746674107086631 0.0318172984607342 0.710528531673941 0.162916289450758 0.683809292001455
1461163064.04901  -1.55667316378566 -0.252596114645051 -0.121034659036561 0.0382948537113207 0.702898993818041 0.160625901291909 0.691856797685023
1461163064.17092  -1.46091681250892 -0.235729811891946 -0.157523933455313 0.0213836337726367 0.68460517417042 0.178732168232906 0.706337955758099
1461163064.27102 -1.38466235882109 -0.23069546318219 -0.17519461099717 0.00759133149524414 0.654616994146093 0.183457843696747 0.733322699940076
1461163064.40894  -1.27406127243164 -0.214769895567126 -0.206353606156297 0.0049139814738414 0.635314239989943 0.189983458958563 0.748503810661119
1461163064.52895  -1.17467724454443 -0.190997689513351  -0.23661599088206 -0.0019485454888683 0.629211371953555 0.182049633343261 0.755610470794567
1461163064.64886 -1.07693061836151 -0.17050829319178 -0.27150472230755 -0.0132402754182293 0.638184378514384 0.167532832825856 0.751317605312429
1461163064.78904 -0.977391135836099 -0.166936179787649 -0.291211259815997 -0.00802704452696799 0.627590208849402 0.1728838578549 0.7590634150094
1461163064.90893  -0.89667024903159 -0.165430783694302 -0.304120745796725 -0.0236741327067343 0.612646930000928 0.184711321880978 0.768104811969046
1461163065.02887 -0.813517420304294 -0.157979888338993 -0.307999390933335 -0.0263817727650656 0.586489926105343 0.186799951574671 0.787679723450098
1461163065.12883 -0.741061201334986 -0.143843632202122 -0.309793793372729 -0.0261466085128954 0.562599858783614 0.186130916154323 0.80507952142101
1461163065.34887 -0.579221643836989 -0.122202321123449 -0.323901239751803 -0.0304679505406364 0.517265610261189 0.174396831917703 0.837313404555332
1461163065.42898 -0.527608143841218 -0.125124425915082 -0.320374404497999 -0.0434361449394878 0.486806006017405 0.155552646361664 0.858450108059904
1461163065.52881 -0.464125844307203 -0.131496655854741 -0.321559095653137 -0.0398528103346448 0.462919010097403 0.154198132871814 0.871975159862778
1461163065.74888 -0.310749610372145  -0.12804549190796 -0.342422882760157 -0.0162912003633969 0.444448705642016 0.179118163773429 0.877562891336166
1461163065.84888 -0.232853860338708 -0.111895017340909 -0.357082955613171 -0.0079333947716082 0.438889572875478 0.181781873570336 0.879925198246894
1461163065.92881  -0.173047450945597 -0.0933672135390629  -0.372822933067927 -0.00945539951161725 0.438720123813777 0.170613490944761 0.882228023295872
1461163066.02904  -0.114737332443527 -0.0724104363555747  -0.382563620572323 -0.0158301885651809 0.419122494756683 0.16213181375642 0.893195955256728
1461163066.22884 -0.0411364008123193 -0.0421376850386836   -0.38596014156445 -0.0467988261125482 0.363878176549594 0.154490149338941 0.917352351205719
1461163066.3492 -0.0100542127310281 -0.0371564151915525  -0.391996139887585 -0.0662932679411823 0.326853186392001 0.153586225803144 0.930152389888141
1461163066.44883  0.0244344853508336 -0.0491694931859968  -0.406555289435881 -0.0556661935309008 0.323216070992328 0.145704101503619 0.933382537417047
1461163066.52893  0.0532778289490268 -0.0610345786420113  -0.419794362588022 -0.0339580464361288 0.320215617520661 0.140450127308648 0.936259884389526
1461163066.68899   0.106364162797121 -0.0533929168924767  -0.458820986152824 -0.0197868736854454 0.312059935508863 0.153885761428998 0.9373079796467
1461163066.76905   0.123978692197896 -0.0413824118238205  -0.480041304700313 -0.0308617736614506 0.295199015292982 0.164515979618632 0.940659122502219
