1464104820.29265  -0.169091188281617 -0.0586776626263223 -0.0568833676222289 0.0257150369740902 -0.0367608678653202 -0.0103333426324293 0.99893973666946
1464104820.5593  -0.139004138669755  -0.152694803294503 -0.0377859654965523 0.0984741975385168 -0.055040792655541 -0.00355293826704634 0.993609943686488
1464104820.5927  -0.133421012762413  -0.162158948459578 -0.0363152892726528 0.102623492085168 -0.055405238286985 0.00552760157036142 0.993160673840586
1464104820.69273  -0.111795601777874   -0.19282299889482 -0.0345171417164073 0.129421545587293 -0.046138960332743 0.0128795770398073 0.990431914051887
1464104820.79269  -0.084842625641625  -0.220596059072401 -0.0361587955383377 0.162508778589377 -0.0408905055223902 0.0301291776258445 0.985398952757259
1464104820.9593 -0.0292242217016565   -0.25003403798363 -0.0382867712090054 0.180113810134798 -0.0438890506634113 0.0523516955177378 0.981270638818368
1464104821.0926  0.0203107194586491  -0.257714740011097 -0.0368503466467516 0.194304717558258 -0.0352851909365707 0.0663785942918208 0.978056498498434
1464104821.2592  0.0841608125605373  -0.234564799398981 -0.0274710286967611 0.18027084954913 -0.0260565074899262 0.0705328235257905 0.980738803161036
1464104821.42575   0.139546082988181  -0.202200001193742 -0.0202397940174232 0.161560641157771 -0.026767449484718 0.0657814093620005 0.984304053155894
1464104821.55922   0.175549856787176  -0.178057559644631 -0.0178143681019382 0.142884935376572 -0.0111713955996997 0.049207548538564 0.988452180092498
1464104821.72569   0.219905350448811  -0.136643210603221 -0.0164694176472345 0.123352045103894 0.0028392875015568 0.0590578085774942 0.990600013457094
1464104821.89236   0.243322049409045 -0.0979883694359157 -0.0103560619629852 0.108822322131542 0.0207973757153339 0.0490072184022018 0.992634607453182
1464104822.02566    0.250430435130764  -0.0699950657605655 -0.00534638804940468 0.0737274303973644 0.0306133244712299 0.0377606018837212 0.996092981260886
1464104822.29237    0.251029009594144   -0.025897874398371 -0.00752676683612713 0.0511724886265763 0.0333876474574087 0.00311507563793456 0.998126714254654
1464104822.759   0.220908126433149 0.00713524145169896 -0.0207222972858161 0.0425035920592735 0.0415109149495666 -0.0339185966782786 0.997657164261093
1464104822.99433   0.183660631786169  0.0249610791623264 -0.0237462239526517 0.0247884006082329 0.062718369021726 -0.0337887942409408 0.997151071185447
1464104823.19244   0.130344911158743   0.053826086072926 -0.0282560821067871 0.0213415558380589 0.0613680673334323 -0.0332662500206402 0.997332369331175
1464104823.35895  0.0779894425063752  0.0748033406156376 -0.0348120638428173 0.00943345696857894 0.0603018872814469 -0.0265009191974329 0.997783740878558
1464104823.52557  0.0239686607441041  0.0853675627885937 -0.0446285969096724 0.00991523248819303 0.0476049903733931 -0.0312285092151937 0.998328720045883
1464104823.72561 -0.0374224159041812  0.0794352395056895 -0.0575663832002935 0.0162691101534065 0.0230437256778172 -0.0339778772568181 0.9990244274385
1464104823.8923 -0.0829245211207426  0.0587200171278998 -0.0723764398081331 0.0254409105945812 -0.00807357090984183 -0.040456938179499 0.998824716190995
1464104824.05995  -0.116423057085169  0.0229097026504813 -0.0880996677964865 0.0437309672951731 -0.0378949613733782 -0.0342738685625512 0.997735875036924
1464104824.19271  -0.128700779437227 -0.0182688469977894   -0.10135920403195 0.0721417789096464 -0.0557745201748273 -0.0306599504174463 0.995361609705447
1464104824.2922  -0.133699539194002 -0.0536114528614107  -0.110960418547343 0.0974535268606874 -0.0757128935033348 -0.0229372145809636 0.992090848686265
1464104824.42556 -0.129216003301198 -0.102221150982566 -0.124601417590806 0.131453899219442 -0.0821520632214053 -0.0111589244930367 0.987849375812239
1464104824.59225 -0.110784539998433 -0.151127362970941 -0.139188963846138 0.151778106083348 -0.0839622335386457 0.00123801295174279 0.9848412141949
1464104824.79227 -0.0665380297725547  -0.187111232102507  -0.144790000287883 0.160342726902724 -0.0676456798466093 0.0333351892983033 0.984176324182783
1464104824.99465 -0.00835737235536646   -0.197865228600812   -0.132308331033925 0.150888250692992 -0.0429605454440822 0.0577981922684828 0.98592418385414
1464104825.19216  0.051762891835567 -0.194604882536371 -0.107040638838708 0.142051658487984 -0.0178500587740799 0.0657237178565318 0.987513592126048
1464104825.35873   0.102947714623776  -0.182723143457464 -0.0837766808950378 0.136458364114477 0.00420946294243097 0.0753526160123356 0.987766864470071
1464104825.55863   0.153210009735738  -0.157772953598224 -0.0549788287454171 0.131588427613063 0.0271253905605714 0.0795962105457825 0.987731310717651
1464104825.72536   0.189233577379175  -0.126790276481136 -0.0342477402717096 0.12124706012615 0.048946926992426 0.0805791856026124 0.988134780076273
1464104825.92536   0.217381689081388 -0.0833164064064981 -0.0117609660374477 0.112360348229359 0.0639596467197967 0.0770448734027007 0.988609327904414
1464104826.09205   0.226452457115631 -0.0439743747766866 0.00249798561862212 0.0851479312984094 0.0661461258725819 0.0585750521642884 0.99244318884841
1464104826.29198    0.221317514672247 0.000609389362628229   0.0142317441261251 0.0534464229483387 0.0582244824981462 0.0344223252899065 0.996277317333626
1464104826.45862  0.207327852783973 0.0355136555343142 0.0198458381571671 0.0213693700460697 0.0408577957894514 0.015264866999813 0.998819790744326
1464104826.62562  0.184178894762357 0.0633109686443841 0.0212602758269493 0.000478045302200567 0.015094618714446 -0.0082422187637481 0.999851983939825
1464104826.82749  0.142126915610084  0.079195147813792 0.0133279028399942 -0.00936888659974171 -0.0101332155466482 -0.0332373929651966 0.999352198984644
1464104827.02518   0.0848527247884312   0.0770924671337817 0.000650852748732236 0.0063637963603777 -0.0178242580562645 -0.0406682748394612 0.998993438087663
1464104827.19171   0.0304430703887095   0.0667934694993398 -0.00755817772135227 0.0208925299509505 -0.0198417261741334 -0.0504187355032561 0.998312455699583
1464104827.35936 -0.0244954690906552  0.0485487953050942  -0.014728755097254 0.0335174873055928 -0.0110535363802232 -0.0311913255122023 0.998890133393559
1464104827.52512 -0.0732379012984761  0.0285285216336693 -0.0306459207357639 0.0469051142099422 0.000554708753393574 -0.000786000185323037 0.998898886155581
1464104827.75853  -0.122388471459081  0.0215054521121675 -0.0726303863596569 0.0616492738796434 0.00737644237543296 0.0130974446480299 0.997984675268957
1464104828.02528 -0.157499024185198 0.0449722305492686 -0.137566309134296 0.0656593666730811 0.00829051768258616 0.00693338460794179 0.997783565239738
1464104828.32828  -0.17928298096151 0.0741491116752614 -0.219405780874602 0.061995842570284 0.0241197717303157 0.0136733118551173 0.99769123112243
1464104829.09174 -0.174419426359701 0.0462839473158484 -0.147259883409967 0.0497831427262626 0.0571629439798777 0.00956298522695997 0.997077021021646
1464104829.3282   -0.15020638819151  0.0153283109016985 -0.0749787325530114 0.046364447606017 0.0710967310989016 0.027276029698776 0.996017876862213
1464104829.5595  -0.115836192227267 -0.0137858516987487 0.00343788695346476 0.0479406134494994 0.0838597391744396 0.0288847779227919 0.99490447347071
1464104829.72614 -0.0895359903286551   -0.03770900944113  0.0655453256296729 0.0481852724928489 0.0767547808406898 0.0179222506368979 0.995723694638726
1464104829.89156 -0.0630304639771891 -0.0617094400322648    0.12436537607547 0.0400131158664292 0.0693057654590841 0.0145255998538143 0.996686845695114
1464104830.05837 -0.0421141038540436  -0.085864745112527   0.176461912438779 0.0351503121514348 0.061791486579898 0.0195197650879902 0.997278921121274
1464104830.22487 -0.0271115793921682  -0.108672408430499   0.222750345213359 0.0323585820431745 0.0516789059796015 0.0186407938248019 0.997965296816722
1464104830.39156 -0.0138901016440029  -0.129155465973764   0.264030578955473 0.0327484602618258 0.0487139169464426 0.00875436666643847 0.998237373429028
1464104830.55813 -0.000494628331643728     -0.14851043986924     0.301795044646863 0.0371641906426607 0.0400867714338171 -0.00493295058595541 0.998492633767724
1464104830.75852 0.0184277539848713 -0.158165375793889  0.332137106927106 0.0308119804687701 0.0315077037871799 -0.00760034521799953 0.99899956016718
1464104831.02475 0.0443533434478403 -0.158276094994019  0.346693185500307 0.0288473037928737 0.00608935194356396 -0.00909740623899448 0.99952388168393
1464104831.1914 0.0722279734512624 -0.151495210831354  0.341095940695565 0.0349821886751381 -0.0110284179336722 -0.0184302519860119 0.999157117917452
1464104831.32522   0.10212684594035 -0.140357365316822  0.326999227216296 0.0423823788319379 -0.0256718416594635 -0.0296764789175908 0.998330605115065
1464104831.45991  0.134068900580021 -0.127748297730459  0.302565162445806 0.0484176582186767 -0.0397959291986624 -0.0359981967665323 0.997384652088347
1464104831.5914  0.164155901282859 -0.115122123150234  0.269538082247998 0.0499428039902763 -0.0559096727298899 -0.0409098051639369 0.996346432053768
1464104831.75801  0.194278398534175 -0.100890296013595  0.226506728012092 0.0581576667756954 -0.0659297750943236 -0.0327151177258539 0.995590614471331
1464104831.92464    0.21903648662768 -0.0822412484209895   0.187009661909723 0.0593350797710391 -0.0488157380680042 -0.0188767683651761 0.996865106040696
1464104832.09129    0.23186666095013 -0.0633607669109243   0.143684954632378 0.0625217172679029 -0.0248690813003904 -0.00435270884570662 0.997724219206315
1464104832.258   0.233662507638804 -0.0399080415889371  0.0944536229110697 0.0680285646674922 -0.00815566450864922 0.00976367634188753 0.997602260497636
1464104832.39131   0.229656815542198 -0.0158908999441612   0.050104818578573 0.0570513409033345 0.00562971716511798 0.0138401381823613 0.998259435898737
1464104832.55796    0.217362131593677   0.0162142954477945 -0.00346078381698036 0.0361129451105572 0.0124931502085885 0.0163054541552225 0.999136581533325
1464104832.75775   0.201483725835694   0.048266160585999 -0.0611584687027665 0.027072032449234 -0.00110669516419377 0.00405538394869021 0.999624646627878
1464104832.99131  0.190959750477696 0.0800944493312415 -0.120960621615814 0.027204572816394 -0.0261442133748346 -0.0165978220952403 0.999150090640332
1464104833.32927  0.173361112471738 0.0990552664909438 -0.187311490636761 0.0354951769212509 -0.0563008653768554 -0.0395915094082898 0.996996899371267
1464104833.69119  0.124202103766513 0.0672483187296833 -0.178527316765858 0.0679933245496765 -0.0526279335057095 -0.0319220638943204 0.995785212919095
1464104833.9578  0.059795416863723 0.0485174908747606 -0.154034025763673 0.0746203441934927 -0.040360882582694 -0.0226797986563288 0.996136752721482
1464104834.12482 0.00814308048447929  0.0420922026006129  -0.140327972154015 0.0679455329978582 -0.0615439934218951 -0.0355158847553925 0.995155446826959
1464104834.25797 -0.0373795018031199  0.0343225036522376  -0.122541934802461 0.0729501915949266 -0.0796145511896679 -0.0522903040730206 0.992776670195811
1464104834.39104 -0.0860297555179441  0.0229371081020524  -0.098226778641429 0.0775586784430849 -0.0998357154855381 -0.0630135274330872 0.989973119166421
1464104834.52435  -0.138958352565703 0.00673484332702221 -0.0676926067408797 0.0767435059011494 -0.117638528508087 -0.0646313879612285 0.987974895735037
1464104834.66116  -0.198415213969223 -0.0136304890453021 -0.0348144166997593 0.077292661896734 -0.134376718957998 -0.0684966065954338 0.985533843510161
1464104834.75767  -0.240801161850461 -0.0288032577599402 -0.0136087589767081 0.0775061827746247 -0.153965842201681 -0.0750296585858823 0.982169975818503
1464104834.85762  -0.282161830789466 -0.0416925263169151 0.00415439089671464 0.0739718066633729 -0.167004909374043 -0.085990809506277 0.979409573541314
1464104834.95849  -0.324226204356597 -0.0521883094809171  0.0224234601958163 0.0714210987413164 -0.18551867428314 -0.0998296501565407 0.974944044084804
1464104835.05781  -0.368505719581436 -0.0599243849463478  0.0417110760161565 0.0737054429176092 -0.200162601709574 -0.111065645620348 0.970652802460338
1464104835.1605  -0.415914405738788 -0.0679027674363765  0.0656063136628531 0.0758052302361327 -0.207742474036492 -0.114771147778659 0.968464875556989
1464104835.25803  -0.465964445076482 -0.0805683393169924  0.0893333799392885 0.0833473159693105 -0.213690048367804 -0.114207537200428 0.966615966449908
1464104835.35794  -0.516368867103066 -0.0951940174839165   0.109282157691718 0.0875305122727419 -0.223085130550129 -0.114208171058352 0.964120286900037
1464104835.45921 -0.563803958427493 -0.112953003411622  0.124641852550729 0.0869600284749164 -0.230194803452661 -0.11463339414942 0.962448695181627
1464104835.55869 -0.608618514918237  -0.13026923708177  0.137624635712902 0.0887906180532787 -0.246561826147355 -0.115830418507203 0.958074530598244
1464104835.66141 -0.652502063648667 -0.145685570018663  0.152389161995465 0.0930170020610124 -0.255907184992307 -0.121022419802138 0.954574734581913
1464104835.75741  -0.69816425952171 -0.156314428416184  0.170942427493639 0.0965509492419123 -0.266425747534335 -0.126397660477716 0.950641292326931
1464104835.85769 -0.746809113992402 -0.163981614350279  0.192281196875174 0.0959157977786569 -0.278165786900024 -0.132057648460281 0.946564700492214
1464104835.95797 -0.796283607513518 -0.173219680193151  0.214483818241817 0.0906352910447338 -0.288261122085276 -0.135720508193756 0.943541579988398
1464104836.061 -0.847917364077837  -0.18423775556957  0.231598688975753 0.0873182997632119 -0.304123019082077 -0.145343448494218 0.937421989165324
1464104836.15949 -0.899000068147289 -0.196412592179502  0.242020261128035 0.0831299419686149 -0.322260474890102 -0.157274930627065 0.929786101890189
1464104836.25749 -0.946482119437109 -0.206161375970654  0.248583698615632 0.0773555855824876 -0.341540059590179 -0.168593216008026 0.921380935656039
1464104836.35746 -0.995742159569822 -0.213654666869309  0.253866618212092 0.0811434091982381 -0.360454409309709 -0.177731141501804 0.912085526304053
1464104836.45762  -1.04557867019166 -0.217115954444001  0.259278099780207 0.0875717923676646 -0.372291930365672 -0.186072718393192 0.905045216127838
1464104836.59081  -1.11841816431677 -0.219551105864388  0.265446606706041 0.089923909953543 -0.385958140080162 -0.191286999723607 0.89797510447744
1464104836.72412  -1.19130569852036 -0.228436880581135  0.268587272964664 0.0991639062252105 -0.388292341410384 -0.192639585994607 0.895703950651121
1464104836.8586  -1.25595147760899 -0.238563986518405  0.265116812859943 0.100203941304446 -0.398910871932339 -0.186078060399882 0.892302774757007
1464104836.95785  -1.30279209545964 -0.245637422671015  0.258726878867382 0.100082985391602 -0.412938263409384 -0.185892789590925 0.88595104685623
1464104837.05735   -1.3476407178224 -0.249218938187706  0.252994807435524 0.10324010278347 -0.427474002212918 -0.190048003789653 0.87777515051686
1464104837.1907  -1.40724527639363 -0.247320115604662  0.247533916665749 0.105169240586767 -0.44440610180845 -0.199246181704455 0.867031491115528
1464104837.33039  -1.47161359602383 -0.244367794528398  0.243526954013901 0.103374335749079 -0.458547648537409 -0.203381167243694 0.858885266807996
1464104837.42391  -1.52114064194982 -0.245528855709892  0.238431000585695 0.100740283673802 -0.469023605335782 -0.210424423402821 0.851815599128554
1464104837.55788    -1.582364941195 -0.249418335083192  0.228929116025732 0.0972587743290388 -0.481738227426581 -0.219172939348288 0.842871421813162
1464104837.72398  -1.65256949315924 -0.249214114798261   0.21412932988657 0.0904782651736527 -0.497446800147046 -0.234452833633203 0.830296473168466
1464104837.89063  -1.72675351320683 -0.240247995245856  0.199150611071481 0.0942341485338871 -0.509752232844817 -0.248584322622612 0.818216610015999
1464104838.02391  -1.79298414702093 -0.234846103182592  0.184066415271411 0.0971828244788943 -0.515999636635247 -0.247011596815302 0.814423197519172
1464104838.19241  -1.87687679739996 -0.230151814204987  0.166355560587643 0.0925834047022084 -0.516715451443839 -0.25101457159333 0.813280480683481
1464104838.39057  -1.96822230640762 -0.228465591270071   0.14485010900204 0.0768613738057959 -0.524370704447656 -0.257541346994733 0.807960486733041
1464104838.59062  -2.06102178568249 -0.219230506727508  0.135067589501418 0.0623579356974841 -0.5300352088391 -0.265831670417068 0.802812361794281
1464104838.75724  -2.14854968466437 -0.213750795157282  0.130217932261213 0.0549270210898823 -0.538788070231015 -0.265116210163101 0.797749229294322
1464104838.92457   -2.2334338721067 -0.215720941175252  0.129489442200678 0.0399768347781045 -0.540539566815605 -0.270270837320983 0.795721373271912
1464104839.12397  -2.32904916989197 -0.219819561104735  0.124042642151593 0.0337263778222447 -0.551226949953436 -0.290473104360068 0.781432502988869
1464104839.39051  -2.46478366072252 -0.212685905740541  0.121244271535452 0.0302769198216139 -0.55420649418904 -0.30152454023927 0.77525571365731
1464104839.66058  -2.60563891841101 -0.209445991906072   0.11594374061106 0.0260487715267504 -0.545255922158843 -0.313816001072508 0.776876411228656
1464104839.89417  -2.71149454585401 -0.206619637142623 0.0983203654055704 0.0134777269598447 -0.547421798720567 -0.333357413427101 0.767476748882159
1464104840.0903  -2.80598067621921 -0.199727834216626 0.0804105955531145 0.0072061055015526 -0.55002394249665 -0.350302318067773 0.758096313591015
1464104840.25708  -2.88705076923374 -0.200451413168234 0.0573022113900451 -0.00164154795297017 -0.553059760667269 -0.344068352790403 0.75877478546607
1464104840.42503  -2.95558622119751 -0.213069693663034 0.0222455877375551 -0.00406246482946332 -0.558067046906295 -0.322856688447416 0.764400566628234
1464104840.55708    -3.00581178209081   -0.222624811722365 -0.00651324639912695 -0.0140432183145176 -0.550596894526073 -0.301537912515747 0.778280627455972
1464104840.66054   -3.04382197432172  -0.226298076018716 -0.0274537222270134 -0.0199554102464917 -0.536529937394317 -0.276322994936137 0.797109158366072
1464104840.75698  -3.07807412647116 -0.226508906734467 -0.047874766625268 -0.019717135370101 -0.516554279028991 -0.255260113796016 0.817083340727543
1464104840.85687  -3.12050331202611 -0.226078075641603 -0.073302020508092 -0.0151715487880466 -0.506976984964443 -0.232626707673008 0.829836716288784
1464104840.95699   -3.15785165016339  -0.225093821073464 -0.0962364865520437 -0.0112344186644247 -0.493464175793997 -0.217585799399187 0.842035221914761
1464104841.05693  -3.19404495645836 -0.224289902486243 -0.116780269554181 -0.0209245814397608 -0.475262070005584 -0.205981973236432 0.855137154734376
1464104841.16001  -3.23186669038145 -0.225297419082028 -0.136819078467817 -0.0208568802217844 -0.464804409710181 -0.192411998971913 0.86400201036399
1464104841.25692  -3.26878193889385 -0.226167616103834 -0.153989768823928 -0.0135759942156361 -0.453807036109803 -0.186989211897031 0.871154349694944
1464104841.35695  -3.30725878965054 -0.227289024648301  -0.16894725386692 0.000141484835046261 -0.441901461546726 -0.174983262285865 0.87983176584203
1464104841.45695  -3.34895418665318 -0.229464248025085 -0.181560547037087 0.023181274681697 -0.427714850803355 -0.151856561372779 0.890764963205463
1464104841.55697  -3.39260237686831 -0.231457967979072 -0.194196250540005 0.0437670694382064 -0.412637118634949 -0.137723216409433 0.899359420709695
1464104841.65965  -3.44034736042339  -0.23312738606018 -0.207353674640686 0.060796614621442 -0.402231727085213 -0.128786305743176 0.904393441390219
1464104841.75694  -3.48645034499047 -0.234999438057454 -0.220887159493166 0.0722135669534185 -0.39132634148821 -0.124303860582462 0.908954039239396
1464104841.89007  -3.54508700986358 -0.237623901591648 -0.241658160317446 0.080836660108855 -0.381542130891381 -0.124018059765253 0.912420165049728
1464104842.02764  -3.60419588630476 -0.239132308294261 -0.262575810243698 0.0901039592325949 -0.363430522420932 -0.115076070182585 0.920085338419645
1464104842.12362 -3.65212171837677  -0.2349643306151 -0.27711135093909 0.0994572845468762 -0.35313817083286 -0.10919824707393 0.923838418603256
1464104842.22344   -3.7025583513082  -0.23153688848223 -0.293087910955412 0.104920859782619 -0.339273986481188 -0.102136508407559 0.929221668349351
1464104842.32629  -3.75290248887879  -0.23000774793331 -0.309325829803965 0.108993877765414 -0.320255814735552 -0.101577657693677 0.935541836154424
1464104842.42348  -3.80277846583118  -0.23143763888996 -0.322800032139001 0.112526836065439 -0.303271387924017 -0.0950468591612408 0.941451151677731
1464104842.52476  -3.85053274796945 -0.237090280371917 -0.335520839471922 0.129106004676217 -0.290982708336634 -0.0922679726504129 0.943476191659654
1464104842.65962  -3.91121297545527 -0.241206840897276 -0.343658697365799 0.151040527063416 -0.269027067805311 -0.0962389228626495 0.946334647838025
1464104842.79006  -3.98194864479518 -0.241290206682065 -0.345189669782665 0.158905247600303 -0.258014014037704 -0.0901945610549845 0.948705872228762
1464104842.89  -4.04067766489861 -0.248020671635475 -0.342519970335487 0.168168378608862 -0.24570264244086 -0.0745145190319497 0.95173378335913
1464104842.99207  -4.09845334916149 -0.260037730367033 -0.341057145913759 0.180335852434283 -0.232695604227669 -0.0645148755673619 0.953503836872431
1464104843.09042  -4.15584248791292 -0.272489591447688 -0.341349195397806 0.175817313857979 -0.229345405299747 -0.0562339358099789 0.955681276199852
1464104843.19003  -4.20831586536534 -0.287365884126617 -0.345367782117309 0.19180896467481 -0.220144299440698 -0.0529735317102089 0.954955293944324
1464104843.32628  -4.27704071478959 -0.298535917755223 -0.349297156829911 0.20060829346909 -0.207760884950601 -0.0507453681559288 0.956042172127716
1464104843.42328   -4.3276704372116 -0.303358617717283 -0.349420239843243 0.204020684249484 -0.185598962997816 -0.0404610213861899 0.960360084073101
1464104843.52334  -4.38215687959514 -0.307226641740331 -0.349245482019435 0.21163755206926 -0.170878795165085 -0.0390959625087707 0.96149960459304
1464104843.62334  -4.43526920003773 -0.316334521379416 -0.352563968154914 0.223628827358778 -0.151237251990971 -0.0247996932339078 0.962549955274978
1464104843.72335  -4.48663000974197 -0.326212086899566 -0.354863636614985 0.214790279411127 -0.13347283712159 -0.0106137282336334 0.967438621512593
1464104843.85652  -4.55526287576063 -0.340030435774925 -0.361400797758964 0.217301190686161 -0.1230581849888 -0.00616668611541015 0.968296879895827
1464104843.99225  -4.62410847764044 -0.346393000016117 -0.361934365622097 0.227296262679502 -0.115997052847933 -0.0117219082820164 0.966821436237712
1464104844.12337  -4.69269823788166 -0.347621745161539 -0.356303711357018 0.234115948849785 -0.103886359530072 -0.00917772160976344 0.966598735889825
1464104844.25663  -4.76420909921849 -0.351588420173702 -0.347839684367379 0.233090214230468 -0.0943161911579592 -0.00215840978116047 0.967868146692857
1464104844.39027  -4.83379212880728 -0.359241178242653  -0.34061046917205 0.2267690225723 -0.0845752875997252 -0.00781696924024354 0.970237973963566
1464104844.55658  -4.91827292341998 -0.367092812610744 -0.342246305369525 0.222111264765298 -0.0861653870330387 -0.0195628825433145 0.971009477692367
1464104844.72331  -5.00269434094356 -0.367178421354111 -0.345913143074035 0.222521742146072 -0.0843895641506016 -0.0239880108371084 0.970972219515485
1464104844.85656  -5.07483038141626 -0.366090935073369 -0.351144818017446 0.223263212502186 -0.0774255031493679 -0.0147414628561395 0.971566528179173
1464104844.99278  -5.14796848467753 -0.370852740474081  -0.36075114755912 0.223742807324619 -0.0723449055865631 -0.00977403023657867 0.971910406950715
1464104845.12353  -5.21622275728435 -0.377515695437067 -0.372482851314771 0.21434542507966 -0.0675809978070842 -0.00474575522350107 0.974405626672064
1464104845.25648   -5.2814762765659 -0.380452108592324 -0.384772933991322 0.215516795636214 -0.0748026978038184 -0.0151316820373975 0.973513276436787
1464104845.38977  -5.34850904809124 -0.376076694420596 -0.390776004393943 0.213006647130658 -0.0842768997437192 -0.0163189913314465 0.973272450534621
1464104845.52439  -5.41624084922078 -0.371841080160032 -0.388761344695028 0.205012244797155 -0.0840641124636646 -0.0164764286663436 0.975003452187391
1464104845.65883  -5.48979145786226 -0.376389113201873 -0.387242641541746 0.199040319442392 -0.0796880305882608 -0.0142609490443082 0.976641896679428
1464104845.78977  -5.55798965426446 -0.388468564510567  -0.39119214284001 0.200324143990125 -0.0740238441245944 -0.0143256714688851 0.976824182221451
1464104845.92294  -5.62403869577625 -0.396955470807458 -0.397028346980548 0.200635544754123 -0.0754143895185864 -0.0167984037649155 0.976614489788937
1464104846.05668  -5.68897838140228  -0.39891495271793 -0.399210972124474 0.206339689928336 -0.0766287574415776 -0.026917840987534 0.975103787157966
1464104846.19021  -5.75488073047266  -0.39880207698142 -0.400662331985408 0.209366010657065 -0.0694420289326862 -0.0197289087740725 0.975168933240719
1464104846.32305  -5.82155601927598 -0.402697778103858 -0.404531707359372 0.212876388756641 -0.0654135909708953 -0.0193974272882054 0.974694026369723
1464104846.45668  -5.88678717224121 -0.413368241006555 -0.413613817523679 0.214452014771682 -0.0659631847491886 -0.0141412731457692 0.974401978657642
1464104846.58969  -5.94833804877716 -0.419481722629495 -0.425487699251169 0.215389936168573 -0.0780270845231757 -0.020509765848189 0.973189754869503
1464104846.72287  -6.01258487987578 -0.418019288464571 -0.433883189480142 0.219778842640218 -0.0947986788152598 -0.0299939008863873 0.970469389899664
1464104846.8563  -6.07700325099762  -0.41183330637404 -0.436476043519089 0.219789224291617 -0.113109016395978 -0.0378840964105945 0.968227164736859
1464104846.99226  -6.14574350156087 -0.410016073719803  -0.43702709910642 0.214893965247973 -0.124623873320111 -0.0407901531659014 0.967794212270046
1464104847.12307  -6.21149876587725 -0.412934433760129 -0.441349929521429 0.201030101082463 -0.13788362193683 -0.0459921224493371 0.968741312184507
1464104847.25629  -6.27375218840411 -0.417931879169137  -0.45180604097647 0.200641543995017 -0.157806993076389 -0.0548810695622819 0.965312380508602
1464104847.38962  -6.33172829264469 -0.414699694014456 -0.460393504768023 0.198994679604135 -0.176548729691533 -0.0745056912483631 0.961083016968439
1464104847.55628  -6.40302494819227 -0.405473930293438 -0.467549629335318 0.202091436020938 -0.18373573950702 -0.0929594166805796 0.957475209269258
1464104847.72297  -6.47723346678023 -0.402083853162794 -0.478111823070659 0.206741528706507 -0.186937945496905 -0.0922271763644139 0.955932159089409
1464104847.88939  -6.54631035632999 -0.397140420027879 -0.491925198878434 0.19500822722738 -0.194764503515355 -0.100853005455272 0.955964042615982
1464104848.05615  -6.60971356043983 -0.392606822594351 -0.507270116183545 0.184625208164994 -0.202469623927831 -0.115392396847014 0.954779649262832
1464104848.22289  -6.66889869201441 -0.385001739977247 -0.517943133525783 0.184494359767734 -0.208958269638819 -0.128245606019194 0.951762227292203
1464104848.38946  -6.73182377479335 -0.376479709289064 -0.526909554379684 0.186528695966109 -0.215223548522604 -0.133256706947231 0.949277893873075
1464104848.52284  -6.78606159400066 -0.371072998068886  -0.53630030322284 0.184146602558907 -0.233247966976451 -0.144754709477363 0.943785721841292
1464104848.65855  -6.84128614305167  -0.36777438624269 -0.550071146342978 0.171781597465558 -0.244412943151048 -0.151645411664626 0.942208610188577
1464104848.82516  -6.89395323779415 -0.363199184908949 -0.570241159023167 0.170881370180388 -0.264411047828958 -0.166452858824192 0.934440902840046
1464104848.99179  -6.93892601008191  -0.35605666600601 -0.587448515213469 0.171721912366949 -0.275802338286438 -0.178398624917951 0.928772623216337
1464104849.15801  -6.98293178838241 -0.348916157481187 -0.602870140364124 0.173906978811219 -0.277567991793478 -0.181981273640607 0.927143564231901
1464104849.32522   -7.0314935836423 -0.342915734491344 -0.618289081160255 0.166476741767671 -0.273069168062201 -0.17187167527134 0.931761155631453
1464104849.49211  -7.07715938248985 -0.341005173316744 -0.631595806787121 0.161865387776078 -0.261526976870845 -0.164890343248968 0.937130946726302
1464104849.65881  -7.11675932095847 -0.339577527451569  -0.63934243611926 0.143991977943412 -0.250010898739735 -0.158266968803573 0.944305261758624
1464104849.82936  -7.15295530322161 -0.340477214900484 -0.647562355765559 0.139395423267677 -0.237763616764144 -0.152615262822427 0.949076372094944
1464104849.9915  -7.18989475002989 -0.339464864936576 -0.652423373406648 0.141536633010383 -0.229579583172589 -0.147398524597467 0.951595644931646
1464104850.15773  -7.23335500404467  -0.33908907233945 -0.652807342507181 0.130734432148318 -0.22063384531312 -0.138188030617149 0.956625988956686
1464104850.28924  -7.27236040738323 -0.341574304632534 -0.651093794105596 0.116602577962588 -0.211623837744511 -0.128505031197204 0.961824124810648
1464104850.4225  -7.30763068506116 -0.345250029964326 -0.647924443054796 0.0995450142679841 -0.200687005170274 -0.123344292035907 0.966748003210937
1464104850.55586  -7.33889260614487 -0.347628437010555 -0.647718133412504 0.0927015106989241 -0.191314310591287 -0.124488819365048 0.969178929986726
1464104850.72368  -7.37131513439548  -0.34936846191735 -0.648824959111894 0.0844185136907821 -0.174311622002712 -0.121961272698581 0.973454889012719
1464104850.85567  -7.39929412369297 -0.348645054997165 -0.648730244033797 0.0783873026643014 -0.154732447786032 -0.115507772650351 0.97804460779686
1464104850.99176  -7.42998022595726 -0.348568470996312 -0.649265190335383 0.079389774721192 -0.132507778921259 -0.108456792596144 0.982026515087465
1464104851.08921  -7.45379439999791 -0.348883237231402 -0.649834158857371 0.077008325299014 -0.11067764154805 -0.0974633119456958 0.986063426114456
1464104851.22251  -7.48565414796537 -0.350085774150048 -0.653794180463697 0.0705088797529746 -0.0843532751484564 -0.083465079084565 0.990427485190671
1464104851.35873  -7.51194797402748 -0.352104206379408 -0.656639623428584 0.0611125582245725 -0.0502990345247277 -0.0661340757659714 0.994666550345245
1464104851.49114  -7.53838955550785 -0.353666993357216 -0.656030111109365 0.0581308326256879 -0.0273854798281976 -0.0606776913208521 0.996086873504914
1464104851.62239  -7.56300586433874 -0.355679071515467 -0.651205462709037 0.0539020329044173 -0.00346223124833392 -0.0543527436375279 0.997059859317698
1464104851.75571  -7.58866846888792 -0.357876103121844 -0.642294320570283 0.0526648059294672 0.0184802555268476 -0.0492894883232402 0.997223868904524
1464104851.85558  -7.60788931403663 -0.361936894673188 -0.631888365321279 0.0516385110256487 0.0395989873116576 -0.0408461608886203 0.997044119145991
1464104851.95571   -7.6287591728043 -0.367805085487319 -0.619553096182503 0.0470918193995027 0.0610298375464274 -0.0246154047054451 0.996720523178834
1464104852.05572  -7.65228850094454 -0.376879789689852 -0.606393085971442 0.0435701836724562 0.083077964075075 -0.00585171331788031 0.99557292471779
1464104852.15873  -7.67415131945049 -0.387364503951977 -0.592965458871279 0.0383404523679823 0.10724113860534 0.00321377253005798 0.993488308722842
1464104852.25561  -7.69500998939863 -0.397413888682405 -0.580947559612728 0.0320718566145005 0.128545652858392 0.015723296830228 0.991060133938046
1464104852.35563  -7.71316738123126 -0.406794397379188 -0.568486665974595 0.0277288552888298 0.150761893923255 0.0250159914861969 0.98786444520238
1464104852.45655  -7.72818482782718 -0.413707012389157 -0.554810025180553 0.0209132834474724 0.17436875602965 0.0317288878775323 0.983946873144162
1464104852.55565  -7.74240891713255 -0.420226248936431 -0.539396405289088 0.0157998032370238 0.193288494332323 0.0360799565040664 0.980351039635844
1464104852.65767  -7.75705101653134 -0.426451211427852 -0.522963559718311 0.0115914584686858 0.217208146075747 0.0399500801208062 0.975238560797945
1464104852.75561  -7.77159689381897 -0.434173874135196 -0.505651608350724 0.0108576293262115 0.243350228467857 0.046201771940553 0.968776638064528
1464104852.85556  -7.78538861072393 -0.442008251306541 -0.487851492952334 0.00433969872698184 0.272565795519179 0.0605859850849152 0.960217888054189
1464104852.95571  -7.79933794130524 -0.450857161499335 -0.469135049832098 -0.00126989883921476 0.301670042134618 0.0744893574834283 0.950497190241582
1464104853.05567  -7.81133867996724 -0.461775065216798 -0.449801778214752 -0.0081294418375489 0.334175813113576 0.0927824315663204 0.937897573564369
1464104853.15774  -7.82011015196529 -0.475040914196016 -0.431971329071824 -0.010860585257154 0.361142135606441 0.108718055086552 0.926087895437408
1464104853.25564  -7.82657542331261 -0.487136944043835 -0.414312901926309 -0.00903182218091801 0.38710836934692 0.120144236804469 0.914128491478267
1464104853.35558  -7.82910014689928 -0.498126433658226 -0.394103686680148 -0.00901564359319454 0.410103787588129 0.12366852317548 0.90357052738127
1464104853.45559  -7.82948709817189 -0.506805917175103 -0.371893556428667 -0.00870362156792518 0.433269328929184 0.131845766032317 0.891526011712619
1464104853.55552   -7.8292787765977 -0.513600886435101 -0.345969757510634 -0.0102850940974666 0.452386905890168 0.139647007353755 0.880760476835596
1464104853.65804  -7.82802724373192 -0.520514889881928 -0.317093085810755 -0.0173097798569691 0.46766692828065 0.143008501726565 0.872087486521718
1464104853.75547  -7.82335854889378 -0.529815826954591 -0.286680191166682 -0.0272678623960036 0.486826054730765 0.157883201762652 0.858679073179733
1464104853.85541  -7.81680956847666 -0.542437838987781 -0.256653710346822 -0.0373125173906206 0.502483437953272 0.172828726196312 0.846314599915419
1464104853.95535  -7.80797580211243 -0.556620421872911 -0.231749075454036 -0.0413697611754605 0.519164613279457 0.185603306647008 0.833251498492726
1464104854.05547  -7.80069600404039 -0.571819615609087 -0.208857319481468 -0.0376707437649128 0.536813444819385 0.192753662489742 0.820523166109363
1464104854.15767  -7.79284399220606 -0.582493303262952 -0.186844779550665 -0.0428749816667801 0.555445487768899 0.199315210637704 0.806173364030771
1464104854.25546  -7.78544377221348 -0.590294677238475  -0.16316189768329 -0.0479237644405252 0.573368743315526 0.205025784283661 0.791780288192055
1464104854.35544   -7.7765606050052 -0.596243396926248 -0.137207510204411 -0.0529347384374713 0.594097889399046 0.217010703363874 0.772756084352412
1464104854.4554  -7.76697871602446  -0.60524526939319 -0.112107615969394 -0.0552057599005481 0.62112788554386 0.223680412657766 0.749079132580042
1464104854.52209   -7.75901000875251  -0.611760506857395 -0.0970581974032684 -0.0532857718690514 0.643052799733934 0.233377506950685 0.727446673317124
1464104854.62211   -7.74964978538377  -0.621412320557207 -0.0747915074529209 -0.0578062483266019 0.668684010823899 0.244614612211803 0.699774122710562
1464104854.72195   -7.74001852203605  -0.631172100624387 -0.0543104594390966 -0.0628379432782054 0.692059849064208 0.257574736176698 0.671386485923939
1464104854.82201  -7.72875824926927 -0.640546082352279 -0.036270714225104 -0.0623798613073163 0.712194883599909 0.271664795748963 0.644271246780474
1464104854.92222   -7.71661841925216  -0.647819369030477 -0.0188878858834421 -0.0665599371056215 0.727161143288927 0.274538614820162 0.625647660777105
1464104855.02231     -7.7017614918148   -0.652375395855911 -0.00275960805016128 -0.0683349844204508 0.742735357088351 0.28101330540636 0.603908967825192
1464104855.12208  -7.68387877960749  -0.65410198503674 0.0128900765903949 -0.0707343134387178 0.75669042142696 0.285052741624888 0.584090059421642
1464104855.22261  -7.66338096569246 -0.656450209497198 0.0290162357820592 -0.0703216258695468 0.772980679438435 0.289821998781295 0.559963344489953
1464104855.2886  -7.64698338623255 -0.658726512599094 0.0403788516559114 -0.0695535463362604 0.781791877770442 0.2943504370865 0.545272027735884
1464104855.35532  -7.62854532887397 -0.662046408133667 0.0509260203882264 -0.0666977203832511 0.790653499061761 0.300170353224391 0.529448975409545
1464104855.42226  -7.60871255596318 -0.666338872571233 0.0601216525733442 -0.0650971041822944 0.800232884082104 0.301760299634837 0.514130741956762
1464104855.49158  -7.59020461852588 -0.669330687092474 0.0696422778091721 -0.0703505338817677 0.807280705835304 0.311218494814749 0.496479317649635
1464104855.58864  -7.56162251107565 -0.675022056312325 0.0792512528671931 -0.0717591341246812 0.820437436986459 0.315212621713631 0.471565522248167
1464104855.68856   -7.5395937076419 -0.679281816713731 0.0880927910522034 -0.0741915140956117 0.832690408473604 0.323681401030874 0.443116974961414
1464104855.78865  -7.51765042679222 -0.682425029852206 0.0967204516303753 -0.0777627795915017 0.844594251059813 0.327397807222014 0.416442285332715
1464104855.88864  -7.49431563708374 -0.682194151893666  0.103986323776301 -0.0835216898762036 0.85482558846869 0.328013047336491 0.393325287003531
1464104855.99117  -7.47256994196009 -0.681532121450458   0.11243009487841 -0.0887612801934996 0.864775552892206 0.329704801822175 0.368211110524642
1464104856.08842  -7.44909606296662 -0.682223856355422   0.12071310598323 -0.0888939270441582 0.875529995493283 0.334090688712746 0.337532973858322
1464104856.18858  -7.42499127430097 -0.683717373311322  0.125656194322256 -0.0875205366576227 0.884290519914627 0.339908990703178 0.307948551046156
1464104856.28852  -7.40495252542701 -0.686728056654821  0.127379684180151 -0.0856060035513437 0.894993370136866 0.345047544080852 0.269445118513576
1464104856.38856  -7.38254372663844 -0.690790615291031  0.125917946668777 -0.0798004275864129 0.905188553621588 0.341743817067722 0.239743065896529
1464104856.52169  -7.35274240925602 -0.690808047398942  0.119660592743833 -0.0851726720431074 0.913643067765965 0.333806990535722 0.215812079665894
1464104856.62256  -7.33145171604259 -0.684949788017641  0.112471135363551 -0.0901258622454223 0.919487491292148 0.334069156581608 0.186595500837091
1464104856.72269  -7.31023210222379 -0.675568923888135  0.102852854023505 -0.0926642192138275 0.923004963617837 0.336003767653029 0.163023457628942
1464104856.82549  -7.28762597986379  -0.66302220488687 0.0882718388526754 -0.0964152515260989 0.924837292497151 0.340383236462055 0.139711610166498
1464104856.92179  -7.26333349716609  -0.65212853151061 0.0697836288406664 -0.0936200258508318 0.928708570655432 0.341150956695746 0.111138230579808
1464104857.02171  -7.23758649168486 -0.643263540714606 0.0497306008641188 -0.0925677155208525 0.930993553284179 0.340284512924704 0.0942797541901031
1464104857.12197  -7.21353162232494 -0.636235276167965  0.028489390055265 -0.0962231405998392 0.933499002788296 0.33686277558343 0.0764472983995416
1464104857.2217  -7.19315214830671 -0.630718054973295  0.010620404093157 -0.0960672764990768 0.935343891500794 0.334736256959944 0.062084791170202
1464104857.32346    -7.17580517195349   -0.622880490280695 -0.00554448181192406 -0.0987593174750063 0.935216315712668 0.337728851611186 0.0394494971588204
1464104857.4216   -7.16204840728073  -0.613908770587381 -0.0239758840136997 -0.101338299107628 0.936025674353466 0.336694897800521 0.014934251913285
1464104857.52275   -7.14814456110882  -0.603291804074633 -0.0407042973491625 -0.106206227535191 0.935427137591809 0.33716277424721 -0.00419179573239027
1464104857.62247   -7.13278393928248  -0.591812561244748 -0.0582340527718187 -0.111251867201026 0.934976566037849 0.335967144554052 -0.0238310886145645
1464104857.72181    -7.1159930358396  -0.581176199214752 -0.0762532019729582 -0.113138323172287 0.934572880825644 0.334282750930378 -0.0450365705337243
1464104857.82388   -7.09795476315819  -0.570650480301789 -0.0956498950897036 -0.114737529732514 0.934386469605474 0.331665939037353 -0.0612774801339768
1464104857.88836  -7.08704638753891 -0.564752522599001 -0.108544517059239 -0.116000196023351 0.933239519841315 0.331091361381583 -0.0773722401600632
1464104857.99024   -7.0719528334961 -0.557415656452373 -0.129607753437141 -0.116407221602169 0.933341598675494 0.32693220191863 -0.0918594267855699
1464104858.08829  -7.06124673489625 -0.552520610892065 -0.148539975140664 -0.115470594381089 0.933585571386886 0.320457589456193 -0.111316917364006
1464104858.22227  -7.05128232564337 -0.542589521069706 -0.173610236762691 -0.119324288505527 0.932893149933712 0.31714431818191 -0.122031005995763
1464104858.35807  -7.04615518498326  -0.53268244110779 -0.197317825369381 -0.12062310235628 0.929746780815337 0.316768340307115 -0.143801284140787
1464104858.49118  -7.04000824431515 -0.520556335859634 -0.225084612858558 -0.118836088742926 0.927840986596892 0.317687274488587 -0.155125379068687
1464104858.62148  -7.03110069004721 -0.504481977129846 -0.258441797046235 -0.115934573770912 0.92759302772608 0.316864067183771 -0.160397981428317
1464104858.75496  -7.02139997999865 -0.487671211177186 -0.297225354425712 -0.114830388788057 0.928625972460465 0.310535330682097 -0.167438327394891
1464104858.88824  -7.01558997655373 -0.471556603268816 -0.333650965238802 -0.121094929015185 0.925448633903821 0.312644202206829 -0.176449559361346
1464104859.05482   -7.0145153537878 -0.455812513449365 -0.375771001712931 -0.124565102475539 0.922890223101713 0.309490844971851 -0.19228257390398
1464104859.25493  -7.01849442132221 -0.438532651239863 -0.424414502977487 -0.134390675760101 0.917141994392716 0.305728136057063 -0.217531641866575
1464104859.38817  -7.02473760732887 -0.421033380932313 -0.457476955423568 -0.134445639688715 0.90988189152418 0.30780868394273 -0.243501801912262
1464104859.52149  -7.03291028612857 -0.403763938267061 -0.493216766394181 -0.139915072741997 0.899931481536747 0.305423420221246 -0.277963370498766
1464104859.65767  -7.04219873657005 -0.389294055068961 -0.534443513167388 -0.138980982785165 0.889048394708976 0.298807917459094 -0.317790916725482
1464104859.78812   -7.0499722975677 -0.376760031056288 -0.573931887732331 -0.146483740749652 0.880496994598368 0.293605943264575 -0.342144861541057
1464104859.95529  -7.06334302263163 -0.362312032878697 -0.610456901793479 -0.150180462596267 0.865785242197772 0.295081509617028 -0.375218130863972
1464104860.15795  -7.08600786763735 -0.349672422511555 -0.644167378143698 -0.157967734206242 0.848219581227723 0.292392036423332 -0.412403484475858
1464104860.32146  -7.11572569603216 -0.343383405618608 -0.669393427103292 -0.16195398635781 0.834840229038175 0.273414603650002 -0.449507678236105
1464104860.49081  -7.15137486246352 -0.334281129517708 -0.697902036566082 -0.168408028071446 0.81668134851026 0.259169629214791 -0.487341168350488
1464104860.62132  -7.18902016743557  -0.32632162849055 -0.721287193024678 0.168650298232607 -0.801256940840665 -0.244311957358333 0.519476716660575
1464104860.75457  -7.22615644170508 -0.321307464571142 -0.746747906539382 0.16997837121691 -0.785545541618221 -0.238096146821727 0.545285044935975
1464104860.95458  -7.27699896335794 -0.316108556916771 -0.787125911816342 0.178026367430485 -0.774346421162877 -0.224784223255453 0.564062306405235
1464104861.22122  -7.33215479036386 -0.313216310641781 -0.830947919356237 0.188277854982123 -0.762531070477283 -0.212718253187449 0.581247589793695
1464104861.49049 -7.39321517227654 -0.29710682353903 -0.87764620787163 0.198269284548388 -0.755536870786383 -0.204980884769716 0.589776368266832
1464104861.68802  -7.44362322249467  -0.28473442435599 -0.925800855813584 0.204402075772768 -0.758494584968363 -0.194474425951476 0.587439744692423
1464104861.92128  -7.49359622166921 -0.268994647459128 -0.986343482845046 0.208993985043641 -0.761070908645493 -0.190939855153326 0.583639064785017
1464104862.18797   -7.5382953971286 -0.246739581536704  -1.04228549745452 0.194171577224467 -0.762578830767624 -0.197341586338971 0.584659921462439
1464104862.42107  -7.57623248561758 -0.220768570216435  -1.10026590185077 0.19060326677023 -0.771165310946897 -0.189924600550268 0.576977559350893
1464104862.62105  -7.60455851013655 -0.201879962767653   -1.1637450421831 0.195071269251078 -0.782598673919868 -0.181704854970531 0.562556540422183
1464104862.82384  -7.6171316221585 -0.18180292261593 -1.22350888467837 0.200355933400887 -0.794149045242795 -0.190114826073281 0.541332750531633
1464104862.99031 -7.61816859216035 -0.16005468713612 -1.27465293177238 0.208969182020176 -0.802173850948391 -0.189876545998073 0.526113952580891
1464104863.15853  -7.60791615269459 -0.134952146566314  -1.33190732205588 0.207599030902486 -0.810867584077434 -0.182225302594161 0.515936374522324
1464104863.28763  -7.59339359065904 -0.114765386792559  -1.38270640752102 0.20216916270987 -0.814233712144951 -0.170805774011472 0.516697667132516
1464104863.42106   -7.56954209889372 -0.0955171264159833   -1.42930913633317 0.192775551571319 -0.817764440513918 -0.177701751704228 0.512368025923341
1464104863.55439   -7.54256745896715 -0.0775999190113439   -1.47493556638709 0.186136039288009 -0.827063810939435 -0.174948009479358 0.500711515237788
1464104863.68766  -7.51443119091577 -0.059920682590876  -1.51746044807085 -0.187454358587877 0.839305351575781 0.176433245037676 -0.478851438661447
1464104863.85445   -7.47971296522577 -0.0344202116099814     -1.568319361886 -0.179001247081972 0.85117231832101 0.185055070385878 -0.457404480729708
1464104863.99292   -7.44910206400116 -0.0142924335622739   -1.61395925527205 -0.176271172901301 0.861710567306975 0.179991715762406 -0.440438819874447
1464104864.15466   -7.40723632269671 0.00895919996787635     -1.673523084191 -0.17091430730255 0.87053425785633 0.178841300408123 -0.42541061896261
1464104864.2888  -7.37240586039786 0.0238521229953443  -1.71568216370854 -0.167863183864973 0.879942562298334 0.183440369648939 -0.404811893774896
1464104864.42237  -7.33921055821778 0.0390480739656714   -1.7484762723611 -0.162784780642724 0.886265609315582 0.191075924448794 -0.389261321006364
1464104864.58757  -7.29812638332951 0.0588603050955771  -1.78351221321652 -0.168892804857465 0.892434187457932 0.193737278558022 -0.370813037015435
1464104864.75428  -7.25324078489443 0.0788105741548716  -1.81150854276923 -0.171203479989903 0.896570285911614 0.196731120574331 -0.357977592954198
1464104864.92099  -7.20162268470723 0.0948128278413751  -1.83918961661929 -0.172867884889252 0.900540016009512 0.195209339559724 -0.347904710643821
1464104865.12081 -7.14220293950931 0.113417700463049 -1.86219903003992 -0.160096540424129 0.905247642458962 0.202846612533642 -0.337267038636067
1464104865.32375 -7.09054959322037 0.127336479761315 -1.88570079824772 -0.170606074627435 0.910747251924419 0.199626681735556 -0.318719623417806
1464104865.49001 -7.04817704484174 0.144606851272323 -1.90024420081745 -0.17915272493785 0.919117518063926 0.201864124620323 -0.287015965281763
1464104865.65681 -7.00412182050547 0.159517137973605 -1.91573756021411 -0.172988429837982 0.927792486066372 0.204215644656324 -0.259946295258411
1464104865.82306 -6.95945673286554 0.168918627734953   -1.928004976393 -0.167010823894267 0.936298063071722 0.211324427311405 -0.225378144929377
1464104865.99042 -6.91952564847914 0.176395640233375 -1.93058996008681 -0.162202110282625 0.941910525303215 0.218594103681718 -0.196752777816403
1464104866.18801 -6.86946792897746 0.180784546743303 -1.92547116907008 -0.165506632439652 0.946165489380642 0.216870075547298 -0.174200435291322
1464104866.38786 -6.80702841916178 0.184231608469089 -1.91035471569912 -0.166312242354809 0.947781070018106 0.216041439015214 -0.165461107171702
1464104866.58796 -6.73297766318364 0.187391394360915 -1.88653400131099 -0.15879859649276 0.948146324101282 0.225445360650322 -0.158037790437609
1464104866.78746 -6.66049665959327 0.187462598283477 -1.86107331792235 -0.1629281262661 0.94828161876039 0.237309826451518 -0.133792538888168
1464104866.98952 -6.60154218451574 0.188535902946088 -1.84218297913654 -0.163326039685874 0.953645027442932 0.230446957337902 -0.10382661627734
1464104867.1873 -6.54963339843692 0.192426812784745 -1.82844850290246 -0.158433233106914 0.958072201535453 0.227469192669641 -0.0724867827850148
1464104867.35388 -6.50899615646992 0.199571910182644 -1.82392777522682 -0.155111029897458 0.961891458264782 0.220238418581338 -0.0469087401471481
1464104867.55391 -6.45054766258813 0.211930969628427 -1.82338251979657 -0.161721035371222 0.959157223690305 0.230760122238636 -0.0247687897479037
1464104867.72091 -6.39133509341229 0.220487285651503 -1.83532586047189 -0.157526429093027 0.960836550756579 0.226801452218368 -0.023230328001098
1464104867.88711 -6.32978959166429 0.221300905952045 -1.84865039666194 -0.157666192682089 0.961733503476271 0.22338881529347 -0.0175350271791228
1464104868.054 -6.26769474893173 0.217077265433102 -1.85441152649226 -0.145754678914697 0.963534340745449 0.22440369829586 0.000357728733906076
1464104868.22092 -6.20224410536113 0.218287238606243 -1.85353811280994 -0.14815214051555 0.963606441849208 0.221473645039847 0.0215172730645342
1464104868.38717 -6.13386685197142  0.22610323441261 -1.84806652608959 -0.150131602648326 0.962829379517319 0.22234875430422 0.0313228236897905
1464104868.55388 -6.06118020092018 0.230119574807678 -1.84007644356195 -0.153530344882826 0.961909380587643 0.223785355473061 0.0328464825126421
1464104868.72032 -5.99515858104187 0.233567393445887 -1.82999324778243 -0.146306190024244 0.959918661770486 0.236624583322316 0.0340509634649262
1464104868.8538 -5.93997198610674 0.234676565407774 -1.82004421400718 -0.147284715981706 0.958568207258251 0.23693748169536 0.057574597174027
1464104868.9898 -5.88476964154277 0.236284548080157 -1.81067672090861 -0.146618703040469 0.958551915932073 0.230696570506737 0.0803758218503049
1464104869.12026 -5.83261799620515 0.241046115296857 -1.80170846756916 -0.144409307346144 0.959008813334359 0.223439903566424 0.0975841042027813
1464104869.25405 -5.77907368044498 0.247450272573629 -1.79932882879247 -0.136612466135526 0.95917108759606 0.225186484592976 0.103048076026767
1464104869.38705 -5.71660739484009 0.246957907409745  -1.8010706912654 -0.131479222324538 0.962867734222053 0.21534130309656 0.0960576060064949
1464104869.52041 -5.66578546048312 0.244845430015462 -1.79672306262211 -0.127996965903793 0.959090115847478 0.221824952801441 0.120650804878095
1464104869.65609 -5.61077192260675 0.244471877809346  -1.7856702314601 -0.130854051928294 0.955591658001116 0.223918459531457 0.139936856237679
1464104869.787 -5.55779093602787 0.243169220012023 -1.77345231382027 -0.130600357129211 0.95705834041469 0.211812854831628 0.148721868897876
1464104869.92327 -5.50108542125375 0.240422361961885 -1.76250182703286 -0.129342744697032 0.961559288181881 0.184240832584805 0.157256177347187
1464104870.05362 -5.44347760705126 0.236998636274772 -1.74865208249303 -0.125285366560595 0.961735575063471 0.181716541986122 0.162318695632135
1464104870.18693  -5.3836689594884 0.232263321969205 -1.73206903277772 -0.115223916941236 0.960385348290609 0.193795709151753 0.163788445464918
1464104870.32287 -5.33118077072334 0.226594165733905  -1.7194653180827 -0.10637389893022 0.958865065084909 0.196963075540265 0.174550644398169
1464104870.45361 -5.27354095057313 0.222420130314194  -1.7075515896431 -0.0988657881255688 0.956705542954752 0.196961931556086 0.190121165406848
1464104870.58689 -5.21206909798772 0.226424937214417  -1.6971015616441 -0.0982906105585595 0.950562132201935 0.200795707204424 0.215526501080524
1464104870.72104 -5.15170165392678 0.234395221150097 -1.69230509999059 -0.0955676975466209 0.946131955180581 0.208748797390751 0.228309172307474
1464104870.82199 -5.10116156369075 0.236517160052926 -1.69324706592385 -0.0942582108884126 0.944297644308161 0.206404960715856 0.238357590242179
1464104870.95352 -5.03405307348175 0.237739343669309 -1.69526376703743 -0.091491978970387 0.940621199151236 0.216220535604463 0.245172709481075
1464104871.08674 -4.97899767809958  0.23629136639981 -1.69595218446628 -0.0909062453912425 0.936730744031666 0.221636136059705 0.255243003679382
1464104871.22004 -4.92070147814902 0.238292455607385 -1.69328691617072 -0.0966725110912402 0.932360001520892 0.222868653187742 0.267747673359749
1464104871.38969 -4.84095808901083  0.24792036118392 -1.68511336037382 -0.0974415651123177 0.931704820922717 0.218233297897283 0.273505933659046
1464104871.55534  -4.7647819508053 0.255488540959799 -1.67914009861452 -0.104242679805518 0.931179706875911 0.223167462590832 0.268764024471703
1464104871.68681 -4.70436637037525 0.259890899399803 -1.67455393729626 -0.105488802407081 0.928852409169001 0.244390205631601 0.25764072259448
1464104871.82216 -4.64520094029885 0.258385727069732 -1.67192805026579 -0.0975006494511502 0.929393304309682 0.249125907834447 0.254279356823549
1464104871.95338 -4.58571232760031  0.26217482246466 -1.66861046486495 -0.0973104113477374 0.929215068189114 0.247805129580324 0.256286282596851
1464104872.08658 -4.52636481321639 0.271921701768517 -1.66574798495287 -0.102274172575402 0.926324243673145 0.24520989532065 0.267087057799939
1464104872.2201 -4.46195271556126 0.286042404999188 -1.66532472259569 -0.104459080858027 0.924879189478824 0.246297303352768 0.270230315946313
1464104872.35329 -4.39476467062157 0.295705829086117 -1.66743538540903 -0.107435977726631 0.921605683895014 0.255675696642253 0.271533445911962
1464104872.48871 -4.32801562713341 0.295423458653226 -1.66737949139079 -0.10564537540496 0.918835451435936 0.253251663662717 0.283626625499318
1464104872.62006 -4.26677700662354 0.298111437077054 -1.66395083896065 -0.111991963400498 0.914554578639764 0.255187038825295 0.293133583948209
1464104872.78782 -4.18888906361656 0.305545317019984 -1.65838213160398 -0.126161498274264 0.91351803943089 0.245630004509493 0.298720553146587
1464104872.95331 -4.10844212406825 0.313057745246484 -1.65577067127116 -0.121820802976071 0.920104852579918 0.240440847344963 0.284174156371033
1464104873.08666 -4.04347881183391 0.318993448196634 -1.65205938807674 -0.119933951581416 0.920793719516846 0.248659215961245 0.275541952656827
1464104873.25317  -3.9712051256204 0.325105030613825 -1.64718431589505 -0.119462750180573 0.917014226136882 0.265504505404438 0.272618631043101
1464104873.42078 -3.90627692506562 0.337040808301466 -1.64608965431812 -0.12682535615448 0.913986156039999 0.273089331205764 0.271968477557794
1464104873.58655 -3.85029367287691  0.35560340985627 -1.64168732271912 -0.142369290450146 0.908892844739505 0.282518713584027 0.27171300740465
1464104873.71986 -3.79916972383088 0.373037687736929  -1.6426481536147 -0.145279061200681 0.906701697033549 0.298869106904905 0.259736951377728
1464104873.85306 -3.74210457528918 0.387205940109175 -1.64762087300141 -0.142923679611308 0.905879050784819 0.311684932487788 0.248613093009284
1464104873.9884 -3.68954289026315 0.398502232700383 -1.65550638117499 -0.134120751594995 0.910027948766383 0.313461719765861 0.23580183777289
1464104874.1558 -3.63440352387835 0.417461507092938 -1.65659347902537 -0.146154420592301 0.904609743581524 0.332718016739105 0.222752819277097
1464104874.28662 -3.59007717675218 0.431662788205726 -1.65907832663195 -0.157975745184489 0.904929223084616 0.331759388773155 0.21466828620395
1464104874.41983  -3.5430960309844 0.446851413199353 -1.66345205029375 -0.170833710803369 0.905924481076856 0.325821996877694 0.2096585418947
1464104874.55381 -3.49474043807221 0.462773996764951 -1.66818470202465 -0.172197405073584 0.906184250737049 0.328283080950319 0.203490481752399
1464104874.71982 -3.43948474256076 0.476506788565299 -1.67291695616791 -0.174506589737628 0.902525183582771 0.339064747866539 0.200077084872881
1464104874.85317  -3.3971117574021 0.489569544953109 -1.68186087386553 -0.182400278895255 0.898932438967029 0.340151407191521 0.207238096443077
1464104875.0196 -3.34440959466078 0.510582273505416 -1.69700088938651 -0.195408939419866 0.893169097769928 0.333879958132669 0.229321788631135
1464104875.18638 -3.28907329178133 0.539670290317353 -1.71851510640075 -0.211459544960524 0.882124429107161 0.332960261777629 0.257446725546135
1464104875.32188 -3.24154290638693 0.563351821000646 -1.74290456626729 -0.21315036663694 0.87421132791885 0.327605328948021 0.288090652027722
1464104875.45331 -3.19958250403005  0.58222030365331   -1.765970667081 -0.220268788212641 0.862062061802538 0.331355836640792 0.313901213862216
1464104875.61949 -3.15343823603479 0.600626968079992 -1.78705909993091 -0.228904385415857 0.847651433496934 0.329132128018845 0.347508089019189
1464104875.78627 -3.11001703339572  0.62734698191769 -1.79957838091975 -0.242170674388982 0.827877480340493 0.329483323179099 0.383943982578083
1464104875.95318 -3.06702928671859   0.6537316737922 -1.81287140043149 -0.246557675075985 0.814135437289191 0.330633107835299 0.408747538970248
1464104876.1197 -3.02477494869186 0.675034839749398 -1.82382378469779 -0.250067895732849 0.803929904210429 0.322460931602595 0.432645009482302
1464104876.28639 -2.99467716729928 0.689039000196309 -1.82054018950539 -0.256848189143692 0.779528169177653 0.327410959875767 0.468152650900721
1464104876.48993 -2.96685939481572 0.696724522087202 -1.81354469965346 -0.262394898542714 0.755949141943694 0.320439547963018 0.506959868347199
1464104876.68636 -2.94284848544194 0.704247567066109 -1.80565766948487 -0.263923661475307 0.73402446831884 0.315323536068666 0.540484457152899
1464104876.8862 -2.91342509083602 0.708931253297883 -1.79410350818368 -0.258010479825332 0.721477032439927 0.293613038142664 0.571570527402011
1464104877.08603  -2.8944958290803 0.707167385228719 -1.77530509209799 -0.254863259618861 0.709491423019528 0.282157101550473 0.593341393805296
1464104877.25283  -2.8870569077507 0.699271129899012 -1.74913649786644 -0.257993299080018 0.698171900733021 0.274252844882649 0.608917754487766
1464104877.38613 -2.88394348476897 0.690250689577212 -1.71799003046679 -0.256738337609618 0.689253357377191 0.267980557295139 0.62225529829605
1464104877.51961  -2.8814383607119 0.677819474977506 -1.68370801059884 -0.255674859123096 0.68521579694494 0.262124642418895 0.629603327394529
1464104877.65589 -2.87795026991956 0.660642685180284 -1.64410132566994 -0.252243043800608 0.684905029203566 0.254667944272278 0.634368020935796
1464104877.78592 -2.88178625446087 0.647557877134971 -1.60608591307031 -0.251387297752151 0.677882773815225 0.257898396945061 0.640911685294172
1464104877.91941 -2.88667350998627 0.632735234287183 -1.56912585749751 -0.251589655884543 0.673650406327703 0.253661552650329 0.646957179273437
1464104878.053 -2.88912502886465 0.619692825795421 -1.53127087878274 -0.253619849501565 0.663254607147445 0.243652103970942 0.660608772472048
1464104878.18599 -2.89153113617785 0.609413357836164 -1.49829656239554 -0.25596701860566 0.653176698437471 0.228763067200717 0.674913731590472
1464104878.32155 -2.88770104814909 0.598572739647281  -1.4671829416916 -0.251999892208305 0.644974980901264 0.217083882860335 0.688024647916554
1464104878.4526 -2.87857642133776 0.586914554527458 -1.43588717631356 -0.244470066964498 0.633420185932218 0.208453397907874 0.703960535337478
1464104878.58624  -2.8671494247026 0.573538523875586  -1.4041743103119 -0.240447418900876 0.622654828870197 0.20412231995963 0.716114572762509
1464104878.71926 -2.85829522215633 0.560099162409986 -1.37402171808701 -0.241702147753447 0.608398494068547 0.202760237160956 0.728230478909615
1464104878.85257 -2.85262234673151 0.546211395344543 -1.34710467524184 -0.238996156648447 0.603603820498255 0.203978523302401 0.732759187604327
1464104878.98778 -2.85049339095865 0.534159169375805 -1.31798217209988 -0.243387184390042 0.593903068839118 0.192641772181946 0.742247243786573
1464104879.11931 -2.85107059595885 0.522924033964496 -1.28436517422253 -0.244833802020131 0.585577755629065 0.18758448672006 0.749644690398568
1464104879.25252 -2.85320654054417 0.511111408663982  -1.2452419432248 -0.249675161616956 0.583937242562776 0.186228738370536 0.749665570387654
1464104879.38585 -2.85910064868816 0.495450830058837 -1.20489013299164 -0.251022611179772 0.581073688653409 0.18933373058439 0.750662211313589
1464104879.48786 -2.86323483228913 0.481970470025695 -1.17121000204544 -0.246951696761441 0.575351010780859 0.20744928924343 0.751632134925381
1464104879.62163 -2.86920970852079 0.464496128818172 -1.13168507220831 -0.240283176509797 0.569744906388372 0.224284813183306 0.753227096768429
1464104879.7524 -2.87342253265893 0.450614433650808  -1.0947886354379 -0.237613254314199 0.562861472817052 0.229316486272722 0.757720827822469
1464104879.88583 -2.87459795589636 0.442148515079699 -1.06406746008817 -0.239037055014319 0.549278075551504 0.227069536856853 0.767850446037594
1464104880.01913 -2.87000421418251 0.436080126569819 -1.03481709636813 -0.238748027537814 0.544865543551907 0.227628986081521 0.770912422712326
1464104880.15232  -2.8596005554458 0.428248499094807 -1.00057947304968 -0.236566098064663 0.541328560838411 0.235439378659052 0.77173063269752
1464104880.25449 -2.85181869471068 0.419253539690342 -0.97551431687885 -0.23258975135953 0.535919256467665 0.234746231206235 0.776908466322852
1464104880.35254  -2.84342180344577  0.410483453690212 -0.950238134338555 -0.232822966590261 0.534215360440997 0.251693188618781 0.772695252800168
1464104880.4857  -2.83530218073512  0.395269557857913 -0.919570891639792 -0.228655922721144 0.530012150204414 0.252937597819761 0.776418805316696
1464104880.61894  -2.83564867555849  0.384304375678372 -0.891078649876809 -0.237273377136852 0.526208456014906 0.27508633215591 0.768852076267919
1464104880.7524    -2.838371746596  0.375404144796625 -0.860761102486888 -0.246632273869779 0.522000231859521 0.291363930750517 0.76275509784074
1464104880.85232  -2.83857232057165  0.369388264387398 -0.837741651753908 -0.249665057027946 0.529048604935189 0.308330135516967 0.750138294214774
1464104880.95249  -2.83583465860609  0.361763725552454 -0.812285290811277 -0.243850273988461 0.541528655464041 0.314157879491475 0.740667662275382
1464104881.05225  -2.82976674094648  0.352848906776487 -0.786047341653611 -0.237853133578244 0.560554686294875 0.325121280363308 0.723533332732355
1464104881.15606  -2.82771032227849  0.343022723896315 -0.759604261167276 -0.23824850101419 0.570464341568491 0.344046870061878 0.706710575811587
1464104881.25228   -2.8219743604453  0.331582632797137 -0.734673055243123 -0.238179671665534 0.585184773760649 0.353226922007482 0.689970989341666
1464104881.35229  -2.81416026963608  0.320106879953755 -0.711036336947787 -0.233476935630179 0.596502841459823 0.364091067130034 0.676099530760976
1464104881.45229  -2.80507023559192   0.31028399236502 -0.689065372206011 -0.227282556862737 0.604057538772954 0.379372495310742 0.662973332042247
1464104881.55231  -2.79358379762084  0.302215040373472 -0.672017927416754 -0.221146255010056 0.619486724353017 0.382846811386998 0.648659272080655
1464104881.65444  -2.78110485466151  0.297592244983352 -0.653741980829464 -0.215210048178272 0.626339988454767 0.3960481160759 0.636025741443158
1464104881.75224  -2.76535829219314  0.293570693990357 -0.636213466780299 -0.207257525306952 0.637241119045345 0.404859683778357 0.622138819599263
1464104881.85233  -2.74946178798808  0.288783750490008 -0.620013357927691 -0.197561471497957 0.649710033255573 0.4134808580952 0.606531052507174
1464104881.95228  -2.73013023988898  0.282205615831774 -0.602836676599698 -0.190394533529224 0.661053503581473 0.421079790778321 0.59114295800841
1464104882.02053  -2.71604825031528  0.276489918663335 -0.591186336699602 -0.185619283717772 0.669817380518669 0.423921135071822 0.580672910946109
1464104882.11879  -2.69420510071169  0.266160634083285 -0.572884363629163 -0.183986883370334 0.677406076526569 0.42503846403536 0.571499902294841
1464104882.21889  -2.67378302031075  0.257523093221088 -0.558462487662924 -0.17831639662651 0.680937917215731 0.430730096959115 0.564799432688836
1464104882.32302  -2.65310659670448   0.24986807578241 -0.544944386239442 -0.17519016188865 0.689125162866448 0.431524637591338 0.555158899985746
1464104882.41952  -2.63215550834448  0.244574246329738 -0.530059132486449 -0.173356034777155 0.695243679255261 0.435406861565948 0.54498144607247
1464104882.51898  -2.60903343742702  0.240556460563763 -0.515049326490536 -0.169476675520323 0.706561584053785 0.433577388969129 0.532971886846481
1464104882.61898  -2.58505140937247  0.236951970011931 -0.496387196906726 -0.1669528251229 0.71692146147289 0.436669887689989 0.51717480743736
1464104882.71916 -2.55993539695462 0.232896103280664 -0.47743418213871 -0.164009582527464 0.730121802464974 0.438466665709704 0.497764998232981
1464104882.82343  -2.53623679130028  0.226887235853732 -0.459115426547759 -0.161798837000858 0.742466115226492 0.442527315849014 0.476166755258196
1464104882.91957  -2.51236427583686  0.219340813980459 -0.443517811084101 -0.158505829936189 0.755988330343593 0.445366651753876 0.452775984087152
1464104883.0186  -2.48649679096862  0.212789341871579 -0.428806452839888 -0.148627553469206 0.765796852024607 0.452699942570576 0.431888635849054
1464104883.12057  -2.46232426933937  0.206900829174973 -0.415273163631303 -0.144821263258411 0.77586972550232 0.454628173647535 0.412754399713801
1464104883.25264  -2.42733477188106  0.206053812501076 -0.403548401692308 -0.143242852940533 0.785033097640396 0.455781768517369 0.394293672505355
1464104883.35211  -2.39917919242562  0.207042691134258 -0.396072197008584 -0.138529555813983 0.796927260193709 0.452001994573068 0.376046142152924
1464104883.45207  -2.36659111816452  0.207852086765121 -0.389135143323706 -0.126017023883977 0.807374095143582 0.452383854759316 0.357233296510292
1464104883.55211  -2.32797701856611  0.207430515491216 -0.380267274607373 -0.115324932688374 0.812064783506146 0.455619411421304 0.345921810855637
1464104883.65433  -2.29057412195667  0.204742275182899 -0.373866947181829 -0.109949456371457 0.815961221062718 0.461476147738782 0.330390931827181
1464104883.75198 -2.2558916239982 0.20016837990209 -0.3687776899116 -0.108027338750518 0.820456464199791 0.467453154368053 0.310916118762946
1464104883.85324  -2.22070232141009  0.194815030191088 -0.364179159295861 -0.104195539785012 0.824674910754268 0.467758024245461 0.3004280476509
1464104883.98804  -2.17845364352632  0.192436261834426 -0.356166620720627 -0.103907304485877 0.829294685839222 0.468543205022334 0.286253141713247
1464104884.11864  -2.13328238200592  0.197623966023585 -0.353261129108177 -0.104370767885203 0.835227724979519 0.473681272727672 0.25908964105823
1464104884.21865  -2.09717200710469  0.203925225003684 -0.350877307595872 -0.105819889068673 0.839740638608753 0.477496236263761 0.235871056512664
1464104884.32089  -2.05923417880786  0.208498766840928 -0.352437552475886 -0.102234687999513 0.850802844790454 0.472898310054063 0.205060420886441
1464104884.41855  -2.02508503846537  0.211883465664717 -0.353237355628272 -0.099597193447778 0.855685638526772 0.479380410433009 0.16756165781418
1464104884.5186  -1.99230801754485  0.213766297781153 -0.359694672010012 -0.0876620106973009 0.858155207001908 0.490293045978453 0.124489925862254
1464104884.61855   -1.9626024864698  0.215948316128198 -0.366746767136296 -0.0795705124317696 0.860674040288208 0.494465624380323 0.0917195520676754
1464104884.71853  -1.93488074710464  0.221367609295513 -0.375630126135911 -0.0757084611769941 0.86276450078473 0.495870238271685 0.0633904715889443
1464104884.82026  -1.90881867501995  0.230761621416755 -0.387273867444517 -0.071732067362214 0.865016969233993 0.495185192651863 0.0373065467112283
1464104884.91857  -1.88431191291703  0.243034537387472 -0.401567217928746 -0.0659322177495633 0.868051763526217 0.492013009250081 0.00789159238232983
1464104885.01853  -1.85857066737871  0.255760820234155 -0.417742790438273 -0.0568779215847658 0.868107976897258 0.492703458318861 -0.0199184498438039
1464104885.11849  -1.83134681060042  0.266980167431271 -0.436269121326174 -0.0482674139364684 0.867682892767702 0.492752299199929 -0.0446298776980421
1464104885.21843  -1.80589215992262  0.274911626752373 -0.454018927148055 -0.0462860618380152 0.866912579935603 0.491467584032382 -0.0691360475750353
1464104885.31958 -1.78257124391624 0.280915777494865 -0.47508945229039 -0.0386184969358504 0.865635684536818 0.491990022689635 -0.084435128499591
1464104885.45211  -1.75639078372152  0.285449112589214 -0.504165951359353 -0.0303800372645461 0.867406196631449 0.484837605828867 -0.107777731258828
1464104885.58514  -1.73339610174248  0.291828503151752 -0.532638177856261 -0.0235960938093639 0.865911068362237 0.482553418749541 -0.129550932446813
1464104885.71861  -1.71043632780694  0.300316376393539 -0.560992356816528 -0.0192592159266869 0.865793500846907 0.476072790635488 -0.152922838417564
1464104885.82238  -1.69390734466183  0.307750348892288 -0.584302098921697 -0.0120782992839265 0.864198299696925 0.472038513860884 -0.173767243516607
1464104885.91847  -1.67454251181085  0.315600189043348 -0.609976495744916 -0.00244833128807394 0.863084636167155 0.46409006710464 -0.19924689734328
1464104886.01836 -1.65426787615017 0.320491175041667 -0.63550151699971 -0.0102833268766308 0.865392168583252 0.455047988935757 -0.209575703526552
1464104886.11844  -1.63571926371024  0.322313691127718 -0.657103750966734 -0.00751790692111029 0.865579094742552 0.446950020030169 -0.225725477993119
1464104886.25166  -1.60871796743894  0.323108907017315 -0.682843372017953 -0.00139971172578597 0.869293705059815 0.43444379139574 -0.235764898295229
1464104886.35185    -1.586748353954  0.321713735780809 -0.703415359847305 -0.0127319512541029 0.878473912284086 0.421298495969408 -0.225009022369038
1464104886.48747  -1.55412539841698  0.320261147195265 -0.727809750299028 -0.0256220510964784 0.889783831853182 0.40575999612209 -0.20733323085622
1464104886.58623  -1.52690451736211   0.31876193300609 -0.746523372783953 -0.0306214018808346 0.898704017105164 0.390696523323764 -0.196849297810827
1464104886.71849  -1.48799308913125  0.315560612170472 -0.771386487153038 -0.0311682466531104 0.908532423262205 0.372301610440213 -0.187053166627834
1464104886.85213  -1.44806930612901  0.310681635894378 -0.792255987740699 -0.0269874319905818 0.915970905502943 0.35665364190743 -0.181843774985121
1464104887.02132  -1.40382986379439  0.297424930246904 -0.810224953620867 -0.0173937614123993 0.920978498499293 0.348827745799975 -0.172670976501624
1464104887.15428 -1.36707475474829  0.28414942093511 -0.81925517973581 -0.0158134478650605 0.9298680837376 0.329968774105095 -0.161913216966265
1464104887.28489  -1.32766672350815  0.273955923281105 -0.821992289960366 -0.0308181916996774 0.938265738077729 0.314997884229271 -0.139585016176163
1464104887.45458  -1.26956066968676  0.262454121136076 -0.817861291438487 -0.0473027697105745 0.944249526984964 0.301564217299806 -0.123346267113096
1464104887.61816  -1.21086236479317  0.244839882364409 -0.806981635263989 -0.0590374196317916 0.948976984578735 0.289938398623855 -0.109054989920251
1464104887.82014  -1.14383626231059  0.223205863502725 -0.784839116349239 -0.0644805439735003 0.952454755896019 0.282538426835025 -0.0940437918287256
1464104888.05284  -1.07881564353908  0.218534256995437 -0.753408817547971 -0.0835868690970513 0.953473069206851 0.282629781416211 -0.0634251390888875
1464104888.28495  -1.01962233478875   0.21447345807428 -0.710976625992202 -0.0923502061774885 0.95378280154364 0.283942926275669 -0.033855893379888
1464104888.48772 -0.969893108624643  0.205318272951423  -0.66404526773133 -0.0826083564336378 0.952648485165476 0.292298815625776 -0.0140757075497409
1464104888.65361 -0.934178140473879  0.213802246665974   -0.6240635480251 -0.0730043265335245 0.943069419732105 0.324477998752905 -0.0021133383181017
1464104888.85133 -0.897334111990831  0.228644302761186 -0.579917883742681 -0.0819524706934669 0.929688553404834 0.358914700269133 0.011967629087728
1464104889.08479 -0.851658173906349  0.251946899555195 -0.547156692960666 -0.103581887122581 0.920459642432792 0.37552613340461 0.0317011426103751
1464104889.2847 -0.810796909484239  0.281073042300547 -0.544309028195334 -0.127036742357675 0.907479487707942 0.398912750547163 0.0348032028896563
1464104889.45145 -0.780240080998618   0.30381506025789  -0.55258170447056 -0.13359509689801 0.8988318835328 0.416242823279994 0.0315516607738938
1464104889.61845 -0.756733538366759  0.322882689288368 -0.572818814201451 -0.142545192488857 0.895938621640119 0.419875308473493 0.0260687492259877
1464104889.71807 -0.74311436469106 0.336071857501469 -0.59207817987759 -0.145869162776026 0.897304238588045 0.415801239429365 0.0260119213429825
1464104889.82105 -0.728278347851923  0.352739119983577 -0.616212898590919 -0.1497665414785 0.89857171336971 0.411530874057269 0.0279499317182207
1464104889.91805 -0.715841939341083  0.369022579537599 -0.646185849946777 -0.152826537485446 0.898511676621349 0.410350794081893 0.0305457396646905
1464104889.98711 -0.705832057939729   0.37845942094272 -0.669526992551073 -0.147060753639958 0.902090405285302 0.404888611265887 0.0259084522545942
1464104890.05125 -0.693902784442753  0.386477484168135 -0.694149972999577 -0.145248080462801 0.905865507057174 0.396830306571973 0.028920339415614
1464104890.15375 -0.675318211481395  0.395393293768583 -0.729674995184612 -0.128789362478431 0.910018907366711 0.392923165041464 0.0298374717644595
1464104890.25115 -0.655307445995285  0.400766809391409 -0.762826465891654 -0.127537132818923 0.914307545168724 0.382127427598328 0.0418882045086153
1464104890.38458 -0.630672254309128  0.411887895316808 -0.800531469988545 -0.131424284475233 0.915472163106839 0.375656976874803 0.0593313724090484
1464104890.55138 -0.599659234857107  0.425474789902959  -0.84432333095557 -0.132737860505421 0.915354293988075 0.370718579233416 0.0841124953689578
1464104890.68461 -0.571225408888065  0.445197559401783 -0.881962625046019 -0.136971212310596 0.916827069000483 0.361451730171795 0.100098248246231
1464104890.78454 -0.548577886016543  0.455058853070608 -0.913975796389693 -0.133448656353165 0.921410339112187 0.348140917396699 0.109509564554352
1464104890.88773 -0.521972426706369  0.464099517238053 -0.946899838286114 -0.129587828020644 0.92465106862432 0.335725715676633 0.124561791710811
1464104890.98694 -0.500320124689593  0.472739561624807 -0.977951018742211 -0.125968912711726 0.927396571160696 0.325975868107164 0.133443494563768
1464104891.08449 -0.472990796373555  0.469946907333628  -1.01104315110905 -0.114848858132574 0.931560983377509 0.312584520268399 0.145927350839199
1464104891.18454 -0.449429343625133  0.471051363517692  -1.03891420453797 -0.111460407093678 0.93324271724306 0.300830450151129 0.161665236291449
1464104891.28446 -0.426177863247005  0.472851441605384  -1.06582064989988 -0.104640894126832 0.935073217857715 0.287192633264314 0.179467969064854
1464104891.41779 -0.396297244011313  0.478333226577184  -1.10246232298905 -0.0947398033010196 0.936371204413588 0.270478784570379 0.20266860712222
1464104891.5512 -0.372521862938052     0.485207714761  -1.13763010900086 -0.0778769919424081 0.936491979756822 0.25558457202733 0.227144166816487
1464104891.71771 -0.324703470717824  0.486713384008805  -1.17888223712318 -0.0651395968285347 0.933217758974349 0.23630723100833 0.262717224089107
1464104891.88436 -0.283926474161505  0.488645273980097  -1.21022140952592 -0.0547536012395063 0.925139068632696 0.228881722549984 0.297880687395616
1464104892.05108 -0.241325304842537   0.49551715822957  -1.23413408908847 -0.0396861404068372 0.916698463702903 0.225794638349201 0.327270099760275
1464104892.251 -0.188701584905847  0.509388304707758  -1.25998137932791 -0.0310680471040927 0.909762793718397 0.214243205233794 0.354212202819139
1464104892.51766 -0.0995436609930607   0.524573659179535   -1.30189119347441 -0.00829740329347694 0.901410801721781 0.217199674675911 0.374451626994142
1464104892.75093 -0.0372828527664896    0.53343900779864   -1.33272992432484 -0.0020328938087205 0.889483422605232 0.213544705746654 0.403997236253936
1464104892.98621 0.0199620721096632  0.551951661980357  -1.38300508211146 0.00497708295021137 0.879190858964882 0.208079852954362 0.428604056154851
1464104893.15362 0.0583118468918751  0.570918757311487  -1.42927984856539 0.0172704986009281 0.865109029910465 0.195578448068997 0.46155949442772
1464104893.3199 0.0957051124782222  0.581251992928716  -1.46981178651126 0.022657362145351 0.847569615103617 0.187599757628198 0.495901928239407
1464104893.48573 0.128190884481001 0.591281058902818  -1.5050908876252 0.0207638771497779 0.82883066109921 0.186825560314544 0.526977045648775
1464104893.65384 0.165062681688034  0.60792885917057 -1.54203953340628 0.0244760530662727 0.814233490725373 0.18581829048158 0.54945091530543
1464104893.82023  0.19244749648436 0.632195654944058 -1.58983211566468 0.0252108617424032 0.798464603508522 0.175988146330214 0.575192890903077
1464104893.95087 0.220637055813635 0.649372925691899 -1.62948537054271 0.0203408845912774 0.785005162186007 0.166796101235758 0.59626521311235
1464104894.11955 0.254265536299995 0.663705696952296  -1.6749220442366 0.0279998417009087 0.77267220129249 0.170337595702453 0.610883607330276
1464104894.28411  0.27297769279586 0.679971748590615 -1.72412977134365 0.0394880359884966 0.757753008635909 0.174008823935781 0.627671890488562
1464104894.41748 0.284675952702858 0.692592708805517 -1.76047341905412 0.0497559121812586 0.741325324720609 0.161401261604149 0.649546568679632
1464104894.55086 0.296020447146692 0.712043519803467 -1.79938880381517 0.0538628209713409 0.72299373274181 0.154959164118447 0.671093522833283
1464104894.71795 0.290513927580262   0.7314673586974 -1.85380777565684 0.0567367223917902 0.690309280124438 0.145215599098669 0.706517141960994
1464104894.85074 0.295876954537413 0.743711701276119 -1.89602413483953 0.0673042743817955 0.672884322724033 0.143705545872228 0.722527189085452
1464104895.01787 0.306393175017551 0.762725187808101 -1.94250592834155 0.0818627194166093 0.655061421053448 0.137763759886828 0.738386197243014
1464104895.15263 0.321116428937594 0.781095984636944 -1.97418464461006 0.0912429038153523 0.635292831211338 0.130005003609749 0.755762165069974
1464104895.28401 0.347732666059672 0.800531083509978 -1.99865948746284 0.100955376432517 0.614396280169699 0.120223577496507 0.773221516964542
1464104895.45058 0.361224951375285 0.815008166160774 -2.03627691916813 0.10492844828535 0.583973908497008 0.107918396440381 0.797695502459989
1464104895.65058 0.384325329545113 0.828065234842626 -2.06581119567938 0.112088043250887 0.55261778031875 0.121575323895607 0.816865533643967
1464104895.8515 0.410393517262563  0.84049328071819 -2.08999301677489 0.119853980175378 0.521399422761354 0.123571915933021 0.835767699168189
1464104896.01753 0.438270751365628 0.853087000766388 -2.10697538871217 0.121946409608935 0.488503355424529 0.117154255393156 0.856018939840551
1464104896.18397 0.463628059450944 0.861828951814068 -2.12371840662062 0.126248356887882 0.451925331953881 0.103258096124069 0.877019163021149
1464104896.38389 0.496729916487443 0.871303342230301 -2.13373897068483 0.116872413263079 0.414077495103735 0.0976761345713797 0.897407399012218
1464104896.61767 0.535540825453471  0.87235838312647 -2.11894937733894 0.123424275589772 0.375584467642454 0.0882643124518885 0.914282323469217
1464104896.85051 0.584546846374059 0.873038234975061 -2.08069681969197 0.123369767819726 0.339381360840222 0.075369779160148 0.929472747686395
1464104897.15162 0.629522274553076 0.851297480084746  -2.0363147864306 0.127923986038914 0.302430141283505 0.0720171643313634 0.941798806264281
1464104897.45212 0.682476177236256 0.840556174928024 -1.98843253134577 0.128083922384463 0.269335831699179 0.0721597210179153 0.951759262236065
1464104897.68378 0.735573843013904 0.835721156168055 -1.94297248519644 0.123111243583512 0.232991099082564 0.0629864244745425 0.962596218454827
1464104897.95047 0.767912913982825 0.831173934261433 -1.89986092073415 0.104357631853408 0.193647887766687 0.0480362510086803 0.974321558227303
1464104898.45038 0.772218494936489 0.852440236202979 -1.88370535534454 0.0855290335027133 0.150782268771889 0.0432545385213773 0.983909821451842
1464104898.75037 0.732734153856042 0.862143983988301 -1.89544219259256 0.0839815070195522 0.108346703475596 0.0362163628059347 0.989897203445795
1464104899.08361 0.682159675739409 0.871650518752581 -1.90343439815181 0.0821163214641811 0.0746770055409319 0.0174371068752131 0.993668054179288
1464104899.45034 0.611101656226163 0.871430438573719 -1.91425077917327 0.0885146655686975 0.0681495788243197 0.0185825170626678 0.993567048036993
1464104899.71888 0.539485688541906 0.871463110492899 -1.92067666207944 0.0950204672449456 0.0652869599544415 0.0219981673972567 0.993088517855091
1464104899.98628 0.466658042921575 0.861244156122209 -1.92603615210221 0.101571445055572 0.0727140444241237 0.0306823157570334 0.991692747171519
1464104900.2502 0.408325334995619 0.849525675799051 -1.91158172327667 0.105188632616027 0.0594359692641682 0.028801310880328 0.992256620848445
1464104900.48518 0.372475269996643 0.836354387686333 -1.87474728712509 0.101425448320698 0.0568680943288926 0.0265511575693535 0.9928614879791
1464104900.68346 0.337369881540158  0.80172531359156 -1.83108123266932 0.102502126115918 0.0571752239685255 0.0363453016009325 0.992422957693645
1464104900.88342 0.301506075634185 0.772781498318391  -1.7894227888261 0.110387407940699 0.0595916441557655 0.0282311197786554 0.991698774825798
1464104901.05012 0.260589508324303 0.749683206042878 -1.75067049914985 0.115873802665586 0.0625980538718376 0.0227192032035703 0.991029052708885
1464104901.21671  0.21089638606031 0.725033895377945 -1.70380691914887 0.121390577647061 0.0795101230704381 0.0229576767783785 0.989148832615586
1464104901.38331 0.158951722435756 0.696472948829076 -1.65949389041572 0.114548085854003 0.088715204876298 0.0263598131928835 0.989097320135575
1464104901.54994 0.111009413444916  0.67071470101131  -1.6105413853347 0.108333953099841 0.0939506323948158 0.0332772677486292 0.98910548311571
1464104901.71673 0.0641902520122842  0.648615900454677  -1.55059664915062 0.10677675329705 0.0860954165907884 0.0324543906200928 0.990016674974153
1464104901.91651 0.0145614041401217  0.611617420739024  -1.46483103486758 0.113007791834111 0.0765745176766676 0.0324233952402641 0.990108229270143
1464104902.15156 -0.0372259091059149   0.555678055803164   -1.36800606605312 0.10755818502359 0.059138790871131 0.0286394873929183 0.992025009770723
1464104902.4164 -0.102102321760314  0.498366933764659  -1.23880083603171 0.105421283624712 0.0500809182758245 0.0228447114798347 0.992903003188615
1464104902.75072 -0.171481465604914  0.411788855183643  -1.06275260420719 0.100167437331844 0.0612502018913543 0.0293306869585893 0.992650294952445
1464104903.08364 -0.216453066449598  0.325389569230964 -0.874436855919337 0.10372325837295 0.0662472652412741 0.0370074480740247 0.99170723215453
1464104903.31651 -0.237261965796751  0.253539337778789 -0.736766928946397 0.113469538522555 0.0631461457831366 0.0293751635695579 0.991097537009085
1464104903.81626  -0.28640873783197  0.100755743288022 -0.456237917282838 0.131500814389758 0.063675751834923 0.0213468466384404 0.989038546560084
1464104904.01645 -0.294787603368376 0.0396978457208806 -0.349502863162756 0.114607699724736 0.0773302902398757 0.0475138231737002 0.9892560527905
1464104904.21625  -0.296964984713794 -0.0106176613863396  -0.252197711778483 0.104557237056665 0.0776693079558105 0.0489818376287178 0.990270691459288
1464104904.38296  -0.295310597075595 -0.0519929818990504    -0.1564787250026 0.111093176098294 0.0662452806223594 0.0361601524734257 0.990940115442279
1464104904.54959  -0.286785530199842 -0.0895290027311086 -0.0777374706276434 0.105669365327645 0.0514284497332997 0.0337453395825363 0.992497028633205
1464104904.84957  -0.25584535351338 -0.166361888020949 0.0276460920950864 0.101768423671262 0.036264324614273 0.0268947721295504 0.993783053757628
1464104904.98286 -0.231800735705844 -0.190356407551292 0.0709257448998641 0.0951744699238031 0.0356265900460474 0.0286519069475423 0.99441019432862
1464104905.11654 -0.200662989225987  -0.20758396843453  0.111092741297931 0.0992677884559657 0.0347067070313079 0.0329969670568869 0.993907717460304
1464104905.28285 -0.153250399231355 -0.220256302567562  0.155386547977732 0.100732331833744 0.0369418754147493 0.0265297545697575 0.993873466436571
1464104905.41614 -0.111347939598128 -0.226973022023103  0.180472460459095 0.0967834239329557 0.0429766892315368 0.0340274377994674 0.993794801008394
1464104905.54952 -0.0652724799926494  -0.230131811137331   0.196680509952095 0.0940589118029179 0.0518971909528727 0.0418845994406348 0.993330399721739
1464104905.68284 -0.0186264413100851  -0.230640969696524    0.20384220624545 0.102027356901622 0.0564345454828233 0.0476347823144306 0.992036535634486
1464104905.81618 0.0253557621274979  -0.22412024127886  0.201695484801326 0.109560617793671 0.0474842665157004 0.0444606026756093 0.991849267919202
1464104905.94953 0.0660438092665586 -0.208022858632758  0.194305968066906 0.0931767161700992 0.0421504126416427 0.0362971800190533 0.994094541278927
1464104906.11617  0.107320837906059 -0.189372866542475  0.177874944092098 0.0864827069877667 0.0363957837081816 0.0420638612218121 0.994699311299373
1464104906.28282 0.141176729153142 -0.16637087204522 0.157604832639535 0.0739572504283359 0.0502359925556893 0.0502731550333925 0.994725731065611
1464104906.48522  0.165066202017934 -0.135996625058286  0.123031899998841 0.0700377601190232 0.0677616658742708 0.0545642880273907 0.993743330678258
1464104906.65182  0.173963871635715 -0.102623285246206 0.0830102875262649 0.0598927067039501 0.0869498789222337 0.0524349813390466 0.993027267989685
1464104906.818  0.173380999498799 -0.068934288368611  0.041837497507959 0.040364982631 0.0929747553357776 0.0564583432487526 0.993246605091131
1464104907.04935    0.161844942140538  -0.0339624054953735 -0.00929711244514724 0.0347982109956514 0.0962461154985291 0.0552405202686154 0.993214103143627
1464104907.28266    0.144032707863645 -0.00155413251806987  -0.0546563122583703 0.0421892371708617 0.102858153944271 0.055240584714924 0.992264453779571
1464104907.48264   0.118543826684519   0.026988293888236 -0.0961907687941049 0.0377504976841923 0.09699872897653 0.0524132712940777 0.993186284386664
1464104907.71591 0.0785201739280169 0.0509311281812636 -0.137387806587573 0.0200509762890204 0.0906554371916641 0.0495795577698978 0.9944452813045
1464104907.98405 0.0162531251053831 0.0604756254206887 -0.151882414513124 0.0229528586314935 0.0905222476948024 0.0406118569214719 0.994801269616356
1464104908.21571 -0.0500969542863042  0.0543052314638223  -0.136691199291107 0.0212445944314857 0.0986039548578066 0.0485905112343704 0.993712679556734
1464104908.44913 -0.108232334550409 0.0356133009322992 -0.112758732743911 0.0240617123632084 0.102709975934298 0.055813503146028 0.992852732135182
1464104908.71585  -0.153672144909403  0.0105577924827876 -0.0740962983242037 0.0329776050829515 0.0869735169321503 0.038076036566737 0.994936329799457
1464104908.98249   -0.163083265276036  -0.0227851337273846 -0.00510312761848322 0.0407922631928267 0.0804155544344654 0.0401172013861884 0.995118053309026
1464104909.21565 -0.147731258989093 -0.053612382884434 0.0610681918766166 0.0350385654672511 0.0845864220535905 0.0408403705395963 0.994962059713011
1464104909.41658  -0.128073551642754 -0.0752017754800714   0.115475742273414 0.031534972757638 0.0916433256989499 0.03843661652945 0.994549985097672
1464104909.61567 -0.101136103062278 -0.091735344495139  0.170064627676396 0.0268407013855675 0.105924500099056 0.0498970786522391 0.99275871115285
1464104909.78234 -0.0753632350845406  -0.105315018070556   0.220113528344713 0.0298133976967192 0.119802881895889 0.0526337177746641 0.990953138428066
1464104909.91558 -0.0557283016406319  -0.115852687444349   0.262976223402063 0.0274281459038896 0.123390735372627 0.0497370832408515 0.990731369134525
1464104910.04887 -0.0367063632274215  -0.126171200123405    0.30355167281138 0.0221606689996411 0.12447646994751 0.0416556480723002 0.99110005557591
1464104910.18237 -0.0198745568329773  -0.136554345843888   0.341780997053245 0.0202599487682331 0.124821662691991 0.0356376520775553 0.991331954873399
1464104910.31646 -0.00456315152255133   -0.142954305114259    0.371428819920478 0.0138291574314873 0.125018477614716 0.0295393327889352 0.991618153564172
1464104910.61586 0.0162499133021258 -0.143449898817299  0.391063848770384 0.000461648252631686 0.136663328738947 0.0378953050684043 0.989892351375974
1464104910.84894 0.0098472552723403 -0.134876364429578  0.360101106183696 0.00497752859044145 0.141910768838229 0.0581107457912646 0.988159753845732
1464104911.11552 -0.0119328462537342  -0.113195957228962   0.290734758867186 0.00679475901437384 0.133771696269882 0.0564071792883055 0.989382228793176
1464104911.24898 -0.0254836253036438 -0.0984985133971906   0.245467979446443 0.0147837805463276 0.124040756381652 0.0511665463911128 0.990846766719977
1464104911.38223 -0.0392888520957023 -0.0796769793608587   0.196101294458526 0.00242293499354779 0.116233286808048 0.0490387769030433 0.992007636454311
1464104911.51555 -0.0561181501195627 -0.0648081200778379   0.147631754557445 0.0037585762476187 0.10599309773352 0.0516989179166853 0.993014883183373
1464104911.68228 -0.0821106188782984 -0.0491717775521433  0.0896204332258462 0.00940418406080794 0.094536987583328 0.054383125659102 0.993990339462294
1464104911.8488 -0.112000471862441 -0.034806902989839 0.0321303193083909 0.0114493747774729 0.0875215545323842 0.0548198351082672 0.994587188228434
1464104912.01674  -0.142007975010724 -0.0255919794590987 -0.0306043190415786 0.0221909329595331 0.0940833126019504 0.0612241260756425 0.993432181465098
1464104912.21659  -0.183101203955978 -0.0218883589061359  -0.112887497986425 0.0310460134190121 0.0970425007707207 0.0678445499701288 0.992479730339266
1464104912.44901  -0.230878291159008 -0.0327855789735459  -0.196031839444686 0.0377823116889129 0.0790092563394704 0.0760913865174552 0.993247267921728
1464104912.65092  -0.257370927989882 -0.0535423438558189  -0.246590208978742 0.0637548945377775 0.0615366872951294 0.0524526700199348 0.994684506236524
1464104912.88235  -0.266201328003952 -0.0842876594114126  -0.289137271874769 0.107284635000404 0.0461966280609663 0.0396022144935737 0.992364622130309
1464104913.21522 -0.235691564872404 -0.114928319617288 -0.335160898850422 0.119526764882654 0.0678007218423224 0.0719798645220613 0.98789438387802
1464104913.48198 -0.187425820960634 -0.111562723682286 -0.343011281364716 0.114964615006841 0.0932911243117085 0.122869935897145 0.981316912252926
1464104913.68195  -0.143334619767306 -0.0974650516480623  -0.330002107408312 0.11181117179136 0.135929642035209 0.138526727113122 0.974593115178919
1464104914.01507 -0.0929551729038083 -0.0723123704375024  -0.279130250903217 0.110433964547786 0.163050408231661 0.127880466705225 0.972041917864143
1464104914.28195 -0.0661152731451452 -0.0393268826275566  -0.213848030475042 0.0828932021816761 0.187567484670202 0.118321653542467 0.971569422135926
1464104914.61515  -0.0492632392392833 -0.00379816436144121   -0.140901287032962 0.0618064070323556 0.200135212286973 0.0867618922495006 0.973960080755821
1464104914.88172 -0.0456467834763279  0.0203324213217676 -0.0710382786787768 0.0293822501084638 0.202156200327428 0.0608958764550507 0.977016502562015
1464104915.21528 -0.0507240904018385  0.0125857350462856  0.0318059033848609 0.0288809901491933 0.191307551799608 0.0541133668242819 0.979611684578835
1464104915.48432  -0.0701075654832666 -0.00894838946334486    0.093566848054043 0.0149320607494832 0.169197865694675 0.0444246885470718 0.984467146660383
1464104915.71508 -0.0984957690042619 -0.0336357944108175   0.140687479397117 0.00807410473922352 0.149635121872152 0.0489296411794801 0.987496850298275
1464104915.91501  -0.121415184133203 -0.0638335483782106   0.190221652905445 0.0104002003695497 0.146944612731359 0.0574800238005544 0.987418433839166
1464104916.04838 -0.131508626216443 -0.090035647714888  0.225747294159621 0.0122134238351568 0.150703489973224 0.0679837958152157 0.986163015882602
1464104916.18183 -0.138024160764184 -0.118732009117304  0.260938616951195 0.0240829839778543 0.146410963785124 0.0672222091556235 0.98664330644994
1464104916.3172 -0.134220302988258  -0.14305369871573   0.29288064467847 0.0365122995368543 0.15244388571649 0.0727972491501057 0.984950899388577
1464104916.4483 -0.120579635070692 -0.156816346700044  0.323101030073703 0.0382705780866247 0.159766835111176 0.0632074175103161 0.984385464959307
1464104916.58161 -0.102083616712511 -0.158078708471436  0.354603547100819 0.0198643882772056 0.16416613171402 0.057237016568235 0.984570368846633
1464104916.71498 -0.0799635576603284  -0.155270746784991   0.386300738743147 -0.0018519743331652 0.163210739833338 0.0552837930685993 0.985039352928639
1464104916.84839 -0.0541274875802519  -0.159304149959671   0.413315452026603 -0.00667935497160113 0.167707813578799 0.0579768166423536 0.984107801114187
1464104916.98414 -0.0289587705326777  -0.171777715462992    0.43511629956011 -0.00870263204606962 0.166907822748276 0.0641221950162141 0.983846729428524
1464104917.08144 -0.00924133589021872   -0.186215348289581    0.447209750482428 -0.00911233863286006 0.169139403898003 0.0726988697408267 0.982865047538102
1464104917.28151 0.0308954800853741 -0.219846045312936  0.461139100278799 -0.00549186753930163 0.176840843552601 0.0865404483980973 0.980412110407451
1464104917.3815  0.049643897479674 -0.238729398535002  0.461017278441085 0.00133145582625901 0.184183701666284 0.0911050853399032 0.978659519287018
1464104917.51516 0.0720659049667152 -0.262128938891153  0.453473233714017 0.0142243375974382 0.199379836976938 0.0952376589829572 0.975179540976127
1464104917.71664 0.0870023819057279 -0.292237921628269  0.427687279302512 0.0209551027134338 0.209673445688845 0.0907769930563431 0.97332289985127
1464104917.91866  0.075166592109936 -0.313232422169557  0.392506771051242 0.0370146496404965 0.194920901459277 0.0870026590668033 0.976251143508472
1464104918.11468 0.0506883632332259 -0.315045723755806  0.343790670114341 0.0568291603384592 0.174863024369283 0.0761190271180867 0.979999623956178
1464104918.28144 0.0259650188143285 -0.299345829797667  0.304493073551833 0.0563131945790868 0.156171281281414 0.0780203407538057 0.983032136528547
1464104918.44804 -0.00198459944756808   -0.276177472626643    0.269783005390959 0.049670275487597 0.131723837268068 0.0848493185652817 0.986398645359658
1464104918.61495 -0.0291966620243773  -0.251901897420461   0.232238670719672 0.0522688063134963 0.11307531545996 0.083471212184549 0.988693330440048
1464104918.74808 -0.0488880639688104  -0.229104286921541   0.199504746338194 0.0550523170571953 0.0924753329382075 0.0724239531384074 0.99155046578397
