1461244097.01995 -0.203647979458869 -0.092407903157811  0.134876920560004 0.000418339937058846 0.00554326908609532 0.00423586789633784 0.999975576993109
1461244097.299 -0.230652037642117 -0.160122916728572  0.104245128402531 0.019805158681211 0.032701078532257 -0.0491849213811323 0.998057733130289
1461244097.33882 -0.239359229958789 -0.170566138822758  0.101014689206058 0.0176708502593223 0.0351960460110893 -0.0522991005331633 0.997854590348574
1461244097.45783 -0.277126116209301 -0.206091540071755 0.0936525027933732 0.0133537347935851 0.0299584168280504 -0.0841875528696499 0.995909949227358
1461244097.57785 -0.319626589903989 -0.244780718005934 0.0867654942719052 0.0140220392584171 0.0173282551858139 -0.10387998934847 0.994340013174675
1461244097.69777 -0.363021569322782 -0.284588075488085 0.0812641262403414 0.0224262622874066 -0.000697678537765208 -0.1275013790327 0.991584577506747
1461244097.85778 -0.419061618621441 -0.332174403260425 0.0777142353978218 0.0279704025541845 -0.0281446366579416 -0.150788909014701 0.987769325767158
1461244098.01782 -0.470214417293557 -0.370284547087964 0.0716472990001725 0.0340209025565218 -0.051852454394547 -0.145001740161742 0.987485896867681
1461244098.13783 -0.517487436444414 -0.387439711635395 0.0611368085457745 0.0297363409530174 -0.0859273828814766 -0.16217968461422 0.98256296734423
1461244098.25792  -0.56659007256119 -0.408913996535622 0.0416854525944456 0.0385870320913428 -0.111607830196639 -0.192301266973759 0.974204781302918
1461244098.37775 -0.616898221204389 -0.430545197764283 0.0113918229790043 0.0480492958656689 -0.135480260214096 -0.218942749449719 0.965090895575402
1461244098.53775  -0.686094008542386  -0.460006076110683 -0.0401414609303813 0.0525903597075489 -0.15979341078289 -0.215965261666932 0.961800044546336
1461244098.65777 -0.746655099939711 -0.485497451330578 -0.081342988936013 0.0657866360492448 -0.181587509897951 -0.198891377345798 0.960801912354403
1461244098.81987 -0.823170987238873 -0.511331839423045 -0.133006265680514 0.0574462867314685 -0.207063343893256 -0.181483255831918 0.95962936783383
1461244098.97778 -0.893622247167004 -0.541709276703999 -0.183806654159496 0.0706090693782422 -0.2266773721947 -0.167516831240849 0.95685413700703
1461244099.13774 -0.972339832952697 -0.573173579884658 -0.224970694540079 0.0831027051956982 -0.239090212610579 -0.146252128184752 0.956315913087519
1461244099.25772  -1.02854964296455 -0.601005561102988  -0.25617613970865 0.0954985349364049 -0.217093256556579 -0.136845095233141 0.961781663213274
1461244099.37768  -1.09528319785146 -0.629145429477886 -0.289853107816893 0.107184802032337 -0.201313432347547 -0.129070143959835 0.965051925083788
1461244099.49773   -1.1801714409731 -0.662331163426658 -0.328888771552311 0.118087641466228 -0.216564748965054 -0.129567566175624 0.960399533649393
1461244099.61954  -1.25923261630852 -0.705734716732146 -0.371740132560917 0.133154794845625 -0.236429025839041 -0.0989015050239419 0.957386864676146
1461244099.73764  -1.32795214224594 -0.749300137205427 -0.414133709593154 0.15517350118198 -0.236105300558102 -0.0785718065922869 0.956034488283827
1461244099.89777  -1.40738261829092 -0.791176122716329 -0.481704749646749 0.177756915927563 -0.249310100539181 -0.0743781766552994 0.949059976738298
1461244100.01978  -1.46919741297452 -0.818895322170668 -0.542204438833908 0.205673680143033 -0.267345993229801 -0.0603435907303868 0.939458944423947
1461244100.18057  -1.54159803210938  -0.84888852813295 -0.624589688450965 0.232510362396591 -0.268974296469453 -0.0369453156148086 0.933930834093773
1461244100.37763 -1.60348330107359 -0.88129129522631 -0.71265265520729 0.220993075688346 -0.263196718827056 0.0122882532663968 0.939009343152739
1461244100.57805  -1.64997878445726 -0.931067096291778 -0.795556017119906 0.233491724857478 -0.234663078560083 0.0226237312557154 0.943346712915168
1461244100.73765  -1.71530808807723 -0.976775868544413 -0.876741401870468 0.266806433071253 -0.216152426509231 0.0178559545758064 0.939028019109203
1461244100.89757   -1.8068959662068  -1.01741654223343 -0.961219429013067 0.273560171518137 -0.20622334730785 0.0171896567294155 0.939330229091792
1461244101.05746 -1.88733446816482 -1.07681130622785 -1.05700671471565 0.28837228644886 -0.202065893928037 0.0305462383646954 0.935455892194328
1461244101.21782 -1.94889716463592 -1.14050059392964   -1.161656724954 0.306336606062337 -0.199103232796066 0.0602122173391959 0.928918874476917
1461244101.33761 -1.99656168020798 -1.17474015557634 -1.24575453197009 0.334703316296334 -0.202645223903041 0.0687858640968929 0.917702080301645
1461244101.45755 -2.05145395064559 -1.19660039352062 -1.33597551601046 0.358635495514312 -0.201473499162956 0.0440031397041801 0.910413496268818
1461244101.62101 -2.12996092580897 -1.20997825379167 -1.45756273461305 0.372248781064045 -0.226419150973339 0.0374217184015862 0.899313531567671
1461244101.73763 -2.19435451261356 -1.21394017600478 -1.54941578610807 0.371952897108941 -0.252572160219693 0.0319848136199118 0.892656326876095
1461244101.85758  -2.2580767222049 -1.21482009200484 -1.63986852698294 0.367803965363471 -0.279937337526425 0.0296873669945474 0.886269705204039
1461244101.97747  -2.3261767528714 -1.20931449404861 -1.72870849493896 0.373963317520054 -0.31296826855258 0.0292764395776465 0.87255096705823
1461244102.13758  -2.4184322018901 -1.17937060604046 -1.83017900939031 0.369999770909584 -0.336988652740985 0.0230889763174081 0.865451163626975
1461244102.25795 -2.49179893785364 -1.15149281103222 -1.90381456951283 0.357341251287455 -0.35532171786905 0.016413920683095 0.86358803265603
1461244102.41757 -2.58099251949605 -1.11742124294514 -1.99371896115556 0.338626391507482 -0.36536203818012 0.0273577304875622 0.866656969402578
1461244102.53788 -2.64624710294795 -1.08779102472112 -2.05505489364735 0.31387384230641 -0.386914226656752 0.0264562997815788 0.866649096536935
1461244102.65755 -2.70280959074787 -1.04920582157585 -2.11174245266894 0.291442875008236 -0.412654874720761 0.00833932310207549 0.862964344956572
1461244102.8199  -2.75493182374857 -0.998160156823668  -2.17753667933265 0.279879378378753 -0.439702995580009 -0.00498836756980328 0.853407244769622
1461244103.01939  -2.78527409579047 -0.921592369854117  -2.23777057271643 0.263839079614974 -0.464189405928683 -0.0073523117902769 0.845495759305059
1461244103.1774  -2.78946945204848 -0.846939003314621  -2.25020915546156 0.20990319900305 -0.475692117497435 -0.00442477825564269 0.85418854928902
1461244103.3374  -2.77491301900745 -0.771583578539518  -2.24035878033056 0.155575764560413 -0.469233749635771 -0.00847086333699573 0.869220405972227
1461244103.49759   -2.7478933710481 -0.707119608559023  -2.21063422611861 0.119049265533982 -0.451290888089179 -0.00967858256327151 0.884347291364125
1461244103.61738  -2.71057455984071 -0.669337771534342  -2.16989898706971 0.0930856340949468 -0.42086209772382 -0.00886363035098053 0.902292411295611
1461244103.73738  -2.66011682236084 -0.639612090024668  -2.11545463502477 0.075627821610574 -0.394381326699255 0.00932652335031926 0.915782079815701
1461244103.85747  -2.60235099783202 -0.608254152311105  -2.04152668740101 0.0634595627858762 -0.357940082986569 0.018002818651014 0.931411659473518
1461244103.97765  -2.53914307451878 -0.578146091534655  -1.95567583253316 0.0445532455284079 -0.332504313202727 0.0385309242901182 0.941260462299261
1461244104.09804  -2.46613937356114 -0.557384475596585  -1.86468316346245 0.0436206801982892 -0.307310290414059 0.0406732401698748 0.949738547811317
1461244104.1774  -2.41071820656352 -0.545103670131237  -1.80199657957961 0.0355774199807094 -0.282518746658063 0.0390361192563504 0.957806653958761
1461244104.2574  -2.35542735009184 -0.538733795023831  -1.74133030844174 0.0344176562634447 -0.264069364683792 0.034609649959172 0.963267858750895
1461244104.33889 -2.29911108126413 -0.53291329603173 -1.67778187778387 0.0197968948188373 -0.239239971484093 0.0354860432838189 0.970109818387527
1461244104.41991 -2.24168288895854 -0.53482861363483 -1.61781894797171 0.00458125206291308 -0.210133426612875 0.0348941335829021 0.977039075263096
1461244104.49735  -2.19214665474069 -0.545735902348893  -1.55834073523775 0.00503059811543659 -0.188093720149753 0.0408306524249924 0.981289102836354
1461244104.61961  -2.12707843395744 -0.566742444707976  -1.46519928828533 0.00889761615537833 -0.163334994887478 0.0357578646838657 0.985882288605039
1461244104.69744  -2.08397183799725 -0.587510955519345  -1.40343722720011 0.0200564705404004 -0.140613716154863 0.0229491447773425 0.989595299894139
1461244104.81957  -2.02088938229821 -0.624202339512282  -1.31018657234597 0.0405885490964921 -0.10998201037257 0.0175850706283857 0.992948786377044
1461244104.93733  -1.96806437221322 -0.667009978040177  -1.22262649486023 0.0575028302491356 -0.0916222238697677 0.0255726832920932 0.993803215166735
1461244105.09737  -1.92642987517307 -0.729253714641293  -1.12124937381234 0.0720690046547669 -0.0818921828512607 -0.00380098265635987 0.994024789171162
1461244105.25768  -1.92463276588103 -0.795069596795931  -1.02623618939205 0.0946978600812238 -0.0920685993535102 -0.00616692926795819 0.99122028696578
1461244105.41915  -1.95449791897149 -0.861142745858699 -0.926472961349479 0.125429673372813 -0.0937210966213038 0.0070600752873457 0.987640576537146
1461244105.57724  -2.00704284352519 -0.926178241573578 -0.830988944498909 0.138172287397477 -0.0994193635434117 0.0336880350686736 0.984829592082399
1461244105.73729  -2.06683726519429 -0.994423729443649 -0.756319017747986 0.15707577275658 -0.117798107997616 0.0342181630774503 0.979938735167005
1461244105.85733  -2.12637521176517  -1.03870879355529 -0.706712933425203 0.16114506684253 -0.151794741378401 0.0112490709305245 0.9751225986128
1461244105.97737  -2.19175871047024  -1.07875821605567 -0.649737692827476 0.164711959190718 -0.177869267606918 0.00298061934711074 0.970166794963032
1461244106.13734   -2.2836051140393  -1.13593505404233 -0.560808267384148 0.163760332577877 -0.203284574288317 0.00374473603815362 0.965320626674063
1461244106.25736  -2.34082171361435  -1.19363757434218 -0.487256082824918 0.172247543686651 -0.20990183750874 0.0218583506524348 0.962182007112545
1461244106.41929  -2.40909979106173  -1.28278814743984 -0.399377524601942 0.182807565498984 -0.221069655096574 0.0196351396044233 0.957770360203599
1461244106.5373  -2.45833347775404  -1.34574274528214 -0.332526627031034 0.176436627544032 -0.227232926098311 0.0216514648178844 0.957479257127238
1461244106.65731  -2.51504228023562  -1.40403021412165 -0.260321998821177 0.172046089856042 -0.240560315822306 0.0329417565004996 0.95469666287014
1461244106.77726 -2.57188967252457 -1.45940886329748 -0.18251747951462 0.174088514702514 -0.246877030015696 0.0229792871991652 0.953004130872013
1461244106.89717  -2.62720746767102  -1.51517621119775 -0.106730313823181 0.185746044826546 -0.24840927690323 0.0172887990515576 0.950522138304555
1461244107.01938   -2.66994579817742   -1.56895650875576 -0.0348973953425715 0.190100216376049 -0.243888873999087 0.00936718317140002 0.950942890373902
1461244107.13731  -2.70050101592673  -1.61864795453771 0.0327160356643715 0.184869099218329 -0.244492793981358 0.0175829103016137 0.951702438323407
1461244107.25728  -2.73405675149705  -1.66300994942565 0.0974102624122967 0.183982675320578 -0.246094707235426 0.01177101223992 0.951550951617117
1461244107.37729 -2.77184153145662 -1.69730820614653 0.162041968180932 0.184401610049585 -0.250990174399381 0.0120532447461086 0.950186664743923
1461244107.45727 -2.79888673917242 -1.71611021729651 0.205460857573803 0.181948183144152 -0.254180841694693 0.0110142960231792 0.949824006671253
1461244107.53725 -2.82531407167349 -1.73727313882853 0.246485400020994 0.185894944147415 -0.2607050712475 0.00738829633962362 0.947323254567026
1461244107.61975 -2.84804938634018 -1.76056409375761 0.285197439852748 0.189418808716702 -0.259071243645023 0.00692416920183258 0.947076903689152
1461244107.69745 -2.87213090935139 -1.78240357209855 0.317483975486167 0.186680261842132 -0.26430147114961 -0.00212641669213343 0.946198018671967
1461244107.82355 -2.90291712209524 -1.81560781606419  0.35715316512249 0.188811841147043 -0.258912106379993 -0.000794428289396847 0.94726658269794
1461244107.93719 -2.94220110764861 -1.84448967278703 0.392385265146654 0.185583799391215 -0.278168801404681 0.00489094114455326 0.942420739385188
1461244108.05718 -2.98623331067009 -1.86914234419834 0.430747427139422 0.181045169016836 -0.292793780187981 0.000216253323650415 0.938879333191117
1461244108.13722 -3.01605856496938 -1.88592055856745 0.460245187474083 0.178502625066146 -0.299406328768309 0.00358708097356214 0.937272530264313
1461244108.21959   -3.044941576047 -1.90368369346802 0.492314388697318 0.174492145340327 -0.299484001409882 0.00530314648108504 0.937994509979379
1461244108.29723  -3.0689037289735 -1.92218320603908 0.525591027342466 0.175113802255968 -0.289825154788098 0.00287904728001217 0.940918831248622
1461244108.37997 -3.08994118224012 -1.93946031749942 0.551724236814247 0.172806549152551 -0.269377709984585 -0.000561118768658096 0.947403415171792
1461244108.49714 -3.12467269677001 -1.96014574793808 0.586264754773501 0.157466711674067 -0.260474284693945 -0.0067554896508249 0.952529130833966
1461244108.62027 -3.15775355089495 -1.98335637952564 0.617496445712762 0.154094172042262 -0.261820974596708 -0.0023617891311668 0.952732483625881
1461244108.73711 -3.18574299223977 -1.99982382022275 0.641779222958299 0.151429758193676 -0.244720980356438 0.00112088521592152 0.957694843738402
1461244108.89711 -3.22096192404653 -2.01732812573215 0.668544828206808 0.145538994947882 -0.247175762515188 -0.00948639838846728 0.957931391917089
1461244109.09705 -3.25087851646728 -2.04044561480054 0.699341488156629 0.142390577438124 -0.250620683372596 -0.0177511937222404 0.957391817201362
1461244109.25704 -3.28309929329968 -2.06244894580922 0.721898038579966 0.152317620503667 -0.249486124629111 -0.014052627043031 0.956220968069012
1461244109.37711 -3.31143791943457 -2.07642287685651 0.747666939955629 0.157384686028678 -0.253765475357773 -0.0156000602291296 0.954248281235521
1461244109.49708 -3.34155620434404 -2.08927975834778 0.781665299632791 0.16002513492702 -0.255784458828836 -0.0191489182857589 0.953204902285817
1461244109.65746 -3.37219544046854 -2.11734570077184  0.83608077226842 0.1735706718868 -0.24364310530045 -0.0187918867816734 0.954022077360636
1461244109.85822 -3.41214434403355  -2.1532281534124 0.884700071870683 0.173041374291303 -0.242909778489531 -0.0235158700070644 0.95420046434455
1461244110.21947 -3.47197211932303 -2.20976442861148 0.952573242715199 0.167382503527188 -0.244230858413636 -0.035052067750827 0.954518589582152
1461244110.4971 -3.54151472636327 -2.26085252980364  1.00210265011844 0.192731450545253 -0.262417352300779 -0.0527217392547393 0.944040327206485
1461244110.73698 -3.59226453916533 -2.31101535954695  1.06157473593747 0.208445077213011 -0.247721958659369 -0.0555475629326941 0.94450989896129
1461244110.8972 -3.61036062431232 -2.34627059740657  1.11162704434535 0.201001259154653 -0.215213994651993 -0.0518724849293647 0.954248749347584
1461244111.097 -3.63033697639319 -2.38883403164298   1.1677805035862 0.194449351664235 -0.181490208047545 -0.0291765529216893 0.963534889238488
1461244111.33692 -3.68506269884579 -2.42903250402846  1.25246375191605 0.181860938205701 -0.16525649239673 -0.0214760207211637 0.969100444437859
1461244111.49986 -3.71658250650922 -2.46213421632732  1.32525040019051 0.166091566399349 -0.139325637223001 -0.00240489320221897 0.976215229789057
1461244111.65689 -3.74440740647671 -2.49240518372934  1.40019678822606 0.129266753798925 -0.119425263812395 0.0117458543467669 0.984321973559106
1461244111.77709  -3.7555666839391 -2.52494277765656  1.44853224240832 0.119502889726028 -0.101712693989054 0.0361017327250898 0.986949974478375
1461244111.89682 -3.76854886087835 -2.55813643494464  1.50116129705247 0.12166729047396 -0.0814135974249999 0.0436711336672932 0.988261973702954
1461244112.01894 -3.77776232207906 -2.57757038829617  1.57001228613951 0.106195512881922 -0.0609935744710539 0.0509859935029043 0.991162310312247
1461244112.13698 -3.78150110502906 -2.59852281489236  1.64141184039774 0.0915168197025706 -0.0348824187196982 0.0573161361437697 0.993540512064475
1461244112.29693 -3.77462937839922 -2.63070863599283  1.73859531243381 0.0814155816612164 0.0082193924246426 0.0799154664496567 0.993437196239938
1461244112.45972 -3.75751583642688 -2.66399526376705  1.83159325489967 0.0650478563063679 0.0461259631739292 0.085162847325805 0.993170912454943
1461244112.6192 -3.73004972153169 -2.68804187306564  1.93891325627099 0.051432692379494 0.0697131328707082 0.0850985189362618 0.992599113103977
1461244112.73689 -3.70112985907096 -2.70056455231469  2.02463579367824 0.0471347293642 0.0924445313987303 0.0831399873996269 0.991120612436964
1461244112.81966 -3.68013676290618 -2.71007945337485  2.08164910960765 0.0457048679870333 0.104360426751595 0.0792469876665968 0.990323119651502
1461244112.93681 -3.64612964126696 -2.72834646151654  2.16474772839244 0.0402635876276152 0.114232943315545 0.0730132022623645 0.98994886255211
1461244113.05687  -3.6154553602107 -2.75479248071559  2.24669603185189 0.0439773674661801 0.104673157736327 0.0656104718227301 0.991365112956598
1461244113.13685 -3.59411908601198 -2.76691689754875  2.29781304552913 0.0401972699760339 0.105967474259878 0.0676605149884831 0.99125028554697
1461244113.21685  -3.5762462152828 -2.77755792533514  2.35059352732909 0.0406635362177612 0.0989174540307808 0.0630418082824036 0.992263848237363
1461244113.29685 -3.55942398614774 -2.78335290945602  2.40729891751941 0.0428375208473653 0.092471276368335 0.0612404586541462 0.992906650233693
1461244113.37683 -3.53887838628419 -2.78522734843282  2.46802914855857 0.0414443469671993 0.0966485619608877 0.0554693476932856 0.992907132133633
1461244113.45678  -3.5158034293381 -2.78752525613462  2.53072401626272 0.0416859437871188 0.10416256373335 0.0490142121666393 0.992476724872053
1461244113.53685 -3.49002692229927 -2.79232649921374  2.59310697505888 0.0430212331733078 0.11303442943862 0.0473151767993092 0.991530970420079
1461244113.65672 -3.44801685177466 -2.80381211190978   2.6835700133954 0.0335185969339513 0.122095786165984 0.0493886651287941 0.990721899635254
1461244113.8569  -3.3753490755171 -2.83300229437708  2.83091253706903 0.0314434995786347 0.127847290127538 0.0435260956262719 0.990339262950241
1461244114.0174  -3.3183097829266 -2.83447299624782  2.95687749914989 0.0327524753586946 0.129579121755454 0.0505124036126104 0.989739876757646
1461244114.13688 -3.27126915360834 -2.83580308122729  3.05217813485311 0.0378766781102564 0.131514354618378 0.0477553336138529 0.989438608452325
1461244114.25771 -3.22095656793224 -2.84246169018424  3.14055543185437 0.0349863280391777 0.124362970822354 0.0571099014444382 0.989973872127734
1461244114.37971 -3.17298799143872 -2.85961611599628   3.2226016730415 0.0412617378237992 0.11288090570689 0.0532626996749097 0.991321569896415
1461244114.49695 -3.12796722925883 -2.86879461094827   3.3061935637209 0.0462670873698785 0.106163428735245 0.0585147110824898 0.99154662604056
1461244114.61914 -3.08770835383566 -2.86806424148257  3.39965818765915 0.0483945267149527 0.0982098277125429 0.0509123544927086 0.99268360099516
1461244114.73715  -3.0460469143714 -2.86894033763218  3.49994563330974 0.0561661531647234 0.094411791810414 0.0412291874143339 0.993092105955423
1461244114.81893 -3.01273763940221  -2.8722093852325  3.56403331100458 0.0600647566067783 0.101295547847558 0.0390668433676867 0.992272754210916
1461244114.89685 -2.97833282438296 -2.87742354272069  3.62546674051862 0.0541002696810744 0.102039415578925 0.0364316748900658 0.992639839797623
1461244114.9767 -2.94547664333735 -2.88463767448739  3.68426540648432 0.05377776492147 0.0965581326586978 0.0395132522746747 0.993087701017485
1461244115.09686 -2.89815091042516 -2.89477526945485  3.76629487056137 0.0522941757438452 0.0938639850821448 0.0338006820693148 0.993635942073061
1461244115.21904 -2.85217107446061 -2.89573053739805  3.85170546778144 0.0584342236168483 0.0905765504685788 0.0411247075759526 0.993322751396696
1461244115.29688 -2.82095588222503 -2.89355880828358  3.91037066559897 0.0604037101577794 0.0885979236441636 0.039852072695952 0.99343525809534
1461244115.37678 -2.78782609690889 -2.89204980460533   3.9688670246385 0.0627167168697675 0.0852705028666463 0.0430177923811298 0.993451067896452
1461244115.49674 -2.73682013472889 -2.89750906210552   4.0549892816028 0.06362389281536 0.068563176503312 0.0418599774548549 0.994735559522366
1461244115.5767 -2.70177801294194 -2.90451931444906  4.10832664357913 0.0630039974608685 0.0623066325689048 0.0423413985053132 0.995166109659331
1461244115.65677 -2.66989327087871 -2.91401246991222  4.16076642615584 0.0681469803311194 0.0526742814305608 0.0402093316961892 0.99547205826787
1461244115.73902 -2.63942954617355 -2.91995692826109  4.21439856125459 0.0729788313281679 0.0461722057418611 0.0422247853697716 0.995368919092505
1461244115.81884  -2.6116348005209 -2.92130239365329  4.26959834814666 0.0763714381728216 0.0405558259604674 0.0407188467123435 0.995421822110856
1461244115.89673 -2.58544280183286 -2.91932213100531  4.32810122751357 0.0790648017099537 0.0382663100745877 0.037978939173352 0.99541049161796
1461244115.97664 -2.56108450887952 -2.91727992398213  4.38845477329217 0.0804998995580207 0.0311581545810486 0.0375284087826787 0.995560422128407
1461244116.05673 -2.53694517589093 -2.92106256839463  4.44541961627797 0.0817979131304901 0.0294010351577117 0.0252651590874137 0.995894749597285
1461244116.13665 -2.51362033069209 -2.92986026686226  4.49962751552617 0.0869478378215678 0.0192975709577 0.0262832686100535 0.995679098427028
1461244116.21865 -2.48829061889608 -2.94198294490397  4.54994481767915 0.0944715254152112 0.0156143457346794 0.024523308720658 0.995102974783209
1461244116.29678 -2.46355397859551 -2.95218428548539  4.59734496643407 0.0988868318382374 0.00482430710677123 0.0275808615751169 0.994704688148553
1461244116.37671 -2.44021203917756 -2.95889835409475  4.64234494261504 0.101417177059313 -0.00580985391450711 0.0246323067521172 0.994522021505246
1461244116.45673 -2.42055166604834 -2.96205921039473    4.688422439266 0.105281440225651 -0.0238089916122815 0.0195619373543146 0.993964929396085
1461244116.53668  -2.3987162191412 -2.96489866155816  4.73822812433054 0.116610256517593 -0.0384704049643777 0.0126011477831611 0.992352400657813
1461244116.61673 -2.37582974799497 -2.96576026468224  4.78753531350864 0.125935004778466 -0.0552717738025657 0.00974531338315719 0.990449612276783
1461244116.69676 -2.35028890178957 -2.96573613758062  4.83531389826984 0.131894661106735 -0.0735758683435128 0.0105192407267901 0.988473436943841
1461244116.77721 -2.32542461559665 -2.96736956956975    4.878935895335 0.136130212408256 -0.100046885051517 0.00410913639200337 0.985617725621493
1461244116.85675 -2.29756090654346 -2.97065617392877  4.91889318397523 0.139595982391178 -0.116096389613092 0.000429685752283329 0.983379075122712
1461244116.9773 -2.26261211073487 -2.97564460931409  4.97432369058528 0.139669572458406 -0.141293503314586 -0.00362236101397024 0.980058893613573
1461244117.09682 -2.23883256098054 -2.98164073406325  5.02795445221695 0.156652265693394 -0.167934918896684 -0.00644686274013334 0.973250414142784
1461244117.21684 -2.22667296850091 -2.98321731883897  5.08995901344566 0.170819690058494 -0.200529031067457 -0.0264734147193893 0.964317323032498
1461244117.33682 -2.21675015154741 -2.98223024334279  5.15261126788687 0.179321305873036 -0.224105778230645 -0.0427118371576617 0.956972396879995
1461244117.45663 -2.20773138357884 -2.99213378068745  5.21556255856043 0.188124920380826 -0.25542230318608 -0.0664787066781893 0.946017464387007
1461244117.57661 -2.19111646933763 -3.01143488449217  5.27111948585866 0.200436531038116 -0.277142479507435 -0.0721539255692737 0.936915713446424
1461244117.69665 -2.18114266674126 -3.02984171373962   5.3221508878913 0.208086083219008 -0.305490461447775 -0.0777575724258479 0.925920903676678
1461244117.81833 -2.17823911145067 -3.04572458741774  5.36857385733573 0.221119588173606 -0.336605062247049 -0.0850615894080607 0.911354862719769
1461244117.93655 -2.17481714859267  -3.0589295050063  5.41760771118468 0.230466698032099 -0.367304390717791 -0.0978879578413475 0.89576254295838
1461244118.05652 -2.17252815983088 -3.07597469423263  5.46782795897686 0.245005479001386 -0.393501212093823 -0.112784214887549 0.878867926489636
1461244118.17645 -2.17196465165758 -3.09627193972202  5.50916760383668 0.261928673118687 -0.43066298694946 -0.115027004277033 0.85597403591295
1461244118.29664 -2.17501942315951 -3.11137707451862  5.54579872394176 0.260522697530881 -0.460478833538199 -0.134265466886873 0.837890179162032
1461244118.41842 -2.18681013807087  -3.1261350077621  5.57544802607066 0.255983658556909 -0.493940257499502 -0.158805979239609 0.815644560780549
1461244118.53646 -2.20733845911747 -3.13959090899546  5.60368200119408 0.250980121374591 -0.524112959126748 -0.1771224729103 0.794318710808413
1461244118.65788 -2.23591668341804 -3.15185416300962  5.62950777169341 0.243567079617828 -0.549093124038687 -0.180112435591489 0.778929604909955
1461244118.77645 -2.26726283368913 -3.16335456589296  5.65925790004837 0.238239872350629 -0.56517359274998 -0.193865283862033 0.765661037923133
1461244118.89652 -2.30085569866967 -3.17696369355046  5.68089139632875 0.235682798520248 -0.573828486121439 -0.207162329373294 0.756477531910811
1461244119.05778 -2.34066627953172 -3.19795196031647  5.69842337844505 0.23777818519072 -0.588093003001127 -0.203986182188264 0.745652594674478
1461244119.21883 -2.37980490932551 -3.21136687522762  5.70895248503052 0.230266734218789 -0.608964898049724 -0.212406897173065 0.72871276514743
1461244119.37657 -2.42420649038637 -3.22656435322582  5.71745540008327 0.23181695524881 -0.616549791439286 -0.227445657863617 0.717213863958534
1461244119.49653 -2.46483402667841  -3.2391866036835  5.72507143249795 0.228787681713502 -0.627651995192633 -0.231588344595505 0.707160525110375
1461244119.61861 -2.50809837233834 -3.25776035667108  5.73741948281948 0.226073577285897 -0.629875167426985 -0.236199222076603 0.704526747968019
1461244119.69654 -2.53674838323076 -3.27305013372136  5.74249691182908 0.225285051608049 -0.633602214157795 -0.237248895376963 0.701076202262428
1461244119.77643 -2.56217698868242  -3.2952326079199  5.76267122909015 0.220335253231913 -0.626223722796401 -0.22779919067937 0.712322787727635
1461244119.85877 -2.58597759678262 -3.31553647696229  5.77965283679556 0.215366963458135 -0.616018097138826 -0.216421033849799 0.726154743257707
1461244119.93748 -2.60852611063202 -3.33393508682091  5.79619606653805 0.209557574466912 -0.601879171038831 -0.202571015819496 0.743499878952924
1461244120.05647 -2.64486053513931 -3.35089076114215  5.80820166654269 0.19923213230461 -0.599168099136383 -0.202976928927358 0.748401304620636
1461244120.2186 -2.69785705874573 -3.37205551617288  5.82203592604272 0.188221347364378 -0.599742910374477 -0.207422315194926 0.74957131015739
1461244120.33644 -2.74799037352212 -3.38384867442794  5.82930940415886 0.180111512613719 -0.603974306398182 -0.223943034817415 0.743387111397285
1461244120.45647 -2.80091659614308 -3.40160743584291  5.83431488215772 0.180475583770892 -0.602667298651947 -0.241537950228069 0.738836997853886
1461244120.57647 -2.85168371229164 -3.42830707937431  5.83319066412937 0.18576585956708 -0.597521328647461 -0.245773734641316 0.740307083980112
1461244120.6965 -2.90197277549954 -3.45681798879079  5.82381628020791 0.197871453702712 -0.594641880046492 -0.258156529544313 0.735257185315442
1461244120.85644 -2.97319198742871  -3.4895740271317  5.80818887956678 0.215172442204704 -0.605904900705983 -0.26482645090004 0.718642485746442
1461244121.01877  -3.0498387583356 -3.51488779981879  5.79166047702493 0.228369850233997 -0.62338252910521 -0.283685119389385 0.691927876983956
1461244121.13646 -3.11171162504386 -3.53815850835538  5.77890375807256 0.243351787280972 -0.636024030286121 -0.293470644131986 0.670916031674988
1461244121.25637 -3.17066439589295   -3.568706769847  5.75857159153354 0.259622854142359 -0.660226720961231 -0.284598879820363 0.644748112165325
1461244121.37632 -3.22173018760166 -3.59734793295945  5.73255218080558 0.269013596047553 -0.685445790870656 -0.285264036377034 0.613530914028907
1461244121.49648 -3.26648009176794 -3.62407172209305  5.69714246839933 0.289638109244529 -0.701278908530441 -0.289398942183513 0.583580251882011
1461244121.61897 -3.31271056389951 -3.64189842423963  5.65052850101822 0.313353495355865 -0.715897601054664 -0.298035837330585 0.548155864165564
1461244121.73644 -3.36562338126711 -3.64883758241427  5.59836686687135 0.334916975089974 -0.728534226211156 -0.31308272118262 0.50896729829369
1461244121.85643  -3.4231991664315 -3.65668944331601  5.53968637412017 -0.355516823731794 0.739208733350237 0.312801061305559 -0.478888016793603
1461244121.97634 -3.48080954466968 -3.66928718653886  5.47637933718453 -0.364376559311745 0.750274222780689 0.30374043424431 -0.460499796156357
1461244122.09624   -3.531473645605 -3.68834667634819  5.40811765794103 -0.366792543531858 0.766723817576947 0.287018284699496 -0.44183517494403
1461244122.21805 -3.58707890540937  -3.7132364414695  5.35105459580214 -0.365723843493421 0.766805822446733 0.271423919588671 -0.452309580748974
1461244122.33863 -3.64315228492932 -3.73701057987882  5.29673341327503 -0.362751315098475 0.768176708967025 0.244408259484193 -0.467526074022429
1461244122.45624 -3.70654754143767 -3.74883397188789  5.23800599880452 -0.360889465859088 0.771552064337573 0.239075916286998 -0.466164039475274
1461244122.57624 -3.77911177263147 -3.76363954628474  5.17629712838597 -0.361221091559369 0.767629382569694 0.242763386123501 -0.470457641436697
1461244122.69664 -3.85214883946474 -3.79381485516652  5.11576711224154 -0.352918943656887 0.767705165730554 0.230436952579185 -0.482675676417145
1461244122.77638 -3.90035840398468 -3.82017064988706  5.07587260691465 -0.35316624229818 0.761244043879721 0.222288114144039 -0.496355825259379
1461244122.85629 -3.94506999698329 -3.84890670223646  5.03581995743343 0.365534417065672 -0.748172906326578 -0.216106605848786 0.50982332928949
1461244122.93624 -3.99074709265417 -3.87684038922473    4.994547620942 0.379370050341482 -0.73744663872012 -0.209983749344248 0.517839400736976
1461244123.01832 -4.03736441891963 -3.90165370239593  4.95027780278901 0.392785362420846 -0.732151845230639 -0.199861326059285 0.519354199885896
1461244123.09619 -4.08931069422159 -3.92300210742338  4.90581268441665 0.398665255925496 -0.726421739335236 -0.186852283569603 0.527696593189548
1461244123.1774 -4.14787848665701 -3.94276040113347  4.86411989165586 0.385730674091579 -0.721506722387551 -0.169776856725016 0.549377571015603
1461244123.25627 -4.20808566758565 -3.96807487430053   4.8251020918118 0.370430051876013 -0.7100334865195 -0.145712250359933 0.580863120522505
1461244123.33628 -4.26673469399085 -3.99550445455022  4.78915384568006 0.343286839212276 -0.704596579314952 -0.120959485525015 0.609152369529035
1461244123.45625 -4.35456589787324 -4.04355382908072  4.74655549274617 0.316929552744927 -0.688471560108805 -0.100635573975718 0.644542512770745
1461244123.5368 -4.41237125995532  -4.0732667517441   4.7263695729526 0.298750375360965 -0.678516162745783 -0.0898350677832092 0.665051645145554
1461244123.61819 -4.47141351554388 -4.09993210905917  4.70977666633356 0.287112763237314 -0.667876749630009 -0.0818878689779976 0.681763364668512
1461244123.69652 -4.52829390978536 -4.12269016443801  4.69497720498941 0.284026230406629 -0.661682262555029 -0.0792340487963152 0.689367572034253
1461244123.7763 -4.58290722444823 -4.14482479004329  4.68750276417176 0.28251313403281 -0.65065316774778 -0.0759458298333889 0.700763166361972
1461244123.85725 -4.63528095535583 -4.16788862116318  4.68423529773741 0.281140948441423 -0.640029633769516 -0.0729200096113072 0.711339937866983
1461244123.9363 -4.68685837595699 -4.19496305965263  4.68692495684217 0.276204799922997 -0.627001484823606 -0.0576777470623395 0.726122113712496
1461244124.01806 -4.73778856804891 -4.22192474566712  4.69074328103408 0.267971375118898 -0.616659101074385 -0.0613933783147148 0.737667776358792
1461244124.09697 -4.78723873986104 -4.25284624911645   4.6955786699406 0.255461311368348 -0.606545878745658 -0.0525417110893151 0.751053249754255
1461244124.22271 -4.85941057952408  -4.3042985433137  4.69623235076467 0.2493097829921 -0.601107623174309 -0.0340820630828322 0.758520052762076
1461244124.29632 -4.90800267893603 -4.33724064841294  4.69858788777639 0.248966976156033 -0.5975565583567 -0.0298317782760462 0.76161123242341
1461244124.3766 -4.95926716681846 -4.36894754353362  4.70643901704814 0.242440527402309 -0.591118425982634 -0.0279262674483212 0.768779370640959
1461244124.45677 -5.01251966651038 -4.40298922927928  4.71721397658161 0.23839007884331 -0.582538316447573 -0.0240142337202869 0.776686936132143
1461244124.53628 -5.06686752425712 -4.43922355171243  4.73172891088141 0.233328980974065 -0.571089471284354 -0.0209793752655271 0.786749177463332
1461244124.61893 -5.11997576980677 -4.48173742000804  4.75415294660721 0.227345765394258 -0.548125460943505 -0.00119532971402249 0.804904313076805
1461244124.69621 -5.16867808655205  -4.5265901332345  4.78010985896993 0.225384144503796 -0.519825454712353 0.00920918032685117 0.823953078176843
1461244124.77611 -5.21372755418109 -4.57070514672836  4.80693722993098 0.223206335145304 -0.495383461858899 0.0143690125641015 0.839385304342188
1461244124.85606 -5.25827129426043 -4.60832374104322  4.83641237168432 0.212238009524196 -0.477643820183099 0.0189272025049226 0.852322221556754
1461244124.93616 -5.30427788324275 -4.63739905013237  4.87173877701049 0.184505416829006 -0.467017903295157 0.0123920569705444 0.864695591573468
1461244125.01799  -5.3429035421492 -4.67223225623817  4.91254222928828 0.179196436258349 -0.445555628625882 0.0226520505035628 0.876844172952119
1461244125.09618 -5.37896014319587  -4.7002107662885   4.9572137636085 0.168947712937182 -0.435810247174095 0.0345617976325905 0.883363787403442
1461244125.17619 -5.40626661631098 -4.72548180553815   5.0075766032531 0.160428757167085 -0.413325376825511 0.0346717697772942 0.895668808838616
1461244125.25628 -5.42861979760003 -4.75233280733592  5.05984535717679 0.156659398097496 -0.392984121893401 0.0443985203717013 0.905013858632124
1461244125.33628 -5.44604930898015  -4.7813255662421  5.11118839846706 0.159156214952415 -0.374111462224666 0.0519139178737399 0.91214848473543
1461244125.41785 -5.45850775805645 -4.80844227061502  5.16570594413287 0.147378064041476 -0.352236815116659 0.0587735869618133 0.922363593054009
1461244125.49615  -5.4655775721846 -4.83886777900132   5.2163720263687 0.140857743847315 -0.335454459969569 0.0704247111736973 0.928800172987102
1461244125.57605 -5.46457963806989 -4.86957694015642  5.26123325462313 0.143961259925279 -0.31505943830161 0.0796711929407551 0.93470059751409
1461244125.65607 -5.45806282730652 -4.89427274992532  5.30408666478987 0.138516611656774 -0.292040453655156 0.0872120692818151 0.942294845945578
1461244125.73615 -5.44521506311076 -4.91605807808326  5.34278461908212 0.133497969094034 -0.269615986199831 0.104426426385132 0.94793493115598
1461244125.81806 -5.42741968738328 -4.93376783890296  5.37870952186241 0.128278225024218 -0.242012669873299 0.117132499395263 0.954596533720321
1461244125.89622 -5.40825300290958 -4.94645277105758   5.4109008208259 0.121425822523402 -0.215055750871853 0.122820042790549 0.961208630178894
1461244126.0182 -5.37860020604547 -4.95413221704065  5.44846205636681 0.113595739372242 -0.18088769443413 0.133749053815072 0.967722501858023
1461244126.13671 -5.35072860775708 -4.94640664013199  5.47528077340047 0.1052213667927 -0.150300484422915 0.131816345712894 0.974147154877235
1461244126.29624 -5.31760265532009 -4.91195244295367  5.49444854394028 0.0870242679442084 -0.117184510325553 0.127039185213704 0.981099185989252
1461244126.41852 -5.28340701846458 -4.87118422938735  5.49208722806924 0.0735924690835036 -0.0965234803916487 0.128585572090722 0.98424240757924
1461244126.53608  -5.2397477492334 -4.82724651416036  5.47806605308796 0.0634547927877748 -0.0731323642757083 0.117250794678212 0.988371083002246
1461244126.6561 -5.19402803793822 -4.78431944445541   5.4566468182267 0.0669238341240096 -0.0666944179699392 0.111439076535068 0.989269623135576
1461244126.77622 -5.13835327212977 -4.73064958502731   5.4295561251989 0.0622793846887957 -0.0576226110840375 0.104473605107512 0.990901699852454
1461244126.89644 -5.07207021818875  -4.6712973344532  5.39629449971488 0.0595928247169771 -0.0430364343190985 0.101526536817339 0.992113361912452
1461244127.01854 -5.00304786203764 -4.60682982470284  5.35747160489854 0.0567367264648589 -0.0314233775232905 0.105740113033065 0.99227644520609
1461244127.13606 -4.94304357773047 -4.54104692039887  5.32180658089903 0.0391765470824727 -0.0303630911294848 0.0996502725530415 0.993787252904696
1461244127.25606 -4.88985025985744 -4.48305690135668  5.29232328615331 0.0424664334239953 -0.0326018404718407 0.111251099850123 0.992349189958974
1461244127.37706 -4.84234545660219 -4.42042152963547  5.27335677077879 0.0216770027417367 -0.0292643903998313 0.103343575899985 0.993978776597803
1461244127.49604  -4.7985461646171 -4.36241219811192  5.26367794947461 0.00594428645084846 -0.0340307508819414 0.0972708718216634 0.994658208103696
1461244127.61973 -4.75114951475968  -4.3134126019369  5.26570514849307 0.00126731044836237 -0.0332664711578053 0.0907497821499641 0.995317141850108
1461244127.69601 -4.71484399703414 -4.27879787159503  5.26972304369813 -0.00974966966247516 -0.0275810950395121 0.0848693131029776 0.995962562966763
1461244127.77608 -4.67574416024733 -4.24442885300705  5.27496419263114 -0.0330673643694275 -0.0154094084392139 0.0808921687592726 0.996054996764051
1461244127.85581 -4.63498071287733  -4.2191834932692  5.27792994502563 -0.0410145860304936 -0.00455921674460315 0.0825333257253004 0.995733532336912
1461244127.93605 -4.59717585556533  -4.2011834513749  5.28029743816155 -0.0388650314864612 -0.00190654511445061 0.0886478434319929 0.995302684748785
1461244128.01813 -4.55668004743387 -4.18490831457402  5.28385762965887 -0.0371701937251705 0.00586678843139023 0.0947667765058102 0.994788025441919
1461244128.09599 -4.51415774694097 -4.16788281260012  5.28715152459769 -0.0371698697475446 0.0206393063412078 0.105840127728261 0.993473848261327
1461244128.1759  -4.4731123252091 -4.14823124102959  5.29435980825317 -0.0384716063534021 0.0376954579930552 0.118704482671911 0.991467716945376
1461244128.25615 -4.43279316713993 -4.12348081200175  5.30376821299144 -0.0473037834310541 0.0495464457551199 0.122943126517228 0.990046710730515
1461244128.33597 -4.39616985172734 -4.09772474809379   5.3163024805438 -0.060387595258427 0.0565547789697414 0.128680490949766 0.988228833096624
1461244128.41808 -4.36023424687883 -4.07448985210164  5.33097339294143 -0.0643184790928146 0.0609887963575204 0.138224741270968 0.986426591727242
1461244128.49592 -4.32235409611403 -4.05189252590647  5.34758867146877 -0.0687177186701522 0.0670049989560997 0.144801782067931 0.984794724379459
1461244128.57589 -4.28202321390418 -4.02934607895799  5.36684807708358 -0.0740792499572599 0.0701141813400253 0.151731672494518 0.983144834631604
1461244128.65597  -4.2362782011042 -4.00753500441295  5.38672247933328 -0.0824462688572637 0.0790211204350788 0.154595414701492 0.981355457023588
1461244128.69598 -4.21133815102681 -3.99666157514186  5.39579904912687 -0.0894447934523723 0.0848351214483927 0.15276172023318 0.980543975517926
1461244128.77587 -4.16218167957105 -3.97765823531427  5.41369915398157 -0.0987690174922673 0.0988263790062459 0.15654415506349 0.977738183519281
1461244128.85653 -4.11065921081028 -3.96167651704799  5.42937171738699 -0.108226785586713 0.123712184276233 0.167548989372414 0.972064604079098
1461244128.89615 -4.08404446195369 -3.95465641059999  5.43719050226955 -0.113697778538375 0.142501814736467 0.165801764654087 0.96916243364559
1461244128.97586 -4.03694289948585 -3.94090931084899  5.45473496053587 -0.12113142547505 0.170949072499022 0.173000945277913 0.962379480925822
1461244129.05619 -3.99664141410742 -3.92487609859649    5.477066005974 -0.132684022605304 0.187360068915301 0.178585820680022 0.95676447434746
1461244129.13586 -3.96081437488522 -3.90529779206371  5.50658240854514 -0.146241304741635 0.194792941820213 0.186305271813978 0.95181906699688
1461244129.25621  -3.9106491908351 -3.87417666186446   5.5593838087766 -0.160404771600425 0.220546880486008 0.207332222402128 0.939490677074286
1461244129.33597 -3.87321005006223   -3.855096422651  5.60081052755861 -0.171967706180011 0.241295556552006 0.21453388628343 0.930687258994971
1461244129.45594 -3.82090032811095 -3.83559161337851  5.66403839954968 -0.180591439375166 0.267828999768839 0.236851558400014 0.916272720422645
1461244129.53591 -3.78308865058807 -3.82670846054556  5.70268041929818 -0.188652169404918 0.289377816923588 0.253523685168515 0.903546666813581
1461244129.65611 -3.72940533929107 -3.81559204316077  5.75546475067353 -0.208253302983228 0.31537427610116 0.266509287659539 0.886646731997276
1461244129.73597 -3.68622957561381 -3.80728725004234  5.78996305090134 -0.21087669300228 0.336912836845003 0.275059292973913 0.875421696136305
1461244129.85612 -3.62004849684094 -3.79152873875486  5.83846950296653 -0.204143841171643 0.373675059545228 0.283130061332242 0.859377455112454
1461244129.93597 -3.57417101863067 -3.77161970852894     5.86894137643 -0.213298211691278 0.39864028891336 0.285165458100186 0.845145226840267
1461244130.01878 -3.52772769019798 -3.75053613467884  5.89785919064342 -0.218773250545713 0.418616772918416 0.292053320084401 0.831626791598679
1461244130.09579 -3.47953112978405 -3.73240293107796  5.92311387934407 -0.222167386903848 0.443773457954339 0.299421615308353 0.814894757927489
1461244130.17584 -3.43211528663163 -3.71560861267092  5.94537150273377 -0.23094457671607 0.463914149998593 0.31365478252837 0.795656295968051
1461244130.25582 -3.38397788932327 -3.70129736014061  5.96281181885234 -0.244132710843283 0.485683803541393 0.315817285940935 0.777669534169095
1461244130.33611 -3.33384148288232 -3.68765239613992  5.98013965225586 -0.247440187296752 0.513778810351218 0.323206948747467 0.755209875482298
1461244130.41995 -3.28270092648476 -3.67351565313082  5.99282946681493 -0.249528144764016 0.545545671914492 0.326985804080743 0.730202649102058
1461244130.49591 -3.23308447865568  -3.6558960918656  6.00382751359169 -0.264015399758482 0.577941261986425 0.323771405816396 0.701036263797803
1461244130.57606 -3.18447935597397 -3.63532404477746  6.01699848034472 -0.271596740971133 0.605949340624978 0.324138184962331 0.673791543386632
1461244130.6558  -3.1334368531943 -3.61414161176631  6.03075119921838 -0.266288627861246 0.637288033759164 0.326746901299437 0.645128507500923
1461244130.73587 -3.08735612403291 -3.59258498562869  6.04481840678185 -0.27011861362889 0.657312187250215 0.333602819191128 0.619423750021967
1461244130.81776 -3.04346419689851 -3.57287294152413  6.05857667729729 -0.288895926503056 0.66426357326041 0.336503817392549 0.601712746889655
1461244130.8958 -2.99695890261725 -3.55576779742737  6.06693712919537 -0.292168607287285 0.677698020472066 0.340917017116346 0.582355978250885
1461244130.97628 -2.95223018657471 -3.53704518825627  6.07194777532319 -0.286955086145857 0.692473307884757 0.350924966473335 0.561238954731276
1461244131.05579  -2.9068700230612 -3.51804752332845  6.07414525539282 -0.290078385513148 0.70333985426042 0.347491169398569 0.548103518376804
1461244131.13614 -2.86270743081996 -3.49524583422669  6.07592007964383 -0.289198194908539 0.713730485103764 0.34482960281715 0.536698932098952
1461244131.21829 -2.81907726267717 -3.47076857053496  6.07891381156394 -0.293575947836879 0.716544379266165 0.338369232193396 0.534680818899085
1461244131.29561   -2.777866739692 -3.44638722567764  6.08197447451738 -0.295762371433726 0.717724776071756 0.335137250819699 0.533927699758741
1461244131.41789 -2.71704056819738 -3.41522809653631  6.08703380663706 -0.297347079299968 0.714650803749373 0.33185225136834 0.53919664909374
1461244131.57566 -2.63983564753026 -3.38275749456893  6.09528888213208 -0.303546810137784 0.701661123644877 0.325381405368705 0.556469174942217
1461244131.73632 -2.57422029779796 -3.34865829593935  6.10933893126856 -0.303069077415842 0.690641127502163 0.324093500055754 0.571075625936235
1461244131.89757 -2.51193314489105 -3.30869516622957  6.13035128592015 -0.306919826936566 0.672733804751003 0.328550004451824 0.587609004656306
1461244132.09599 -2.43329410871014 -3.26627470031291  6.13724826302755 -0.30938264311363 0.671286331356216 0.308027990326857 0.598978963444906
1461244132.29562 -2.36008364795234 -3.23788036128699  6.14662991567606 -0.307760254526295 0.660782771397413 0.284262889755358 0.622771518509155
1461244132.49572 -2.29956665356896 -3.21450097249224  6.16755027391098 -0.301972469960348 0.64062068020157 0.27513167877477 0.65016946315457
1461244132.65576 -2.25343852985466 -3.19009043336878  6.18841084723142 -0.298628743793314 0.61641653988315 0.268781420113672 0.677206077158636
1461244132.77562 -2.21554164198016  -3.1702577653997  6.20728329554792 -0.286801857580897 0.589652922260167 0.267382582622382 0.70608829495211
1461244132.89574 -2.17354978033946 -3.15658500983452  6.22472826853796 -0.275075155166734 0.562675166063903 0.254246810078386 0.736945639833714
1461244133.05576  -2.1218466620978 -3.14374435952971  6.25143685228656 -0.263286939441455 0.519589317197321 0.248421369002334 0.773946866649759
1461244133.21878 -2.06358135878179 -3.13940668197875  6.29825285486037 -0.261579540330498 0.467797113589637 0.218170124230339 0.815563487100182
1461244133.33564 -2.01347943236935 -3.13497572146362  6.34809585107039 -0.255733987203074 0.430485004774604 0.179658747652148 0.84676178636349
1461244133.49716  -1.9379766342861 -3.11725462540211  6.42418905186687 -0.233102931370404 0.406593860206289 0.164401064843593 0.86793821560487
1461244133.69562 -1.81843595500489  -3.1002563915054  6.51258816312011 -0.21643804630934 0.431839869106781 0.180854466690618 0.856714982615389
1461244133.8556 -1.71578093643568  -3.0876568847841  6.57656400661001 -0.190082699238318 0.469633380346242 0.215055104646962 0.834903801332897
1461244133.97563 -1.63521789130898 -3.06818506711191  6.63225907118717 -0.184990332674058 0.504118216612136 0.230240032371235 0.811562029662942
1461244134.13553 -1.52984142926899 -3.03606776195932  6.72371712747104 -0.179098427992076 0.518771352962594 0.244519943991779 0.799381031440191
1461244134.2556 -1.44686921395201 -3.02005632137085  6.78967927547423 -0.176431507122309 0.519476882604698 0.252520762519094 0.797025066249883
1461244134.41784 -1.34434353915173 -3.00363495643663  6.85930751171533 -0.193341049706596 0.524952633820804 0.243667296637146 0.792256410067156
1461244134.53554  -1.2653479203583 -2.98488143463029  6.91340375424792 -0.204571183838709 0.535052693960659 0.245312954858428 0.782106642093581
1461244134.65552 -1.18063322402484 -2.95327348015694  6.96562111677499 -0.209835878005878 0.562704985418574 0.252325450186036 0.758725161619805
1461244134.73555 -1.11920231523304 -2.93426814287651  7.00025145594502 -0.21175073761698 0.589109162114341 0.244686252021739 0.740432750695941
1461244134.85556 -1.03440633785104 -2.90666433157682  7.03326713621704 -0.231372336286185 0.618477451836248 0.251071611495925 0.707753862209492
1461244134.97563 -0.946383859939682  -2.87590028960709   7.05919876021417 -0.242732602786903 0.647900119950207 0.26487086611223 0.671676813949804
1461244135.09564 -0.860177516719848   -2.8359203203914   7.07763771965683 -0.259490460466214 0.666977435408419 0.270072505023223 0.644101423390387
1461244135.21807 -0.775388120447697  -2.78379218452396   7.08512602580544 -0.267747572337747 0.695196699535838 0.266285916174713 0.61164090552277
1461244135.29547 -0.717575989265664  -2.74822896237179   7.08535317919704 -0.280413649898743 0.713185434886628 0.262776310904565 0.586245111573157
1461244135.37559 -0.660660928609974  -2.71693245467057   7.07624146066245 -0.273670005515506 0.732327874232098 0.26679990363997 0.563576458097339
1461244135.45557 -0.603588720869501  -2.68912223786173   7.06590964113902 -0.277396164709427 0.743022421282161 0.277425820891339 0.542221323058455
1461244135.57545 -0.516822135370205  -2.64937015308689   7.04362336026918 -0.283181039837721 0.75940185055558 0.279844411969543 0.51459152066334
1461244135.73553 -0.413742161583087  -2.58226427102412   7.00570205828345 -0.292243317580463 0.776792820348487 0.289272337715459 0.476978272269546
1461244135.85549 -0.340260261017788  -2.51957787246787   6.96227324636818 -0.308869217233336 0.795057906142169 0.282874336422695 0.438708151645163
1461244135.97549 -0.266605731519595  -2.46508586750235   6.91164166936934 -0.314918894568347 0.813070866271736 0.278874072775068 0.402456342722816
1461244136.09837 -0.200298556940284  -2.43333998035243   6.84129053399361 -0.318717542372567 0.845976931438067 0.263596003181403 0.336540200816207
1461244136.21784 -0.129408696298435  -2.40319075746004   6.76642905596014 -0.308569677929925 0.86704067621089 0.250930963329664 0.300098102793788
1461244136.2955 -0.090787428906033  -2.37598345934017   6.71542090180816 -0.317072361519902 0.873089417148145 0.240973614967839 0.281268028957145
1461244136.37591 -0.0657586042958915   -2.34611790510712      6.658037828841 -0.31974957698433 0.887029651204819 0.224834761307123 0.245739569483157
1461244136.49545 -0.0397617331704032   -2.29365601496724    6.57314936973681 -0.328933741002704 0.896612481324267 0.220678349358631 0.197963932290347
1461244136.61745 -0.0201571220193571    -2.2426295001239    6.48157723557911 -0.332997310350728 0.896408921543043 0.241757074321079 0.164673475984849
1461244136.69551 -0.0116812129888791   -2.21579635689756    6.41723680792155 -0.338224440109922 0.898497771785646 0.244417861299357 0.136256710977505
1461244136.77546 -0.00916542045176902    -2.18995683343912     6.35411837161487 -0.337094644264588 0.899810247255316 0.256201576171857 0.105211558820858
1461244136.89551 -0.00837366951967513    -2.14634250794307     6.25612176735278 -0.343983974127008 0.897649617991518 0.267278867551664 0.066799669338792
1461244136.97539 -0.0144398738910058   -2.11986212338571    6.18562535763054 -0.348810009754407 0.900392738773051 0.258129903962752 0.0315189742865201
1461244137.05553 -0.0236296807651331   -2.09523549778067    6.11386154877794 -0.350268597783603 0.903564012430131 0.246718970194158 -0.00370602134454853
1461244137.13588 -0.0321517393765919   -2.07541420743739    6.04343879869187 -0.354781396801353 0.902017660776799 0.243333767992446 -0.0358186750876059
1461244137.21535 -0.0445960729651308   -2.06239280372552    5.97326603760309 -0.354400807183285 0.900489322147265 0.240340973955229 -0.0758634615928318
1461244137.37534 -0.0650358542940826   -2.03747459214551    5.82587179464261 -0.362765695256024 0.894709244383639 0.243362052236924 -0.093119975788789
1461244137.4954 -0.103961837578422  -2.02177012267389   5.71941903325554 -0.362188540852986 0.895203470638632 0.225961564141767 -0.127951469557558
1461244137.61782 -0.149033845505968  -2.00671997293738   5.61337775964374 -0.3709784475387 0.892494137137416 0.212360387083069 -0.143987057178914
1461244137.73541 -0.194390210796832   -1.9970231999703   5.51309432974304 -0.366967113232551 0.890912725282426 0.222956593568595 -0.147986523440133
1461244137.85537 -0.237955759927601  -1.99441265900022   5.41279867099579 -0.364529873865051 0.889500326703297 0.228399394029984 -0.154080682310904
1461244137.93537 -0.264727675914146   -1.9882581411904   5.34697287004264 -0.367574047276768 0.886711004126612 0.240528833032908 -0.144148518581287
1461244138.01732 -0.295669646162405  -1.97907434110635   5.28081218747617 -0.373066933665196 0.88448266343516 0.24346926891624 -0.138687404553135
1461244138.13529 -0.349351329052864  -1.96134420197184   5.17696252684989 -0.382413631437752 0.88342476256607 0.236884172898771 -0.131173137515803
1461244138.21789 -0.387514705693947  -1.94608617994658   5.10428290990291 -0.386988818015682 0.882031588407993 0.238394012096354 -0.124210413323125
1461244138.29537 -0.424700288677481  -1.93573963240727   5.03155912278347 -0.395754221087842 0.875618493254929 0.247183418293294 -0.124784648422654
1461244138.37527 -0.458276791668755  -1.93597110781332   4.95981732948639 -0.401203544448237 0.871861289872405 0.247405013432915 -0.132982579582655
1461244138.45536 -0.487301332854906  -1.93634635899549   4.88511165335207 -0.396947991047273 0.875738110502788 0.242052106204181 -0.130099316288212
1461244138.53535 -0.514171953107498  -1.93604094132842   4.81095810464065 -0.405981404107007 0.872931650917464 0.243315328044029 -0.118182416139796
1461244138.61541 -0.545966250700491   -1.9330839070149   4.73504222098722 -0.414450490041755 0.8727423896566 0.233870366067984 -0.108886015979386
1461244138.69693 -0.582939475092997  -1.92817904035652    4.6572157185905 -0.410167950135875 0.878662714906306 0.220598466388346 -0.105120895838668
1461244138.77536 -0.618131340174942  -1.92724129608992    4.5788027335512 -0.413670295118193 0.881043779440754 0.205727130938954 -0.101563247492417
1461244138.85531 -0.649236419945928  -1.92592343756069   4.50119208660054 -0.418096680160074 0.880987019066211 0.20197921469867 -0.0908924370102689
1461244138.93532 -0.677080843499566  -1.92363956485502   4.42563160302419 -0.412602685318647 0.884116359105515 0.204780345379162 -0.0785003043066757
1461244139.01886 -0.703372642536634  -1.91950470917458   4.35389822257986 -0.410145923822806 0.884437802353063 0.208982577925534 -0.0766575310326398
1461244139.09638 -0.72569093339701 -1.90747812904249   4.2822891150279 -0.409199565020008 0.883765153193751 0.215580670285594 -0.0709918628229711
1461244139.17531 -0.741005709590773   -1.8869077020491    4.2072713656516 -0.406210588436282 0.885688427682195 0.219626878690073 -0.0480936697388226
1461244139.25515 -0.759907412047343  -1.86378825092116   4.13155445422987 -0.407033280173963 0.886331335709426 0.217256435388074 -0.039246827296439
1461244139.33534 -0.780278551219499  -1.83909762846866   4.05220557858958 -0.409159151227833 0.88640550757806 0.214107513876405 -0.0321253420754628
1461244139.45531 -0.809953565940287  -1.80697649909059   3.93135601133873 -0.418046088725137 0.879602792619293 0.225252941366536 -0.0282401721609552
1461244139.53522 -0.824607262019659  -1.79240316086224   3.84687807671763 -0.429122570538347 0.872642711070616 0.231715540726446 -0.0256208207467547
1461244139.69524 -0.851377765209945    -1.768810160636   3.68173495752053 -0.421317092010749 0.874374225171058 0.2402192514337 -0.0160104208798893
1461244139.8553 -0.880493482935457  -1.75486699453435    3.5300048754601 -0.418582797655107 0.883083455827159 0.210627973801733 -0.0242468184255544
1461244140.05528 -0.904049440486457  -1.72209051968156   3.36881347496195 -0.421435482439703 0.880491837428635 0.216087642037054 -0.0207939731948196
1461244140.21774 -0.918478213084869  -1.69503886020142   3.24818412714255 -0.405168959198814 0.885626072070783 0.225973760651652 -0.0209865306131632
1461244140.33521 -0.931653022747243  -1.67763077764567   3.15318781917264 -0.409882413816434 0.885011497597623 0.219403618427525 -0.0247610214840897
1461244140.45521 -0.94186133067881 -1.66246979456937  3.05088594817199 -0.423779760151863 0.88132958856684 0.204224623127502 -0.044285150001589
1461244140.57511 -0.947354001704504  -1.64793834320886   2.94114415951478 -0.421328577337702 0.883749747529784 0.192519599771567 -0.0663687981164916
1461244140.65594 -0.94975768802777 -1.64424442852903   2.8662050605597 -0.41674334507046 0.885588679677648 0.187700922364207 -0.0826198433181101
1461244140.7352 -0.955091319130935  -1.64817537428417   2.79074399436445 -0.401956518455497 0.892908339827871 0.171366207169746 -0.10853237755263
1461244140.81744 -0.969596595124398  -1.65873086735713   2.72063033118732 -0.385187321050385 0.89838816736764 0.154105726694312 -0.144155656967944
1461244140.9352 -0.995123124000954  -1.67542002964444   2.62352094502347 -0.365747361001086 0.907208389960325 0.120236593014314 -0.169543406851006
1461244141.09521 -1.03038447353285 -1.67281554616065  2.50571074678082 -0.381809049210463 0.900755402437611 0.113071061899255 -0.173425747458198
1461244141.2559 -1.07738539477744 -1.66583970816918  2.41145795414654 -0.387390202196557 0.892934164530625 0.123747250635266 -0.193090722242985
1461244141.37554 -1.12005645116695 -1.67128486233966  2.34911631230492 -0.384430114507811 0.889370974521832 0.120839370022493 -0.215941203548942
1461244141.5352  -1.1778796046114 -1.67543564963743  2.27136799513695 -0.396363374503016 0.881635339009849 0.123945927521237 -0.224170942391003
1461244141.69516 -1.24614621580725 -1.68489768232241  2.20921930423242 -0.422308259592682 0.864768664456103 0.122874431056111 -0.242348437270068
1461244141.81514 -1.31076112848857 -1.69636739506303   2.1688791283121 -0.432787626184972 0.850695945567868 0.120773798969894 -0.272809399211148
1461244141.93803 -1.37861733709005 -1.70828838046808  2.13440122249853 -0.441590663837374 0.836380143153214 0.130581923440926 -0.297345427106495
1461244142.05506  -1.4530774197349 -1.71004476486226  2.10466785687376 -0.423679510603785 0.839066350657858 0.146508890611249 -0.308218228630467
1461244142.175 -1.53051613305892 -1.70524177170013  2.08056361554461 -0.394440150436216 0.849651992822719 0.15602627916042 -0.313311760116966
1461244142.25553 -1.58285940770792  -1.7075226869909  2.06355821123948 -0.394344306626438 0.84489891556198 0.164676989407393 -0.321745053533416
1461244142.33514 -1.63330095436134 -1.71366910998034  2.04238297746958 -0.391452904060416 0.843509493957561 0.176388533876736 -0.322712631644534
1461244142.41637 -1.67818632276796 -1.72707274425414  2.01871705071847 -0.399856946275134 0.841404684741033 0.175796732922444 -0.318195046638318
1461244142.49514  -1.7221036956396 -1.73742282068984  1.99567099349197 -0.401923373181461 0.842767726064989 0.183706426779042 -0.307330621243247
1461244142.61506 -1.78597984001889 -1.74456266765363  1.96512366928667 -0.385158434768374 0.852483222071487 0.193296885869828 -0.295908178539255
1461244142.73518 -1.84861904576713 -1.74347263695735  1.93753622907792 -0.365182756583975 0.856229310346825 0.207727878146732 -0.300602812756942
1461244142.85515 -1.90525616721003 -1.72930750096322  1.89428374409654 -0.357937247772256 0.861920958807616 0.213726318252028 -0.288607429412022
1461244142.93509 -1.94246434972999 -1.71249383027075  1.86340289126063 -0.351154517589024 0.865501755452542 0.231105004956567 -0.272374177868266
1461244143.01705 -1.98049951624194 -1.69807286110009  1.82581258732999 -0.355584957412636 0.862358502482899 0.242798912409426 -0.266356601927013
1461244143.09517 -2.01735358202365 -1.68821164257124  1.78450193295555 -0.355973316509703 0.863007776243583 0.243608258684587 -0.262974508986808
1461244143.17484 -2.05393670266809 -1.67993202516344  1.74246038193197 -0.347300921115106 0.864175416623511 0.250042090000535 -0.264692033737973
1461244143.25513 -2.08615510584306  -1.6757988071677  1.69577511041092 -0.349174275219282 0.861659607767317 0.257388603448961 -0.263384040294692
1461244143.33506 -2.11351876473599 -1.67418878157129  1.64699817596229 -0.347172325506669 0.864565313636407 0.260501118684089 -0.253253552834725
1461244143.42084 -2.13951389859888  -1.6744625378153  1.59893648228944 -0.347347030567068 0.865706062749562 0.25992870128569 -0.249680042299795
1461244143.49502 -2.16560436370991 -1.67030911311993  1.54809447290542 -0.342121422488745 0.86746854338417 0.263967087400768 -0.246521064581466
1461244143.57497 -2.19178935973027 -1.66465564823654  1.50237443528503 -0.344551545786196 0.867929204340927 0.26758102083998 -0.237452154832721
1461244143.65605 -2.21690224439662  -1.6557273036749  1.45178194468114 -0.351097261516923 0.868310710094307 0.269122290650133 -0.224366700662249
1461244143.73679 -2.24198324697284  -1.6432738302781  1.39887320231363 -0.35951324414975 0.86864259771317 0.271388699521599 -0.206296966751848
1461244143.82126 -2.26568623280464 -1.62716008969808  1.34177700789705 -0.366156166864511 0.867965118678191 0.277719355051434 -0.188250296294207
1461244143.89646 -2.28917968335853 -1.61194690173868  1.28778287269593 -0.370160553182717 0.868082361750711 0.284291364886738 -0.169093459174529
1461244143.97617 -2.30507491224463 -1.59582957095715  1.23184842708846 -0.382709644198157 0.861927184103564 0.297898749783696 -0.147889122041928
1461244144.05497  -2.3121801333574 -1.58155118968301  1.17499182931011 -0.399907282579474 0.85400843883049 0.307461673415801 -0.12732270467817
1461244144.13745 -2.30630619569874 -1.56849282700827  1.11870651108935 -0.415571141834943 0.85114072661719 0.305925601901821 -0.0962788433071905
1461244144.21797 -2.2959223023055  -1.553403307834 1.06710380018381 -0.416211105399228 0.854546435847923 0.302219473248853 -0.0719867676114895
1461244144.29488 -2.28126219043311 -1.53277658764772  1.01692720966844 -0.412096838036226 0.859552054756063 0.299050350712001 -0.0437647002069391
1461244144.37778 -2.25755809564481 -1.50697091420559 0.966402092887778 -0.41704673890651 0.858769258382029 0.297629133088105 0.00206822693346625
1461244144.45611 -2.22651491833439 -1.47333269327988 0.916771927309292 -0.430984072479319 0.851505147560868 0.293236153337549 0.0566062834169703
1461244144.53495  -2.1892948554877 -1.43569187657487 0.870690153123764 -0.435664813695724 0.845192889098792 0.287433551833353 0.115009145744024
1461244144.61772 -2.15082284443219 -1.40206132873185 0.827761974044336 -0.433516279808294 0.842854768828492 0.273744637556449 0.163472772085555
1461244144.69505  -2.1121218718165 -1.37427736444858 0.789065378419052 -0.417558930348733 0.847481814942467 0.257029211807983 0.203359527205418
1461244144.81728 -2.05899426241629 -1.33770882134705 0.747688707430891 -0.397122341169298 0.838358275599655 0.262203038841829 0.265892486354726
1461244144.9352  -2.0105290624447 -1.31043960435004 0.722685121459248 -0.394756573836145 0.815591450181944 0.264857608400903 0.329891317065812
1461244145.05493 -1.96439811448071  -1.2852325754927 0.702262695866406 -0.392123683931912 0.789049725836286 0.269162070979727 0.388833288445385
1461244145.17485 -1.92031686639788 -1.25072679952089 0.676944028761348 -0.388247213223429 0.766394736765585 0.269179352136008 0.435253587309617
1461244145.29517 -1.87403734147708 -1.21530111524034 0.648467576286751 -0.367204850809138 0.750896567530406 0.271157730644016 0.477271859138249
1461244145.45531 -1.81158529202375 -1.18089452283743 0.602502272518847 -0.330099523309007 0.743993172573547 0.263425794585422 0.517798527056763
1461244145.57486 -1.76454062865088  -1.1571773333839   0.5767322720239 -0.310764109439804 0.719276391057802 0.265441726955147 0.561789846065251
1461244145.69491  -1.7155579482722 -1.13039540962239 0.554604359139154 -0.30879199776633 0.688083387607273 0.269057274582658 0.598996608344764
1461244145.81493  -1.6614547063759 -1.09177187361596 0.535259430184831 -0.301225848346224 0.658303355098696 0.263022038204517 0.63774531622948
1461244145.93489 -1.60019931806598 -1.04243021601269 0.518970659133719 -0.293382038540488 0.633126623165844 0.251490403710016 0.670693846208697
1461244146.05495   -1.5264601185642 -0.992081523927295  0.497582549582648 -0.282133783618995 0.622471526116919 0.232568576227716 0.691983803759826
1461244146.17524  -1.44817560702793 -0.956348643505227  0.478153590984636 -0.259507502530903 0.60559895679166 0.219293646291091 0.719594369321623
1461244146.29778  -1.37777343410664 -0.925817777678485  0.457644483608117 -0.26326143074726 0.577021776051211 0.211870416428438 0.743538980609659
1461244146.41719  -1.31040616595586 -0.890636438984193  0.438713194364581 -0.255316628387656 0.554048715745204 0.221112166741834 0.76088951206373
1461244146.49484  -1.26599136524361 -0.861372070897928  0.428413870472179 -0.255469812426748 0.536048297558059 0.217683628459892 0.774597466768569
1461244146.57476  -1.22123431595952 -0.829204107183303  0.414747528548146 -0.248312008659728 0.519583760008121 0.211503298894691 0.789708944642175
1461244146.65487  -1.17329523354225 -0.796754913682406  0.402845374521576 -0.233897643795069 0.507986643170593 0.206259842618482 0.802931092878079
1461244146.73644  -1.12504126451117 -0.767658675037733  0.386186719013475 -0.222292789399927 0.493535458823462 0.196303248428013 0.817602410295691
1461244146.81694  -1.07902616178038 -0.744524964477532  0.371478242643126 -0.208212004364582 0.471955290409585 0.18959340329997 0.835440187277355
1461244146.89491  -1.03501243374763 -0.723511228428991  0.354289968082944 -0.202645295104969 0.445098757531764 0.185662385572098 0.85226255285515
1461244147.01717 -0.973142208901596 -0.696490574480772   0.33056122732097 -0.199506222503001 0.419359098466453 0.176891493165768 0.867781431791192
1461244147.09489 -0.932214630451618 -0.673182104408926  0.317564606166288 -0.194557491361374 0.406277980369217 0.173731098118097 0.875730033040411
1461244147.17484 -0.891189099471561 -0.643259120186233  0.308856137740764 -0.190190113443409 0.392756087725194 0.167205406557236 0.884088642796192
1461244147.2548 -0.850640285538951 -0.611534283822985  0.304768404251758 -0.184793541597653 0.37591790893199 0.155866065546648 0.894562933693882
1461244147.33491 -0.808779999723477 -0.574476200224571  0.302445688145836 -0.179235228808846 0.368227494921683 0.151719865447119 0.89959120002713
1461244147.41768 -0.767305828843879 -0.542237138238009  0.302475465495964 -0.173996646784321 0.3604804910388 0.143887058662665 0.905027898375318
1461244147.4948 -0.729572305991985 -0.517995541250244   0.30555553528553 -0.156783451688376 0.346980136988683 0.141518542031786 0.913781284593415
1461244147.57488 -0.700956542777414 -0.498681248223295  0.309585374677698 -0.152097865827309 0.315553441236279 0.135926711561729 0.926723364342744
1461244147.69479 -0.665636983278003 -0.482466989249456  0.305349659934434 -0.150004237029897 0.283580034625794 0.112534133554189 0.940434559988051
1461244147.81697 -0.643775329981645 -0.486986004998962  0.297573124032184 -0.130703868803949 0.248132492122124 0.101863370082052 0.95444780835228
1461244147.93475 -0.632608037124432 -0.516431399298895  0.286524198725382 -0.089421763154189 0.210021614191678 0.0715936256564396 0.970962935756089
1461244148.01645 -0.636949886626816 -0.542022720522798  0.275924407912988 -0.0534251012737105 0.177832414242542 0.0567807563803428 0.98096755129996
1461244148.09471 -0.649006190743782 -0.570316748733798  0.258048022142353 -0.0194710127226589 0.140657907855197 0.0435639373005156 0.988907688304743
1461244148.17548  -0.66520462330684 -0.603268861647863   0.23051245052841 0.0193972184865469 0.107216420350067 0.0291566574218563 0.993618778229502
1461244148.25462 -0.687582254656124 -0.636484226898097   0.19704375449119 0.0552888392658273 0.0693049591566088 0.0191182566334672 0.995878737172471
1461244148.33475 -0.712677980071735 -0.666935009923061  0.157316265963154 0.0797240355531697 0.0383974128897374 0.0152812885987293 0.995959938480085
1461244148.45466 -0.754630033258518 -0.697930122484642 0.0978920486228755 0.101944967512841 0.0114009595600108 0.0222110363838661 0.994476702383053
1461244148.57502 -0.808808125552905  -0.71912073072722 0.0311739842657517 0.115621778515169 -0.0117907876371824 0.0156890258206269 0.993099408986172
1461244148.69652  -0.876819487202928  -0.734995169266253 -0.0459532159179852 0.134395178028072 -0.0276715451771971 0.0148993314971824 0.990429316827428
1461244148.81466 -0.957704738421752 -0.749399648222329 -0.131152390187064 0.153542513914498 -0.0460906013258713 0.0184064501975414 0.986894905996257
1461244148.9358  -1.04378173839503 -0.763939582916606 -0.223043063885685 0.162064538925508 -0.0745679421782987 0.0224600546406389 0.983702319387169
1461244149.05546  -1.12711830947606 -0.777638446815964 -0.318725014860645 0.165699452169257 -0.100383654976 0.0177616487647968 0.980893132404149
1461244149.17465  -1.21332121602506 -0.793130507991286 -0.421349195174336 0.187653416773762 -0.140615044531498 0.00473072913789349 0.972106591185535
1461244149.29469  -1.29743743043454 -0.793040887061386 -0.530990780406442 0.202424397473247 -0.170045781447 -0.0149992757799368 0.964304836265872
1461244149.37468  -1.35669867982822 -0.784804774342769 -0.603643897629228 0.204503992254557 -0.203204397214554 -0.0259445431900119 0.957190143484188
1461244149.49474  -1.44198601872949 -0.763222953194495 -0.716518311493643 0.195751969973804 -0.241379815371323 -0.0448021665974395 0.94942599335117
1461244149.61721  -1.52189940127242 -0.738510333748206 -0.835149932378698 0.191617610041893 -0.273173002111506 -0.0577544715427663 0.940916374316037
1461244149.73505  -1.60946084694387 -0.729731916262843  -0.94299690632154 0.201385703469701 -0.304122599656672 -0.0667305716552524 0.928708928363803
1461244149.85463  -1.70151280622806 -0.725918984375397  -1.04992030087894 0.213660930876509 -0.326260157182983 -0.0608883493996198 0.918801352501893
1461244149.97464  -1.80023554014315 -0.723363911927896  -1.14947708766695 0.21213999326184 -0.332279923041784 -0.0671900725438325 0.916554510192256
1461244150.09445  -1.89935047014055 -0.721338320486646  -1.25711022909727 0.202208924307517 -0.344493392937754 -0.073015272678073 0.913840589549609
1461244150.2171  -1.9872703153532 -0.72922397026308 -1.36467974642439 0.202644276868876 -0.360910310507933 -0.076307823211852 0.907114193989945
1461244150.33463  -2.06751419461391 -0.737810426098365  -1.47908967153277 0.204564080630001 -0.373527469385615 -0.061658695675776 0.902678775522025
1461244150.45465  -2.14208904895909 -0.746530287878832  -1.58286359195372 0.210751386544116 -0.399234700717949 -0.0501878523579959 0.890885338462854
1461244150.57704  -2.20647100280064 -0.752990065450358  -1.68400886917673 0.217215026693957 -0.417707846076674 -0.0533427877691387 0.880620425891511
1461244150.73461   -2.2691159533468 -0.776023740812802  -1.80467727136612 0.212559089361236 -0.430454605021489 -0.0274024560825813 0.876799048782763
1461244150.89465  -2.30229040065817 -0.823520871347922  -1.89561464470294 0.237666926730748 -0.453600529173188 -0.0337919408124827 0.858265166838484
1461244151.13466  -2.30737912541865 -0.903249508583706  -1.96400691965035 0.259224243415951 -0.465293785694088 0.0104601627224795 0.846283090706479
1461244151.37444  -2.25636714488077 -0.950660780430686  -1.91897562491606 0.260629772734859 -0.443761161340551 0.0541053971979825 0.855698988689311
1461244151.53451  -2.17710628555451 -0.953527019761666   -1.8398382394974 0.262033934364103 -0.405414949966456 0.0772075127252859 0.8723622731206
1461244151.69458  -2.08462574953874 -0.922662418351457  -1.73418198875675 0.261791947365186 -0.385292687979235 0.087458114465884 0.880548464934527
1461244151.81458  -2.01353959324417 -0.879238776445204  -1.63756182149782 0.242875114576851 -0.375135642755321 0.101278932682655 0.888834914958057
1461244151.93486  -1.94099587128335 -0.825054744842939  -1.52093829249202 0.202411831263751 -0.349068331800921 0.0915794889390384 0.910381209990541
1461244152.0545  -1.86247237110429 -0.775165185351008  -1.39707276573791 0.174295778447859 -0.32061911282697 0.100558598690443 0.925587561678913
1461244152.13455  -1.80467181002154 -0.744045074875497  -1.31292595233308 0.163846179066696 -0.295684239116609 0.101282954636318 0.935663947923299
1461244152.21636 -1.74369651958106 -0.71715698270558 -1.23112325599095 0.16135320829012 -0.262331643739306 0.08025277167701 0.948001446995561
1461244152.41619   -1.5914829487188 -0.668642575529317  -1.04883980271111 0.142688222994594 -0.214264707076653 0.068375519332142 0.963875248502658
1461244152.53443  -1.50468214331541 -0.649221151113763 -0.942855521936611 0.112882485746286 -0.196166740112431 0.0496564827327746 0.972784862242424
1461244152.69452  -1.40450428753284 -0.629105218922395 -0.798207039600301 0.109032843021231 -0.204867460274912 0.0594846380825839 0.970877304655639
1461244152.81716  -1.33207923638888 -0.611875501318597 -0.694516096951753 0.111235627254806 -0.207574550691528 0.0328667694564844 0.971318287998293
1461244153.0545  -1.19474648011463 -0.590575855290892 -0.518416829498651 0.123126931802831 -0.217267043280442 0.0275310838502121 0.967923979448298
1461244153.17437  -1.13823054246196 -0.579096864260777 -0.426466888181539 0.10619742839626 -0.234617370619538 0.0177247932772562 0.966106944033048
1461244153.29452  -1.07667767409067 -0.566543582249196 -0.321649517874931 0.100943479160657 -0.233042973998883 0.0202892119072098 0.967000379609482
1461244153.41438    -1.008509589794 -0.550524321197453  -0.21480139139853 0.10742631752904 -0.207419458729808 0.0248102760406813 0.972019138003552
1461244153.49528 -0.959920426056176 -0.539672115404802 -0.145997920692559 0.110852562767341 -0.18239680049533 0.0190772506707586 0.976769765606934
1461244153.73439 -0.815737060756834 -0.520340318612733 0.0109209544466714 0.0996440691894103 -0.155871059352725 0.0346106117046134 0.982129002671781
1461244153.8545 -0.749211079766357 -0.504009210053037 0.0708107712587604 0.102227513069438 -0.163241401584343 0.0377665836885053 0.980548553380666
1461244154.09442 -0.619284475230247  -0.43549783830978  0.168530103313619 0.101215652465914 -0.178420655380993 0.0414814945096495 0.97785517692681
1461244154.21585 -0.561471375518748 -0.395512007159763  0.206956183928075 0.0948488103939257 -0.179259777603029 0.0613424572442881 0.977295624793134
1461244154.33435 -0.511153619564054 -0.368868346648463  0.235452107595733 0.077467025334556 -0.171524819507043 0.0640191686104398 0.980040632999122
1461244154.4944 -0.458478544556513 -0.347714000313154  0.270263526688246 0.0636744514206427 -0.153638489577206 0.0674130186446741 0.98376636640715
