1461161170.97319  1.37598833282542e-05   4.9125565446265e-06 -9.38898301680845e-06 1.02354425856955e-05 -1.1612088691649e-06 -1.30674429023408e-05 0.999999999861565
1461161171.17307  -0.036037038855207 -0.0195248200682149  0.0388724219951084 0.0372630272203178 0.00571166152313211 0.000956050153390226 0.99928871188117
1461161171.19314 -0.0399588711934157 -0.0216399156139963  0.0435691775763328 0.04140371714485 0.00409542526582963 0.00426422773098521 0.999125005222239
1461161171.33307 -0.0719223024924913 -0.0364454402250917  0.0785197169807179 0.0604808873806115 -0.00627550304690528 0.0142278617437761 0.998048219412951
1461161171.47311  -0.108679604454087 -0.0578038317722467   0.114284834418788 0.0804436966265576 -0.0175749858222278 0.031389964839721 0.996109733741099
1461161171.61302   -0.14443780109997 -0.0808103202413628   0.146777872772556 0.0929111640246579 -0.0148428231726317 0.0577227158080377 0.993888974825455
1461161171.73303 -0.179409689387984 -0.101215172102329  0.174188226468078 0.114897871637978 -0.0137775837704331 0.0611942473158783 0.991394937133509
1461161171.87306 -0.223478282347718  -0.12048452362593  0.208331443957538 0.133191867523951 -0.00671316517943823 0.0634926524515864 0.989031618768287
1461161171.97298 -0.258241706221822 -0.135726715733022  0.231960977002508 0.144450237933144 -0.0185567080176141 0.0828555260727979 0.985862434190393
1461161172.07313 -0.293710076661928 -0.152386084383498  0.253680315165478 0.153156890685817 -0.0301765057358511 0.0966831106657558 0.982997823725475
1461161172.17301 -0.33219619474646  -0.1670419000639 0.272346433902348 0.152336918856782 -0.0510304632917193 0.117153302804627 0.980032886494847
1461161172.29311 -0.378593087292179 -0.184545100337642  0.289387362803214 0.160290392311597 -0.066223558185512 0.119273262697423 0.977596705845184
1461161172.43305 -0.432208272511551 -0.202519492141181  0.303814598033308 0.174910132645035 -0.0745259642356366 0.127456087576838 0.973451217007021
1461161172.55307 -0.482650713326439 -0.211656279504711  0.309544379037251 0.184057656645187 -0.0956454167998603 0.143166637991562 0.967717958416426
1461161172.67316 -0.538590309387652  -0.21535332252893  0.312441038935333 0.18005214241519 -0.112570485008272 0.163929118342341 0.963346436167283
1461161172.79303 -0.597099254985158 -0.218929493615641  0.312380188407238 0.181164370632762 -0.116558978933945 0.169741243564997 0.961655544088485
1461161172.91294 -0.657335349117548 -0.223336273682716  0.309850210765342 0.166081669563199 -0.123064931418898 0.178508699580322 0.961980532996435
1461161173.03493 -0.718175111802747 -0.227843939178079  0.303727217708715 0.174269972074472 -0.125497779473151 0.176207004349115 0.960641127476219
1461161173.153 -0.782345626636505 -0.225927660418541  0.294353551755224 0.176767972787725 -0.136064952951597 0.174026630534145 0.959142400397214
1461161173.25294 -0.837176545805426 -0.217383897617403  0.285826014893992 0.169150773504197 -0.147510994149258 0.181821646041886 0.957376316533185
1461161173.35296 -0.892846241998454 -0.210375099563646  0.277316036443521 0.160902425639001 -0.149068882922196 0.183332478491527 0.958268271361401
1461161173.4347 -0.938176142032211 -0.203530133804745  0.268424302426299 0.130446158586345 -0.156984956097971 0.200893994013435 0.958113316073999
1461161173.53469 -0.992996893840126 -0.204881134777792  0.254457038913892 0.126008509862881 -0.166661506722266 0.210078316837512 0.955098371066519
1461161173.63495  -1.04837476896532 -0.206338766598204   0.23897279818633 0.130901205570129 -0.170747200797827 0.206362826609426 0.954528497004548
1461161173.73492 -1.11002057695382 -0.20252944162153 0.223364742488952 0.123020781680706 -0.191150472092998 0.198763946314887 0.953320658508261
1461161173.83497  -1.16914653982905 -0.192085135593599  0.206624530051197 0.117105188178665 -0.207483070382226 0.200551283370783 0.95027171542919
1461161173.93457  -1.22643373793442 -0.175860919246904  0.190549834057553 0.11683405436127 -0.212414663210916 0.192631096963292 0.950853866310286
1461161174.03456  -1.28452115258914 -0.158455551365467  0.175679426710639 0.111723602044668 -0.223842187515308 0.18474408598429 0.950411560603277
1461161174.1348   -1.3399427345358 -0.141237934445241  0.163195596055044 0.10629559532155 -0.225961858139756 0.162748339374462 0.954544636521583
1461161174.21314  -1.38352285771342 -0.123048786585987   0.15615714949666 0.0889774020254489 -0.231264583387038 0.142620290717019 0.958258403081034
1461161174.29306  -1.42811737876327 -0.104464683888236  0.149552845332477 0.0730365239472323 -0.250781317055372 0.123105608084158 0.957402426591821
1461161174.37303   -1.46897490487094 -0.0809307089942071   0.143945373379658 0.0559644669285773 -0.257319008476402 0.10239008780336 0.959255532294572
1461161174.47333   -1.51357032894109 -0.0515720114945324   0.137509380700409 0.0330635523258414 -0.263850232904527 0.0927474635616354 0.959524759506865
1461161174.59323   -1.55261092183835 -0.0208155844142983   0.131606684197619 0.0273941883788695 -0.256090913445786 0.0772468480141719 0.963171805528713
1461161174.71358   -1.57673532878082 0.00841317172526071   0.129146164571856 0.0186452074331067 -0.232449885095483 0.0598196784601878 0.970587972946189
1461161174.85301   -1.5918243065315 0.0434887848925453  0.124701232606734 0.00414763952200313 -0.223640771703239 0.0247235070655805 0.974349193316623
1461161174.99282  -1.59246879218193 0.0744023203347789  0.118685303029655 -0.00954570738188506 -0.214013730048541 -0.0142468604264688 0.97668010617053
1461161175.17351 -1.57458353722377 0.105745574509612 0.112166547713536 -0.0313949862636095 -0.193552637690416 -0.0268962410885402 0.980218508035784
1461161175.2931 -1.54980595025835 0.120719352726875 0.110516350298238 -0.0533163559633776 -0.16585413480222 -0.0188824209436858 0.984526904830487
1461161175.4528 -1.50675037128636 0.128044588225352 0.112566756023083 -0.0645352210144057 -0.146316887548043 -0.00510917381910391 0.987117252412175
1461161175.57277 -1.46250195325185 0.131772597591175 0.118059040331235 -0.0638115009923644 -0.11747169537429 -0.0151386962147381 0.990908327245215
1461161175.67322 -1.42047319422478 0.136379806669763   0.1223396280876 -0.0662992706263884 -0.0926568200854121 -0.0276476590680134 0.993103583396076
1461161175.79286 -1.36599809116991 0.145866525994993 0.125210662415209 -0.0796621619604998 -0.0728278367756381 -0.0214181579970567 0.993927214966153
1461161175.89282 -1.31693027076578 0.155051258021019 0.124977193369883 -0.10291329500695 -0.05549315617894 -0.0102909591150471 0.993087840771704
1461161176.01273 -1.26056752660501 0.156162740382936 0.126657774434207 -0.106160979104665 -0.0555894525590464 -0.0232095240378004 0.992522532375796
1461161176.11278 -1.20907388883455 0.146278707330052 0.132274447219876 -0.0818486410226846 -0.0402417105791156 -0.0352013936335578 0.995209659608799
1461161176.21269 -1.15585339015737 0.138754048777959 0.140299581649684 -0.0821625802330737 -0.0345570442361764 -0.0218399773229155 0.995780164742016
1461161176.31273 -1.10146003633952 0.131298844181604 0.152232978109881 -0.0771453744630458 -0.0160634189285941 -0.0293415328084203 0.996458545160677
1461161176.39268 -1.05620980348218 0.125088609343357 0.164149507270773 -0.0669290140556769 0.0102864638079505 -0.0346715190593745 0.997102091817071
1461161176.49272  -1.0031117050883 0.117437494780553 0.182398311362251 -0.0448865340091334 0.0184146347371827 -0.0342955234510415 0.998233398240793
1461161176.61286 -0.941990456338665  0.107303672642429  0.205602880221089 -0.0200959009465762 0.0291704525131891 -0.0416993072455347 0.998502081740726
1461161176.71265 -0.895097781011825 0.0985263638893818   0.22381796168067 -0.00714461054305547 0.0488287611128781 -0.0492765255140492 0.997565301452307
1461161176.8129 -0.850191521041136 0.0899369428273251  0.243942785776014 -0.00482785527854248 0.0784551365367477 -0.0510218586885239 0.995599444204535
1461161176.89268 -0.814300607741164 0.0859744184221623  0.262573380955926 -0.0172860180369686 0.111447989865762 -0.0454188160770125 0.992581316709855
1461161177.01339 -0.768245861196067 0.0811542251059623  0.298752237391697 -0.0096794665055111 0.130129066000894 -0.0365593472679898 0.990775528683083
1461161177.13282 -0.725830961078276 0.0820677274928534  0.342517400626178 -0.00849621074352929 0.139052357040992 -0.0191166313092839 0.990064043792992
1461161177.25317 -0.686312539873886 0.0818560361328672  0.388722484677732 -0.0149019485687875 0.15491444591534 -0.0182229796642312 0.987647391222066
1461161177.39317 -0.653097427362301 0.0731029351913986  0.442081573328416 -0.0105626620623965 0.163345746411553 -0.0110105593859547 0.986450893294449
1461161177.53474 -0.630521267576897  0.066210491300651  0.500447489235005 -0.014503168149742 0.163536509931676 -0.0117042502439734 0.986361231273418
1461161177.65292 -0.610932826773668 0.0694622585345485  0.556425782687342 -0.0168336538822428 0.170046025345383 -0.00443766036143045 0.9852823374707
1461161177.75317 -0.595312034016897 0.0768484876064193  0.605767078469364 -0.0243846268611257 0.180425320918812 -0.0257311846512821 0.982949642494787
1461161177.87264 -0.572661162368601 0.0852652982387566  0.664132672732223 -0.029802762959915 0.201766939258536 -0.0281663123886987 0.978574757690295
1461161177.95306  -0.55366841831752 0.0877766712159653   0.70180199804857 -0.0352926233807493 0.237910662988818 -0.025916790717901 0.970299575971262
1461161178.03447 -0.538740163063927 0.0875240602017068  0.739802551038725 -0.0304831199672149 0.257553164285948 -0.0157208642161746 0.965655218694362
1461161178.13492 -0.525163820442567 0.0879933915030456  0.788211806833641 -0.0397919617761837 0.258008598941539 -0.0109656734101162 0.96526054340623
1461161178.23448 -0.510408979310242 0.0883567142186183  0.838093048273728 -0.0367179890291756 0.256672917103951 -0.0123854238311197 0.965721183460074
1461161178.31288 -0.497930205865646 0.0887353687825267  0.878614551049544 -0.027712995810744 0.257635841545023 -0.0111049840055259 0.965780742376249
1461161178.39273 -0.484513011467062 0.0902094297976226  0.917422166303776 -0.0177424238064184 0.26451289981178 -0.000509187054529757 0.964218788947395
1461161178.47271 -0.469183352438515 0.0911760930327848  0.957307685588701 -0.014322367647134 0.272202074363863 -0.00271241639778729 0.962129691514754
1461161178.55262 -0.457421059533675 0.0908398147069026   0.99670279840744 -0.0190747409075929 0.261408045677983 -0.00705579958210105 0.965014095029903
1461161178.63439 -0.445463698184994 0.0866584594868007   1.03239540135822 -0.0209808434973747 0.259913361044955 -0.0141646303583412 0.965300063298074
1461161178.69298 -0.439351742787066 0.0810056643555662   1.05872282698645 -0.00358769169556017 0.240053192818274 -0.0120618368523 0.970678167663103
1461161178.75271 -0.431211628263845 0.0782064744558938   1.08363261692678 -0.00225339420879164 0.232733667429675 -0.00756895867833377 0.972508443728793
1461161178.81302 -0.421619597974891 0.0762830280239142   1.10723232561246 -0.00426174623486891 0.23980386356086 -0.00689461385494545 0.970787519923956
1461161178.87268 -0.413444218599732 0.0736424610260878   1.13040760036298 0.00188235152212699 0.235257890658038 -0.0110990715535051 0.971867785373364
1461161178.93455 -0.405601063679755 0.0712925887933174   1.15361582524369 0.0138331675647074 0.231711189275336 -0.006733597622768 0.972662956477109
1461161179.01261 -0.396449370495929  0.068986918432726   1.18347252716774 0.0232001327037383 0.220186342029167 -0.0101084207604637 0.975129503428172
1461161179.09261  -0.38489125210233 0.0651257704043004   1.21270620357742 0.0441436358488349 0.233487413875617 -0.018249223512812 0.9711858384557
1461161179.15314 -0.377899445472211 0.0660666204547156   1.23362599377796 0.0385742248459855 0.235931755847535 -0.0212558269526697 0.97077104694196
1461161179.21304 -0.371048234197609  0.067377632404727   1.25459231075189 0.0282326529760228 0.245380695247296 -0.0248368160108653 0.968697251093618
1461161179.27258 -0.364824631123703 0.0676932827885451    1.2752431165485 0.0266317702401795 0.245907350468733 -0.020525236818004 0.968709986762234
1461161179.33436 -0.359151757334377 0.0687147590546223   1.29578264972698 0.0189101075909688 0.239808817252872 -0.0247460437248251 0.970320448263689
1461161179.39256 -0.351714274474654 0.0693787533553651   1.31429311601965 0.0180663457598775 0.241766338732511 -0.0214719956852321 0.969928656143355
1461161179.47261 -0.344011485704406 0.0710454775975704   1.33835979737134 0.0151111464490704 0.23549176542838 -0.027081303200891 0.971381431099731
1461161179.57254 -0.335070341361376 0.0745286074513941   1.36580172936677 0.0133496214420787 0.228126334126175 -0.0329401690147645 0.972982583888727
1461161179.67267 -0.332493850904107 0.0771779013501791   1.39258089910791 0.015677697249057 0.202118460787272 -0.0364317950008012 0.978557643642402
1461161179.77312 -0.331269595863691 0.0782820405272579   1.41849741801197 0.0315451859468524 0.171798638171901 -0.0293407287108529 0.984189641687299
1461161179.8726 -0.331304287292177 0.0864156886858003    1.4440561741109 0.00251144832035049 0.139306839932029 -0.0375070600902121 0.989535505890959
1461161179.97255 -0.334536654226927  0.090458653944891   1.46808013540419 -0.00731449811055938 0.0974916744661512 -0.0456701940431113 0.994161005523372
1461161180.13463 -0.335678502779764 0.0882121276850471   1.50072987480391 0.00922852247501094 0.0516903030027229 -0.0457485583319609 0.997572060734944
1461161180.27254 -0.335769060607012 0.0921873254758366   1.52643537163696 0.00318712191257693 0.0113085696353869 -0.0231368864290002 0.999663264801247
1461161180.41258 -0.338554995085544 0.0992657518285801    1.5505619681188 0.0128440620011091 -0.0384480564147721 -0.0148270133632427 0.999068034071736
1461161180.61261 -0.338503387423306  0.110126358895695   1.58281885369482 -0.00288370480553893 -0.0782082008239302 -0.0259337226783284 0.996595506511304
1461161180.7929 -0.343510309018517  0.109384483670486   1.60383456668451 -0.0107020983557047 -0.125735810287791 -0.0281561091850623 0.991606375845585
1461161180.97297 -0.348953795001777  0.117139641652664   1.62553126222252 -0.0179482062992224 -0.180526132237222 -0.0431772982604611 0.982458089887318
1461161181.13441 -0.35349425471628 0.124997043696968  1.64514831633932 -0.0383440241508996 -0.235354728954902 -0.0430397379665083 0.970198674667335
1461161181.25276 -0.361003582118256   0.13488010235353    1.6575546820862 -0.0662429979375788 -0.277779898370835 -0.0586685856422317 0.956560604637297
1461161181.39266 -0.370722376007626  0.141205740686693   1.67180898880744 -0.0768435429414676 -0.31745320029938 -0.060425540084241 0.943221760580942
1461161181.55256 -0.386152207409854  0.147559037099698   1.68952178230901 -0.077845546212803 -0.361868731473297 -0.0677806994990661 0.926497095997691
1461161181.67244 -0.403859093588678  0.154626076429712   1.70326834346501 -0.0806706881109426 -0.401271074530428 -0.0707475984893411 0.90965297896115
1461161181.83419 -0.429561645004158  0.160677898893963   1.72197508226942 -0.0710967456217348 -0.439128886874539 -0.0674746799228263 0.893061163103423
1461161181.97253 -0.454652418657655  0.164272349862209    1.7315322106147 -0.0761609341204764 -0.470357410706607 -0.071887593086033 0.876239460574317
1461161182.07257 -0.475444831204066  0.166801993614775    1.7348869573894 -0.0819328617506591 -0.501921432316525 -0.0772728310452453 0.857549293935298
1461161182.15239 -0.493353526988726  0.167560144223507   1.73544822399522 -0.0793792342751553 -0.529935143138124 -0.0769297949456238 0.840802882893898
1461161182.25242 -0.517712865401708  0.170964712892555   1.73672673248245 -0.0797746967428437 -0.560627245160017 -0.0815127633523788 0.82017605375586
1461161182.35236 -0.543726567473326   0.17334821961148   1.73955437980168 -0.0781896944259254 -0.586499699777514 -0.0763122082742205 0.802546522461333
1461161182.45247 -0.570442960333239  0.173536392923839   1.74294280444012 -0.0694324731180001 -0.607724727189009 -0.0663849699259106 0.788316448774031
1461161182.53428 -0.591948674534841  0.175136883712252   1.74264500759964 -0.0696195516272248 -0.633185918898093 -0.0693986548201885 0.767732073610026
1461161182.63451 -0.618704393459684  0.177647770993013   1.74389359475742 -0.0723110505816543 -0.653710481431412 -0.0703536703502651 0.749989386257389
1461161182.73443 -0.645848870682388  0.178764678820661   1.74202450700509 -0.0613593877891287 -0.674963283329935 -0.0770058170901459 0.7312521424385
1461161182.85367 -0.683824525190479  0.183281098487819   1.74029165147578 -0.0545027108302305 -0.693426118835385 -0.0795775828280661 0.714042772206465
1461161182.99236 -0.736634093216654  0.189554920481538   1.73796051250608 -0.0524244733634285 -0.707048926388685 -0.0764148354861762 0.701066518386662
1461161183.13442 -0.796241951082838  0.189941460945668   1.73881304111912 -0.0374681427698357 -0.707007584150845 -0.0700265327596247 0.702732309588958
1461161183.27237 -0.858419396783467  0.189069631229456   1.73667889725506 -0.0356897849011861 -0.714386307504498 -0.07354801120353 0.694959806716763
1461161183.39249 -0.911131086383638  0.185925659200265   1.73692218889655 -0.0369598166224141 -0.71988187102222 -0.0672762620048867 0.689839088700717
1461161183.49244 -0.95738522349228 0.186848154824927  1.74182219722086 -0.0343341822902463 -0.71504677340676 -0.0553225405493684 0.696037852615937
1461161183.59234 -1.00419159633024 0.186894797072517  1.74304487827415 -0.0302636297266109 -0.720752523412562 -0.0342127928801948 0.69168590958146
1461161183.71236 -1.05928877811827 0.187951511360628  1.74175327154086 -0.0296393192804561 -0.730295920980215 -0.0205350140786729 0.682178636244964
1461161183.81232 -1.10409301329379 0.186743790941864  1.73595257369534 -0.0368103219367596 -0.754752448262779 -0.0306299499812622 0.65425954192843
1461161183.9125 -1.14767785209598  0.17761997085038  1.73129289665742 -0.0335746065734558 -0.764743093039552 -0.0120489105582687 0.643347162266295
1461161184.01233 -1.19181577985467 0.164368877417846  1.72517321921232 -0.0199362686029492 -0.781983558546655 0.00801468990818912 0.622928586679546
1461161184.09278 -1.22704798369811 0.153658340068186  1.72253269728995 -0.0108347541455475 -0.782988463121637 0.0467964924361215 0.620178815356264
1461161184.19233 -1.27523187068515 0.148274572218732  1.71668950847957 -0.00361686581308501 -0.786300541199402 0.0684914084784524 0.614025491454431
1461161184.27314 -1.31289681614618 0.146853213020274  1.71135353267925 0.0033937066829102 -0.793155265564227 0.0802969439922711 0.603693306446405
1461161184.3724 -1.35974165500893 0.147116385750986  1.70873544258977 0.0141866253449591 -0.792869424210741 0.0748870823688031 0.604606269159804
1461161184.49233 -1.41128098566522 0.142898014174851  1.70715842297445 0.0228812537757531 -0.79773822353513 0.0796848406926653 0.597277574583584
1461161184.5923 -1.44976578849444 0.137024589594772   1.7053260968503 0.0428030088326765 -0.810137726310111 0.0860327396511105 0.578310586581361
1461161184.69239 -1.48782408089274 0.132928047039401  1.70822299264419 0.0577995599219871 -0.812655910160026 0.110721574497601 0.569201471796741
1461161184.79239 -1.52747410381807 0.133451115413406   1.7109338539365 0.0594942389312245 -0.818851528058965 0.123375989920504 0.5574235155074
1461161184.8927 -1.56697208762482 0.133715337211257  1.71403006068908 0.0576593590715939 -0.823861056718729 0.131694465277652 0.548256258832478
1461161184.99261 -1.60615459842813 0.133639948491157  1.71721265381332 0.0539450176073863 -0.82754486480182 0.13646659712931 0.541882182474588
1461161185.0924 -1.64381650010099 0.132957788934669  1.71821744910574 0.0494601056032402 -0.834376855044843 0.135048448024243 0.532100440147757
1461161185.1923 -1.68000261133932 0.129623411850595  1.71689427403028 0.0502727144214576 -0.838688868948645 0.144720630830148 0.522618000358259
1461161185.29226 -1.71575692093433 0.131092944055097  1.72440871216373 0.0579256136799129 -0.83370585265479 0.156264098142312 0.526460545682888
1461161185.39235 -1.75589051013851 0.139027781979991  1.73060380340452 0.0616097660043214 -0.823900437104448 0.148112251065815 0.543557786768076
1461161185.49235 -1.79794128071135 0.148491848596352  1.73300523565737 0.0628219839704609 -0.81707387714605 0.135443649038632 0.556865060450588
1461161185.61241  -1.8483194546079 0.158654095402306  1.73286168703995 0.0596300152239095 -0.813497927493549 0.127563736763234 0.564263126839861
1461161185.71247 -1.88975195232254 0.163681425702111  1.73368688845254 0.0589321230665028 -0.80260850583844 0.117835612778273 0.581774320151577
1461161185.81236 -1.92814320409589 0.167493643829502  1.73471018301295 0.052285474410404 -0.799384009164616 0.0991722111934839 0.590267996408901
1461161185.91238  -1.9662028565709 0.168627406166133  1.73768493367991 0.0483697562879184 -0.78353422149195 0.103036220374969 0.610833878987153
1461161186.01225  -2.0037046471674 0.170544221036642  1.73801428386679 0.0467659565799062 -0.778215500221183 0.118982234724994 0.614846979614039
1461161186.11239 -2.04454335742513 0.176250232471179  1.73761175182524 0.0456219763800997 -0.780233958670559 0.121393618319876 0.611896391915862
1461161186.23412  -2.0929235725095 0.178394230373772  1.73272189133108 0.0462863158769541 -0.778594020532942 0.129399044560507 0.612294712879113
1461161186.334 -2.13487692709285 0.182729625931501  1.72357124206592 0.034187935172819 -0.789373651655371 0.120053762443593 0.601088610176588
1461161186.43405 -2.17144997766488 0.181177176014586  1.71174797666644 0.0317196502368144 -0.806024598035465 0.116776040187627 0.579380330688502
1461161186.53406 -2.20750288666427 0.179775709797762  1.70384138170335 0.0307283384829284 -0.812410501478253 0.122094879104878 0.569330999330176
1461161186.63418 -2.24370507236909 0.182918908562469   1.6952120351339 0.0325454383432426 -0.821852442137669 0.120099583442352 0.555945543963048
1461161186.73416 -2.28250498400766 0.189870473588908   1.6835391133568 0.0370922764453597 -0.832303104565303 0.112931802271463 0.541425999740296
1461161186.83411 -2.31931951762227 0.195423895216916  1.67209618407437 0.0465765064426725 -0.836502582219565 0.10501971453873 0.535784395578855
1461161186.93409 -2.35672142009955  0.19957782212624  1.65847655085165 0.0422469855668257 -0.848172673655501 0.0943095665993383 0.519542119103389
1461161187.05227 -2.40167984541206 0.200337715189541   1.6466812683205 0.0362512161718216 -0.854109908666017 0.0915455091544357 0.510687314311063
1461161187.17224 -2.44255100131552 0.202419393680346  1.64031386541621 0.0331315307873159 -0.856366709534583 0.0924213229664269 0.506948379551347
1461161187.27224 -2.47895780882348   0.2070253893181  1.63639142833386 0.0269370400511078 -0.856327756115788 0.0944600038262397 0.507005401998965
1461161187.37219 -2.51386122963248 0.210681822932211  1.63186771132574 -0.0239445830976908 0.862532789683662 -0.101042511875377 -0.495231516015199
1461161187.47216 -2.54605539185511 0.212596581149205  1.62606450250706 -0.0238674393568142 0.874369615746619 -0.109345007816773 -0.472177709833076
1461161187.57231 -2.57526679954022  0.21201731371677  1.61635406186052 -0.0191512173940815 0.889770976400548 -0.108343348472857 -0.442947580723983
1461161187.67226 -2.59830440201742 0.210962198479474  1.60641855722471 -0.013307039687832 0.907166838278205 -0.106824428608319 -0.406767490927652
1461161187.77214 -2.61886495462788 0.209115407149143  1.59620555893399 -0.00842658958765313 0.920041436637406 -0.106927268770537 -0.376854490024165
1461161187.87221 -2.63816131248187 0.209576461169746  1.58563612543171 -0.00980355162281682 0.930656959633456 -0.106870260825789 -0.349800316198282
1461161187.99224 -2.66061898904537 0.210520189513493  1.57126858657796 -0.0188329237275912 0.942546212580302 -0.111071745112668 -0.314507592232723
1461161188.09209  -2.6789621935617 0.211947092867018  1.55824253790509 -0.0208915098846436 0.951222752384667 -0.119226064262656 -0.28376745014345
1461161188.21232 -2.70119346018542 0.214102747328529  1.54259136869547 -0.0224287652531447 0.95877370746867 -0.130069642396054 -0.25165813414822
1461161188.3125 -2.71972681640371 0.216420711521776  1.52715684043927 -0.0226052206469325 0.966770200429495 -0.123228662664129 -0.222843174136047
1461161188.39214 -2.73242339098434 0.210823701160707   1.5148402092194 -0.00781296054790128 0.969720910556928 -0.14633100053461 -0.195365174887081
1461161188.4925 -2.74948998981104 0.205997847950046  1.49881822927415 -0.00932652034287752 0.973945240766243 -0.145774031183228 -0.173475115909087
1461161188.59211 -2.76608891851881  0.20204992159213  1.48140396126283 0.00218061369140139 0.976314280874659 -0.157521190305062 -0.148299509402437
1461161188.67212 -2.77659717460911 0.203105293064669  1.46516414650424 0.0133682954403479 0.980877045819036 -0.157204745962584 -0.113965685665376
1461161188.75212 -2.78823780720472 0.205888732362408   1.4476303703697 0.0257006617610675 0.982798447586171 -0.158865420278875 -0.090600583038258
1461161188.83391 -2.79727003546915 0.208508114105817  1.42830374491409 0.0316311067678265 0.985751555952276 -0.15590836973519 -0.0546436022680096
1461161188.91218 -2.80488434680711 0.200857279373422   1.4135071216239 0.0437762876657447 0.979310361339248 -0.196632021178302 -0.0192535986021502
1461161188.99211 -2.81098953484155 0.194716228498419  1.39900609150609 0.0448339534535489 0.977804850800913 -0.204162547649341 0.0143263570128309
1461161189.07217 -2.81925352362499 0.188060744195209  1.38363741694339 0.0598260482509481 0.974419010959997 -0.2131405153253 0.0387240978885566
1461161189.17214 -2.82446249203238 0.185568038746197  1.36224339933773 0.0691343125240159 0.975005883731173 -0.200880086163134 0.0650474019812999
1461161189.25209 -2.82685290938546 0.184489026336024  1.34353746142415 0.0688336872539521 0.973922165067648 -0.19812632641934 0.0865072174361588
1461161189.33385 -2.82703646294365 0.186015138914577  1.32371428200229 0.0656460729771019 0.973080589158086 -0.19325596569237 0.107036871360981
1461161189.39209 -2.82511895911025 0.188490489001171  1.30790673082983 0.0582921764164528 0.973642492802446 -0.182648361293276 0.123539040367625
1461161189.45219 -2.82419410091836 0.190123190623718  1.29088696713722 0.0548140487239515 0.973306771803915 -0.181068979066211 0.129936033659068
1461161189.51211 -2.82424414118699 0.194030843672326  1.27161891933777 0.0486972348781954 0.975843941073176 -0.169248978924681 0.129274765979071
1461161189.57204 -2.82422476020386 0.197910960233093  1.25251956581584 0.0400254084264994 0.979035919056766 -0.156152549142599 0.12451111305114
1461161189.6721 -2.82530965914583 0.199019621105785  1.22500133854087 0.0427677271227819 0.980021221810727 -0.14992980876079 0.123492423906547
1461161189.75217 -2.82681169787471 0.198457113954699  1.20235734527973 0.0460712237740329 0.981450025796021 -0.149572962144514 0.110730385171676
1461161189.87208 -2.82174126415817 0.194535733223041  1.17351186612267 0.051282744006529 0.97899474488708 -0.147595456529839 0.130976909653536
1461161189.97341 -2.81550617705046  0.18826621400242  1.15353374897128 0.0597852693375408 0.972622038614566 -0.162308944295179 0.155202764708839
1461161190.11235 -2.81042985400343  0.18620934115679  1.12134601082498 0.0689961451712575 0.970421161998015 -0.164751356680119 0.162417027340085
1461161190.21207 -2.80832131187539 0.184181467268953  1.09469360632346 0.0835608817243652 0.967365157259138 -0.170895443665936 0.167382731787577
1461161190.33389 -2.80345020426877  0.18171394018832  1.06160579445886 0.0913573204467746 0.963352249077234 -0.178353202727022 0.17831550486605
1461161190.43378 -2.79980765711202 0.179297347734367  1.03311113017021 0.102677286251353 0.960852661369832 -0.180245399458336 0.183660376784635
1461161190.53411 -2.79405463521955  0.17701291247499  1.00514599710755 0.102926357966395 0.961425775734384 -0.170956262609037 0.189316134716672
1461161190.6341 -2.78972637451774 0.170086334629583 0.979892139696088 0.110094985890139 0.956502091519969 -0.178430189975322 0.202843561162651
1461161190.73391 -2.78435207346129  0.16592129140481 0.955822418059274 0.114173206011729 0.953646952054098 -0.18075705492147 0.211775487162818
1461161190.83406 -2.78005996876674 0.164226893203627 0.930690386081615 0.117187724191704 0.952648354743878 -0.180518672972514 0.214804930601684
1461161190.9121 -2.77756804791445 0.165814012786904 0.907374112569928 0.118133684038342 0.954770926159164 -0.177283479548743 0.207430661031084
1461161190.99207 -2.77302324750524 0.168967351504717  0.88192440455882 0.114502400962558 0.957808951149317 -0.167699659374275 0.203391340813238
1461161191.11221 -2.76580795518079 0.170215049146609 0.840886614709772 0.113586853568357 0.957531247234883 -0.167843875035487 0.205086252289912
1461161191.21221 -2.75901403437824  0.17005943710628 0.806155743417199 0.110787127864528 0.958916994750622 -0.170266777916253 0.198024326323768
1461161191.29247  -2.7559186262213 0.169824354594393 0.778170930217078 0.107058374977938 0.960025818076115 -0.167489891344781 0.197068691759201
1461161191.35228 -2.75286250675263 0.167810065832624 0.757452229825603 0.108561440766836 0.961255104213753 -0.167117352557567 0.190459519782514
1461161191.43431 -2.74613181080862 0.167787122618012  0.73102629371234 0.104533346176967 0.961910088176309 -0.159253716945478 0.196061254307783
1461161191.49203 -2.74074632847748 0.169946581238158 0.710963142245399 0.0999758264887044 0.964134444367498 -0.146331623291746 0.197576980761622
1461161191.57197 -2.73106599249562  0.17261717221087 0.685370671857633 0.0920245322750944 0.966314020353011 -0.129856618707342 0.202252214095783
1461161191.71206 -2.71719904202842 0.179002706487573 0.641797999298253 0.082986795600069 0.966411410693499 -0.113854156122843 0.214940475878764
1461161191.79195 -2.70855007871249 0.183517273736907 0.616453340878028 0.0739806037070789 0.966111225444417 -0.094702672293427 0.228445560705188
1461161191.87216 -2.70335559507295 0.186569344242314 0.589698701161843 0.0777111199581602 0.967485817068156 -0.0837075471523858 0.225666174152313
1461161191.95195 -2.69627903543937 0.187874194510096  0.56404807945454 0.0694852306080774 0.965782694284405 -0.0800005286511779 0.236718198632106
1461161192.07191 -2.68112912448671 0.193410464692056 0.530638289443963 0.0553259172392943 0.958202604524527 -0.0575894199963709 0.274718529168537
1461161192.17195  -2.6662151647384 0.197830247528643 0.507394553148448 0.0473471258788285 0.947429944629272 -0.0364539434807117 0.314333993859231
1461161192.29188 -2.65259813633656 0.200318929982727 0.485078024590119 0.0297315160633083 0.934916736354498 -0.0230033698042912 0.352870483342655
1461161192.43368 -2.63779406530837 0.202995419631473 0.457090748094228 0.0221682957770999 0.922078400669887 -0.0196503908319998 0.385867661019361
1461161192.55285  -2.6246305785653 0.209205584856002 0.435293268557056 0.0119436458315517 0.904792618255594 -0.0119076899504376 0.425518359409418
1461161192.6719 -2.61504249810414   0.2168782803479 0.409695698315707 -0.000731888734259196 0.894331454131529 -0.000917492683945428 0.447403478637616
1461161192.77189  -2.6074989946915 0.222760736164469 0.386841735744257 -0.0146030514957963 0.886769923115656 0.0102397467187665 0.461866866024832
1461161192.87196 -2.59864073047229 0.225674951654948 0.368046076065334 -0.0203139218641624 0.871218769822061 0.0174511022125804 0.490163910054379
1461161192.97206 -2.59153650828653 0.228476461760742 0.351417108292221 -0.0314107767775316 0.852859104363806 0.027468754808117 0.520471112277416
1461161193.05194 -2.58816847359293 0.231968927846399  0.33786241418313 -0.0487240071310162 0.839652865545818 0.0397293494957462 0.539472534331858
1461161193.13429 -2.58502547299705 0.233603194892913 0.323500833862204 -0.0484572210030858 0.825677346867504 0.043285121048878 0.560388450004353
1461161193.21196 -2.58199404586138 0.236250374777774 0.307059284066546 -0.0513884279590342 0.814153941927241 0.0486142859293189 0.576323901569088
1461161193.29204 -2.57839129568209 0.237423032451675 0.291102111442149 -0.0468137077586427 0.797165451975824 0.0493102381975771 0.599920177482777
1461161193.372  -2.5757739985992 0.239922158158049 0.275601788332135 -0.0539876537496015 0.777382170864295 0.0520289110557093 0.62454406256027
1461161193.45197 -2.57446795756637 0.241310626830956 0.261060905640717 -0.0570891334884782 0.7612108440799 0.0527148981248995 0.643832292766045
1461161193.5369 -2.57374877425779 0.243003490163019  0.24862674766689 -0.0751874939857121 0.737634966019524 0.0601178131961161 0.668301837637786
1461161193.61204 -2.57155180066505 0.239602917559934 0.236061478005017 -0.0728154793413646 0.719118544123316 0.057682509147174 0.688650240401277
1461161193.69196 -2.56857324834262 0.237567163599062 0.222858079887563 -0.0784875246565417 0.702662491160551 0.0594082129538483 0.704681343745503
1461161193.792 -2.56326059717783 0.235898699888609 0.208351926330612 -0.0826176862764934 0.67814202023782 0.0594533559422109 0.727848209978767
1461161193.89194 -2.55528547283055 0.237263333362102 0.194279152445416 -0.0972660945394854 0.652444199692787 0.0541754673867686 0.749613828496846
1461161193.97193  -2.5471307270044 0.239567512479397 0.183798166108963 -0.104954837596235 0.631487365007762 0.0502868305009395 0.766602520592564
1461161194.05212 -2.53688899818147 0.241711566662337 0.172630618578553 -0.11754849563881 0.615246739434725 0.0452710450586279 0.778205842478256
1461161194.13376 -2.52548853459757 0.241311737461879 0.164464578543807 -0.123411380749062 0.593968334330447 0.0343815963114755 0.794222358505097
1461161194.21188 -2.51710395625258 0.241687893441493 0.156962344675908 -0.140365727020481 0.567759304039894 0.0304495513656329 0.81056749267151
1461161194.29193 -2.50792678103373 0.240084633361043 0.147681539080106 -0.139062686321385 0.5532014045217 0.0282720068388429 0.820871773748862
1461161194.37204 -2.49804749810415 0.240275807941498  0.13956433487817 -0.140582382683797 0.534893607153362 0.0318550849322707 0.832532687808334
1461161194.4719 -2.48860113856147 0.240511050015162 0.131306699265071 -0.150236753883475 0.507937610716827 0.0343957278756866 0.84749350163039
1461161194.57196 -2.48043450662112 0.239501709385653  0.12468489830725 -0.152662799996835 0.482592575636982 0.0355520220487563 0.86170443260171
1461161194.67204 -2.47276888060888 0.238681708462537 0.119934564503163 -0.153897516341004 0.453308085550147 0.0343780384686355 0.87729441153468
1461161194.77187 -2.46459636925249  0.23798570927664 0.115958513782377 -0.152672454331161 0.423449887639009 0.0284818554127517 0.892507758094717
1461161194.89189 -2.46145279469189 0.236340063481237 0.115168520623365 -0.148001428862037 0.368528769424789 0.0275639659589067 0.917345273570242
1461161195.05199 -2.45992657847185 0.230250872865532 0.112871836438151 -0.144458708580363 0.324500016639832 0.0255244506088473 0.934440968246341
1461161195.19183 -2.45694076833756 0.219166286161176 0.113864067176673 -0.131260580005539 0.306360203717227 0.0168497890227137 0.94267182535856
1461161195.29187 -2.45649146444046 0.205242646180076 0.117155862400776 -0.102297901613331 0.297256741347386 0.0257004659363531 0.948953663304851
1461161195.39193  -2.4616440548003 0.193016223631379 0.122384220409591 -0.0807238420222346 0.281650572188528 0.028775379765919 0.955682266255041
1461161195.49189 -2.46880370357864 0.181755369935145  0.12786387128452 -0.0603058294266086 0.282123231728681 0.0275570592198389 0.957084268778506
1461161195.57218 -2.47883981535605 0.173025723457988  0.13338149656218 -0.0428610217522154 0.282247435896773 0.0266245513691654 0.958013805228528
1461161195.65182 -2.49093479719023 0.165342676490459 0.140571894683202 -0.0286784180304439 0.279184758004528 0.0277103615886172 0.959408961339143
1461161195.73376 -2.50310329873604 0.159782124822452 0.149249912745711 -0.0208941706685059 0.281607055490368 0.0231519909094151 0.959022880460654
1461161195.81182 -2.51623024632062 0.155875440635042 0.158907023087728 -0.0179342349697584 0.284787160640775 0.0175582076185689 0.958262148733549
1461161195.89183 -2.52996795630353 0.154082344781015 0.169450466392118 -0.0202165528755265 0.284652989339455 0.0165439323232697 0.958274629192084
1461161195.97177 -2.54494980208691 0.153210346181677 0.180509617897616 -0.0257984960065289 0.27927311343334 0.0120275298187932 0.959789718763182
1461161196.05184 -2.56239432127198 0.152345355008207 0.191725621610754 -0.0283526428983415 0.266667595351638 0.00647823706976429 0.963349652864692
1461161196.13182 -2.57869980197619 0.153004394479709 0.202385058200759 -0.0314967847544338 0.262325688458833 0.00456218398881406 0.964454442782024
1461161196.21175  -2.5945905057147  0.15614548676714 0.212670106301861 -0.0385728263664899 0.259178487584183 0.00534110288061844 0.965044103271811
1461161196.29178 -2.60972205525613 0.163303667611029 0.222324978188336 -0.0540221535254858 0.258358578964354 0.00942975534663968 0.964491332940888
1461161196.39181 -2.62745569955773 0.172312418524497 0.233376699820415 -0.0637852359490439 0.253097759141352 0.0127693439400683 0.965251216962657
1461161196.47186 -2.64345319578751 0.181962768938102 0.240671597203279 -0.0821811643187942 0.2428860295362 0.00983998529934157 0.96651736020449
1461161196.5718 -2.66459406732241 0.191032734390388 0.249875656133224 -0.0927528823710916 0.225519204680917 0.00532869081435371 0.969798740041534
1461161196.67186 -2.68388332417088 0.200118731862039 0.257314030330025 -0.103841807689339 0.211213536843208 0.00357252806719923 0.971901722332666
1461161196.79185 -2.70692159881905 0.210090250361513 0.262358406733057 -0.112133316082176 0.188519643480183 0.00389313155298762 0.97563892243659
1461161196.91176 -2.72851604085747  0.21610433159065  0.26448578212074 -0.111365707332381 0.163062267400092 0.00341197290041726 0.980304409161576
1461161197.03357 -2.74934154439896 0.218015185490006 0.262687312528253 -0.11007365313764 0.132363399787373 -0.00340798702063771 0.98506451915909
1461161197.21177 -2.77665083424159 0.222063190798217 0.251289464023485 -0.104231340505529 0.103295488543832 -0.00740736784044709 0.989146602180176
1461161197.332 -2.79759882325193 0.225370061617788 0.239768964483713 -0.101907923200676 0.0722788251061554 -0.010084831204999 0.992113321556447
1461161197.47178 -2.82236921049699 0.224212011013726 0.223941336898032 -0.0973323372087886 0.0421591278798951 -0.0127787397063745 0.994276484626584
1461161197.63178 -2.84619504766028 0.218319957734869 0.203651667726488 -0.0790499027090568 0.010320175657851 -0.00361509797206579 0.99681068309019
1461161197.77177 -2.86335036275266  0.20784272256444    0.187913238267 -0.0521096475038195 -0.0231096507269361 0.00545479408611077 0.998359040576978
1461161197.93347 -2.87103283291533 0.194723371800768 0.173449896303521 -0.0299358357821478 -0.0624933356731113 0.00669888153526793 0.99757383371791
1461161198.13337  -2.8636662166215 0.177217168361358 0.165837873092768 -0.00235861119110212 -0.0845367499390033 0.0143137529484739 0.996314755154981
1461161198.33385 -2.84590299895325 0.175761925002911 0.168904535072477 -0.00793598357537967 -0.118456525119696 0.0348061147943403 0.992317291088985
1461161198.5519 -2.81806365839754 0.179293353140612 0.182597770983456 -0.0198490274780063 -0.128048177640805 0.0480575287491033 0.99040403585687
1461161198.77173 -2.79381460009402 0.193920148249817 0.204909442417804 -0.0469849051807444 -0.127811288582278 0.0401424190566448 0.989871344866784
1461161198.97175  -2.7831409226184 0.210238238217164  0.23916681836711 -0.071903367104366 -0.107125242683673 0.0237765462565708 0.991357031561853
1461161199.17165 -2.78299237030441 0.215896177231849 0.286339584700527 -0.0724252913465075 -0.0886714459102621 0.00599911649619302 0.993406242407819
1461161199.35165 -2.78782202780483 0.215696678887833 0.333790168540941 -0.0631075690428821 -0.0779324783070189 -0.00489249150402094 0.994947248391244
1461161199.49164 -2.79345059642608  0.21519985936443 0.369546828785519 -0.0600231195517816 -0.0803530102449019 0.00476228736536322 0.994946199290648
1461161199.61164 -2.79418275596951 0.216031467022456 0.403584452360418 -0.0562121662797843 -0.0742682418344059 0.0203048489336022 0.995445696021005
1461161199.73346 -2.80114963302522 0.219414348497648 0.437978812318463 -0.0499432763511388 -0.0765376897737526 0.0348119614223647 0.995206399966026
1461161199.83335 -2.80671721578934  0.22372034737894  0.46969106592483 -0.0525737691041632 -0.0860024214871048 0.0414920715756974 0.994041241748497
1461161199.91175 -2.81254046883617 0.227334166213221 0.495371286938154 -0.0564979003732321 -0.0963916399163509 0.0437552876038136 0.992774956278794
1461161199.99156 -2.81665276984789 0.230582963215396 0.520263821638969 -0.0630318611672834 -0.0951817888990478 0.0452790129124672 0.992429958500567
1461161200.05164 -2.82220390923639 0.232408105330339 0.537291313462541 -0.0695081451089261 -0.1113870920607 0.0459027910432376 0.990279994375438
1461161200.1128 -2.82514990353285 0.233088675428678 0.554066084560402 -0.073248755628997 -0.111028256809221 0.046817681518853 0.990007803345968
1461161200.17164 -2.82865636536426 0.231644751343896 0.570196326819443 -0.0698513605664345 -0.114232526122854 0.0498229443584935 0.989742083382363
1461161200.23362 -2.82810406930957 0.228076701220122 0.587865869250007 -0.0595174337405143 -0.127908382197569 0.0532978984467715 0.988562822923107
1461161200.31164 -2.83734084834765 0.226953922411685   0.6080572300977 -0.0527153157522409 -0.130651292328404 0.0540668224423767 0.988548488446087
1461161200.3717 -2.84036116027922 0.228033692902791 0.624296803846254 -0.0545293172793391 -0.14101239750114 0.04242252534932 0.987594241908597
1461161200.43333 -2.84043886388089 0.229066277519824 0.640914764112305 -0.0526251352085855 -0.13845425570178 0.0372710243287301 0.988267112155328
1461161200.49238 -2.84064651506316  0.23090649663211 0.656953801048915 -0.0507692117697252 -0.137929429959262 0.0280887146017026 0.98874111050336
1461161200.57166 -2.84228827921203 0.234919279679434 0.679597308025651 -0.0536978357343713 -0.138244742897029 0.0213457024055685 0.988710925643887
1461161200.63336 -2.84394140311249 0.238014042614979 0.697592536924948 -0.0566248112729786 -0.140532203785452 0.0114546440214253 0.988389154927272
1461161200.69158  -2.8448909758693 0.240435146317191 0.716175261646479 -0.054823693347103 -0.139285921707136 0.0132056272812478 0.988645237721846
1461161200.75171  -2.8464970048432 0.243808498885653 0.733806458903534 -0.0635167688478256 -0.143910256424969 0.00277643737986822 0.987546327807616
1461161200.83329 -2.84297823146581 0.246732675940567 0.756456347585623 -0.0686934713431879 -0.146091023015903 -0.003978907953091 0.986875264803253
1461161200.9117 -2.84546875453944 0.249524295636906 0.776533430853246 -0.0763158230020588 -0.150085429019857 -0.00634553656045952 0.985702791576246
1461161201.03339 -2.84575637346665 0.251428157244676 0.805720128304796 -0.0804429393205638 -0.166761191851237 -0.00401156047878032 0.982702165352427
1461161201.15162 -2.84213998838168 0.250563414717182 0.836016404258349 -0.0781042095118393 -0.177084120446382 0.00239970387193102 0.981088776902268
1461161201.29154 -2.84033254871609 0.253109048517804 0.870306698749417 -0.0837881752686499 -0.20292500423227 0.00483637170261752 0.975590894715217
1461161201.39158 -2.84380333219455  0.25277196082111 0.894615365028672 -0.0816519575706222 -0.218405142245381 0.00799475012796772 0.972403329712549
1461161201.5115  -2.8371729499274 0.253417927779328 0.922719324668773 -0.0982826701499185 -0.245996325821515 0.0109812836364251 0.964212495169096
1461161201.61191 -2.83665650318208 0.254658640937843 0.944575229556406 -0.110626880303028 -0.261314648047676 -0.00426083956010617 0.958883826809266
1461161201.71153 -2.83733595871728 0.254184547332016 0.963365381488167 -0.114514937260481 -0.276121618943539 -0.00703886463803439 0.954250300016109
1461161201.83157 -2.84118083613366 0.254948953443068 0.984648802177807 -0.119043475378183 -0.300414784376019 -0.0201485850506064 0.946136165051655
1461161201.93155 -2.84809471891965 0.255508540054458  1.00091533642959 -0.113659714526399 -0.318986521022398 -0.020554622304117 0.940694730612296
1461161202.03332 -2.86019777550036  0.25727508659895  1.01596525138224 -0.110860943312531 -0.334686858943405 -0.0317618209837107 0.935246354938768
1461161202.11181 -2.86207044957599 0.261499720936196  1.03048997115147 -0.117910549349072 -0.340693060580254 -0.0472817742294429 0.931552346704347
1461161202.19149 -2.86913350333792 0.262679716243051  1.04334628923257 -0.112159090960852 -0.348511293049303 -0.0491806597252457 0.929269325675247
1461161202.27149 -2.87597278863509 0.265204441033329  1.05697319574653 -0.115198911549222 -0.345023732357319 -0.0521027363951915 0.930039321614002
1461161202.35147 -2.88374358845275 0.266171382825843   1.0702742285554 -0.11649885340325 -0.340914002047328 -0.0480717510227332 0.931608698498147
1461161202.43319 -2.89284980359061 0.266955128976574  1.08217068243485 -0.114267662113615 -0.339121149639275 -0.0446070668731307 0.932711078977515
1461161202.53345 -2.90397560385354 0.267996774933716  1.09263661475787 -0.121995160914852 -0.352241993186313 -0.0359603545868074 0.927226839477527
1461161202.65147 -2.91675852105767 0.268272954117144  1.10464950201595 -0.124303409537413 -0.361793679454896 -0.0342721508640063 0.923298118463921
1461161202.79152 -2.93618721630979  0.26843157562638  1.11713243177815 -0.123272352860721 -0.370864027121231 -0.0270986394532392 0.920070358259296
1461161202.97153 -2.94314992353008 0.271869518178064  1.13432591376882 -0.12783224712956 -0.395694722545233 -0.0362441815222369 0.908719407985458
1461161203.09144 -2.95381437789351 0.276009202970246  1.14695225965362 -0.129070149211438 -0.416900111469558 -0.0454403962407621 0.898593547733729
1461161203.21152 -2.96737209759852 0.281305764472425  1.16098018124993 -0.13498377395202 -0.44026068706195 -0.0477354729868774 0.886380974985434
1461161203.31196 -2.97756520092909 0.285037413468467  1.17343654942058 -0.137645829811494 -0.466095036730555 -0.0500679264339718 0.872526357775655
1461161203.41139 -2.98844283060875 0.288332870958783  1.18497901386177 -0.141406269098278 -0.48931538213066 -0.0584360160865864 0.858580197706633
1461161203.53307  -3.0032553919835 0.292904623600832  1.19676052309805 -0.147419217996646 -0.518007929652271 -0.0798501607864432 0.838784424512642
1461161203.69145 -3.01490829667441 0.292016195882457  1.21553716481582 -0.138090167459587 -0.546604116362635 -0.0892429126979908 0.821091193570839
1461161203.85136  -3.0314325471469 0.287819113209646  1.23425808324972 -0.126746126187498 -0.568681594580147 -0.0824975979212729 0.808536214290655
1461161204.03314 -3.05468633593653 0.284489933948098  1.25740147937408 -0.109318274658337 -0.585050894810577 -0.080834150846862 0.799519108817253
1461161204.23317 -3.08069902712245 0.287375648893574   1.2815899968568 -0.0951868883233792 -0.614381788113554 -0.0796867038350885 0.779181945348841
1461161204.47133 -3.11471812464572 0.291468426396808  1.31068851895415 -0.09431989369863 -0.645281764235348 -0.0751162766005516 0.754369105536318
1461161204.71137 -3.14740744718016 0.293251512431043  1.33190173054556 -0.0932513495475069 -0.677386413015008 -0.0828173758163511 0.724978010379021
1461161204.95137 -3.1759062672079 0.29876340852003 1.35047902914895 -0.0882018133585195 -0.712294504310525 -0.0850866708523683 0.691098573065053
1461161205.13131 -3.19634914101471 0.304599509424838  1.36495871129239 -0.0835100953218834 -0.751119778631351 -0.0880066121363188 0.648922166633571
1461161205.29142 -3.21162150267216 0.306864292929133  1.38024960137005 -0.0850698198429117 -0.784891739944159 -0.0950757758517995 0.606356890919452
1461161205.45135 -3.22626268741971 0.303281504174665  1.38961501241736 -0.0775996234463844 -0.816775162645083 -0.0998138375997954 0.562933237560796
1461161205.67136 -3.25379923904578 0.301266535927955   1.4004129207041 -0.0638894096621498 -0.844269786299225 -0.0952805515905483 0.523496215615627
1461161205.85127 -3.28339770195648 0.303947968705102  1.40375950727915 0.0510381845792521 0.867433223262718 0.0890812078563332 -0.486846223464619
1461161206.05131  -3.3217539313141 0.306023986823419   1.4066344605434 0.044199907201757 0.884251906945402 0.086176764229208 -0.456857197134684
1461161206.31122 -3.37252854206996 0.306608538038339  1.40977001502809 0.0546203736938029 0.893366829792702 0.0889522647446819 -0.437035258074767
1461161206.5113 -3.41104668256965 0.307538794930577  1.41052280255189 0.0523123388980041 0.905384961507984 0.0838030854514039 -0.412938898074559
1461161206.67125 -3.44173208167523 0.311676008341647  1.40987948800355 0.0479210382543963 0.922170886840053 0.0839565861933446 -0.374507304590994
1461161206.81116 -3.47053797896823 0.315228773294878  1.41094718058808 0.0458424404253436 0.937178312987503 0.0873454849537091 -0.334613279144669
1461161206.95246 -3.49801876250752 0.318167610492418  1.41224053230744 0.0419402076664249 0.950027487796457 0.0984682991658658 -0.293245265045204
1461161207.13379 -3.52781410090513 0.319372717692211  1.41033091755132 0.0328547408104525 0.959791392707254 0.111651559985166 -0.255450538547539
1461161207.29123  -3.5476689447504 0.320290276167094  1.39855727223508 0.0233473909931391 0.971792439399943 0.104256884182839 -0.210249509296472
1461161207.47111 -3.57072674660395 0.330823094733249  1.38185396723335 0.0101622682876382 0.978679892913888 0.119173050446251 -0.166973589398582
1461161207.65108 -3.59111694697675 0.336254502002704  1.36080645633138 0.00407546685545598 0.984446526659094 0.125940704197221 -0.122422897143731
1461161207.79107 -3.59685688871934 0.336965719293528   1.3419809480694 0.000364676313139321 0.988536203874624 0.12990690035022 -0.076943082091456
1461161207.95115 -3.59746103994989 0.333182411667419   1.3203597924634 -0.0037094868932832 0.991221928099902 0.127524197145235 -0.0346829656079787
1461161208.07119 -3.59211168055329 0.330577928949769  1.30085960666744 -0.00346433029386155 0.991869426560038 0.127187778283588 0.00251159836795803
1461161208.19111 -3.58772310950702 0.328831791380247  1.28125665460904 0.000766030317420798 0.991424941963751 0.125518081492743 0.0363484369417224
1461161208.35129 -3.58503109993308 0.328279966722221  1.24875439850848 -0.00560349847606364 0.988295838245625 0.137920203704128 0.0649457798584228
1461161208.49114 -3.58224313949513 0.323758518809155  1.21987437574447 -0.00916124387091021 0.985378601464461 0.13896094532442 0.0981577254281341
1461161208.63279 -3.57781539883407 0.320508237444205  1.19204364147071 -0.0170010920710625 0.980155836691092 0.141949535234205 0.137316525282172
1461161208.79101 -3.5746570370528 0.31957185940638 1.15403293550986 -0.0243921891115085 0.976926620049634 0.144096795789444 0.155741817094709
1461161208.91114  -3.5668569645557 0.319032908896655  1.12352117206635 -0.0288678447869483 0.972263303614815 0.138175749242839 0.186489083601544
1461161209.03334 -3.55930153025137 0.320238845622824  1.09210139642708 -0.0462303808976355 0.967785179668901 0.134146972272398 0.207988431710614
1461161209.1511  -3.5538959222639 0.322023228696467  1.06139067764978 -0.0592121583542725 0.963554395068213 0.144928427176208 0.216916110614194
1461161209.27096 -3.54874503487843 0.323055271184403  1.03237693166423 -0.0593370056956518 0.960945828977505 0.149147327426586 0.225426946586507
1461161209.39107 -3.54351701190571 0.324262911565833   1.0071518529789 -0.0632683198910977 0.954489811730011 0.154099172100402 0.247385860872718
1461161209.49101 -3.54249393883151 0.327747077139141 0.987861210614003 -0.0697080774503364 0.949782778210859 0.162191822888695 0.258354931712717
1461161209.59103 -3.54176912404866 0.330848781780141 0.967716981840143 -0.0760174652250633 0.941607764451224 0.164494223770971 0.283791848459238
1461161209.67102 -3.54135500600488 0.333971513119495 0.952611870450134 -0.0845116227306374 0.932390124336942 0.169798170854917 0.307693065954857
1461161209.77106 -3.54017609107205   0.3337362186935 0.935164506568869 -0.0906313688127445 0.92050116515012 0.165159032192256 0.342324486459438
1461161209.87101 -3.53933017042724 0.334459193663701 0.921598972733832 -0.100459878592581 0.905131721259062 0.169852103518518 0.376556294455566
1461161209.97106 -3.53943912143709 0.333999601378309 0.909788638973602 -0.107673900040964 0.892432746312996 0.174708339470811 0.401804829086914
1461161210.09099 -3.53752564412675 0.329851729612573 0.897872924859771 -0.116122455871814 0.878530395931004 0.169597653976571 0.431203611340693
1461161210.21173 -3.53251265969152   0.3263404020752 0.882310218013661 -0.11755836688206 0.864654975664209 0.159855499122181 0.461517088346193
1461161210.31165 -3.52737023636049 0.325337129906311 0.870301463127711 -0.11151610806356 0.850285484631109 0.156706196979028 0.489920320150498
1461161210.41095 -3.52422363900201 0.327909806882293 0.856368380727853 -0.122155992159828 0.836799196942062 0.160882979146503 0.508882780802725
1461161210.51099 -3.52053468989925 0.326691639320518 0.842109215046919 -0.121736106982507 0.826721671539323 0.161418101973723 0.525029327199131
1461161210.591 -3.51754573747912 0.326000437019092 0.830583639165229 -0.133909620840188 0.821563227626726 0.167719439738185 0.528178252100465
1461161210.69087 -3.51110458911345 0.322834680842361 0.821602464229654 -0.126539339271132 0.808091325285808 0.179831283889075 0.546476820139207
1461161210.79085 -3.50393251711859 0.319978448284907 0.813551832322353 -0.123874213316468 0.797191539224404 0.185363562568205 0.561053632673628
1461161210.91094 -3.49688594008355  0.31716282655269 0.807920823067551 -0.128403713246563 0.776632151255777 0.190828562770171 0.586463509258154
1461161211.05098 -3.49247557461997 0.314766898329263 0.800861772119924 -0.143523944236046 0.749437784693628 0.192100127484094 0.617123508971285
1461161211.171 -3.48896576083368 0.310397744323595 0.795109121146459 -0.138636030440789 0.715536232721195 0.191162357825879 0.657453347148853
1461161211.27091 -3.49162273568999 0.309521671327457 0.789788105016047 -0.150181262941582 0.677396993834714 0.194557137185206 0.6933443743013
1461161211.35108 -3.49771813358498 0.308988820880244 0.784602967061846 -0.160523830188621 0.641265165553466 0.20378892275332 0.722136526116982
1461161211.43322 -3.50431206143731 0.306999780051287 0.774830342617708 -0.166880264764871 0.615482760511023 0.212522316644054 0.740382477962561
1461161211.53292  -3.5088999170651 0.302857388240899 0.758681843910814 -0.173383649287558 0.597753434115293 0.208659773697788 0.754380567753101
1461161211.63414 -3.51162487855253 0.300295732454869 0.743001371627281 -0.176469763743314 0.575999135443783 0.208054529676116 0.770582072938142
1461161211.73268 -3.51355070417365 0.300168274101073 0.727922980692931 -0.178577948974086 0.554502588425735 0.207287829931757 0.785918921474443
1461161211.83095 -3.51388611146778 0.303801938088679 0.713580141058711 -0.187201921901655 0.528158195933079 0.201461530057182 0.803378872271397
1461161211.93358 -3.51247269523149 0.309855251011119 0.699515599955611 -0.201387031637973 0.496275023248297 0.191429941916701 0.822501636548959
1461161212.03269 -3.50976757463721 0.315432959185922   0.6847479161293 -0.212511659177861 0.470417506592424 0.181733192804668 0.836970256841819
1461161212.1335 -3.50809122575996 0.316473999256569 0.668502189732141 -0.226114805304845 0.445382104580227 0.172067234691383 0.849058150239017
1461161212.23139 -3.50523592975475 0.313505478040165 0.654653834189296 -0.230957830263295 0.42315937319402 0.157598122550268 0.861833775902724
1461161212.33102 -3.50180884735548 0.303243379373023 0.641707455361633 -0.215967316422851 0.411416894109609 0.138426884240282 0.874604056243648
1461161212.45093 -3.49922965550413 0.290324829226995  0.62837188611161 -0.200288361935155 0.386787800735724 0.124200586831369 0.8915458392624
1461161212.57123 -3.49750426338084 0.276091707505874  0.61707807080818 -0.182907818925421 0.362211373862085 0.127621169404892 0.905019606163654
1461161212.69094 -3.49841947704345 0.263307956773948 0.608166010230045 -0.167451788363109 0.324465726867838 0.130407716095693 0.921778562478444
1461161212.85077  -3.5053326295644 0.255576709623773 0.597850081923595 -0.178766799708114 0.264317696714805 0.11582653995145 0.940618306843097
1461161213.01092  -3.5162613428798 0.259870378489159 0.596496264435677 -0.198829760359445 0.205771751670058 0.0967077135118929 0.953295510719181
1461161213.15085  -3.5283417223115 0.266418888068939 0.602669932910187 -0.214021457505522 0.158702214984809 0.0840098002421456 0.960182678530186
1461161213.29221 -3.54050131925118 0.271159571940379 0.614670957608997 -0.216890747073232 0.120151515438392 0.0673266052813998 0.966431138464172
1461161213.43078 -3.55478864036819  0.27583841125375 0.628565655994357 -0.216541980734573 0.0892848174329661 0.0566608959270636 0.970529409563797
1461161213.59079 -3.56831769673101 0.281947927427339 0.647843834986433 -0.220920685237412 0.0719894358910105 0.0364841723863859 0.97194674603067
1461161213.73249 -3.57965003538133 0.283639815661498 0.669811274169385 -0.219290641317699 0.0592784217443265 0.0360577757239185 0.973189354727957
1461161213.85161 -3.58865243690014 0.285486933656461 0.694120357190719 -0.219899338044286 0.0568716510858794 0.0340850768685683 0.973266717793902
1461161213.95269 -3.59916937421285 0.285616229004541 0.719114245909331 -0.213286354327347 0.0498671755323021 0.044070493059129 0.97472046634084
1461161214.05092 -3.61049810305087 0.284346756220257 0.746755025270886 -0.209874488141435 0.0380229117102667 0.0452359255123367 0.975940914428474
1461161214.13272 -3.61982105560089 0.281498262657001 0.768259112283642 -0.203539541187666 0.0265854118074877 0.0421304031795562 0.977798496716
1461161214.29105 -3.63050125679132 0.282584071445088 0.806944921010446 -0.209814806509978 0.0242529576538973 0.036991397422778 0.976740076750682
1461161214.47078 -3.64288170101998 0.284927519492568 0.849935802805055 -0.208650654785135 0.0271902369303542 0.0419740982643518 0.976710689174794
1461161214.65075   -3.652443240022  0.29037995397899 0.889461842438803 -0.205082777162943 0.054522415308913 0.0404859368065128 0.97638580984205
1461161214.8325 -3.66353497930102 0.296804126653109 0.930879880029641 -0.205149259921342 0.092307312349671 0.0512980419255328 0.973016778958674
1461161214.97074 -3.67137357678332 0.292193027023813 0.965890024765182 -0.185554297641879 0.132138686925636 0.054587957265406 0.972177517208554
1461161215.13082 -3.68167896042898 0.284278603871142  1.00585598842068 -0.156765983828953 0.163187686430073 0.0545437714930339 0.972532355401637
1461161215.29105 -3.68903026936741 0.279828977452693  1.04390161167915 -0.135018347428113 0.197089002961535 0.0599648359380932 0.969190481391727
1461161215.47152  -3.6967616898614 0.274659125559802  1.09059262692189 -0.104458782128495 0.220309556640209 0.0469495129352834 0.968683542404002
1461161215.67076 -3.69704421089517 0.267788611454846  1.14651231964882 -0.0749425317496428 0.246822291575127 0.0479164690672211 0.964969629215701
1461161215.87074  -3.6892123734542 0.254138826648525  1.20332127989701 -0.0490248674780606 0.282556958837793 0.0468205400681156 0.956852112088815
1461161216.07071  -3.6773475237882 0.246482206365026  1.25461871550886 -0.0242501367873517 0.320745067526658 0.0355063136002287 0.946189111233921
1461161216.21073  -3.6674105933392 0.243428874442923  1.28560031894421 0.00854769262935025 0.362707001782943 0.0106237028043746 0.9318034689499
1461161216.33249 -3.65928626441651  0.24416171231725    1.314576685694 0.0273067573711367 0.404939002428989 -0.00648937499525179 0.913912814947827
1461161216.47074 -3.65003307032606 0.244645589734417  1.34806184668605 0.0433077821139087 0.450859749470865 -0.0303563764732768 0.891026606069008
1461161216.5907 -3.64035471492636 0.241426101683543  1.37761632882646 0.042371879640648 0.492969234383544 -0.0443484762422983 0.86788200259137
1461161216.73368 -3.62290267794498 0.236340941809601  1.41219348086019 0.0474588934943614 0.533090303435209 -0.0466531146058513 0.843436938193497
1461161216.87068 -3.59689719468877 0.233051897862943  1.44481163201724 0.0624245035542538 0.56396030756298 -0.0471714194532585 0.822086862829129
1461161217.01073 -3.56457461574202 0.237940858049959  1.47337245295126 0.0616446192544669 0.595062043248619 -0.0432393562634901 0.800144651717219
1461161217.1506 -3.52969352023051 0.244742990532024  1.50656677785399 0.0389981882665035 0.597356269968416 -0.0431222302237916 0.799865677037012
1461161217.27112  -3.4939464948779 0.246068269820402  1.52564842202876 0.0244768610007219 0.624434155577526 -0.0331773189570573 0.779988547435509
1461161217.39069 -3.45396003479071 0.248696906590994  1.54315589749892 0.0172601110874666 0.648633560920837 -0.0182351425767608 0.760686579208289
1461161217.55062 -3.39134407792079 0.257273282069919  1.56871677200848 -0.00193035693215906 0.666089117797199 -0.0201182605488793 0.745598294302469
1461161217.71063  -3.3254546783364 0.261776939664236  1.58854396190159 -0.0188345108693137 0.679619465927844 -0.0278857118465093 0.732792624012469
1461161217.85056 -3.26521842090115 0.262165291649218   1.6036926493443 -0.0321302297953964 0.702295088930874 -0.0318495711830277 0.710446944685054
1461161217.99098 -3.20069999928175  0.26323331821793  1.62116597042043 -0.0452263541452406 0.710188658365848 -0.0271738989059564 0.702031499035118
1461161218.13268 -3.13931884462552 0.264378685217259  1.63256528601476 -0.0402100810643884 0.713400775307046 -0.0204735495789124 0.699302021261015
1461161218.23276 -3.09161339562236 0.265737029038824  1.63930134947604 -0.0361819336216028 0.712015998909603 -0.0273863840030155 0.700695419527916
1461161218.33226 -3.04376262026261 0.268702057597744  1.64931778383148 -0.0396240974253788 0.693910563999069 -0.030767415451196 0.718311510571961
1461161218.43248 -2.99704236812042 0.270716333447692  1.65819247998652 -0.0441606635303291 0.683051003911121 -0.0255891923491519 0.728585173529828
1461161218.53242 -2.94930052988283 0.271464132014835  1.67009800138772 -0.0584250585177403 0.663346116701573 -0.0172590397650023 0.745828778970436
1461161218.65194 -2.89114355483257 0.269421075205386  1.68149229537279 -0.0598831360434698 0.654919198719902 -0.0129056493036684 0.753211987014102
1461161218.75063 -2.83697930176362 0.269479339297787  1.69217833242112 -0.0519275929927839 0.647563128117891 -0.0166129507545315 0.760058899069918
1461161218.85061 -2.78319682529522 0.271386549660066   1.7015184266529 -0.0537596697226247 0.640920041632079 -0.0365949758547904 0.764847831851431
1461161218.95055 -2.72823868771223 0.272183438913629  1.70600611717772 -0.0595012958506109 0.650458893336162 -0.0455664314621208 0.755834984765724
1461161219.05075 -2.67558162030032 0.270984968408025  1.71597266659541 -0.0704883522876014 0.63981978552518 -0.0472605943886826 0.763824895156161
1461161219.15126 -2.62337127273139 0.264666693125807  1.72370944403374 -0.0601784228306181 0.635011206232946 -0.0362286155663833 0.769302809560931
1461161219.25184 -2.56977818960764 0.260546479132421  1.73211540108787 -0.0584608456160731 0.630531448612908 -0.0378926435235788 0.773030768732239
1461161219.35045   -2.514662458228 0.261733545973588  1.74024771683067 -0.0545789423441316 0.629088052481142 -0.0352613910893155 0.774613449132228
1461161219.45052 -2.45845275063811 0.263070766052245  1.74890076543433 -0.0462398003827326 0.628141892462264 -0.0372686512568017 0.775829034921992
1461161219.53245 -2.41431538769019 0.263098232461787   1.7576022456003 -0.0436483250507828 0.622309839309253 -0.0363060331792308 0.780709395084971
1461161219.61052  -2.3716481785049 0.264562688394411  1.76623942281962 -0.0541174198594496 0.61866833265216 -0.0267071326939782 0.783331046304446
1461161219.77057 -2.29150354295654  0.25609130280127  1.78497763600713 -0.0530844762823442 0.609661880389021 -0.01325622463751 0.790770954503713
1461161219.93317 -2.20581037616678  0.25085698130413   1.8048073129802 -0.0415887192346586 0.603121510931877 -0.0215866700029638 0.796271836222941
1461161220.07061 -2.12841753212407 0.252000995103542  1.81895319143277 -0.0446474429111979 0.604123281365445 -0.0318746520705619 0.795000423464742
1461161220.1907 -2.06311722851841 0.252149759205687  1.83291119501419 -0.0566263299670419 0.609200804607191 -0.0388030706160174 0.79003934087562
1461161220.31063 -2.00014553429195 0.252235063639411  1.84680701608732 -0.067902460736958 0.608429601138931 -0.0277771948277777 0.790209531536596
1461161220.41084 -1.95070386393632 0.250868064888017  1.85714597851154 -0.0713429465275591 0.604887943955043 -0.0253259382970553 0.792703826210004
1461161220.49041 -1.90986062075671 0.252730736936425  1.86485233060603 -0.0746879537114182 0.597444055525328 -0.0221295119169787 0.798118158414007
1461161220.57041 -1.86962855234308 0.254226232271479  1.86929479490573 -0.0718382643860703 0.598859916166524 -0.0251924749072563 0.797227322529194
1461161220.69094 -1.81300798967298 0.258418302080951  1.87364209675283 -0.0769407251187137 0.595927501932912 -0.0196061774054266 0.799103331907553
1461161220.87047 -1.7303952329381 0.25444320573084 1.88754230322185 -0.0679874434092468 0.593079510884213 -1.85675368988274e-05 0.802268284904286
1461161221.03293 -1.65652659545903 0.250566272493536  1.90337126685167 -0.0693138268335463 0.602229216168846 0.00920118765244901 0.795255243772797
1461161221.17098 -1.58848472774417 0.249845625556329  1.91371878806434 -0.0576324249200373 0.61560102399847 0.00318488232024396 0.785941307843326
1461161221.25203 -1.54864853036468 0.249846728816789  1.91904538756861 -0.0619611356945307 0.626947072267417 -0.00123141326751849 0.776592988546847
1461161221.33256 -1.50929248068068 0.246145918533111  1.92245259485401 -0.068220926154077 0.642497108749469 -0.0180887573935795 0.763030908508436
1461161221.47038 -1.44094115382654 0.233775560153404  1.93165825109158 -0.0555944265115234 0.667144335452629 -0.0172010873817886 0.742651882113827
1461161221.61044 -1.37224937098119 0.217728534592331  1.94047413777234 -0.0445027412302551 0.679150749924824 -0.0287646125806638 0.732083575804448
1461161221.73213 -1.31278637875836 0.208506717887735  1.94778036262112 -0.0353785732202222 0.687600397259045 -0.0386276035275441 0.724197458219665
1461161221.83223 -1.26231872812843  0.20193985894163  1.95499591256902 -0.0209733683033747 0.690811754512163 -0.0501596571480386 0.720987688136649
1461161221.91047 -1.22168800940418 0.197988654403523  1.95924624396398 -0.013238245313909 0.69643281105156 -0.0588883795021078 0.715079189538786
1461161221.99046 -1.18217383853077 0.196246666840364  1.96495855120996 -0.0183037776053662 0.695616965143944 -0.0621575663044265 0.715484763276209
1461161222.07047 -1.14190752699777 0.191980887619011  1.96609069573257 -0.024129763915428 0.707337776353632 -0.0648414357259563 0.703481778619377
1461161222.17043 -1.09408186396837 0.183998437867161  1.96716411796112 -0.0156831130286843 0.71542859697039 -0.0672313970457046 0.695266784661824
1461161222.27042 -1.04702955530577 0.176184727380519  1.96716782583782 -0.00123762612736127 0.719780985809054 -0.0768103516901178 0.68993765705501
1461161222.35041 -1.00979641932812 0.173882144999624  1.96348735434316 -0.000847694175493074 0.733402090519268 -0.0897701797440973 0.673841205229589
1461161222.43242 -0.970875923942057   0.17471107997817   1.95877873402783 -0.00286518523084307 0.743546038627286 -0.100137025153648 0.661138151484727
1461161222.51044 -0.932774688096296  0.177258702861068   1.95437032554929 -0.0168224076273482 0.75441436374822 -0.10549298823806 0.647647437889314
1461161222.59041 -0.896334801449091  0.177785098974565   1.95218154447278 -0.0272179156598161 0.764050159453964 -0.106870340756181 0.635661284940467
1461161222.67045 -0.858611102709707  0.174329593781241   1.95423369762506 -0.0271250471172779 0.760282945925789 -0.113388592878048 0.639043895955846
1461161222.77041 -0.813313601779818  0.171200559877054   1.95184672151623 -0.033383908558759 0.771154183330779 -0.106077608937382 0.626860655220048
1461161222.85036 -0.778646137722586  0.167087880610613   1.94863145748614 -0.0264550275697485 0.782790812888067 -0.107929088240778 0.612282603611957
1461161222.95037 -0.735539093868599  0.164164423626193   1.94376097330375 -0.0189216195487941 0.794679307470591 -0.117700767391882 0.595208618844751
1461161223.05046 -0.691757877120493  0.166032253673781   1.94049118820312 -0.0175384157110832 0.795395463537025 -0.121346287208193 0.59356005520912
1461161223.15038 -0.649706511598365  0.167392945371979   1.93552689438532 -0.0198632811374774 0.800804880774509 -0.128751437605606 0.584585374692754
1461161223.25038 -0.609952690903368  0.168602423719928   1.92946211809125 -0.0213622303507799 0.811573584202344 -0.120250484510136 0.571342098496583
1461161223.35034 -0.570825373756061  0.165010670567893   1.92592940352111 -0.0166123139619638 0.819133160118453 -0.116747038441827 0.561351071998841
1461161223.43245 -0.538715340127684  0.161090075218745   1.92730385103434 -0.0156461753251774 0.817060974019545 -0.115943069873841 0.564556256258096
1461161223.51041 -0.506922688797192  0.156145178201983   1.92937431302305 -0.0115468089046976 0.815007890342562 -0.124170270207464 0.565871499441429
1461161223.59037 -0.475324951681654  0.152165670309032   1.92947008973698 -0.00888587712501951 0.818442933791607 -0.135628890629946 0.558280403866012
1461161223.67038 -0.444449079438905  0.149910188874465   1.92849837409788 -0.00459517987228509 0.826962391085052 -0.139707633738715 0.544604319784525
1461161223.77042 -0.407813624126705  0.146805565530273   1.92750445285431 -0.0029534509782616 0.839470129497809 -0.148537737281186 0.522702323901124
1461161223.87036 -0.373121207742716  0.146022307346423   1.92425277058408 -0.0170875481506979 0.852724009249765 -0.144573624695811 0.501665472989241
1461161223.99032 -0.335269312102737  0.141275761231542   1.91696855075108 -0.0141080701196929 0.868721220307342 -0.144430628230861 0.473565409815855
1461161224.11038 -0.302895729307769  0.138308779013281   1.90389333315823 -0.00741977132887892 0.883745984882795 -0.148700390499741 0.443650960848943
1461161224.21041 -0.279255148122541   0.14017054488581   1.88730314713765 -0.00930849281705914 0.900727989641953 -0.147842265238659 0.408344346411386
1461161224.33202 -0.250555741045403  0.142059688046229   1.86804307227295 -0.0100186006466649 0.913087953748254 -0.146595923211381 0.38036778472777
1461161224.47033 -0.220779781190388  0.144499883526854   1.84603028903373 -0.00861315712650498 0.92636214590697 -0.125918534886251 0.35485702857214
1461161224.57032 -0.206067084114475  0.143848663255269   1.82901903892411 0.000554885774806598 0.943434587661134 -0.112592147143602 0.311855542371843
1461161224.67034 -0.190488073286222  0.141252918411478   1.81150195681951 0.00981919447891841 0.957413237624113 -0.104078107978172 0.269130494893431
1461161224.77037 -0.174320701085209  0.139393937059596   1.79218051739684 0.019095427306684 0.968417922445079 -0.0995159134962484 0.227812807155654
1461161224.85027 -0.161168010048919  0.140765890528659   1.77618830973194 0.0152081559457237 0.977164167726725 -0.09258324552905 0.190649531735528
1461161224.93036 -0.146663697240093  0.144223748940004   1.76129945920764 0.00545829700117593 0.984536340737083 -0.0777638555907825 0.15687951913981
1461161225.03027 -0.132155373394045  0.144707338560137   1.74324816130577 0.00679709114306897 0.99138553248523 -0.0691561662154487 0.111022295983062
1461161225.1303 -0.120105235742513  0.145637656417454   1.72568395524589 0.0112764029889471 0.995911885381311 -0.0586612959425842 0.0677584802826207
1461161225.23031 -0.110965027484568  0.149260861027121   1.70834509476045 0.00567990950060757 0.998861148093392 -0.0394366866387581 0.0262467751271006
1461161225.3503 -0.10501080062904 0.150742844734364  1.68654160480161 0.00259042642547257 0.999475486704006 -0.0270296376287463 -0.017647658722406
1461161225.4709 -0.101774378878993   0.14999376451934   1.66472682190685 0.00447879437000817 0.998016020781335 -0.0315202984827951 -0.0543178925248161
1461161225.59051 -0.0993162840757496   0.152244126302777    1.64304482900512 0.00986283717693533 0.995958900379044 -0.0281618140993331 -0.0847083551086959
1461161225.73196 -0.09421631578936  0.15264429009154  1.62019155542509 0.0151489140416935 0.994011827485458 -0.028138988087455 -0.104494949982241
1461161225.87019 -0.090541847407396  0.155363446487969    1.5973050766262 0.0208199944603354 0.99222736454458 -0.0107813788332746 -0.122209438056322
1461161226.01016 -0.0898529844661392   0.158233742579821    1.57455523958123 0.0218291386139106 0.988562388887193 0.00630929195955152 -0.149090860953949
1461161226.15032 -0.0907726574697489   0.161190282828418    1.55104876470763 0.0264859482526291 0.983319321344434 0.018459416759953 -0.178999599856434
1461161226.25026 -0.0921284050985949    0.16537471671254    1.53379584335433 0.0289124549473154 0.979338806712932 0.0340141913010972 -0.197237436621812
1461161226.33196 -0.0944559260613365    0.16805273195956    1.52108407493293 0.0287338114222742 0.97438143726288 0.0433958028325915 -0.218796679808422
1461161226.45023 -0.100691450598732  0.170910454773656   1.50223507742133 0.03045755661265 0.966126041864722 0.0540532994661279 -0.250501595389766
1461161226.57056 -0.105483699352095  0.175330675134353   1.48402144921826 0.0332759698406255 0.960155491665912 0.0705456504828789 -0.268360676800653
1461161226.67027 -0.112311202006051  0.180026543273196   1.47127965460863 0.0384526495126656 0.952234760240131 0.082446195781149 -0.291501252033491
1461161226.77015 -0.119136112878584  0.187271192055023   1.45837301333404 0.0427509015328001 0.946553855820395 0.101983789733991 -0.302997467120056
1461161226.89017 -0.128231859380418  0.196691220578907   1.44274798284747 0.0456595729265173 0.939154491887307 0.122634221373198 -0.317592335417987
1461161227.03185 -0.140910018120553  0.204412881909358    1.4247557052684 0.0650652724025966 0.928561859810883 0.135259793239762 -0.339476319003943
1461161227.17034 -0.154007919343067  0.208764669328117   1.40665535280618 0.0819335636677913 0.916738280701075 0.149491820636022 -0.361289373501159
1461161227.33188 -0.168890497736132  0.210446578630475   1.38786444832325 0.106952881306865 0.904737459110103 0.151741000834378 -0.383387375807988
1461161227.47017 -0.183560371194079  0.213910997026967   1.37632333215405 0.128130014579983 0.890393787577288 0.152580936739314 -0.409268445095951
1461161227.67011 -0.196672701111254  0.222226169332196   1.35946487175436 0.155064068426462 0.875772867674812 0.168691580021395 -0.424876652403441
1461161227.87017 -0.210919671290254  0.231293581682997   1.34121648967246 0.169968670175689 0.861156408918656 0.18629535407876 -0.441377765169137
1461161228.07012 -0.22697433288684 0.243639196292953  1.31634735819913 0.173396050785608 0.851667930609814 0.205698707190509 -0.449759477279697
1461161228.2104 -0.239188460728966  0.250765407963987   1.29031718290942 0.170483649113917 0.854081866183154 0.214515355898257 -0.442111584699776
1461161228.35012 -0.253207675453115   0.25436394269895   1.26210357038356 0.167413240881307 0.852631664622397 0.219582695058904 -0.443593835948523
1461161228.49017 -0.266754657818555  0.252351987936807   1.23291376958482 0.164826841984528 0.854856620915792 0.218142654661727 -0.44098305189086
1461161228.59006 -0.274161215723977  0.243193280788748   1.20557527705532 0.158217908639716 0.868662268576875 0.203292306697894 -0.423160955871404
1461161228.67007 -0.281629002503991  0.231843338278687   1.18363306224604 0.144446505479516 0.879140429998499 0.184631769304253 -0.414919776776659
1461161228.75025 -0.289018222449157  0.221771147656592   1.15893805691731 0.137312402785298 0.89189300565333 0.165827721327173 -0.39771011723042
1461161228.85014 -0.301335094363626  0.211945446496038   1.12566962384164 0.128372979027041 0.906382807786165 0.144357121607661 -0.375701484488072
1461161228.95 -0.316853852870018  0.206814889196673   1.09204644054457 0.1178405777339 0.915972357113775 0.126097613461 -0.362225939328226
1461161229.04998 -0.330629233664504  0.203028938141987   1.05402131294083 0.111158058554312 0.93049747585922 0.113995287899716 -0.329883930761589
1461161229.15088 -0.346676553605745  0.195175047688753   1.01535437627639 0.0992942359066111 0.940779813209638 0.106302801256594 -0.306224937289507
1461161229.22998 -0.35350377813505 0.186305339735999 0.984006938484356 0.0950911201082654 0.952576127818819 0.0959611106243115 -0.272668048795618
1461161229.33043 -0.359858438144179  0.171490980236488  0.946674080082487 0.0869309074235223 0.964140799225468 0.0821620089657818 -0.236907030047875
1461161229.41001 -0.36299473792835   0.1564123961851 0.916628761361843 0.0779862810954401 0.974552352992443 0.0637417388144377 -0.200256939881513
1461161229.50991 -0.36982868714316 0.142140511412002 0.879494292292983 0.0827792075246836 0.980339774697701 0.0530826055195483 -0.171066554120033
1461161229.63165 -0.37900901937054 0.138405207821248 0.831145751133128 0.0819720848326402 0.985819897500668 0.0624798179542628 -0.132423484882273
1461161229.74997 -0.386361513259177  0.140340444070484  0.779396947888578 0.0620940996766468 0.990596094552582 0.0757566064546288 -0.0955229648880114
1461161229.86996 -0.396265639059044  0.136954527751712  0.727795760680688 0.0506783810377453 0.99390264756594 0.0647938122777258 -0.0734233664941009
1461161230.02997 -0.410995916060165  0.129424036929768   0.66212368840795 0.0421593997153102 0.996001143351155 0.0575897509100356 -0.0537375850681524
1461161230.17027 -0.420774434108163  0.122977165574246  0.607506004975266 0.0506536558521605 0.996575804466862 0.0618690720587904 -0.0210497273764408
1461161230.31026 -0.43116158741803 0.116657920485522 0.553909694802583 0.0644247674954518 0.995985369204019 0.0604562448001758 0.0144095846349335
1461161230.43233 -0.440525904301114  0.111555562296568  0.506054062276302 0.0672620508904997 0.994862527590509 0.0590574354554602 0.0472925683765524
1461161230.5499 -0.452070855059919 0.0974910863418853  0.463599961958275 0.0617525090534766 0.993489037333137 0.0450063311882775 0.0845020146354442
1461161230.64993 -0.462411936952444 0.0762492472416816  0.435514331541102 0.0650722332663023 0.990224562682634 0.0238478046125274 0.121046280954371
1461161230.77024 -0.479643643118394 0.0452203207149371  0.405641224865592 0.0625268663367735 0.98723668898045 0.0101554961408915 0.146119734516433
1461161230.88999 -0.500884141595643 0.0148505278042171  0.373213571621877 0.0780501558431978 0.982745504230618 -0.0120927488889719 0.167251943222402
1461161231.01028 -0.529380082479074 -0.012995608602743  0.342760757306374 0.0849853805190171 0.977682444722515 -0.0376357886161685 0.188409314511473
1461161231.1305  -0.56713525275236 -0.035821711045742  0.312836399492343 0.0928095490747947 0.972748646350419 -0.0632368838624769 0.202848601531598
1461161231.23173 -0.606411179491793 -0.052032788033321  0.287157794126652 0.100049058399434 0.971086496143707 -0.0889509178438562 0.197658637897414
1461161231.32991   -0.64982344692166 -0.0727482256150608   0.264657665607048 0.0998398461018813 0.969673536038962 -0.110552425670942 0.193761192745917
1461161231.45038  -0.698660487556987 -0.0925922917446692   0.237003310250505 0.110876961947658 0.966132219185665 -0.121627454488762 0.198750085975389
1461161231.54992 -0.746595849954291 -0.109982589748473   0.21676904882875 0.116451689123214 0.966220589095429 -0.131052339306713 0.188896960459055
1461161231.64999 -0.800122809561108 -0.126006343853888   0.19935030166378 0.12555912696856 0.966303828193723 -0.141257494508766 0.174751645194418
1461161231.73072  -0.84676173504759 -0.138753303516891  0.189575679487161 0.128337137014421 0.964088690527456 -0.159137227147541 0.169522620897
1461161231.81064 -0.897591395688099 -0.149085396875642  0.182406871131086 0.12226446391741 0.963645089780071 -0.173743998160585 0.16202643274763
1461161231.88993 -0.954034345486463 -0.157765539306834  0.176608955691612 0.13116813775165 0.963629253759916 -0.18265769311992 0.144394418455079
1461161231.95036  -0.99768053029014 -0.167371987467211  0.173610203908979 0.138729449802026 0.963125374668716 -0.195835057738813 0.121623528099248
1461161232.02991    -1.047828796453 -0.180511055841478  0.167205120319403 0.135309917886319 0.961932802939627 -0.201184199685233 0.126100858630397
1461161232.10995  -1.09710562149066 -0.194161944789311  0.161136870539313 0.128754507874897 0.962794982792495 -0.206776351655785 0.117011273847508
1461161232.18996  -1.14489283260166 -0.204868981591167  0.155911131362191 0.133904643987482 0.962800559721182 -0.208864391478565 0.107052764987424
1461161232.26999  -1.19046297407592 -0.209795691352371  0.151153785638538 0.124256892819414 0.963313613353298 -0.214914570949751 0.101974673858571
1461161232.35004  -1.23624649846096 -0.207736797381691  0.145930815429249 0.12065034887582 0.963633539562537 -0.219754271812407 0.0925308314375193
1461161232.40988  -1.27089468954297 -0.202372967516734  0.142167090463469 0.115899587791879 0.964304476668607 -0.223736661281845 0.081400664770071
1461161232.46986 -1.30572692276417 -0.19468000575444 0.138551313223543 0.112255868554491 0.965349592675383 -0.225370038531903 0.0686085244607251
1461161232.53012  -1.33987043949356 -0.187017130584657  0.133896714567963 0.115593324852084 0.964715393548034 -0.229252071451965 0.0583599214880001
1461161232.58988  -1.37481033452499 -0.173015366980349  0.129627374385006 0.132029670908208 0.967138402774619 -0.213455200775909 0.0405999155189363
1461161232.66987  -1.41271977997086 -0.161894086640183  0.126880042900631 0.131519645805587 0.967736706181311 -0.212236145183914 0.0338240883689632
1461161232.74996  -1.44740433542296 -0.148440149455607  0.125907843790015 0.12075102811198 0.971058050435299 -0.204880125937663 0.0221265878630907
1461161232.84986  -1.48548942807344 -0.126172411367136  0.126864624677995 0.12126641144976 0.974430403066629 -0.188200233776882 0.018987338934956
1461161232.94982  -1.52013812052118 -0.102236670299402   0.13330700299682 0.106440679887662 0.977101552716987 -0.184226824184284 0.00184786202885438
1461161233.07033   -1.54849612561747 -0.0668279973762918    0.14726003232949 0.0918110300189477 0.981326549130095 -0.168622279803661 0.0116389644339238
1461161233.18985   -1.56536343635768 -0.0260363225830091   0.166233019363612 0.075853474513636 0.987306792411403 -0.13866790804978 0.0155807361704772
1461161233.29009   -1.56845208686399 0.00899648470354622   0.186413306168953 0.0541286920217823 0.992364986159596 -0.104927581891076 0.0356654104556057
1461161233.38981 -1.56291981707557 0.041504969462151  0.21310125631413 0.0407802310930844 0.99367987272374 -0.0807079704987267 0.066509448905427
1461161233.48989  -1.55227135141863 0.0724808995625749  0.244438487024559 0.0313390812913241 0.994183139056097 -0.0595632223034583 0.0840831169094613
1461161233.60988 -1.53990039837919 0.105646054917746 0.287209751192354 0.0248379167761987 0.994349734557714 -0.0380436535358249 0.0959393751327823
1461161233.70981 -1.51650303986902 0.128979025314278 0.330296388592588 0.00742762389849604 0.992814478583425 -0.0244235500494349 0.116909074589302
1461161233.80983 -1.48504344203636 0.145028076715474 0.379909188807609 -0.022109099075351 0.988921864540629 -0.0136331931795698 0.14614674000911
1461161233.90977 -1.44608466530246 0.152642107894365 0.432988873518486 -0.0134482191393602 0.982539886354707 -0.006409351112038 0.185454677326783
1461161233.98985 -1.41084790061532 0.154074998338092 0.476403986810549 -0.000925027616140066 0.975605012333746 -0.00178398514560858 0.219524079841325
1461161234.07039 -1.37132865229271 0.152036756445561 0.518648242509729 0.0111175670970456 0.96587062108135 -0.00966097779851495 0.258605894251747
1461161234.12991 -1.33750267865725 0.151289565012185 0.548976652340884 0.00865198903008432 0.954246231095861 -0.00795828473559281 0.29879079508786
1461161234.18985 -1.30304919500553 0.149599949205353 0.577650351735874 0.016477942031815 0.938803935534933 -0.000691711237273627 0.344056927827478
1461161234.26968 -1.25742655751379 0.148373639232842 0.611887745917248 0.00227035079007631 0.923673658881409 -0.0038727743928194 0.38315377985141
1461161234.33161 -1.22166718062587 0.146877304247818 0.636988654362425 -0.000328533821489806 0.908682952842331 -0.00206554879963627 0.417481636467313
1461161234.40983  -1.1734232648421 0.144781894182039 0.665321645792221 -0.00945507061130339 0.895294955024227 -0.00976449622642222 0.445266436823333
1461161234.48966 -1.12618067123195 0.140268563413683 0.691227579512855 0.008756017643276 0.88288030988479 -0.0056706024452174 0.469482198640882
1461161234.58974 -1.06924021124193 0.129449472652786 0.718077584475498 0.0264659948330174 0.870779768445682 -0.0117820930324358 0.490819038207524
1461161234.70976 -1.00216356243935 0.111845791428116 0.743153372364568 0.052234838675584 0.853435723871764 -0.0238593237505204 0.518024825194876
1461161234.85022 -0.925887522788253 0.0998733177696585  0.760303652518905 0.0454111479242687 0.840521659427309 -0.0241664244521544 0.539330280632343
1461161234.99068 -0.84386241201832 0.105126567930734 0.762554987637508 0.0319536624515641 0.837036811391019 -0.000792787609158582 0.546212148638324
1461161235.16966 -0.744884162807581  0.103937053640385  0.749551090751398 0.0382616969789244 0.847368352687968 -0.0104358654481414 0.529522435898161
1461161235.28998 -0.686445746842659 0.0985431920319647    0.7304460702443 0.0346435173622815 0.868574601290981 -0.0231978255946007 0.493801427280912
1461161235.42965 -0.618886880805717 0.0944069400842926  0.708493339548454 0.0226905955894935 0.878151929712355 -0.0135992652954363 0.477649856273071
1461161235.56964  -0.55173904055976 0.0977824727422322  0.679225344755613 0.00622227571920281 0.888111000711543 -0.0037416790419001 0.45957168487404
1461161235.66966 -0.501951506174662  0.101259455026304  0.651704571748332 0.0221846972745344 0.900652786179662 -0.000140506532173686 0.433972785104739
1461161235.76963 -0.452788964515383  0.101537350603218  0.622918042062934 0.0347497144990059 0.911696069885495 -0.00429198314797515 0.409370629598945
1461161235.86968 -0.404778914455922 0.0969593306130247  0.595963526791074 0.0357837696621907 0.921033232959615 -0.013858955369568 0.387589002641699
1461161235.98963 -0.348001075374405 0.0896049425153386   0.56834528351238 0.0328612875170843 0.923668026094517 0.000519786763725365 0.381781669511645
1461161236.1097  -0.29220504453685 0.0799837657990244  0.537137078310407 0.0315407547694151 0.927067552125035 -0.00369891115919705 0.373546854680518
1461161236.2096 -0.245662259030739 0.0774998479767008  0.505889002304691 0.0375990779430132 0.931966566517198 -0.0104616452917629 0.360437487242614
1461161236.30962 -0.198375799156981 0.0786158866566219  0.470988276977748 0.033984457369757 0.938292339552728 -0.0181267384701506 0.343691669300241
1461161236.40966 -0.156010720182919 0.0760388727109822  0.434732839476714 0.0150658089608363 0.946711925732037 -0.0368360564291463 0.319613291375442
1461161236.50966 -0.117115768524661 0.0732954304123648  0.397589540708126 0.00534330873798761 0.955040186435145 -0.034160227080139 0.294453341348823
1461161236.63165 -0.0716763359607051  0.0690522889762414   0.356067838973624 0.0102685207130785 0.958599444896622 -0.014363151477727 0.284210065982684
1461161236.7497 -0.0294242334773045   0.066941860271169   0.312572446884948 0.0048922863333044 0.960337670190087 -0.00969157011379765 0.278628243753283
1461161236.85013 0.00115835651695473   0.070040191643611   0.271912476064304 0.00357974832238682 0.967214859505731 -0.00642723072241086 0.253852893736703
1461161236.96964 0.0403879113460526 0.0719691858847606  0.226656394521931 0.00422290058730276 0.967677814333798 -0.0114257845088323 0.251895347724312
1461161237.10974 0.0782537767510478  0.067798815094388  0.182514891236491 0.00191508599011527 0.970089825542521 -0.00370805785585834 0.242710348216693
1461161237.20989 0.107798829089611 0.056051871204463 0.158281570625527 0.0173051842275154 0.966070738127105 -0.0243972186631811 0.256539734261389
1461161237.33156  0.142645990638265 0.0547796900728797  0.126468235448872 0.0180024607354403 0.967511406537637 -0.00969140120137564 0.251999338034419
1461161237.43147  0.169689976627858 0.0571117907051061 0.0975526400838458 0.0165551806477407 0.972223563992764 -0.0169466018984463 0.232852056669087
1461161237.5313  0.200715764178501 0.0618706988409996 0.0717629118348593 -0.00709116367971781 0.970183652455011 -0.0277740975972074 0.240669888871424
1461161237.64969  0.231688077218203 0.0692853901281795 0.0408200112508908 -0.0195964933061231 0.971314520502611 -0.0162197006877288 0.236433925274033
1461161237.76961  0.256300405131163 0.0738111158314201 0.0138567788934974 -0.0214813628436716 0.973367612283618 0.0118825782790521 0.227931671211155
1461161237.86961    0.279052794963239   0.0719147479299153 -0.00535492762289002 -0.0294777371371404 0.966735796731503 0.0116006468795892 0.253807776325226
1461161238.00978    0.30317029808838  0.0692752772028622 -0.0320906738627131 -0.03331078361909 0.963854297396282 0.000394652911824235 0.264339042395331
1461161238.18956   0.341148688462283  0.0619146450221351 -0.0521632192767612 -0.0371132609331764 0.944718164191195 -0.0266921374381539 0.324680960188778
1461161238.26965   0.358435849339133  0.0571524335940539 -0.0528788914889516 -0.0213534835970519 0.93126884722955 -0.0370898048475585 0.361810322260692
1461161238.43163   0.395672577296565  0.0492711827308445 -0.0404333655246529 -0.0112014260709786 0.882043680529596 -0.0395652816577141 0.469369856487531
1461161238.50947   0.410185174319283  0.0469540671967791 -0.0354814166482307 -0.00662948654320487 0.854378461367243 -0.0306029632877015 0.518707001396672
1461161238.68975   0.431609546881671  0.0506128288106021 -0.0367916843009687 -0.010830151952054 0.800064702960636 -0.0263426239784812 0.599237219344003
1461161238.83125  0.440954500602071 0.0606220740570501 -0.044795275941353 -0.0379236773346195 0.769047989676517 -0.0452236461355271 0.63646037276655
1461161238.94958   0.446692759557619  0.0714552215911907 -0.0496833490892031 -0.0441326626940114 0.732956231325097 -0.0435281168986718 0.67744577206187
1461161239.0313   0.448656641454899  0.0808486993049799 -0.0511526328752514 -0.0509617981473809 0.698353714744779 -0.0245630663299333 0.71351358782032
1461161239.13151   0.451236981882562  0.0921326295717531 -0.0577963180674741 -0.0578319335039213 0.674165301868189 0.00301663489691835 0.736306670578279
1461161239.2495  0.452596106787588  0.100478761548283 -0.062938937314435 -0.0673513268187117 0.638539460224345 0.0148015446422042 0.766493359911464
1461161239.36974   0.452054902394369   0.109848383861798 -0.0684409618991535 -0.085085517189176 0.604017157590144 0.0241674075780497 0.792047766559776
1461161239.46993    0.45090630755821   0.114762423814875 -0.0715367114706876 -0.0709590600744715 0.571756734330088 0.025625000411032 0.81694700433717
1461161239.70949   0.447611469577122   0.134161772853616 -0.0813780357976989 -0.0728095451441789 0.503579375218489 0.00583277775805008 0.860855714794343
