1461244435.41913 -8.95129961377136e-06  -2.7415454381192e-06  2.58667312666096e-06 1.41454430704389e-06 9.79612123989737e-07 -1.0676699728254e-06 0.99999999999795
1461244435.73967   -0.134843068794005 -0.00494216733729599   0.0202216194957974 -0.00940824582923771 -0.0231628246364734 -0.00249280324707432 0.999684327374021
1461244435.77929   -0.150522445663177 -0.00679222748421696   0.0234583483279213 -0.00744632474287565 -0.0246578403427879 0.00261429521016288 0.999664798128856
1461244435.89964  -0.198284651607646 -0.0137476761417332  0.0350511131142782 -0.00644956177493092 -0.054280141217114 -0.0176764050339202 0.99834844324386
1461244436.05942  -0.255980766630276 -0.0189442422260602  0.0520917299211907 0.00226942318054197 -0.0788967411065143 -0.0158130156859918 0.99675478553961
1461244436.21947  -0.317677792275007 -0.0191268962085736  0.0714119053614176 -0.00826082326407193 -0.0947115376657004 -0.0159021189654268 0.995343461346086
1461244436.33958  -0.364730618493691 -0.0251878535564016  0.0847564391996405 -0.00951962328555074 -0.108537636152455 -0.0139244760507781 0.99394922771621
1461244436.45952  -0.410371833536685 -0.0379200185924493   0.093967104513647 0.00448454200640196 -0.124705682094234 -0.00797725099108556 0.992151573703852
1461244436.58176 -0.455835529650459 -0.048528413768439  0.102874682467487 -0.00784562920452905 -0.149603953193025 -0.0224612958960091 0.988459707564287
1461244436.73954  -0.514913335609551 -0.0554542336561284    0.11828145250375 -0.0114726890541663 -0.15814797841856 -0.0296954525485717 0.986902109849768
1461244436.89958  -0.578262388880086 -0.0564179824455765   0.131511059562079 -0.0228614302366822 -0.162197105621929 -0.0237879076629315 0.986206666670035
1461244437.0597   -0.6382013551732 -0.067436244244031  0.142061626418559 -0.0170290568548418 -0.157566622324361 -0.0047962628138442 0.987349870418256
1461244437.21973  -0.690325167248424 -0.0874129308333208   0.155433181279212 -0.0208638525655264 -0.150795683944234 -0.00260239741563869 0.988341332176089
1461244437.37992 -0.734993073630682 -0.110194880949229  0.173926559415002 -0.0200437676676859 -0.15537749099501 -0.0236982199486161 0.987367447833402
1461244437.53992 -0.764581499171808  -0.12962167977699  0.200444208110792 -0.00690976365865281 -0.141241471312215 -0.0192341177125943 0.989764189422693
1461244437.69973 -0.777979302916221 -0.145908107528668   0.23004988636392 0.00304829364660865 -0.126020770984362 -0.0123746213371748 0.99194573537725
1461244437.86175 -0.777659909598651 -0.168266243349493  0.253668896131948 0.0197126575929471 -0.114270908902685 -0.00798008202571399 0.993221973578938
1461244438.02017 -0.764565324129827 -0.190130454100202  0.272324227357564 0.0271952322912108 -0.103849688021208 0.0280393576209262 0.993825666836358
1461244438.18203 -0.740700915748128 -0.207000290126059  0.293536981375858 0.0200064047768138 -0.0945505856333631 0.0522945486020108 0.993944269418968
1461244438.29998 -0.714121215166884 -0.212599580697832  0.311406755718523 0.011399531349973 -0.0736644921895506 0.056233102337633 0.995631172411221
1461244438.42012 -0.681009854188488 -0.212936656369481   0.33024663635976 0.002338384820232 -0.0524334514270057 0.0617976237705834 0.996707739923893
1461244438.54007 -0.639461752547634 -0.210854909107879  0.347602618314123 0.000834951382467356 -0.0230617442758278 0.0653204827226197 0.997597460574168
1461244438.62036 -0.608697961386574 -0.208059694382147  0.358500364082722 -0.00108086359601304 0.00296670124086046 0.0668074501244796 0.997760890707538
1461244438.70012 -0.575613479766762 -0.205657787470328  0.368882165141561 -0.00176836351707108 0.0329016045413085 0.0611738833579496 0.997583136036284
1461244438.78021 -0.541342064783054 -0.201577871459321  0.380060483538165 -0.0139759261224711 0.0557703890312803 0.0633676155055426 0.996332716767577
1461244438.8605 -0.504708970651353 -0.195056162455451  0.392424764645178 -0.028850681967753 0.0745763745829163 0.0824509628373606 0.993382021797886
1461244438.94025 -0.467039889591644  -0.18645418706769   0.40505449931194 -0.0454570189871853 0.0919579514766945 0.0882293606068336 0.990804205941778
1461244439.02136 -0.428367190507906 -0.175486672142281  0.417720757464661 -0.0533049815585992 0.102373907212141 0.0973056993364079 0.988539206576962
1461244439.10028 -0.388367355830554 -0.162368114422098  0.429084116616594 -0.0555449832755211 0.108797348356693 0.110831806265108 0.9863033014968
1461244439.18208 -0.348445781627001 -0.149025397961982  0.439569044054667 -0.0541892053561919 0.113871380908585 0.117795422651086 0.984998008645342
1461244439.26035 -0.307562099237159 -0.136065720669434  0.446641944492925 -0.0592194845989336 0.132529657031213 0.116718802399889 0.982499701688179
1461244439.34069 -0.268604333934301  -0.12469787926165    0.4523773504334 -0.0576944928783126 0.155613012887606 0.125080253353466 0.978167095098066
1461244439.42047 -0.234683579415004 -0.115203721690746  0.459406618245304 -0.0706386940510715 0.164749504064208 0.110560885489565 0.977570491787227
1461244439.50052 -0.201680639671589 -0.104712124740167  0.469371546145188 -0.0911323464126125 0.175559978210239 0.0979352084592126 0.975337010695381
1461244439.58279  -0.169310979853898 -0.0946281774283768   0.480706670540613 -0.107084340826904 0.183229473970969 0.102739145091967 0.971804801327798
1461244439.66042   -0.13544261645887 -0.0865109691023338   0.494556770740403 -0.116160798587477 0.195694876213595 0.103754266410469 0.968217556387453
1461244439.7405 -0.0993247032054015 -0.0807811172075862   0.510929939516011 -0.115528248476077 0.212843871102776 0.0995925198243391 0.965107268822007
1461244439.86229 -0.0452893119568973 -0.0773733736106198    0.53923674201543 -0.0984881159042201 0.240304302560529 0.0949311890372064 0.96101092738039
1461244439.94217 -0.00960556433332965  -0.0773390930191651    0.557824990709401 -0.0886165838210222 0.26862452412198 0.0923460548789765 0.954704232870275
1461244440.0606   0.039211560279727 -0.0790987713345547   0.585713690948863 -0.0968166496454392 0.294191350148748 0.0968841045352128 0.945881311866081
1461244440.18405  0.0836424535545376 -0.0793973623744083   0.612466975229055 -0.106404217221503 0.305746427153198 0.11847259496218 0.93870203423848
1461244440.30087   0.127724766801173 -0.0760763318131472   0.641289375730749 -0.101608032795752 0.318425996741259 0.125713336159736 0.934064692289727
1461244440.38322   0.157311961561775 -0.0743908241438513    0.66250174388871 -0.0930395371712415 0.32893080832608 0.12418622839753 0.931518088140702
1461244440.46148   0.185841842043554 -0.0740600724634157   0.686206244910326 -0.087825113409232 0.330792810944722 0.126586319208007 0.931041765696531
1461244440.54133   0.212802012646602 -0.0764634308357815   0.709702051386752 -0.0936868514112828 0.33395929999796 0.125332884693455 0.929508272062132
1461244440.66078   0.249421569186025 -0.0876238384732227    0.74309428033184 -0.0926657345059232 0.334889635830846 0.119439046200575 0.930051776894307
1461244440.74072   0.270614187867393 -0.0968993085239011   0.767260109623127 -0.0894409668264201 0.324954079187041 0.126220588713691 0.932991705674615
1461244440.82086  0.291522144569712 -0.105882390967234  0.792564122056699 -0.0845855457359645 0.318246912531655 0.123172916802893 0.936158437810014
1461244440.9015  0.312120386247598 -0.112184532848729  0.819271966312951 -0.0847426995990418 0.31283051467123 0.118913414705268 0.938517631032221
1461244440.9835 0.333313739308455 -0.11665687247897 0.847257435719822 -0.0709812503728281 0.309268458777041 0.120546422174282 0.940629173799199
1461244441.06086  0.354082997395024 -0.120520851916972  0.876447711649734 -0.0604303087987659 0.312572550497932 0.115795294094365 0.940870888230316
1461244441.14086  0.374120366300847 -0.126517829402125  0.904789758359536 -0.0590770627617289 0.327191164068415 0.100541313657903 0.937735190263726
1461244441.2209  0.391854403061708 -0.134845976094546  0.931647994517069 -0.0562781547297181 0.329465059294633 0.0913073658325823 0.938055706740765
1461244441.30117  0.409970284550671 -0.144062959577658  0.957048713621124 -0.0521827724564457 0.335742893434138 0.0996134437138886 0.935216995995417
1461244441.383  0.426454330964424 -0.153512573980655  0.982109892622452 -0.0490558302264514 0.32828346306778 0.10745457478544 0.937164344047883
1461244441.46104  0.442777057439087 -0.162015423778236   1.00804816789116 -0.0455409291876691 0.322861568422183 0.113712999431022 0.938485900354977
1461244441.54101  0.459165602656026 -0.167986591399027   1.03421298707923 -0.0470618444046979 0.31509424507449 0.107371123762309 0.941792037184529
1461244441.62104   0.47566886670153 -0.171973710619872   1.05998593744708 -0.0459466424967083 0.314491498442793 0.100500461810622 0.942806268873059
1461244441.70151  0.492705241476446 -0.174563734519826   1.08648912089204 -0.0461016549833316 0.304106571430394 0.0897227128114614 0.947282252249244
1461244441.78302  0.510402351345877 -0.173497759378214   1.11544315736295 -0.0510996838023673 0.299137238010588 0.0823317556782533 0.949277207752104
1461244441.86141  0.532502918877602 -0.173403126551895   1.14133221681406 -0.0589857955232668 0.29923494826699 0.0834872037255316 0.948688045922489
1461244441.9411  0.547944522538311 -0.177396175387334   1.16604680835865 -0.0336472488078663 0.2995502056682 0.077481903621594 0.950333673791987
1461244442.02114  0.566166108803462 -0.182526872922381   1.19048722879481 -0.0439758734253621 0.292881091147779 0.0740640999860981 0.952261150156727
1461244442.1412   0.59198587869615 -0.191753179043487   1.21906237552449 -0.0562026498917456 0.313433179865696 0.0760595704518617 0.944889329840856
1461244442.26123 0.616941676121615 -0.20186692098007  1.24956694914532 -0.036582971994614 0.322225478061191 0.0880869349651218 0.941845592088602
1461244442.38359 0.642046111815183 -0.20435740573016  1.28183148908322 -0.0175929300876645 0.353785255694065 0.0997616484084103 0.92982476584099
1461244442.50129  0.678045498031154 -0.215432168303193   1.31299931553308 -0.0112962733495666 0.378068963468442 0.0858821327422377 0.921716069267513
1461244442.58375  0.693663962289894 -0.217364466792977   1.33365481897644 -0.0175508255993501 0.406922833977408 0.0867655469921948 0.909163085240333
1461244442.66138  0.713704321802893 -0.220354003347547    1.3514538982565 -0.023378452426616 0.428208386668689 0.0812121013601586 0.899719745332624
1461244442.74137  0.736569670777963 -0.222393297420085   1.36989838108951 -0.0302624293899565 0.44457604437843 0.101928270188447 0.889408204295776
1461244442.8216  0.760394749953647 -0.220293757636533   1.38546915510912 -0.0431646966981326 0.468466892115707 0.114274667302877 0.874995360195256
1461244442.90145   0.78495749313943 -0.217951790326121   1.39985075813863 -0.0510822995659026 0.494946429676018 0.117827666998289 0.859380748743979
1461244443.02148  0.82354055597294 -0.21412814488846  1.41655195817644 -0.0483548714053159 0.539723610508632 0.124975506064702 0.831108508893257
1461244443.10157  0.849652142910202 -0.213716329275691   1.42434202017505 -0.041240166931391 0.571659216248701 0.132458604769985 0.808677752341302
1461244443.22149  0.886815233187961 -0.215053488751127   1.43469700100418 -0.0448235523956105 0.61075110465055 0.140058988095931 0.778047181842024
1461244443.34152  0.921536007470139 -0.215511976081792    1.4458586429398 -0.0560741154292076 0.630338114290963 0.159584954306356 0.757668923481743
1461244443.4619   0.95904913744186 -0.214010671446829   1.45683055962327 -0.0630800309691504 0.643031161451221 0.178565352814582 0.742055422370748
1461244443.58395   1.00002331351782 -0.211422771778155   1.46769343413211 -0.0605645703608798 0.666855760610872 0.182439864410423 0.719965987551498
1461244443.66169   1.02843242930275 -0.209674616295836   1.47465533759299 -0.050781323966056 0.683972011292954 0.187644065811408 0.703131032930485
1461244443.78398  1.07123543196568 -0.20740815171576  1.48392195650525 -0.0594670145921696 0.700950396507641 0.196096666554347 0.683138575383904
1461244443.90169   1.11727024379004 -0.206464456894658   1.49144091131349 -0.052383635285092 0.71144740263562 0.216081382673786 0.666638870828227
1461244444.02421     1.163956593844 -0.204435442337838   1.49894766344771 -0.0780590900739525 0.717770154864534 0.214357995898891 0.657847575686633
1461244444.14195   1.2131778879477 -0.20014131243195  1.50509240351015 -0.0631356384911283 0.723238546988877 0.205942367512079 0.656146048197545
1461244444.30176   1.27943678995131 -0.194873625230314   1.51375607152345 -0.0570692624322704 0.720819493738206 0.19569001042992 0.662470962797896
1461244444.46196   1.34373383973989 -0.198240710832001    1.5206437696422 -0.0593765057870257 0.71351393331786 0.193718341741082 0.670705227052008
1461244444.58382   1.39172057972892 -0.198731656159869   1.52410650686873 -0.0747012593367381 0.709386682039823 0.199201717246139 0.671944144288962
1461244444.70199   1.44256339807475 -0.195007096819606    1.5265211435398 -0.0643330634466623 0.709641470520181 0.195019383679898 0.67397157228969
1461244444.78197   1.47898390696434 -0.190959203000736    1.5264596517786 -0.0624135823638416 0.717315891320059 0.188046598266136 0.667982734564865
1461244444.86219   1.51491507762699 -0.186814133587708   1.52589426434342 -0.0584313071946605 0.724329674876227 0.187123201383465 0.660997134590783
1461244444.98401   1.56768769252268 -0.184852021783674   1.52413203515254 -0.0849618780565328 0.733593526825623 0.183977783426177 0.648671096845113
1461244445.10226     1.618990171313 -0.188867270958075   1.52116198190467 -0.101305636018533 0.736728278918206 0.183045479592531 0.64301085803728
1461244445.22237   1.67053425307238 -0.192180907728653   1.51673734873788 -0.0718695941594933 0.743708443383354 0.182262522868636 0.639150127460849
1461244445.34214  1.72360279628556 -0.18918441579691  1.51347293533471 -0.0548477695817865 0.753461991026731 0.172499699733506 0.632084332855821
1461244445.46216  1.77649374448457 -0.18614193343785   1.5123885372509 -0.0408527710730659 0.753462206083977 0.16531632282193 0.635056114455529
1461244445.6222   1.84469745563809 -0.186358702581691   1.51142107014549 -0.0422882446551811 0.741075591955544 0.178633268490843 0.645839629288884
1461244445.74211   1.89790104035034 -0.186381901952358   1.51429947278502 -0.0498528788125832 0.724681496177984 0.185639261234497 0.661732184693813
1461244445.86237   1.95165991084042 -0.182845536762644   1.51588930279104 -0.0411885627500118 0.719713188205904 0.181388922023924 0.668890490280793
1461244445.98441   2.00485434545694 -0.177131221120747   1.51596813590878 -0.0527459196008322 0.720808216687317 0.167963911799252 0.670403987946526
1461244446.10236   2.05682848520638 -0.173718254972122    1.5154880059709 -0.0675466463207672 0.719923407068189 0.162489769247909 0.671375314869342
1461244446.22239   2.10687947296798 -0.174232997273581   1.51413747585789 -0.0750328225032295 0.713011684829126 0.169029517623869 0.676323469218814
1461244446.34302   2.15386664730626 -0.177275248747599   1.51340451975312 -0.0563161768243981 0.698899107256532 0.172122655052148 0.69191207369268
1461244446.46257    2.1994966574127 -0.176380398226829   1.51456507752868 -0.045246451222786 0.682816133868014 0.162177272873936 0.710924340661125
1461244446.5848    2.2439891465554 -0.174830499255215   1.51595680392169 -0.0350892606121427 0.663883780779244 0.157094688979616 0.730307009484605
1461244446.70262   2.28378054113677 -0.178570117828756   1.51874452021976 -0.0277798476498798 0.638835544447563 0.142891096605023 0.755446597534167
1461244446.82253   2.31999205833927 -0.181364846401374   1.52420505067094 -0.040721244830982 0.603385021126198 0.13787528620454 0.784384282067132
1461244446.94268   2.35340880812347 -0.183624998827401   1.52867021102504 -0.0445685810781785 0.575158396938464 0.130836117678487 0.806280577914832
1461244447.06264   2.38677267383817 -0.182437134059957   1.53375642928987 -0.0366702354097079 0.541901391160808 0.12324260778172 0.830547672153825
1461244447.18271   2.41996032720731 -0.178451111811112   1.53779116365875 -0.0444461949542339 0.515990903488854 0.105377782747486 0.848924876637544
1461244447.3028   2.45282902013937 -0.175663430077733    1.5423474435919 -0.0436285354656969 0.484361961307326 0.105131784986321 0.867431466524721
1461244447.42275   2.47887295554022 -0.175906506695759   1.54571159355598 -0.0476856465154258 0.450279670328464 0.0961176815461283 0.886417333370401
1461244447.5428   2.50445642866388 -0.174401656190805   1.54911869441062 -0.0566467974128078 0.412540417898812 0.0954974505344603 0.904146990751042
1461244447.66279   2.53021175822501 -0.172553024728876   1.55208117842584 -0.0548718431128804 0.38319230328135 0.0880319645637639 0.917825208171128
1461244447.78283   2.55556046198673 -0.170159416653099   1.55641675186967 -0.0569993515414033 0.342642073986151 0.0670040667534438 0.935338408329749
1461244447.90289   2.57798834921457 -0.168366753808161   1.56016317954163 -0.0563729769959627 0.292351449489988 0.0550558108611926 0.953059061724997
1461244448.0229   2.59655785227458 -0.167205949509568   1.56353886629742 -0.0764987042439458 0.237257655705112 0.039239377934413 0.96763475768372
1461244448.14308   2.61391567463346 -0.168666441143413   1.56860068356427 -0.0835200238582023 0.190792895665715 0.0319749908623305 0.977547991935726
1461244448.26301  2.62984435175733 -0.17142738960748  1.57684069652886 -0.0757262569777212 0.143829830203426 0.0195899333157651 0.986506334729018
1461244448.42305   2.65343901008395 -0.170739743949841   1.59449139797482 -0.0712130332555179 0.103774116128469 -9.04997990892763e-05 0.992048198691016
1461244448.58537   2.67549969688372 -0.171175494733263   1.61749846256152 -0.0696546632212488 0.0681086896571322 -0.0132660999828861 0.995154985354526
1461244448.70317  2.69160191688388 -0.17327914959703  1.63749932425786 -0.0732728998077471 0.0499139194278128 -0.0185053795641492 0.995890171519081
1461244448.8232   2.70650429878915 -0.175406477668772   1.65826694368105 -0.0764413977741507 0.0377536623857387 -0.0133321141781321 0.996269857224607
1461244448.94324   2.72281927378309 -0.178165142075585   1.68233967988541 -0.0728476169194085 0.024173943390154 -0.0189123696762039 0.99687068742308
1461244449.02331   2.73273364845324 -0.181486266228981   1.70028593512105 -0.065275846443655 0.0160882914322679 -0.0291942270935238 0.997310346809992
1461244449.10325   2.74070732683455 -0.185301098608476   1.71925715816689 -0.0607016328294795 -0.000514736122231899 -0.0335800556559295 0.997590811245124
1461244449.18516   2.74771907163896 -0.189641891878068    1.7381051189607 -0.0489545430914908 -0.0136525567761544 -0.0280372620694141 0.998314064981471
1461244449.26337  2.75216868234289 -0.19258260752811  1.75615521929372 -0.0526678213982661 -0.0314993651449042 -0.0355273577115856 0.997482680270019
1461244449.38582   2.75727619379785 -0.196935377944961   1.78300366432094 -0.0563399360170426 -0.0438368123682785 -0.0285539685200722 0.997040027467673
1461244449.50341    2.7553398837082 -0.201661177991298   1.81022891173364 -0.0567966765013521 -0.0589383123788455 -0.032835315774431 0.996103536240248
1461244449.62342  2.74906707952826 -0.20530301969921  1.83847870544022 -0.0579955018980749 -0.0733574611811515 -0.0327332919883658 0.995079763759796
1461244449.74348   2.74159341565144 -0.210413340803901   1.86885176134227 -0.0558035968654952 -0.06704332696048 -0.0287170330066646 0.995774313236809
1461244449.86472   2.73195785897819 -0.217809351348168   1.90003629211414 -0.0542360907557174 -0.0508635706944319 -0.00983904714176322 0.997183301498321
1461244449.94372   2.72476245074258 -0.224246843444499   1.92039313989553 -0.0592865900405483 -0.0434396941675771 -0.0080739620892314 0.997262705784275
1461244450.06355   2.71423220445232 -0.235371404066024   1.95042414182084 -0.0556011741969861 -0.0309542956448902 -0.00561773247437016 0.99795730474349
1461244450.18606    2.7050298317293 -0.244804324301841   1.98047737722401 -0.0414501324461768 -0.0317886118269868 -0.00615034700097496 0.998615813969554
1461244450.2633   2.69695640766519 -0.248673981247248   2.00138744686814 -0.037702644602615 -0.0464273274421344 -0.0073351355449343 0.998182953993449
1461244450.38634   2.68855206588014 -0.255933960696982   2.03398236549886 -0.0292086804512713 -0.040388165010708 -0.0214707611530482 0.998526241782795
1461244450.50435 2.67880276856225  -0.265178171626 2.06721500132278 -0.0198755740070983 -0.0527549462730397 -0.00885456090298274 0.998370409193318
1461244450.62375   2.66996105275252 -0.273563019658548   2.09981525556155 -0.0369091511496564 -0.0655945637884948 -0.0165052975300217 0.997026901801679
1461244450.74373   2.66228437836932 -0.283984762342907   2.13068011202284 -0.0382855727017388 -0.0709407637888394 -0.00279438564084713 0.996741598592557
1461244450.86389   2.65802228454657 -0.294195355890806   2.16327277634971 -0.0409952873612188 -0.0702479460286003 0.00320529230456101 0.996681663618919
1461244450.98884   2.65519589279225 -0.302841881155621   2.19859637784312 -0.0392718516913768 -0.0736523776767435 0.0193501778676081 0.996322547945084
1461244451.06385  2.65631489384439 -0.30890086112652  2.22364356213522 -0.0431854559761534 -0.06260090304659 0.0157114261929439 0.996980087271991
1461244451.14382   2.65920313637376 -0.316919770531525   2.24853342027002 -0.0362922971518338 -0.035999334384253 0.0102278880150994 0.998640229210742
1461244451.22396   2.66105299266883 -0.326522876289895   2.27453060367642 -0.0326286152942738 -0.0281161410580988 0.00464538693121875 0.999061197553102
1461244451.30386   2.66334904436749 -0.337371711495657   2.29956433843065 -0.0309211556394589 -0.0161304520005501 0.00268247680974026 0.999388060250043
1461244451.38612   2.66583795988815 -0.347814169299617   2.32496604593372 -0.0300898558685479 -0.0093786382839077 -0.00128725970456026 0.999502368521557
1461244451.46433  2.66967365476943 -0.35614506625634  2.34990551962219 -0.032241791565819 -0.00535026246886039 -0.0017758233321214 0.999464200469248
1461244451.54403   2.67354938316853 -0.364060005704187    2.3733222471662 -0.0225499693315256 -0.011273762358152 0.00637814967197095 0.999661802997494
1461244451.6241   2.67921211812374 -0.370967904930266   2.39617221535537 -0.00972129007018216 -0.0163588961823014 0.0155945042910711 0.999697301422277
1461244451.70408   2.68537732764444 -0.377442758200799   2.41849544802833 0.00107589719332154 -0.0256160756043594 0.00915365275003084 0.999629366193887
1461244451.824  2.69710372392572 -0.38488680825366  2.45127712198352 -0.000295736637026016 -0.0404039236822515 -0.00290899037467865 0.999179149735382
1461244451.90408   2.70522913002252 -0.389151890193454   2.47211726447986 -0.00899968101912515 -0.055226539702331 -0.00383800179393887 0.998425913524028
1461244451.98651   2.71301104943279 -0.395199642647485   2.49216700915253 -0.0115443852473058 -0.0745822868998718 -0.00655052926579754 0.997126521669334
1461244452.0642    2.7220416137173 -0.402014328034001   2.51084133573924 -0.0153038392628535 -0.0855945095722454 -0.0163932563658831 0.996077624274648
1461244452.18612  2.73663432372375 -0.41159276396163  2.53644710728818 -0.00978021259870298 -0.0985548170717911 -0.0271891197352995 0.994712042372811
1461244452.26732   2.74734719820903 -0.414901122282428    2.5538975054067 -0.0112273128568284 -0.108452934881042 -0.0263244535107117 0.993689554895827
1461244452.38667   2.76337382535157 -0.415851290111773   2.57893943935237 -0.0170578589982473 -0.123213173471334 -0.0339285571524694 0.991653365011721
1461244452.46431  2.77440845050376 -0.41620247949198  2.59549634354614 -0.0204743614675546 -0.133546945749121 -0.0377436339134199 0.990111827978328
1461244452.58635   2.79060332565531 -0.417699852323297   2.61855291805661 -0.0322430577399521 -0.139386678516346 -0.0473339624380145 0.988580414068413
1461244452.70433   2.80435544212469 -0.422770030978541   2.63981636718437 -0.0352353157861786 -0.149827900921579 -0.0580477832083058 0.986377477181775
1461244452.86434   2.81955712547325 -0.430236363377814   2.66743745334697 -0.0327459564169872 -0.173201269858532 -0.050271547204935 0.983057370655116
1461244453.02598   2.83184048496196 -0.435803389543169   2.69662981443736 -0.0438200925169101 -0.175580102551862 -0.0660166163818051 0.981271233370868
1461244453.2246   2.84318012072473 -0.448846520930445   2.72742190885131 -0.0398401078348745 -0.195766321308145 -0.0705804891003773 0.977295609223501
1461244453.42481   2.84759049850395 -0.464317932021447   2.76036702659817 -0.0469104182047501 -0.216211386901629 -0.0762786778467009 0.972231254457441
1461244453.58468  2.84659269063663 -0.47769487486702  2.79374774413412 -0.0443276134432813 -0.240322191512882 -0.0847350136235061 0.965971161277133
1461244453.74475   2.84778369163565 -0.490012192344141   2.83352624953346 -0.0325183813599984 -0.233089990683434 -0.0928986200503976 0.967461346778079
1461244453.90475   2.84675562093304 -0.501647320159998   2.87493020332534 -0.0291143344271957 -0.22266774369838 -0.0862408378727475 0.970635847952331
1461244454.06487   2.84143477546368 -0.514592555826377   2.91631943270677 -0.0270915198875368 -0.221631946829572 -0.0945199092932453 0.970160459121023
1461244454.22484   2.84105755513577 -0.521022690082251    2.9573545312876 -0.0393379918442496 -0.211782778584437 -0.0949221242837946 0.971900389656352
1461244454.38754   2.84198634470451 -0.528673464319183   3.00075877271916 -0.0364402869687703 -0.202652463075011 -0.0873052097731758 0.974670141659078
1461244454.50484   2.84174018500826 -0.537568918639445    3.0357238253432 -0.0398486681051908 -0.205272536790972 -0.0888725848697406 0.973846462717924
1461244454.62505    2.8438688497441 -0.549969022487366   3.07154932394047 -0.0365185415918047 -0.199803566503301 -0.079799199851477 0.975898057501721
1461244454.70495   2.84599944099714 -0.560347826684862   3.09682245890102 -0.0354263690921927 -0.191968167710874 -0.0696826902035792 0.978282943551949
1461244454.78999   2.84870685078286 -0.571242384819844   3.12079811625567 -0.0280422821860764 -0.18790905939268 -0.0589661604775258 0.980013677316033
1461244454.90535   2.85173629226633 -0.583329480030923   3.15720527891278 -0.0281626977576055 -0.181618945620943 -0.049543220572695 0.981716298296935
1461244455.02502   2.85281898818908 -0.592159947955826   3.19466715061278 -0.0244508016145466 -0.177151052055191 -0.0448993517200572 0.982854878031983
1461244455.14513   2.85319797963657 -0.600574695019204   3.23258148207789 -0.0192725352087526 -0.164560505611614 -0.0383580349312978 0.985432428193677
1461244455.26532   2.85257566711217 -0.609834713997257   3.26960424571933 -0.0192082323854475 -0.144394959996407 -0.03855228521783 0.988582247787581
1461244455.38765   2.85112181554967 -0.621123434672613   3.30500806110298 -0.0154659301233757 -0.134919310320858 -0.0369439159168688 0.990046833126944
1461244455.5052    2.8497724902443 -0.628279845409026   3.33853361113112 -0.0241927196577115 -0.130305230943002 -0.0409640912780032 0.990331864745461
1461244455.62522  2.84687048136193 -0.63286466747787  3.37090690561842 -0.0326513821826985 -0.131485698769821 -0.0456421422035204 0.989728343089984
1461244455.74524    2.8425778103194 -0.635948545659198    3.3994511758233 -0.0381438300752325 -0.144845151564908 -0.0485319120151056 0.987527004092287
1461244455.86535     2.837921199178 -0.639957304707657   3.42553607370057 -0.0420915028301053 -0.155298727584278 -0.0576204934562796 0.985287008609198
1461244455.98803    2.8313809218628 -0.646262349896802    3.4495931789168 -0.0427317931471355 -0.172136196611296 -0.0671131791767286 0.981854849176506
1461244456.10568   2.82362103211851 -0.653595322246332   3.46947477734152 -0.0385232527364656 -0.193565319821635 -0.0763100784049045 0.977356228759395
1461244456.26536    2.8116030297183 -0.659541076432589   3.49022920493942 -0.0413796039718335 -0.219283126885264 -0.0826855400511262 0.971270168441824
1461244456.42834   2.79557355930161 -0.662944461704738   3.50881406162675 -0.0388048973947323 -0.245172593932134 -0.0952844801063372 0.96400489987014
1461244456.62553  2.77570680629579 -0.66569951393207  3.53449998494895 -0.0383681541602221 -0.259716153236035 -0.102972387049375 0.95941236806702
1461244456.82559    2.7518424849543 -0.669613582481641   3.55921693720137 -0.0381205670949116 -0.275705127080426 -0.126670897759131 0.952096627935854
1461244457.02572   2.73097815920403 -0.673448441896132   3.57682846089692 -0.0396186064277574 -0.295913650716 -0.137916641975168 0.944375178205646
1461244457.30624   2.70861077282065 -0.673104266079988   3.59329293371117 -0.0451841504652127 -0.325690929755565 -0.148443253872678 0.932656641643314
1461244457.62589   2.68449085957683 -0.669478312724227   3.60722654879842 -0.0572435069706762 -0.357091074790431 -0.161971573690797 0.91813634855115
1461244457.90595   2.66174088166786 -0.671477112824333   3.61366982968571 -0.0479148014252365 -0.392376890857051 -0.177419045562782 0.901258580873062
1461244458.10604   2.64465081083453 -0.672326779517596   3.61506402223509 -0.0448357521897307 -0.428295785014018 -0.197512583859882 0.880648201657052
1461244458.34595   2.62666989196937 -0.670663039357196   3.61339712894813 -0.0442308586739547 -0.466060783661705 -0.207829143517392 0.858858558889896
1461244458.54607   2.61059827429339 -0.666116324570416   3.61157050975056 -0.0504171242397499 -0.495453697579803 -0.218296035565066 0.839244057467475
1461244458.74914   2.59541679474858 -0.661155498928378   3.60665829084807 -0.054559815567543 -0.51729035669458 -0.223940170308738 0.824187304875611
1461244458.86613   2.58577317555303 -0.658565819796095   3.60441634915622 -0.0528531666065593 -0.531602910345832 -0.232409378206436 0.812767352575876
1461244458.98622   2.57610692963704 -0.657113799366739    3.6001857547066 -0.0524099982642465 -0.54315369212623 -0.236855521180678 0.803826300202859
1461244459.14627   2.56394426797185 -0.654607526506659      3.59449856768 -0.055052417420894 -0.557980098051426 -0.239258042655505 0.792706143876338
1461244459.2662   2.55468632482482 -0.650912378102319   3.58897767326328 -0.0612417450837652 -0.572260036703324 -0.245494062567164 0.780064461628445
1461244459.42614   2.54342133906752 -0.646746570599046   3.58225297666609 -0.0664759167033453 -0.585372511837879 -0.250059973918483 0.768368391025392
1461244459.6264   2.53177063713592 -0.639732349768184   3.57198859791179 -0.0745847015974933 -0.602527039920296 -0.257657137418539 0.75167219450355
1461244459.86647   2.51875253782446 -0.631912834999816   3.55520973714964 -0.0748317398947036 -0.623438209707625 -0.273066236661924 0.728807134827985
1461244460.06655   2.50939958537144 -0.626699906419942   3.53848818282138 -0.0726447455446519 -0.64387191478586 -0.281206742624437 0.707866135789315
1461244460.3466   2.50103886736841 -0.620652998354115   3.52027468278146 -0.0626815648965486 -0.659977892334646 -0.305521745696576 0.683488599728009
1461244460.58919   2.49416608446486 -0.616990668060382   3.50145261673166 -0.0573991495387958 -0.680973189891722 -0.310226820149139 0.660863202441375
1461244460.78852   2.49159989982396 -0.614080187951787   3.48356959848185 -0.0521386409224721 -0.695583962803384 -0.312984560871557 0.644581397086153
1461244460.94674   2.49170288821501 -0.610140634325741    3.4638015825402 -0.0514716436930152 -0.709209875995108 -0.316140338163728 0.628034480161931
1461244461.06679     2.490902745501 -0.606526472997249   3.44480929893458 -0.0443651532218187 -0.720322355970513 -0.324399281445406 0.611500239465528
1461244461.18863   2.49028723231111 -0.603952623265971   3.42424456804894 -0.0365817805947333 -0.731398928976403 -0.326286454537359 0.597707729250784
1461244461.30687   2.48920835347623 -0.599649667946505   3.40218936276841 -0.0338174412035712 -0.73659232001566 -0.334564448567158 0.586817488252817
1461244461.427   2.48821941244412 -0.597514227699434   3.37965406030454 -0.0366685405248474 -0.74084773361457 -0.328255490399404 0.584849029029355
1461244461.50696   2.48620759183685 -0.598662001735794   3.36354247509107 -0.0300991502380873 -0.742929240163912 -0.330103578022256 0.581534017097299
1461244461.62704   2.48442459186323 -0.604135902522039   3.34108136264716 -0.0166712848040985 -0.746417248822025 -0.318142632095501 0.584267596711718
1461244461.7471   2.48458957898831 -0.611038898819468    3.3233619913038 0.00659138302946039 -0.738714011895384 -0.308861232047875 0.599051668587155
1461244461.90715   2.48817328883986 -0.618433061561797   3.29921322712205 0.0167831968467631 -0.739489237378831 -0.296244448503959 0.604245991989242
1461244462.06727     2.493441913521 -0.619212696764397   3.27206641561627 0.0252295450554996 -0.751323000863249 -0.296666679595471 0.588953393442922
1461244462.22727   2.50290395509255 -0.617222551842927   3.24458261674137 0.0385406108677516 -0.758207568007832 -0.302600668970265 0.576254058786867
1461244462.34726   2.51174007571373 -0.615532248494908   3.22427500334744 0.0484221676713999 -0.769543795095354 -0.30952188617929 0.556465491368744
1461244462.50721   2.52639891948126 -0.611527740365203   3.20377031603244 0.0554007834559536 -0.780233864728259 -0.316907651758362 0.536409740572142
1461244462.66735   2.54134716060502 -0.608193261725604   3.18956369870272 0.0655382994932246 -0.788674385470512 -0.32769473575996 0.516055815932207
1461244462.86746   2.56297966716413 -0.603264661012301   3.17717209650607 0.0596560354538689 -0.802596895431142 -0.31667910523403 0.501989766017587
1461244463.06787   2.58719549566283 -0.590984025941361   3.16959457446464 -0.0429883900460175 0.809097182966789 0.310323600196153 -0.497205199085604
1461244463.26764   2.61645650748265 -0.580286549549092   3.15722081209807 0.0399653346065601 -0.812323151738077 -0.283744920844611 0.507959338013378
1461244463.42756   2.64290251876491 -0.571884558669719   3.14102639694665 0.038823282113599 -0.804011191808818 -0.277038749039582 0.524698282580261
1461244463.58966   2.66966862594333 -0.565864788662006   3.11958914478259 0.0354308358572449 -0.805491844183555 -0.250442303439519 0.53591622243793
1461244463.74763    2.6917537116793 -0.557314974358196   3.09306250973218 0.0286895313568358 -0.800867998668187 -0.247637356853821 0.544484250451922
1461244463.86798   2.70682314981601 -0.546098343358031   3.06739881271182 0.0222455656384416 -0.809744468543463 -0.249401544812266 0.530676831902379
1461244463.98772   2.72003305981519 -0.530583210100996    3.0410982864804 0.0151138662452435 -0.812362924551622 -0.26872709081266 0.517323690279521
1461244464.10947   2.73263492547854 -0.514998641530534   3.01561641854941 0.0194073115465587 -0.80898989457773 -0.279767505462959 0.516612862418931
1461244464.22766   2.74395497105038 -0.497718690129135   2.98660146736641 -0.0237774604695148 0.820281392592114 0.280432632888912 -0.497926307551384
1461244464.34859   2.75443841054831 -0.481443229545008   2.95839134862227 -0.0255126077094193 0.819328459287818 0.293849904598459 -0.491632196073846
1461244464.46787   2.76472357729409 -0.467555829524351   2.92500617689495 -0.0171037334187828 0.825591819450629 0.291787885174141 -0.482664935566012
1461244464.54785   2.77428665842504 -0.459597162382321   2.90029216747512 -0.0236646032613095 0.832470613983053 0.299325700522814 -0.465657372339031
1461244464.66782   2.78791719070292 -0.446433703299854   2.86572204233633 -0.0280528517643549 0.836344955976843 0.313906522843098 -0.448556403406011
1461244464.78991   2.80137003251234 -0.432400116264756   2.83042920687013 -0.029222433907579 0.843166421131773 0.327370079359467 -0.425494144228251
1461244464.90824   2.81289096124835 -0.418902959839317   2.79566386823541 -0.0325971805362187 0.847596961432243 0.337608857148397 -0.408089542094466
1461244465.02979   2.82243529038441 -0.406127709756821   2.76020196797336 -0.0338495227957452 0.850119256438912 0.340258755163657 -0.400469023986538
1461244465.14812    2.8328037683752 -0.395619707789223   2.72480908489827 -0.0297988547369579 0.85181936316741 0.338813542841175 -0.398398273059567
1461244465.26979  2.84321455689481 -0.38701201897495  2.68999181283948 -0.0254129857864352 0.852102675430755 0.344312520943085 -0.393349842505353
1461244465.39058   2.85039809675946 -0.380730038155342   2.65709088458081 -0.0285761246416114 0.854640997856129 0.34747613388608 -0.38474992691816
1461244465.50813   2.85731523574503 -0.372419118964764   2.62457998229813 -0.0359309556824458 0.855030024294356 0.355452818206837 -0.375880191028679
1461244465.62823   2.86280223670933 -0.360982531062794    2.5918332391337 -0.0388963441139234 0.856855103597623 0.362668568853408 -0.364359595755482
1461244465.74838   2.86634832121863 -0.349080625033158   2.55922471050039 -0.0445339456052703 0.85904044174166 0.370132092565149 -0.350811175982842
1461244465.86885   2.86767217502002 -0.340260077724447   2.52593930876041 -0.0452083661010927 0.861800089502778 0.36764735509595 -0.34654326087579
1461244466.02835   2.86622536186067 -0.332352470253946   2.48435365816976 -0.0374792883766447 0.866726215718206 0.362676669865227 -0.340362458366147
1461244466.14832   2.86610230961306 -0.326140714468426   2.45461595926692 -0.0483834285990462 0.867448024159401 0.372704333276537 -0.326012958601103
1461244466.26847   2.86536681607389 -0.318691782228616   2.42410523873049 -0.0458729126161185 0.873448746781133 0.372767576318282 -0.309882714394295
1461244466.42998   2.86372268093103 -0.305367280709246   2.38452906832837 -0.0507852625604876 0.87748733680849 0.376432043122915 -0.292806673007486
1461244466.54851   2.86080432116408 -0.294151508916738    2.3556555985717 -0.053763196089064 0.876830201926787 0.382479094910265 -0.286335568331885
1461244466.66952   2.86037067201139 -0.284286048672782   2.32560991597529 -0.0544734432109863 0.879925121826038 0.38669817907576 -0.270608466725751
1461244466.8286   2.85763475755069 -0.275942074651232   2.28666510889097 -0.0577032418849886 0.883006757114189 0.386373119869908 -0.260163823404868
1461244466.94894   2.85730705015583 -0.272554176066843   2.25854033707224 -0.0508229571239044 0.892854532587253 0.375095870121971 -0.243989546671615
1461244467.06863   2.85702757232912 -0.269621550720447   2.23075010056228 -0.0467392612930774 0.900959643345137 0.363667637718001 -0.232019421156482
1461244467.1908   2.85716238334251 -0.267038775460907   2.20229024763893 -0.0439924237674676 0.91388982031383 0.346263308526841 -0.207296367903213
1461244467.30909   2.85417035242356 -0.263702016014582   2.17537778315651 -0.0586359106656574 0.918309882524617 0.340422002188954 -0.193343347606526
1461244467.42863    2.8501471911672 -0.259931470367923   2.14796439012369 -0.0656597419259944 0.926048418324221 0.329956614614556 -0.171031452316587
1461244467.54881   2.84592209925025 -0.256266137987903   2.12246708224754 -0.0621609916546842 0.931144667253903 0.323326901295669 -0.156733323386144
1461244467.66951   2.84295266228049 -0.252359619864048   2.09741964764078 -0.0607865205835546 0.933716504010919 0.324717366071139 -0.137975074650437
1461244467.79095   2.84165915405076 -0.245489314830317   2.07265147281813 -0.0626546022773219 0.935290094995548 0.33147298496327 -0.106922865918522
1461244467.90882   2.83953128869095 -0.233113132007501   2.04971905651036 -0.0736795514981024 0.929972739866341 0.350665051305228 -0.0821951859273516
1461244468.03164   2.83765340111811 -0.221080950107178   2.02682310346522 -0.0783989177416466 0.929043864515598 0.356137149510149 -0.0624294661329748
1461244468.14901   2.83705272182059 -0.212684712129467   2.00327706045081 -0.0901353741932818 0.930229793473483 0.352940088673344 -0.044513362719198
1461244468.26894   2.83738640272974 -0.205454483203336   1.97932369630823 -0.0940339018041341 0.928578224706002 0.358493807896791 -0.0195523812616007
1461244468.39095   2.83988700460833 -0.200693862539181   1.95637922563511 -0.0956718975462353 0.929377956296072 0.356392649147382 0.00936920511839849
1461244468.50897   2.84411100221417 -0.194412042252469   1.93609994153507 -0.102122112392723 0.927291943529082 0.357956306432095 0.0395980847011441
1461244468.62925   2.84676469346798 -0.187883966826389   1.91722104853518 -0.0976820675218602 0.925790083111917 0.359974038297203 0.061559950034802
1461244468.74921   2.85110724081952 -0.180668775402075   1.89817255747972 -0.0971308398470962 0.922419822291848 0.362976215856964 0.0891938233053891
1461244468.86936   2.85707516403714 -0.173813976340986   1.87918978959097 -0.105859808113483 0.91799146598039 0.365888545567304 0.110503129530316
1461244468.9919   2.86412306270144 -0.167867058653233   1.85847281590942 -0.113033190986742 0.916389011038058 0.360636610022311 0.131893569576612
1461244469.14932   2.87396602807095 -0.163727545444277   1.83269939183482 -0.127594047817575 0.909812424624945 0.365128630239495 0.150473234626748
1461244469.26975    2.8849512003197 -0.161232905180064   1.81458029545377 -0.133839342859181 0.909053337224224 0.352551872578541 0.177246262374947
1461244469.42933   2.89891070715089 -0.152791519211451   1.79475588217371 -0.135305210410117 0.898358225850685 0.358565773533375 0.214652239989933
1461244469.58942   2.91191065791166 -0.140344189434544   1.77555636699891 -0.144595999846938 0.883504198446398 0.365603187483228 0.254650029369634
1461244469.74954   2.93192796957144 -0.124619464157011   1.75505042350096 -0.162615416524437 0.865744468757011 0.367944361696221 0.297757767020755
1461244469.86934    2.9508387303264 -0.115889049258267   1.73958944340268 -0.17963483079612 0.847838175969696 0.367157443889303 0.337782720591065
1461244469.99372   2.97099984190784 -0.111917733783303   1.72496057595162 -0.179409704728885 0.83618581860739 0.355557298284679 0.377073523660153
1461244470.14962   2.99858191640009 -0.107901421590443   1.70519660724935 -0.187300696185842 0.821651868009594 0.341438436895724 0.416204818346506
1461244470.27008   3.02246336445904 -0.103266739833488   1.69030362040729 -0.193691449824308 0.806947965442642 0.329738378025071 0.45010132791443
1461244470.39199   3.04548343686592 -0.100188305472872   1.67494175612098 -0.229127414931549 0.789571640444299 0.310452547864874 0.477175510537887
1461244470.50965    3.06964949433852 -0.0992925918134997     1.6607959338021 -0.21853385006138 0.776507127700425 0.298612215234803 0.510010178251718
1461244470.62968    3.09453006622115 -0.0996847650101378    1.64728607601092 -0.212728178742066 0.759689595592278 0.29086765454588 0.541308089591227
1461244470.74971    3.12156560749264 -0.0986953002611508    1.63634947434666 -0.22139228480189 0.740232775421988 0.282805165820115 0.568385549259231
1461244470.86957    3.15169763346418 -0.0954506618359738    1.62994419425948 -0.21828128414125 0.719392608742666 0.274141262244362 0.599728375029177
1461244470.99245    3.18651842502522 -0.0887602061280743     1.6232136248273 -0.220774608554001 0.704724381445868 0.262126550913842 0.621217988889229
1461244471.10989    3.22273076966148 -0.0797056634451543    1.61426161047405 -0.22250753530261 0.693681763666247 0.256638008478388 0.635163711254578
1461244471.22985    3.26068336591529 -0.0731571194428982    1.60261512835718 -0.207172673956085 0.694033772081773 0.258207473449585 0.639316437322405
1461244471.34989    3.29801192059669 -0.0703956617842465    1.59166017671901 -0.214567755325887 0.690550801312424 0.261191348435969 0.639436743300993
1461244471.47089     3.3361424095078 -0.0699283767316587    1.58296024774491 -0.218377756151919 0.682484734489806 0.257854439643438 0.648102484768112
1461244471.59218    3.37743215622107 -0.0655073887894124    1.57184752446892 -0.206303131544471 0.685753537247748 0.254844081087443 0.649796582325456
1461244471.66982    3.40669604716541 -0.0636555179118885      1.564521123976 -0.196312358196397 0.688055219828255 0.243734511034816 0.654702192311192
1461244471.75002    3.43715469110168 -0.0629812844732234    1.55768431979896 -0.186688612600779 0.690156081759713 0.234487084869608 0.658671201560104
1461244471.83007    3.46764103242298 -0.0627622098564646    1.55135730812086 -0.172959872766859 0.688750236274143 0.230656499672993 0.665210924146159
1461244471.91001    3.49837184639101 -0.0649597451030279    1.54640950547252 -0.161498574618137 0.680189192990272 0.226496885448991 0.678203533622068
1461244471.9933    3.52724152058917 -0.0681176517912518    1.54139304019748 -0.158502790788531 0.67847022247425 0.221181821661911 0.682373522562465
1461244472.11027    3.57043486558845 -0.0703521502729471    1.53922971611149 -0.161912613608744 0.668930339790796 0.216425617793077 0.692442386068791
1461244472.23018    3.61613933172295 -0.0668751454168323    1.53866651811674 -0.155633911554204 0.66267980399679 0.209856792643373 0.701850190233322
1461244472.35041    3.66540633187956 -0.0617563875649347    1.53779517788111 -0.159138285000528 0.660247277804118 0.197559272781954 0.706907965818188
1461244472.4726    3.71636886520718 -0.0591922253153425    1.53315361528013 -0.165365823011547 0.665450447944776 0.198230528800036 0.70038168405625
1461244472.63032    3.78070581741628 -0.0590497476881093    1.52590101645308 -0.165044260359732 0.664650145322379 0.208154605068466 0.698335332654764
1461244472.7923    3.84556734236996 -0.0509819961020068     1.5188467252992 -0.169705572293203 0.664852642574053 0.210327007192163 0.696371691297487
1461244472.9504    3.91203493692443 -0.0462935730489007     1.5143428485446 -0.173954734471402 0.666455858998917 0.188241734793497 0.700100983889421
1461244473.11074    3.97646357655518 -0.0502653991038113    1.51361656211991 -0.156751409539649 0.65721898337623 0.178498066427031 0.715283610730079
1461244473.27047     4.0415409173627 -0.0542437048930624    1.51437333025537 -0.163022584353803 0.643667522079402 0.17235900730607 0.727604377812033
1461244473.39317    4.09128579105917 -0.0523708853701705    1.51629695440282 -0.150989893317616 0.641042987968852 0.163543971712145 0.734519781223432
1461244473.51091   4.14343022497016 -0.049984320589114   1.51789472975929 -0.146781501502332 0.645381997651867 0.14477422806719 0.735511856336223
1461244473.63065    4.19574700568505 -0.0502804918492281    1.51786361475733 -0.159170638087794 0.653159680244163 0.136762946457528 0.727559644668616
1461244473.71127    4.23098589570206 -0.0517921771165706    1.51694125529839 -0.149891650261816 0.659432859853394 0.13533763582094 0.724130182258523
1461244473.83062    4.28306309923759 -0.0532393550930268    1.51507682073196 -0.142801051477671 0.663412316679478 0.134621863850196 0.722058800616916
1461244473.91068    4.31702933974236 -0.0527336967491088    1.51161377219922 -0.135240835461397 0.675313130652716 0.132360208087564 0.712841404035111
1461244473.99263    4.35126566269432 -0.0525686267036316    1.50796335578984 -0.126569324410505 0.687462645447544 0.123548820767065 0.704351479106561
1461244474.07039    4.38607607741479 -0.0540078529009644    1.50558776753408 -0.116041913901282 0.693078401758586 0.107803435631719 0.703246061133577
1461244474.19271    4.44142236119507 -0.0555904791706271    1.50530614205337 -0.11086465719052 0.678058729212676 0.104747603293887 0.719008572361072
1461244474.31083    4.49913116097643 -0.0585984057509231    1.50666427623354 -0.111077900287565 0.660717343941478 0.105513809674038 0.734834081579438
1461244474.43085  4.55165232978672 -0.05827647816974  1.50607762743718 -0.101787834178166 0.654037894604126 0.110059726627128 0.741458377665181
1461244474.55087    4.60302823601772 -0.0559386601656947    1.50429328234874 -0.0931315209646259 0.65836209793454 0.0990044665767268 0.74032694358905
1461244474.67077    4.65496956110992 -0.0540592244619882    1.50421011112148 -0.0935404252307601 0.65993133563471 0.0850748152396007 0.740609949235753
1461244474.83084    4.72296858975128 -0.0591949247929907    1.50215696141311 -0.0786425448641018 0.668996273655752 0.0741617242114696 0.735363430307761
1461244475.03103   4.80465029323748 -0.061294232605984   1.49434633592777 -0.0836837561327714 0.671969877470593 0.0819132525443041 0.731261739590743
1461244475.19303    4.86714469923556 -0.0560477293270406      1.487370016843 -0.0687424315189633 0.67150485904827 0.0744624862470073 0.734037492588313
1461244475.35104    4.92832726219117 -0.0546575631263746    1.48160547249955 -0.0602191213763486 0.663485462545708 0.0629100206605536 0.743103645336004
1461244475.51106    4.98644876681324 -0.0570898430932352    1.47848070661634 -0.0684324981859266 0.641731194855584 0.0673099383446119 0.760899099054074
1461244475.67164    5.04301211912228 -0.0564471335794589    1.47514583716168 -0.0582413459482144 0.624109503587794 0.0581460853597708 0.776990544286654
1461244475.79321    5.08537511720807 -0.0514153513091127    1.47235405181962 -0.048857715397869 0.616543956738798 0.048589715545824 0.784299376895164
1461244475.95142    5.14343024013444 -0.0482352142033576    1.47020907523461 -0.0487042267046071 0.609905681454189 0.0379981371971634 0.790062718776524
1461244476.07398    5.18474676610544 -0.0501911757535014    1.47081337825196 -0.0440762479148857 0.592389291492568 0.0392566866585129 0.803486853811109
1461244476.19317    5.22274672629369 -0.0522455272013231    1.47343627083481 -0.0323075102429366 0.563659719268744 0.0376444347010404 0.824516126095677
1461244476.31149    5.26028825457537 -0.0501967161862915    1.47660143575622 -0.0271738353832321 0.544044682766756 0.0317754476788784 0.83801389412622
1461244476.43137    5.29578861789204 -0.0471371781819125     1.4817053592921 -0.0243794633295256 0.509309529868928 0.019629773188041 0.860014021139796
1461244476.55138    5.33042672542929 -0.0460929724291194    1.48447394115886 -0.0161688265334078 0.478266650116347 0.0119748423279086 0.877984159074776
1461244476.63145    5.35161061610641 -0.0475346332954208    1.48716174218571 -0.0132657661311845 0.449857752418741 0.00816328452977607 0.892964379369859
1461244476.7115   5.37165603143027 -0.049458490164788   1.49026378253207 -0.0123329484298013 0.421273522369694 0.00838301133752066 0.906811029296718
1461244476.8315    5.40043680602765 -0.0496880786121244    1.49581876685179 -0.00911256101019548 0.384263436056517 0.0119868773864007 0.923100692076654
1461244476.91147    5.41895694459085 -0.0495797607825932    1.50112511053253 0.00492046740127668 0.352748540404031 0.00103883392819841 0.935704642003794
1461244476.99432    5.43781138300988 -0.0465246651733651    1.50763402632061 0.0100939778545343 0.326978607709269 -0.00569643552710189 0.944960661791731
1461244477.11162       5.47102550021 -0.0421157762663167    1.51629824523648 0.00855080138722836 0.308737788581388 -0.0155083752791146 0.95098230898041
1461244477.23153    5.50195954981696 -0.0419263347527323    1.52374734270833 0.0101799701164494 0.277836833747992 -0.0218621021085438 0.96032552320175
1461244477.35174    5.53069433175822 -0.0439199451993595    1.53154672151347 0.00441268891368074 0.247479073799345 -0.0214010051573375 0.968646805180415
1461244477.47171    5.55572829950914 -0.0460366930340095    1.53668732070831 0.0139300389879136 0.219714133644719 -0.0156569758599755 0.975339178233637
1461244477.59451    5.57580696429181 -0.0455216888295013    1.54242681118514 0.0209048034828483 0.172447216370466 -0.0284473945989893 0.984385946922217
1461244477.7118    5.59846286595239 -0.0437637999740851    1.54892741217115 0.0220470542433245 0.130045871715446 -0.0372564252819469 0.990562444989801
1461244477.83181    5.61962123050862 -0.0460363885145778    1.55159394284457 0.0343446062550239 0.0786358375679804 -0.0458829528727149 0.995254544177945
1461244477.95187    5.63685176797115 -0.0500867559468387    1.55173221627081 0.045720292352588 0.0241256700558274 -0.0589469435489796 0.996921694396197
1461244478.11178    5.66030399602194 -0.0544858632435774    1.55372516850948 0.0463294544067409 -0.0195766827843553 -0.0630049846162068 0.996745056199952
1461244478.27167    5.68054313313788 -0.0537838710907211    1.55964350109955 0.0636212897785483 -0.0743884568403628 -0.0729509077119999 0.992520455224888
1461244478.43201    5.7005667259641 -0.049156894925795   1.56863717583748 0.0778914431408229 -0.122926487821825 -0.0782697994767711 0.986253436073658
1461244478.59235    5.71896717529982 -0.0460359190912674    1.57352654846892 0.0759477706038158 -0.168377933412518 -0.102473661552979 0.977435397541938
1461244478.7123   5.73384547461874 -0.044549045710625   1.57221714724699 0.0750279436163679 -0.206615083358621 -0.0942189166599707 0.970980849836304
1461244478.83247   5.74996803920167 -0.042879411371705   1.56693759083114 0.0686946314388489 -0.239280270525083 -0.0913953771506088 0.964195459844331
1461244478.9524   5.76884969013949 -0.038367468285851   1.55999097352674 0.0640007397732346 -0.26980518243389 -0.0790475796778866 0.95752835414277
1461244479.0721    5.79012744522786 -0.0354201138836243    1.55230657621877 0.0694560461377938 -0.307538337541043 -0.0807296469798109 0.945557376733909
1461244479.1942    5.81415358541421 -0.0335325528490953    1.54240101731068 0.0739304110889163 -0.348392386731356 -0.0779443559147954 0.931172227122824
1461244479.35449     5.8487557252225 -0.0305224855718566    1.52330990350264 0.0706270406206511 -0.387184840296991 -0.091182887301144 0.914759750776558
1461244479.5123    5.87860732481264 -0.0269107869033351    1.50546552838574 0.0690878490509864 -0.413505322072786 -0.0939597926082412 0.903001536601132
1461244479.67229    5.91018004597001 -0.0199721895921922    1.48666297966017 0.0757636164604663 -0.439679366021663 -0.101712482705912 0.889154936092366
1461244479.87243     5.95114183299898 -0.00933835322584609     1.46046450092694 0.0827425261193821 -0.47843256584947 -0.114860610859527 0.866638906568966
1461244480.07246     5.99646382027393 0.000637190032674928     1.43638505128135 0.066154206470127 -0.516142223511806 -0.124723702717313 0.844786851256031
1461244480.27262   6.04172662707301 0.0084034832727109   1.42009521282777 0.0627471158355417 -0.554776909003082 -0.135820461288296 0.8184364257453
1461244480.43276   6.08403850645159 0.0143172753804301   1.41654625664963 0.0673752600372425 -0.583646237929626 -0.135310326035987 0.797814990429199
1461244480.59261   6.12780848505158 0.0166404240127782   1.41648770848489 0.0642518883513913 -0.615202039835348 -0.143682376826255 0.772498232758668
1461244480.79518   6.18070198802774 0.0185501144597422   1.41551228328456 0.0554632348591724 -0.639012154151023 -0.158107119256859 0.75072593885287
1461244481.03285   6.23702913235221 0.0264750875720394   1.41683626479997 0.0566305563655731 -0.663045322684951 -0.16060178836224 0.728951950217698
1461244481.27338    6.2870428636142 0.0341266742397091   1.41483364887012 0.0546591384786522 -0.689171294485628 -0.175224747017674 0.700964759078777
1461244481.55287   6.31820115079174 0.0326445914725202   1.41439240320523 0.0499918716052455 -0.72739136450716 -0.184264076899742 0.659127730851997
1461244481.79294   6.31753248639343 0.0248672265230794   1.42092378953487 0.070012863092586 -0.766412411618158 -0.174781025234333 0.614135007581601
1461244481.99307   6.30318495205446 0.0163208434419591   1.42554818208519 0.0688023463877423 -0.797584907934833 -0.150007630405822 0.580191574039261
1461244482.19388   6.26470678621321 0.0143761100447379   1.42339347279498 0.0854332069094428 -0.818611074517714 -0.15550138703957 0.546256711137623
1461244482.31485   6.23069260539575 0.0158234952689684   1.42660154932099 0.0962796442739948 -0.813207417871388 -0.157272055966439 0.551986798781921
1461244482.43322    6.1904060360236 0.0153974817956684   1.42722639697622 0.104037877307178 -0.800973890295781 -0.162329115121079 0.566803498166575
1461244482.55326   6.15091660233939 0.0122514754171279   1.42792623870514 0.100933234754177 -0.79546915661908 -0.160037324091934 0.575699016750316
1461244482.71367   6.09498948669429 0.0094586814060984    1.4277323433081 0.0975476834151577 -0.789136984836991 -0.170368205966193 0.581998232831148
1461244482.87327   6.03156960852531 0.0100841469628197   1.42823161404747 0.096820844688428 -0.77759338472181 -0.175161563206002 0.596064324419713
1461244482.99701    5.98176696704518 0.00689093725450962    1.43163163682233 0.0950476341962138 -0.767686002666414 -0.162623045701672 0.612517667949651
1461244483.11342    5.92892187705753 0.00179832841954797    1.43078638579241 0.0974217042923487 -0.762148384005828 -0.163447124462361 0.618808443538923
1461244483.19564     5.89433014834549 -0.00156143777165241     1.43098708243147 0.0892415236710928 -0.756388383623695 -0.17457071308129 0.624049380823574
1461244483.27415     5.86053603580578 -0.00633206525858609     1.43052059096723 0.0857437853908922 -0.75165265374678 -0.169526882005405 0.631606624141791
1461244483.39367     5.80705137811701 -0.00679182580938664     1.42942049687284 0.0789610676712474 -0.75216355917972 -0.166686927309988 0.632637809728653
1461244483.47344     5.76866171323866 -0.00485418760883083     1.43095292065177 0.0778305161413986 -0.746878071969507 -0.167233531996683 0.638865010893687
1461244483.55344     5.73140275067737 -0.00519560006483588     1.43327683701107 0.0774158019758707 -0.733000560437633 -0.156848189286551 0.657355016349673
1461244483.6336      5.6950246089115 -0.00759822587110648     1.43518733422584 0.0854584939300287 -0.716585872118067 -0.164736090958485 0.672356716358005
1461244483.71344    5.65902985910441 -0.0103447822665819    1.43637141165253 0.0779752857549615 -0.706320234108853 -0.171177830316276 0.682443940633998
1461244483.79527    5.62309692780408 -0.0131186709235913    1.43711620944783 0.0629966701749603 -0.703982253640979 -0.171562651805632 0.686299251501016
1461244483.8735    5.58750422213727 -0.0164731383341925    1.43829995975646 0.0664641709664118 -0.703902163035773 -0.170998692002156 0.686195093384425
1461244483.99537    5.53352295999985 -0.0165049922289606    1.44438188954379 0.063118756353816 -0.698354498822867 -0.166956976391461 0.693139513088405
1461244484.19584    5.43701183259952 -0.0193947801064505    1.45466943756736 0.0644740664738334 -0.70221634335692 -0.167447173271128 0.68898239893213
1461244484.35371    5.36204684740421 -0.0262073365888733    1.46016029283103 0.0464840811738833 -0.709052271017566 -0.173518761387388 0.681891007866242
1461244484.51372    5.28720288188708 -0.0250373926483012    1.46502682119192 0.0472050212095239 -0.71295872050542 -0.180173224764466 0.676017128411593
1461244484.67376    5.21404770119143 -0.0244439295501226    1.47085086701546 0.0642644120516456 -0.702958810049177 -0.184525151662763 0.683863630500801
1461244484.79593    5.15790411564801 -0.0298555002553214    1.47255644264993 0.0716201373781697 -0.695380512400071 -0.194208139917816 0.688185801427063
1461244484.91398    5.10145544626153 -0.0366238239539285    1.47311642665578 0.0630580338402335 -0.699485574040977 -0.205922766783841 0.681424559431825
1461244485.03397    5.04599930538002 -0.0413683915538427    1.47756332342393 0.0555647162608525 -0.699941325586154 -0.186155634728057 0.687270530942906
1461244485.114    5.00685276517181 -0.0419962592292033    1.48077968608779 0.0645103624093489 -0.699503396634217 -0.184991005759843 0.687249400892405
1461244485.19616    4.96763632368046 -0.0440441451376534    1.48418574940804 0.0749070564336964 -0.695402861368944 -0.175757899451358 0.692757500195249
1461244485.27384    4.92852877187029 -0.0457225777058205    1.48659325770278 0.0712658774638344 -0.694665979333567 -0.176192065942791 0.693769924228961
1461244485.35403    4.88922855603432 -0.0489244374091751     1.4873841618686 0.0627509197681064 -0.695546702763461 -0.179613937032173 0.692831826612301
1461244485.43532    4.84904518102945 -0.0517992416643704    1.48640510636208 0.0590188284279041 -0.702635532537397 -0.188859476231164 0.683485321381943
1461244485.51412      4.810565679325 -0.0522141751094651    1.48760782138811 0.0501341831339707 -0.701463557231452 -0.194321042133006 0.683867512126457
1461244485.5967    4.76922445844656 -0.0513846679861955    1.48853610043109 0.0525172073172343 -0.703444545395992 -0.192486532196623 0.682170542761224
1461244485.67657    4.72759476935208 -0.0497652024191499    1.49048586914251 0.0552348429351517 -0.701403797807523 -0.185686297510804 0.685931792136684
1461244485.75494    4.68502278027204 -0.0491982292252884    1.49163320615397 0.0609658543458688 -0.695321903954432 -0.19312550384116 0.689574618334492
1461244485.87416    4.62281637053227 -0.0528754331904835    1.49219360292632 0.0616340388237475 -0.682571738347208 -0.205533080457015 0.698608059004328
1461244485.99618    4.56124158642566 -0.0583438122811506    1.49137395882294 0.0465987229725157 -0.685610071700778 -0.203510484884305 0.697388608411365
1461244486.15423    4.47925645213857 -0.0607168981713975    1.49465835884231 0.0447162043878266 -0.682159005416143 -0.197580989202311 0.702581884978997
1461244486.2751     4.4205139222383 -0.0626163973054279    1.49757447538764 0.0530247892779806 -0.683190074979149 -0.190930937697448 0.702840714672951
1461244486.39456    4.35977752189395 -0.0680665612929132     1.4985665000379 0.0507083434872155 -0.688148808533421 -0.193670301171716 0.69740353860507
1461244486.55448   4.28669692446398 -0.076706390083326   1.49675836412338 0.0459395528236921 -0.694398326616102 -0.192385319144788 0.691873117310302
1461244486.71446    4.20837903976778 -0.0752099082172544    1.49828876226132 0.0671127056945993 -0.691630180685846 -0.192861838677515 0.692782714190202
1461244486.83457    4.14654213991906 -0.0755093959437272    1.49755191328274 0.0739880530731359 -0.688103021127648 -0.186488259118381 0.697324981288098
1461244486.95458    4.08726740757457 -0.0811809877804135    1.49563717747271 0.0759573488079664 -0.678134767248462 -0.202501316027277 0.702393718378916
1461244487.07444    4.02509485108553 -0.0856943162573345    1.49607991774707 0.0587088662090589 -0.68146373617162 -0.209077576154257 0.698889842865758
1461244487.19628    3.96565404817704 -0.0854951542185527    1.50162690852909 0.0584329111702263 -0.673348788716099 -0.204494914822965 0.708074031043565
1461244487.31471    3.90859856603422 -0.0843718218811014    1.50460376730203 0.0630204747535249 -0.671278882074764 -0.192425756478553 0.713011507961794
1461244487.43476    3.85107573938963 -0.0847301679084003    1.50546105948985 0.0530492314341451 -0.67812068770365 -0.202164380517011 0.70460462331917
1461244487.51478    3.81753204851615 -0.0859667154263817    1.50151993589823 0.0599443679616685 -0.691699405344441 -0.215226101400201 0.686757839905664
1461244487.59731    3.78806291502333 -0.0857246541422332    1.48978881445483 0.058725371302936 -0.721070244128674 -0.220150428182053 0.65432623573322
1461244487.67466    3.76011131547558 -0.0821385358326536    1.47872358522779 0.0618680079334463 -0.741085707931191 -0.234812237449546 0.625961289728375
1461244487.79685    3.72204051281054 -0.0757556973646076    1.45700386019862 0.0864669680390231 -0.779766733883358 -0.246999906775832 0.568751571619586
1461244487.87489   3.70012655739205 -0.070498207453344   1.44074336956345 0.090022037613368 -0.811386983025071 -0.248167949707793 0.521497713570482
1461244487.99713    3.66964622337631 -0.0606531355067881     1.4210964182946 -0.0672545411183662 0.831043036331502 0.254494307193525 -0.489976475016876
1461244488.11772    3.64453141102905 -0.0564897753759112    1.39726032327428 -0.0558426933735857 0.851317221150937 0.25998135693545 -0.452272347833285
1461244488.23528    3.62161765921734 -0.0525420641762699    1.36720576623458 -0.0564914735359155 0.875893830512255 0.268584659171991 -0.396838748039774
1461244488.35499   3.59946947904093 -0.048608445828606   1.33561898179166 -0.0640002101776423 0.902901089038721 0.255761786887406 -0.339498902616886
1461244488.47486     3.5792443111505 -0.0441251956021935    1.30416479706345 -0.0630672258343412 0.921129567305728 0.247338594172427 -0.293881719563382
1461244488.55507    3.56569392647818 -0.0423820229801684    1.28355731740077 -0.0601899675477652 0.929691664283038 0.253290568599673 -0.26056566356235
1461244488.63509    3.55700567787055 -0.0418011653476469    1.26154350025254 -0.0659513750714527 0.938870664396185 0.251641718691787 -0.225496645377029
1461244488.71523    3.54871970524444 -0.0401282665164104    1.24021467515712 -0.0707936010455988 0.940164462376541 0.263558091846687 -0.204000445973433
1461244488.79884    3.54171892181872 -0.0377556984170195    1.21781571343031 -0.0776014083802978 0.943208824177612 0.265164359459793 -0.184453240370447
1461244488.87812    3.53694072663396 -0.0334956835856315    1.19421943271946 -0.079081235861624 0.949347375541786 0.256105819129664 -0.16399856125724
1461244488.95509   3.53328777001479 -0.028049793973531   1.16941856615798 -0.0840405343430766 0.953912052544066 0.248527794274942 -0.145680884371727
1461244489.15516    3.52816176425157 -0.0161178383162249    1.10572279068489 -0.0916391531230212 0.956338253184067 0.246608513433479 -0.127293567056128
1461244489.3153     3.53090156165085 -0.00865801106255021     1.05508749493635 -0.0840412831112609 0.958956824802035 0.249618308514745 -0.105021764186519
1461244489.47572     3.5387158667068 0.00313631510951162    1.00310648198498 -0.0616195135571698 0.963040277274981 0.247358644980742 -0.0870066701373904
1461244489.60014    3.54743451792503 0.00963042255133217   0.959917348205863 -0.0620441439978088 0.966126485056783 0.241792504635234 -0.0654715493143712
1461244489.67526  3.55439471287547  0.01029457959981 0.929079199943286 -0.0581274901494492 0.970376675236793 0.228372409289755 -0.0532573536754054
1461244489.75557    3.56080089044605 0.00687160284156553   0.898541881305548 -0.0594107227067109 0.972533160981694 0.222753352050645 -0.0321023514500414
1461244489.83538      3.56500752073282 -0.000919265559342904     0.868868215285045 -0.0575667719175271 0.975378498145605 0.212028290897702 -0.0191534849366761
1461244489.91552    3.56471173714475 -0.0111580082191408   0.839564250027809 -0.0581368687562447 0.976935721922956 0.204957843389233 -0.014456215110678
1461244490.00209   3.55845267397304 -0.022838216793681  0.811506354347974 -0.039789380664326 0.979359413281928 0.196619854355622 -0.0247503065758922
1461244490.07537    3.54680497991298 -0.0363525428429129   0.782823699175415 -0.034239193023795 0.981712969767363 0.184736348095624 -0.0306562284685569
1461244490.1555    3.52679608765186 -0.0488313977363165   0.757601968975909 -0.0270426128083597 0.983472438725174 0.172758711375103 -0.04695835393697
1461244490.23553    3.49881983622939 -0.0591740790852968   0.733883380104949 -0.0139691618245326 0.984830977876326 0.155733775334285 -0.0752316339926956
1461244490.31551    3.46490829797743 -0.0682230398505669   0.711054660155268 -0.0125493488490956 0.982937974523658 0.144189475838916 -0.113511440569178
1461244490.39764    3.42857620145539 -0.0767677040135542   0.691082773121161 -0.0115829529013026 0.978350122124975 0.130338248819615 -0.160339685152391
1461244490.47563    3.38789604719919 -0.0825406166149986   0.673118528106664 -0.00965296785625806 0.970818623654817 0.132984936275935 -0.199331449852298
1461244490.55562    3.34729461519419 -0.0870423860220374   0.660544737010504 -0.00559903503239124 0.961754464862558 0.130596893164986 -0.240710306425159
1461244490.63568    3.30443547171612 -0.0892093212583448   0.653192404302102 -0.000168233743074447 0.950884507985798 0.12627436304588 -0.282618841210866
1461244490.71564    3.26298347082464 -0.0896147894033663   0.652397205625774 0.00189493213646093 0.93715743297428 0.124345304340758 -0.325991718210233
1461244490.79804    3.22001765667396 -0.0863008842064542   0.653569430414225 0.009574195996061 0.921696777502156 0.122783309017045 -0.367841873826234
1461244490.87562    3.18015015316037 -0.0821181111995065   0.657117214721977 0.00717624451257385 0.907125480904051 0.126675360353251 -0.401279474292747
1461244490.99961  3.12627128100178 -0.07562600061111 0.663722431222776 -0.000928025651537139 0.891546095963415 0.125809125322716 -0.435105460235007
1461244491.11588    3.07824977748348 -0.0673519680756035   0.669785932103891 -0.000887928135078373 0.878337841491074 0.121554857251958 -0.462327010315085
1461244491.27554    3.02142530275361 -0.0535903550765221   0.676690956312532 -0.00483186580858887 0.871771590032751 0.125854295994561 -0.473446558826115
1461244491.39581    2.97618642477752 -0.0386454629945182   0.684126520805661 0.00045032538411674 0.859557244804224 0.137703866508793 -0.492136957827949
1461244491.51664    2.93118988093675 -0.0218077223923275   0.687829647008604 -0.00220332615506443 -0.84668815048365 -0.153983232065827 0.509316684811123
1461244491.59818     2.8982900081759 -0.0121955791423883   0.690214623961456 -0.0123054527954563 -0.835933902566595 -0.16362755111691 0.523726179302471
1461244491.67585     2.86413147519942 -0.00461447744045296    0.691725969229054 -0.0168530585883375 -0.823937124632581 -0.178833333152492 0.537459047762695
1461244491.75714   2.83100965527585 0.0020166558664767  0.692289180021979 -0.0226458166032267 -0.812697078670878 -0.193753734988169 0.549062943102454
1461244491.83601    2.79834795798033 0.00798511731194296   0.694256470441896 -0.0331468914913275 -0.800435416265325 -0.210682416915907 0.560194026365054
1461244491.91606   2.76668633949125 0.0144494975940785  0.697608438816085 -0.0490048423479849 -0.787554466914204 -0.225302470364868 0.571485156340408
1461244491.99917   2.73469474729331 0.0194057198513811  0.701546117023634 -0.0533730180889812 -0.778773296882745 -0.235878984828044 0.5788130764927
1461244492.07603   2.70399050465322 0.0219823526276512  0.704394761650264 -0.0497529242905055 -0.778488832280603 -0.23447852537909 0.580085860605974
1461244492.15618   2.67298165466386 0.0233687240702154  0.706727480472335 -0.0463608378937896 -0.782880319554654 -0.234395516450167 0.574463070903473
1461244492.23605   2.64312568523044 0.0224727923388817  0.709579758212911 -0.0443244705242073 -0.78619607085182 -0.229642152933385 0.572010105755159
1461244492.31636   2.61456730932749 0.0218695047254092  0.711871539236272 -0.0487163658591174 -0.785817348534109 -0.241322300420734 0.567345888995371
1461244492.39975   2.58633981185973 0.0191833692341992  0.712898050477861 -0.0429093917091724 -0.783616034017892 -0.258945348150519 0.563073709210814
1461244492.47626   2.56085400004136 0.0153077600830445  0.711353257370945 -0.0301247149174523 -0.785486865974345 -0.265228219652395 0.558351928834283
1461244492.55626   2.53379278691594 0.0136073551412055  0.711022502499775 -0.0321867093248254 -0.788920117887806 -0.266342514327982 0.552838790603715
1461244492.63703    2.5037703106334 0.0128162050668819  0.711148362041338 -0.0294815874490857 -0.79448029483084 -0.25356024732124 0.551034570698948
1461244492.71656   2.47008487003991 0.0139275341235965  0.711604692122185 -0.0331744688290959 -0.793204933898843 -0.252488410233356 0.553150061153636
1461244492.79614    2.4336139517473 0.0135494621632686  0.712024859039777 -0.0270822195909416 -0.785080250289017 -0.249187394604695 0.566410801766958
1461244492.87632   2.39637156711784 0.0106096841735206   0.71072142161108 -0.0141193781967401 -0.773409840812706 -0.249526431142976 0.582558513331023
1461244492.95637    2.36060476648561 0.00563203060438133   0.706911494801923 -0.0122090512533529 -0.762946196153975 -0.258153074864942 0.592554664802707
1461244493.0375     2.32467599339471 -0.00397432623522131    0.700409689846988 -0.0049101245525356 -0.764510274512633 -0.245782302470766 0.595895117141991
1461244493.11875    2.29033308299281 -0.0120997859428823   0.693104988402762 -0.00683867727306513 -0.771866542961364 -0.232140796939933 0.591849577803449
1461244493.19877    2.25562052866313 -0.0182175424766444   0.685640757675714 -0.00614318275645578 -0.774787506191005 -0.216910533976095 0.593815124265246
1461244493.2773    2.22090162342557 -0.0241952881704945    0.67873985259897 -0.000132784147994728 -0.770101321384089 -0.214457429314253 0.600792766420146
1461244493.35733    2.18613405260447 -0.0299662210213513    0.67212325773861 0.0181577400419504 -0.764496193521054 -0.213969177292656 0.607810050704242
1461244493.47653    2.13713447199311 -0.0392986995237423   0.658948154682514 0.0358535636327611 -0.766300383319168 -0.206311460146111 0.607399231076322
1461244493.63752     2.0764159867389 -0.0501979075664867   0.641550205321783 0.0453017233069833 -0.75405852071573 -0.21435166560539 0.619190491410856
1461244493.83664    2.00855220729089 -0.0561087063526376   0.620351987154041 0.0230620475001363 -0.753845401940683 -0.20838048073773 0.622706051990427
1461244493.99901   1.95431846106148 -0.051571433083283  0.604533851457959 0.0267651082058668 -0.742433963632594 -0.208607301346284 0.636049080223017
1461244494.15674    1.89831219479044 -0.0454187170824848   0.588906326064495 0.0261477587721565 -0.715930500446648 -0.209635605140774 0.66544175274675
1461244494.31671    1.84468962476933 -0.0421807095262197   0.574258532756729 0.0110110405063012 -0.686347519406447 -0.194085469847212 0.70081143682575
1461244494.47655    1.79171164031796 -0.0385119835648745   0.559733899262982 -0.00190458742150029 -0.676852065663675 -0.192614667694888 0.710469734430931
1461244494.63682    1.74013887149548 -0.0348629623657661   0.550754252333376 0.000391155706623145 -0.660641507805963 -0.183474884474791 0.727935170140885
1461244494.75692    1.70243442061596 -0.0330312074380376   0.547630936167016 -0.00455713166881049 -0.646624576747397 -0.168288557729011 0.743999227576677
1461244494.87706    1.66578616150084 -0.0330602129637762   0.546612319302788 -0.0122493096435071 -0.627770902777877 -0.168860116067503 0.759763061250266
1461244494.99904    1.62951703865728 -0.0353444419059216   0.547069853356233 -0.019509475856373 -0.617019586067864 -0.163262901616805 0.769578739126876
1461244495.11695    1.59233558812594 -0.0353892503654559   0.553303860628651 -0.0358741121010137 -0.602312608942995 -0.165457650347331 0.780100208390427
1461244495.23679    1.55563844642434 -0.0340634507534955   0.565756459485869 -0.0433930262225214 -0.581350724068005 -0.160070161725856 0.796571355388779
1461244495.31703    1.53304875402673 -0.0332105527848848   0.577079732278133 -0.0411821161665229 -0.556163626475482 -0.160664134544125 0.81435440059281
1461244495.43713     1.5013088202642 -0.0319816148007739   0.590807934358604 -0.0413918664468314 -0.526312099920586 -0.167643991545641 0.832572987171621
1461244495.55711    1.47221190514731 -0.0325412866212196   0.599719480384163 -0.0472719897864143 -0.508851858512592 -0.174339240372537 0.841689357385634
1461244495.71715    1.43968191017994 -0.0329452549095679   0.612998111186133 -0.065281383058875 -0.497288175970106 -0.173213079800772 0.847608423773724
1461244495.8372    1.41848383404367 -0.0291603256479313   0.625153415331814 -0.0737283488376882 -0.492979150477487 -0.186545137472197 0.846602976286785
1461244495.95724    1.40008210107204 -0.0240730308319389   0.643515584556344 -0.0853642260968371 -0.481741075289711 -0.205416804159654 0.847609828783524
1461244496.03727    1.38753955979517 -0.0216563813775788   0.657511632165317 -0.0897604427539811 -0.471870545735281 -0.222848498583536 0.848304071464449
1461244496.12    1.37356761829364 -0.0209110200485944   0.671849987693884 -0.0897067535157785 -0.476019422202747 -0.227896712506141 0.844642703448219
1461244496.19934    1.35951341915283 -0.0217905642185513   0.686902522745252 -0.0877233384772703 -0.489802796764478 -0.221596167766398 0.838625646280475
1461244496.27883    1.34392887735321 -0.0214075820519739   0.701172926467987 -0.0839813328325413 -0.506665273628651 -0.222078193004179 0.828805593867749
1461244496.35805    1.32923576414981 -0.0191250780022143   0.714737252762347 -0.0914387094360616 -0.518501508862837 -0.234601026090196 0.817164308007304
1461244496.43741    1.31412717782174 -0.0213204980113569   0.725324865826729 -0.0615451435790354 -0.541074330157498 -0.247751775846265 0.801292594569221
1461244496.51736    1.29851079772947 -0.0227611536458465   0.734539251494587 -0.0427337530551415 -0.555662791213945 -0.250692082648326 0.791559327219126
1461244496.60304    1.28445855421876 -0.0246962089846741   0.744938961253335 -0.0301419411668552 -0.564194789517329 -0.24341988497037 0.788366959267829
1461244496.67747    1.26707348145732 -0.0261087009014014   0.753036719410584 -0.019714286186977 -0.585768777963966 -0.236029070009343 0.775097776924476
1461244496.75752    1.24710234700586 -0.0286393243739221    0.76055650676891 -0.00219095073768339 -0.60586134897957 -0.21206901502109 0.766781558473797
1461244496.83824    1.22441414513263 -0.0312494386170868   0.768209854934439 0.013288671081188 -0.628391390745705 -0.189749854689277 0.754282880558066
1461244496.91771    1.19979885886021 -0.0327344369188402    0.77718770099211 0.0266758953784384 -0.631954398860216 -0.19140856361867 0.750523015063775
1461244496.99757    1.17508337771399 -0.0352200517402214   0.785449333167632 0.0354810774224166 -0.633172159305887 -0.196042320552867 0.747931493104223
1461244497.07764   1.14791001787758 -0.038199200752781  0.790642229187517 0.0477898416589163 -0.642496528856974 -0.199996372716284 0.738184118185487
1461244497.15781    1.12284746296066 -0.0412092616995132   0.793163490723992 0.0581726376823048 -0.655316836380804 -0.213295488336358 0.72227475577947
1461244497.23756    1.09688912096612 -0.0408937888958409   0.794398553013772 0.0558340906914732 -0.668019693152935 -0.232018049049293 0.70484031439176
1461244497.31764    1.07155657034468 -0.0397865322480653   0.793647698631261 0.0464528022123299 -0.683414618871284 -0.24000225368583 0.687884811654802
1461244497.39979    1.04576689419101 -0.0386541718778056   0.793939819275862 0.0435584892368684 -0.691977203558408 -0.237172583485812 0.680455269223153
1461244497.51767    1.00725119166827 -0.0343317365729108   0.793311252369756 0.0429189142053695 -0.706637567848689 -0.241248791139667 0.663792388689393
1461244497.60023   0.981147750278113 -0.0284249019819303   0.791140333646999 0.0366307109075119 -0.717144195160223 -0.25617282313877 0.647099589747605
1461244497.71761  0.945941779764483 -0.023415470058703  0.786757224760513 0.031971076628053 -0.730945498242655 -0.263256685428554 0.628802390608697
1461244497.80293  0.923295535067746 -0.020908989200919  0.781316132373686 0.0294481475718074 -0.741304197686261 -0.273407036685025 0.612249528695965
1461244497.87756    0.90187253109867 -0.0188156111002022   0.772534795076585 0.0317832423826542 -0.751925048792717 -0.287423730379259 0.592440837313387
1461244497.95786   0.882667199096991 -0.0160726949602172   0.761967693799079 0.0368107427738246 -0.766982642136885 -0.29802184288645 0.567067524232985
1461244498.03781    0.86360450348812 -0.0114589556524887   0.750007483165085 0.0437736958276438 -0.777951607940191 -0.310823293113322 0.544301423583524
1461244498.11793    0.845637511728263 -0.00610347813749812    0.733789859756792 0.0591267844545398 -0.796715019524458 -0.314519972685059 0.512665961232457
1461244498.19986   0.829340855338536 0.00123512144105342   0.715376314335182 -0.0739007357984191 0.811170822205543 0.325963083811293 -0.479883992693097
1461244498.27809   0.813758768203389 0.00549918214189537   0.694697882126448 -0.0973795907668403 0.827881864303923 0.322996681738682 -0.448109336707622
1461244498.35985  0.804896066422208 0.0104750068733234  0.673764595668076 -0.0967881652701169 0.847758124164277 0.326018508350704 -0.407001408093256
1461244498.43914  0.801307245116335 0.0117519541093913  0.651038403511275 -0.093393340270213 0.869001068900386 0.309108198892642 -0.374922588837357
1461244498.51799  0.795641022522519 0.0158269688594526  0.629446012937937 -0.0807837881394704 0.883964374572689 0.310051861478741 -0.340512565485798
1461244498.60018  0.791468975779336 0.0197193760162213  0.608582529449481 -0.070067256851205 0.896540999432512 0.306885057531483 -0.311651050564246
1461244498.68104  0.787187330426364 0.0246654136967415  0.587875641122643 -0.0706852289252093 0.906482101307536 0.311472897462834 -0.276185503904479
1461244498.76094  0.782506552692485 0.0287464703618436  0.567097176859801 -0.0716742843417322 0.916370189395877 0.308911991746182 -0.244339629012715
1461244498.87814  0.778003288010308 0.0309853383559766  0.532641891129363 -0.0699330331431137 0.934496163139088 0.297368435117561 -0.18275203350294
1461244498.95801  0.773675920881829 0.0290895010940019  0.510377031568468 -0.0549020390608979 0.944183876128505 0.287671275853031 -0.150823775363822
1461244499.03817  0.770678718735717 0.0221592371796419  0.488579007493247 -0.035653887547418 0.953876378890502 0.275588790191742 -0.113575846103617
1461244499.11814  0.768880521572633 0.0129711331918783  0.468588456511719 -0.0492683441329978 0.960144211622427 0.265266474503322 -0.0730028811686138
1461244499.23918    0.767899166697291 -0.00559458824090986    0.439961871849674 -0.063505173664315 0.964887146543877 0.254237788647244 -0.0179731515333189
1461244499.36181    0.76356829971971 -0.0211017497605614   0.412794411008323 -0.0638181724863547 0.97019788337696 0.232774481406585 0.0214324230376331
1461244499.48084   0.752091633931361 -0.0340313870713055    0.38721095604174 -0.0550302691619899 0.973421772227744 0.216284149322761 0.0514090418184098
1461244499.60539  0.732770394500156 -0.044462269186235  0.359255615358126 -0.0692877844397078 0.972100256558952 0.202714898057175 0.0955351465750957
1461244499.71827   0.707083704612589 -0.0539550293410591   0.333559516542152 -0.0621664515667782 0.970204190601423 0.200336426922486 0.121262017495029
1461244499.8395   0.673196466508913 -0.0673803877184172   0.304908751219102 -0.028039692555231 0.972340904981459 0.190176691070409 0.13266411087689
1461244499.95845   0.633533519435808 -0.0797325971301165    0.27634524029323 -0.00231799974182034 0.975952361499122 0.181646957550186 0.12048235461778
1461244500.07907   0.592135284576427 -0.0872754609280407   0.248552438464475 -0.00803205191015762 0.976674775614649 0.161751260119093 0.140990775124023
1461244500.20147   0.543977235136253 -0.0919239364597455   0.223522505431519 -0.0225027690940364 0.978231930529185 0.14786408366544 0.143847586834206
1461244500.31861   0.491676703127293 -0.0952002077807845   0.202441496155454 -0.0314589496906441 0.979602253599377 0.140163127033655 0.140513547558697
1461244500.4386  0.441679895655828 -0.101622275122233  0.184424694494873 -0.033964828727034 0.979180742826304 0.136372072862393 0.146472253450561
1461244500.55855  0.384876065785806 -0.103064165629922  0.166031668399221 -0.0258469565333136 0.982396063345516 0.14156708274824 0.119116206468096
1461244500.67858  0.327307880376166 -0.101185096353865  0.149753233392544 -0.0221693745215282 0.984972451755917 0.137789766645076 0.101743640209885
1461244500.80094   0.264294765722765 -0.0924832653529925   0.135743253370193 -0.0279958725455561 0.986264921847098 0.139685238522599 0.0835809140488109
1461244500.91874    0.19525040710178 -0.0855696285575963   0.124877231816954 -0.0212515416907219 0.989798741279754 0.132050834310801 0.0490856485604809
1461244501.00111   0.150633229506768 -0.0821488250628342   0.120239396994021 -0.0145985889231918 0.991551533298064 0.124451371702152 0.0335304950330618
1461244501.07965   0.100458658245862 -0.0797526152587787   0.115096322655933 -0.0185609073419713 0.99150771684868 0.127837943590828 0.0150133382906457
1461244501.15848  0.0540147339024554 -0.0765493558850637    0.11300054293871 -0.0206441970180694 0.990536697357334 0.135298991255207 -0.0102494528257753
1461244501.27858 -0.00988811529837181  -0.0692710397643615     0.11659324001932 -0.0150131216850247 0.988420689500074 0.147116641661549 -0.0339976542087408
1461244501.35874  -0.057843561655851 -0.0582034232638011   0.119871273319898 -0.011260882456308 0.987272591375173 0.153114052382018 -0.0414983109151807
1461244501.43871  -0.101494566158884 -0.0453482774553646   0.127081861089798 -0.0265063549336615 0.984098310557861 0.168163009810921 -0.0506865903038067
1461244501.51892   -0.14425481898288 -0.0373617665524946   0.136413530790043 -0.0316705719112878 0.980185981618397 0.186628534044956 -0.0583284372653805
1461244501.60176   -0.18082853438138 -0.0304691182175987   0.145282068365674 -0.0214219335176734 0.978848570775196 0.198126785520281 -0.0462855605466872
1461244501.67902  -0.213581774350045 -0.0261256907847792   0.152697735966621 -0.00919783759160712 0.978879884073431 0.199439157661292 -0.0439726589073192
1461244501.75913   -0.25075411372831 -0.0204416610752013   0.159332792379961 -0.0149121044705194 0.97014773648312 0.233852830579085 -0.0624808143920109
1461244501.8393  -0.286336861765874 -0.0166427691989175   0.165738238322829 -0.0246014774981865 0.962802208056151 0.261187099006048 -0.0647145638933928
1461244501.91935   -0.324547240322564 -0.00957868067468212    0.170681345583535 -0.03633100748319 0.957117333047312 0.279733595186852 -0.0659968514362292
1461244501.99906   -0.363247608814945 -0.00436504626912286     0.17630341661075 -0.0340604855595093 0.953883006939376 0.289001751545815 -0.0736551423812108
1461244502.07913  -0.402096773941252 0.00544643054608429   0.181048758887239 -0.0447295095229489 0.952400956467382 0.290678002240357 -0.0802370744195382
1461244502.15906  -0.441079123032988 0.00972897471849893   0.191194455330687 -0.0563135414448295 0.950940939943844 0.288866449385025 -0.0953744630828858
1461244502.23902 -0.478664169621372 0.0113063296200526   0.19083480094883 -0.0601674910174506 0.947123291526785 0.301515634799882 -0.0917914246722343
1461244502.31919  -0.512710942868246 0.00785839409459282   0.194215942012576 -0.0649953564341508 0.945737980581855 0.301850484361359 -0.101200596923962
1461244502.39915  -0.545481152439172 0.00674795389030076   0.204023800683307 -0.0560668306248683 0.941658303527126 0.310269188585161 -0.117767484972734
1461244502.47924   -0.578526276769136 0.000708723800660033    0.202701957797551 -0.0462582635060487 0.942904881756066 0.304311391482047 -0.12722080817321
1461244502.5593   -0.610218660454126 -0.00444886225263889    0.205973515863566 -0.0428115511034037 0.942450048655357 0.303242278950844 -0.134161086527851
1461244502.63994 -0.640637525192261 -0.013064188487476  0.209798799088276 -0.0606674609949654 0.942300468438976 0.295099150665172 -0.145964987695011
1461244502.71932  -0.666652716058872 -0.0246589111620294   0.214350502608944 -0.0821657224309624 0.943548568771641 0.281349612366491 -0.154296105095403
1461244502.79928  -0.689020526101645 -0.0390759691318722   0.221281918433527 -0.0900611142647364 0.947845411591865 0.258105822636388 -0.163888546710364
1461244502.91934  -0.710294214342423 -0.0607797360824563   0.229544982667261 -0.115979061903202 0.946421031377612 0.240953107423535 -0.181046095205429
1461244503.0794 -0.717189288219305 -0.087994556160493  0.235527959970338 -0.133121770027274 0.949180144555084 0.208030012417647 -0.195087573824447
1461244503.23952 -0.692016545274757  -0.10862876033797  0.235425812840089 -0.178300727843779 0.949778669554054 0.186094242385635 -0.17747749790164
1461244503.35935 -0.653560294727827 -0.118044744216266  0.234908283408364 -0.194972605403228 0.956761073327398 0.158773963412693 -0.146235290712972
1461244503.47941 -0.599741048589471 -0.115883521194662  0.237518880482715 -0.202289784029506 0.96306324225738 0.145035284856573 -0.102726826275178
1461244503.55944   -0.5632838148591 -0.106106315825116  0.241936133168186 -0.189345364983727 0.968395429197959 0.148975578115163 -0.0645360565337958
1461244503.63955  -0.522919952072062 -0.0936815915183185   0.247286449203072 -0.184058773444358 0.968383821589577 0.167207757600957 -0.0199175249412025
1461244503.71956  -0.485629204465916 -0.0822820103880036   0.253005852459678 -0.173713091162516 0.966254193194887 0.18906901322112 0.0207244862820152
1461244503.80192  -0.442813772433466 -0.0637608273342466   0.260634691037807 -0.173544681535333 0.960927035222684 0.204496017117253 0.0684313924461736
1461244503.87964  -0.406750176728545 -0.0532477837585768   0.265577304800787 -0.177340793527922 0.950366966413702 0.227064023730464 0.117451271716554
1461244503.96001  -0.372854010416935 -0.0444489816156806   0.268976433170655 -0.183289706183865 0.939857692260734 0.235684174058026 0.165907721351194
1461244504.0397  -0.347346057006438 -0.0367027704715697   0.264857337377937 -0.181274847438697 0.931143973888297 0.244362671882868 0.200990582286469
1461244504.11996   -0.30721487660718 -0.0323411925396578   0.260455195455211 -0.176921112376965 0.923290136698585 0.244927182760104 0.237160111771783
1461244504.20207  -0.274715664188248 -0.0271257250252325   0.253194126438093 -0.160583266372862 0.919272568104611 0.241975567416457 0.265704318491176
1461244504.27993  -0.236888892608926 -0.0234225540812012    0.24954600810554 -0.158800975436105 0.909218736786014 0.238179671578589 0.302281297675697
1461244504.35969 -0.210761075617159 -0.017897022071368  0.244485817099361 -0.164918582025681 0.892877659388257 0.233180182718544 0.348135532595184
1461244504.43979  -0.169727663978356 -0.0163669009999596   0.242311458030721 -0.187725169855653 0.872519169977012 0.223854939820671 0.391610169100825
1461244504.5198  -0.140680820723633 -0.0139771896835604   0.235694130018665 -0.200968135275073 0.856805604780085 0.216419800920208 0.422680061028611
1461244504.64054  -0.0885428688175781 -0.00958498250942222    0.229808634200367 -0.190980240254778 0.838023020214463 0.197586081318006 0.471384880848178
1461244504.7616  -0.0345465176741341 -0.00427766284124764    0.219202469912974 -0.184717170335976 0.823620715379035 0.166506508590399 0.50970978681857
1461244504.87988   0.0163523084351577 -0.00172412777603911    0.209114750822772 -0.173251529378339 0.824827607265483 0.138874633512091 0.519958808010448
1461244505.20176  0.145214449521479 0.0182408771418493  0.165735139005099 -0.166819026174404 0.801951713894572 0.158186091011007 0.551381919995967
1461244505.36052  0.209423713803406 0.0276888326698066  0.135318547026381 -0.146753321582685 0.796705601542466 0.148627222062388 0.567127495310644
1461244505.48011 0.254423306131124  0.03349267654388 0.107393103896811 -0.13028741888636 0.798591895322436 0.15056361198757 0.56798483426101
1461244505.80014  0.371009888462491 0.0522697171995418 0.0414754126528892 -0.13930353135837 0.78384842849117 0.160972100757471 0.583321652333202
1461244505.92026  0.417577425033629 0.0610176147222499 0.0152424927423839 -0.130825137242971 0.791955282164242 0.140913355525385 0.579512761509261
1461244506.04059   0.461872728002194  0.0671137777075712 -0.0117832793558336 -0.131275161798002 0.803190892228306 0.136107756110572 0.564912295195415
1461244506.1614   0.501260145615197   0.076593101354772 -0.0336921778203059 -0.125460775526765 0.791501552902905 0.149768382350284 0.57909784769475
1461244506.40237   0.575502084324322  0.0940147213289099 -0.0737555172527981 -0.145311928081615 0.770086665538953 0.15582967058665 0.601305317522767
1461244506.48039   0.597496501003036   0.100468038179994 -0.0879959607589483 -0.133700572961761 0.764532025561214 0.15536086640877 0.611128415203941
1461244506.5604  0.617807067656789  0.105567394841504 -0.102194929148908 -0.113690907351505 0.763704926010094 0.153069425437645 0.616764877866515
1461244506.64137   0.63722346184531  0.108331585955029 -0.114208289861009 -0.0975668251008042 0.752314933640945 0.144332823024332 0.635351077325283
1461244506.84049  0.678836204031632  0.119672333061821 -0.137562497257717 -0.109199834279299 0.699698042237655 0.134101618156861 0.693191749727215
1461244506.96051  0.700756541739637  0.132033144780406 -0.150092058449822 -0.121042298944735 0.675704060946004 0.15380405686598 0.710715903845425
