1464104820.29265 -4.08087087245932e-06 -4.49428854710156e-06  5.39786288671237e-06 -1.22104150581555e-06 3.12199967940564e-06 -2.47869217730739e-06 0.999999999991309
1464104820.5593  0.0322393907360121 -0.0904662882992525  0.0208897431672101 0.0729450838984995 -0.0174483573498891 0.00454945620676312 0.997172939870038
1464104820.5927  0.0376265969913983 -0.0989762534131933  0.0226091948901768 0.0777411001525695 -0.0174842548577299 0.013394028337195 0.996730265510203
1464104820.72602 0.0672257583540637 -0.136828026020834 0.0239717272346831 0.114918052428527 -0.00684893389047416 0.0262761543048558 0.993003774940229
1464104820.85915  0.105498694740387 -0.167915236063211 0.0203638391116523 0.147941406616459 -0.00125116948629725 0.0408249764534906 0.988152364810626
1464104821.02575  0.162688770411492 -0.188184293459733 0.0157791736868053 0.170490841940327 -0.000818950650621483 0.0641064342839669 0.983271359909209
1464104821.22574  0.235794419696601 -0.173635202145408 0.0185877676405567 0.164756403944054 0.0101440952169719 0.0769958031450312 0.983272124586935
1464104821.35927  0.279797600772804 -0.149893750367741 0.0210963860422385 0.141300327813342 0.0170768209632888 0.0712523417991309 0.987251590697007
1464104821.45922  0.309381750317839 -0.130873897733196 0.0199295946218267 0.133361739821974 0.0175058200125885 0.0641362161000806 0.988835041046638
1464104821.62583   0.354534907518858 -0.0961066241384293  0.0168251582740744 0.107567858514998 0.0359435936625674 0.0597284577177632 0.991750838279341
1464104821.79248   0.385770715122157 -0.0606428678968961  0.0139080641384091 0.0920642425123219 0.0529861217780092 0.0624118572797612 0.992381683738898
1464104821.95917   0.402526162178455 -0.0203383004071757  0.0181218423249785 0.0592545699172711 0.0696568436355443 0.0489913342643391 0.994603775000705
1464104822.16109  0.406660252665737  0.018967817593739 0.0194346073127949 0.0310333779811351 0.076639144748784 0.0228790021092415 0.9963131647257
1464104822.62569   0.388088128525439  0.0591102276702226 0.00481628705089584 0.0216986932107351 0.0756180911787548 -0.0206623386041207 0.996686580005388
1464104822.89235   0.356422703436873  0.0791834419435803 0.00330851779376157 0.00425108125442669 0.0914597041499739 -0.0254067083171755 0.995475539627897
1464104823.12565    0.30409209490393   0.103930172485689 0.00232895072156749 -0.00407847178533414 0.0971692456767872 -0.027582112693575 0.994877244096908
1464104823.29226     0.255811184660722     0.124403223334645 -0.000210272907233725 -0.0134525109225145 0.0992904183507312 -0.0207691037958888 0.994750766323471
1464104823.45884    0.202806019472294    0.139402426861283 -0.00534698621310514 -0.0218996660315365 0.0893550348456988 -0.022102982650568 0.995513706853592
1464104823.62556   0.151905860665075   0.141003733325419 -0.0118760188468742 -0.0155183177116151 0.0738472380353926 -0.0232449947610949 0.996877844807729
1464104823.79233   0.104398001938354    0.12776567028466 -0.0199846527611399 -0.00871554254597742 0.0502481834477565 -0.0290277648384307 0.998276789396014
1464104823.95889  0.0633758716436943   0.101378818980179 -0.0306449911204003 0.00325201888426593 0.0175926830699498 -0.0291003131958602 0.999416376515554
1464104824.12558  0.0389473279369885  0.0591626913796368 -0.0423085415394781 0.0274786195138606 -0.0100675939170882 -0.0189925921332504 0.999391239938791
1464104824.2281  0.0329259019933067  0.0263748627749401 -0.0500037203108013 0.0509792803681893 -0.0256308583407358 -0.0203105401752575 0.998164141828211
1464104824.3284  0.0300794552318476 -0.0101384150776291 -0.0576736516825825 0.0818673868750544 -0.0424186752980008 -0.0122756843227892 0.995664448761037
1464104824.49416  0.0398707643803546 -0.0655324739568266 -0.0718939520539935 0.11433090828089 -0.0447746873513127 -0.000935929680545975 0.992432765893938
1464104824.69223  0.0702658337548029  -0.114628303060658 -0.0844244006443774 0.13544372976929 -0.0400085502260677 0.022165365537174 0.989728755036245
1464104824.89212   0.121997069221847  -0.135982160564951 -0.0840572295952179 0.131754477502361 -0.0146094372725737 0.0525655320404222 0.989779867870612
1464104825.0922   0.180523491042496  -0.136810979321981 -0.0681687457985121 0.119692218194116 0.00881103875209486 0.0674583127443589 0.990477417481876
1464104825.25876   0.231915623664069  -0.129339691631557 -0.0508613869753727 0.11821771737252 0.0334486911506082 0.0728305926916896 0.989748180664011
1464104825.42536   0.278789545344122  -0.112597767541608 -0.0321315601888087 0.108815304896747 0.0511871721270642 0.0827800207025243 0.989285889418399
1464104825.59204    0.31972837868944 -0.0880475572470106 -0.0139274512269547 0.107469458925157 0.07213249193406 0.0834734877358822 0.988068517791618
1464104825.75872    0.35341750666542 -0.0541238704070857 0.00229306233343906 0.0997376544927925 0.0949308840345566 0.0815096789287983 0.987115342689809
1464104825.95869    0.378681159039957 -0.00968146129207171   0.0193351730893593 0.0852149114507135 0.109600389331143 0.0755839149544721 0.987427589914858
1464104826.12535  0.383621656485223 0.0303188506797738 0.0305382998135741 0.0548732813527567 0.104727136788583 0.0605363571900088 0.991138990894723
1464104826.32833   0.37694163396553 0.0733888358790227 0.0396632390117669 0.0232745660435965 0.0950323439471687 0.0380014578503425 0.994476262854292
1464104826.49427  0.362305355008806  0.106431884190117 0.0441014756798919 -0.00980785226140292 0.0751503436607289 0.0188438002638476 0.996945907797063
1464104826.6607  0.337052473257998  0.130773847862179 0.0447717968797731 -0.0298481586781465 0.0472291556143795 -0.00417825398951797 0.998429284665207
1464104826.85863  0.294246506012079  0.140983110541421 0.0382141540378377 -0.0356237798941055 0.0246314530897807 -0.0240055360071552 0.99877323355492
1464104827.02518  0.245815156475905  0.137329581704488 0.0310190837833541 -0.0212314748066261 0.0184170370831347 -0.0302570515177171 0.999146910146886
1464104827.19171  0.193180354729985    0.1262393764626 0.0273929452521453 -0.00693571336117165 0.0162342007621596 -0.0403970314735226 0.999027740582769
1464104827.35936  0.140310271843194  0.107463153710175 0.0253647914059725 0.00624691140181204 0.0259016407800696 -0.0217567019721894 0.999408188390575
1464104827.52512 0.0927673814136222 0.0867941394437339 0.0147449925513881 0.02078427344064 0.0384059322795027 0.00784425839328566 0.999015248108629
1464104827.75853  0.0424796821927592  0.0769127681081726 -0.0219843694827679 0.0359490117792504 0.0456939212289561 0.0209792500634082 0.998087974670367
1464104828.02528 0.00376100468577954  0.0958529409429052 -0.0833328480218205 0.0397908360891152 0.0463980578760161 0.0147111121313432 0.998021789726318
1464104828.29178 -0.0219212377201577   0.117210866162687  -0.154097230322615 0.0386193595361043 0.0579185369407065 0.015576314384669 0.997452438253503
1464104829.09174 -0.0132977408489901  0.0959922147247849 -0.0915887305949938 0.023457555287779 0.0949718866835347 0.0166544481275403 0.995064175416469
1464104829.3282  0.0160595469622597  0.0703991548668074 -0.0214768175006723 0.0205370494952021 0.109719954313963 0.0341929718792837 0.993161921288486
1464104829.52497 0.0492159665252589 0.0504327583885045 0.0416328476947791 0.0212124083984937 0.120842122218875 0.036212544123367 0.991784183618436
1464104829.69165 0.0793321939158307 0.0314774213756301  0.100636395569023 0.0229654101288466 0.11799963871258 0.0257133098692218 0.992414984216222
1464104829.85824   0.11017033515468 0.0112235119997586  0.157694385443088 0.0176114009807981 0.109072949618324 0.0218503518792251 0.993637505501783
1464104830.02475    0.135779311929908 -0.00852040603759511    0.208812899220174 0.00910877854589078 0.102738799150687 0.027788553946395 0.994278414515796
1464104830.19157     0.1547087026744 -0.0284883218009107   0.254183385335729 0.00639465070763563 0.0911984213873248 0.0261067224669614 0.995469936974904
1464104830.32534   0.167666071521111 -0.0427145280670781   0.287493713479481 0.00673442632471228 0.0862199404499592 0.0257247800706867 0.995921184161276
1464104830.45823   0.180229283099216 -0.0564701191416365   0.318013543127199 0.00786488422787967 0.080851356240831 0.0117536079753787 0.996625834749261
1464104830.62484   0.196819400329338 -0.0710798212018711   0.351010082370359 0.0133347612585124 0.072870570378813 0.000310834993732591 0.997252208569353
1464104830.85838   0.218597198350008 -0.0742373273910806   0.376331946013153 0.00298149789246005 0.0584293061843714 0.00391964323181655 0.99827940139325
1464104831.09135   0.245764330218737 -0.0704951613009938   0.378382559823791 0.00391725342411371 0.034833121056562 -0.0032355643541119 0.999380227904465
1464104831.2581  0.276169935410923 -0.061397784365708     0.365299965882 0.0137699448116776 0.0174464019879581 -0.0166606281696118 0.999614143130514
1464104831.39145   0.305500278594089 -0.0495382024331615   0.343690560989094 0.0186379909127512 0.00420073850692522 -0.0248100001480995 0.999509601246223
1464104831.52537    0.33320040881211 -0.0383992843390049   0.312636396391832 0.0228546056495936 -0.0125564011402666 -0.0303963960279886 0.999197709614827
1464104831.66005   0.357768667317319 -0.0279869803317514   0.276667999949294 0.0253684640471143 -0.0244448886235848 -0.0268467500773073 0.999018588647057
1464104831.82465     0.3810209120925 -0.0147206581036091   0.233651153273754 0.0339763938747592 -0.0244747691116814 -0.017813961834476 0.998964089995209
1464104831.99139   0.397072601963135 0.00237679552083272   0.192420646432578 0.0328694957335142 -0.00246458497924923 -0.00566008633211349 0.999440586275051
1464104832.15809  0.401051676769299 0.0186836283555166   0.14684995105679 0.0412090171434921 0.0186865335418101 0.00903786748535473 0.998934906448651
1464104832.29221  0.397332581192735 0.0379661353555104  0.106369861886976 0.0382993399906616 0.0327946879068071 0.0193060884042709 0.998541408230976
1464104832.42451  0.388699033741108 0.0592538092928487 0.0628287536957614 0.0265954614199982 0.0492499933092391 0.0220418904341762 0.998188997463399
1464104832.59132  0.371482197789857 0.0861990500923147 0.0110078987600423 0.00968055659364181 0.0487513083177092 0.0220792695868638 0.998519956042872
1464104832.75775   0.354421231431629   0.109117968368662 -0.0357787323191316 0.00137185654131836 0.0356782661245659 0.0128729101199708 0.999279474181782
1464104832.99131    0.33964310554943   0.136548952087784 -0.0934726467417182 0.000797810201526069 0.0107585610407228 -0.00703409135469733 0.999917065771971
1464104833.29112  0.320594988467373  0.151388669904287 -0.154027909826867 0.00561341672333693 -0.0165331469935102 -0.0282426910658622 0.999448595478797
1464104833.62445 0.284006888764849 0.128128982805374 -0.15053221218949 0.0287866707995186 -0.0184888058405687 -0.0230994194279576 0.999147590931871
1464104833.82591 0.242564480104385 0.111633250290612 -0.12627180708461 0.0414940490090456 -0.00693766890630273 -0.0127601875773459 0.999033177757362
1464104834.05835  0.183089514305974 0.0975830613106698 -0.105211997348424 0.0438278592117814 -0.0168132010320887 -0.0201417157019144 0.998694521020592
1464104834.2244    0.13105665087336   0.089291034697612 -0.0831213822637344 0.0445789604664434 -0.0362377399422634 -0.0395630242643331 0.997564188209795
1464104834.35765 0.0860000512401801 0.0794204516426522 -0.057293980090824 0.0499671693838683 -0.0596460539274609 -0.0529618227268216 0.995560483129026
1464104834.49335   0.039117916581248  0.0658474924493986 -0.0247247919618969 0.0497938656150566 -0.076961224274986 -0.0532908230807999 0.99436292624
1464104834.62437 -0.0140064352554091  0.0461389587563938  0.0115199777739239 0.0509626561002828 -0.0950194795662158 -0.0547454865717947 0.992661592833221
1464104834.72437 -0.0536318172350764  0.0311511279925136  0.0371296372550902 0.0503696315195652 -0.112712585520289 -0.0606496310703869 0.990495025498332
1464104834.82662 -0.0924293782143426  0.0179242999945132  0.0591857794831143 0.0476047077140985 -0.129448652266854 -0.0709308599477944 0.987899616022203
1464104834.92438  -0.131563515526617 0.00734819617921289  0.0795515041719734 0.0432039890615751 -0.148691383645919 -0.0824954882210372 0.984489097035514
1464104835.02436   -0.171861115043994 -0.00125915537347677    0.101310459437673 0.046222358630199 -0.166271949579546 -0.0951342145252519 0.980391051352643
1464104835.1605 -0.230683751317945 -0.010560129597511  0.134978941920303 0.0484213768356055 -0.17754340791153 -0.102086430979111 0.97760527268548
1464104835.25803  -0.276939173912201 -0.0230284911646416   0.162064614957927 0.0555863513794813 -0.182854962666171 -0.101338054495254 0.976322087673831
1464104835.35794  -0.324139768857081 -0.0374306849297776   0.185453334917812 0.0598858170011105 -0.192615013209822 -0.101226915131847 0.974200316804085
1464104835.45921  -0.369155494827097 -0.0542380421709011   0.204103820184401 0.0601458808476646 -0.201483842429617 -0.101831169580437 0.972325638435363
1464104835.55869  -0.411698369914633 -0.0721982214814848   0.220753118002822 0.0613502606014024 -0.216728144148102 -0.102204013631529 0.968926930503981
1464104835.66141  -0.453500959450314 -0.0867408370909244   0.238499297396216 0.0659144039094082 -0.226489856541719 -0.1075536070162 0.965810466840562
1464104835.75741  -0.496666789164841 -0.0971544062563905   0.259746637574798 0.0694813573208107 -0.237482969313193 -0.112803300192742 0.962314707222473
1464104835.85769 -0.542596582165347  -0.10412744619321  0.283946530135529 0.0693450348454542 -0.250578107469661 -0.118370261611567 0.958326854139659
1464104835.95797 -0.589600773094217 -0.113174401280347  0.309163039976461 0.0636260415941922 -0.259999896765627 -0.121397103926503 0.955831849056713
1464104836.061 -0.638790118790202  -0.12394508075586   0.32972780771924 0.0603732987479278 -0.276574847808169 -0.130541543814613 0.95016857646245
1464104836.15949 -0.687714261332262 -0.135962375303749  0.343340164224557 0.0567783818413472 -0.296587944376963 -0.142229772715846 0.942646539461597
1464104836.25749 -0.733342321268563 -0.146098400610552  0.354028699814036 0.0504010560629614 -0.315563903015432 -0.152683510748367 0.93518281753193
1464104836.35746 -0.780977260852769 -0.154087248134193  0.362632349620005 0.0544665582295438 -0.335331742794262 -0.161627505969641 0.926532549683617
1464104836.45762 -0.829454476701331 -0.158279787060157  0.371076446507833 0.0607976158156553 -0.347673193702461 -0.169905483440376 0.920086477994735
1464104836.59081 -0.901201086435852 -0.161807507266083  0.380801106906522 0.0637118757284527 -0.361585735180232 -0.174990375932881 0.913550721819102
1464104836.72412 -0.971827502007672 -0.170998568435244  0.389156285253572 0.0736319766348068 -0.366189929641012 -0.17683973007991 0.910610222494579
1464104836.8586  -1.03569343016596 -0.182373707287233  0.389850840158789 0.0746345928730106 -0.374880223067134 -0.169873488799597 0.908315745598891
1464104836.95785  -1.08137579385434 -0.189982423194096  0.387085636295745 0.0750045772756304 -0.390059934719902 -0.169409061965093 0.901957942721343
1464104837.05735  -1.12597559653535 -0.194649355256597   0.38433987080449 0.0783701390395071 -0.404382641941815 -0.173327779217976 0.894589448380905
1464104837.15943  -1.17053663465397 -0.194688007878715  0.382770103127337 0.0807159601097816 -0.418010399661921 -0.180907690497389 0.886580310562409
1464104837.29078    -1.232110697661 -0.191992685579312  0.382728214945179 0.079164990307406 -0.43272167632882 -0.186145349904827 0.878541270432764
1464104837.39074  -1.28195323911254 -0.193287154671758  0.381741167958632 0.0783864217514857 -0.444043776897843 -0.189430130330463 0.872236733236041
1464104837.52461  -1.34374489568958 -0.198020579675677  0.376599918371465 0.073297567309415 -0.456104387418386 -0.19992990056548 0.864074238282856
1464104837.65999  -1.40021110848371 -0.201114126424352  0.369380781514767 0.0663214411351761 -0.471034067078079 -0.209916467696446 0.854203401238536
1464104837.79184  -1.45662999918755 -0.199676996917893  0.360101582714821 0.0676780137647336 -0.48428285518182 -0.222484343032745 0.843439695375486
1464104837.92399  -1.51839128610523 -0.193355931128141  0.350456022979403 0.0709059917602683 -0.494833523489975 -0.232041392051867 0.834427298653167
1464104838.05727  -1.58454163687257 -0.191572962505196  0.339519650414341 0.0768247447480494 -0.498272120960265 -0.226838233281473 0.833287026173993
1464104838.19241  -1.65059491130604 -0.189502193208361  0.330016437165104 0.069116720047809 -0.498244859980306 -0.232697100481104 0.832362299687296
1464104838.35726  -1.72625452176887 -0.191129616564349  0.316220742419276 0.0564588275734855 -0.504168176640342 -0.236361412843771 0.828709920883464
1464104838.5239  -1.80214374097156 -0.186483130413682  0.309213938073857 0.0431605206619648 -0.51030396881061 -0.244567767215493 0.82335510936142
1464104838.66022  -1.86789307631208 -0.181152417438094  0.308174389440617 0.0382009401765791 -0.516893196328654 -0.245870935765071 0.819090712134365
1464104838.82573  -1.95444168446718 -0.180395232438737  0.310454559041573 0.0265775397794967 -0.523732627359866 -0.243586212958473 0.815882054144195
1464104839.02386 -2.05177108195208 -0.18615916671133 0.312884617766989 0.0148641229762964 -0.53301755528868 -0.259093004959351 0.805321152325803
1464104839.29055  -2.17647368470909 -0.187067888161168  0.315297952605676 0.00651971690814224 -0.536515574576751 -0.281408596160582 0.795561269504082
1464104839.55715  -2.32123441486454 -0.182457702080612  0.322199327795406 0.00852702817738897 -0.531286553453362 -0.286426926073498 0.797258743401537
1464104839.79094  -2.43060365329279 -0.184961415122773  0.314548160351226 -0.00674480378439177 -0.529123364038399 -0.305259510835696 0.791706766609298
1464104839.9571   -2.5031299347008 -0.182067929253741  0.304673785287497 -0.0152940592556989 -0.535850162801334 -0.325019625592738 0.779097514921478
1464104840.15957  -2.60284818950314 -0.179557027392706  0.290553798120828 -0.0190671981078537 -0.537562959644332 -0.324132889339124 0.778203300187948
1464104840.32676  -2.67473144059301 -0.188286053601332  0.268029732767179 -0.0275397569427396 -0.539144767983414 -0.315774554829948 0.780288992275037
1464104840.45902  -2.72830681734486 -0.201195238583277  0.242395280118532 -0.0307203346483954 -0.54205768333053 -0.297962377356159 0.785142121314158
1464104840.5902  -2.77857218149625 -0.211569378074833  0.217304837200778 -0.0390153272788778 -0.533525879358514 -0.271843640308122 0.799955608465917
1464104840.69084  -2.81543041880653 -0.215208219656272  0.199861778106147 -0.0443935357094743 -0.514745935799728 -0.24856176538519 0.819318548766883
1464104840.79036  -2.85465729927305 -0.216902742372021  0.179477674345296 -0.0429630268267876 -0.497250369898064 -0.227326219301626 0.836193182213386
1464104840.8902   -2.8942270524008 -0.218111160459511  0.157864666947679 -0.0385251359712604 -0.481910000132394 -0.206684611021461 0.850623322768486
1464104840.99208  -2.93350579498239 -0.219098211642663  0.137114614494673 -0.0364637989306316 -0.469475554581649 -0.194384437401969 0.860510189081872
1464104841.09072  -2.97089286803944 -0.220467111151344  0.119125734058789 -0.044107722470525 -0.453276356486387 -0.180397471122483 0.871809500912615
1464104841.19019  -3.00865418700233 -0.222985834977885  0.102448398892676 -0.042429013421147 -0.442849286946319 -0.16936654355989 0.879431214930321
1464104841.29024  -3.04644919776248 -0.225121283591705 0.0886972679660267 -0.0337212935096871 -0.431722522999818 -0.162876614913903 0.886538067887044
1464104841.3902  -3.08607011057016 -0.227674093392851 0.0773483729437746 -0.0158974897042609 -0.416944770084277 -0.150196253918387 0.896295383135133
1464104841.45695  -3.11406606984254 -0.230229572571708 0.0704877136562395 0.000507906336949072 -0.406798577493689 -0.133739110119904 0.903675002312557
1464104841.52362  -3.14268464771253 -0.232598861552969 0.0638877446747287 0.0164332752846383 -0.396276196732837 -0.126210948046605 0.909266693528117
1464104841.62356  -3.18919349379893 -0.235626938188119 0.0539635119576027 0.0314746921535466 -0.383707904583402 -0.113245391476236 0.915943813245905
1464104841.72352  -3.23665486441051 -0.238896615997646 0.0433274137836025 0.0473207303647637 -0.374702737155635 -0.111504964098602 0.919198156126953
1464104841.85676  -3.29548865660263 -0.243551754360812 0.0265053878928465 0.0547882706587782 -0.364027375876518 -0.108405614594747 0.923434100374798
1464104841.99203   -3.35322958798054  -0.247096240870848 0.00932942057361663 0.064429473324604 -0.345737004254362 -0.101541768650647 0.930593378482585
1464104842.12362    -3.41685783911368   -0.245799961335438 -0.00702092287135808 0.0765153584266495 -0.330073306416135 -0.0949619923387903 0.936044460657404
1464104842.22344   -3.46776218042928  -0.243353145533296 -0.0200961475490627 0.0820218969490153 -0.315834659712876 -0.0883439668605258 0.941124975582033
1464104842.32629   -3.51831252564908  -0.242963069986331 -0.0329294438417706 0.086064299182012 -0.296651501182528 -0.0883624059297746 0.946986224013192
1464104842.42348   -3.56754569252982  -0.246655369260367 -0.0442577819875129 0.0891592672427895 -0.279528781839116 -0.0822296254008461 0.952445575292733
1464104842.52476  -3.61502404958611 -0.252586298734071 -0.053190308105219 0.106062781143944 -0.267334581954225 -0.0803011933295805 0.954376564096802
1464104842.62346   -3.65966413487277  -0.257202469484109 -0.0565452004059664 0.120411544908388 -0.251824715466983 -0.0823678296385296 0.956713600391145
1464104842.7568   -3.72578180567729  -0.259014419936985 -0.0569403725892483 0.131533620101462 -0.236050028093347 -0.0797978703108203 0.959485065498151
1464104842.85791   -3.78252139708375  -0.263312187747617 -0.0518590900361669 0.140474589844456 -0.225975412687394 -0.0747194779863615 0.961050988282224
1464104842.95713   -3.8386837248041 -0.274743136439006 -0.044763399370393 0.153506677542443 -0.211433928296119 -0.0560802971029076 0.96363187690736
1464104843.05671   -3.89540857652968  -0.287002487895057 -0.0409126820457078 0.149112749015923 -0.205170123338045 -0.0475800888962248 0.966129775812232
1464104843.15949   -3.94816655665615   -0.30268563738591 -0.0409980527551617 0.168159594625213 -0.196736586084941 -0.0464949540249616 0.96480841915965
1464104843.29   -4.01474213120293   -0.31694596473705 -0.0401128035956411 0.175226895634178 -0.187318566154032 -0.0446835552768554 0.965510574622685
1464104843.39005   -4.06493669244799  -0.323534528842253 -0.0385056289144499 0.181422154541074 -0.168097766072286 -0.0368596621177299 0.968230606927786
1464104843.49201   -4.11629691937188  -0.328257583833653 -0.0359135009785965 0.188874657448738 -0.148905691417516 -0.035104694968347 0.970010886139054
1464104843.59008   -4.16890655015166  -0.336717639853192 -0.0351449048458701 0.198485435882481 -0.128825327549779 -0.0212892781071116 0.971367249479779
1464104843.68998    -4.2201882823989   -0.34754617504405 -0.0350135221829863 0.195551476527986 -0.111744978539525 -0.00972812652253666 0.974257688372685
1464104843.82568   -4.28725945510288  -0.362292704870561 -0.0364167864115734 0.190681144206812 -0.0970408751243581 0.0050048107770024 0.976830958594253
1464104843.95659   -4.35612515591496  -0.372536889045327 -0.0353570543153715 0.200821989406874 -0.0924995554544379 -0.00381667282610858 0.975243453615524
1464104844.09024    -4.4227067785872  -0.375303972218133 -0.0277966953594347 0.208539663370116 -0.0785764830733461 -0.00319793705334539 0.974847023028693
1464104844.22534   -4.49133801834454  -0.377248250946796 -0.0148209658742575 0.211157636852799 -0.0680773053897338 0.00177584897219723 0.975076806846539
1464104844.3566   -4.56133547284344  -0.386934214844993 -0.0050453219382981 0.212608099808702 -0.0594967207868717 -0.00397892736319296 0.975316412375174
1464104844.48988    -4.62785230095854   -0.394961927156889 0.000384067657691875 0.204843582987793 -0.0582893118527431 -0.0126478420973576 0.976975687887236
1464104844.62319   -4.69310223335505  -0.398100117757265 0.00352978610030762 0.200343906647126 -0.0604790204909405 -0.0192010551228451 0.977668618005096
1464104844.75658    -4.7605522010767  -0.397702520641226 0.00286735930348374 0.201833670506281 -0.0545076807164156 -0.0173571970794025 0.977747825312041
1464104844.88974     -4.8320676083362   -0.399639750531487 0.000157145538421798 0.202384423549245 -0.0471839437794675 -0.00692475894857494 0.978144298285054
1464104845.02321   -4.90338031307056  -0.406500396303883 -0.0059391022135362 0.196488527824761 -0.0444287394414817 -0.00253984001924725 0.979495734935878
1464104845.15946   -4.96900645347847  -0.414161435353922 -0.0150174332598646 0.189731244720633 -0.0431781548659576 -0.00259633833864115 0.980882745666556
1464104845.28979   -5.03243109159215   -0.41678132213826 -0.0210341075350179 0.190919593852646 -0.0506257980239367 -0.00855747374429867 0.980261958305379
1464104845.42576   -5.10040308750987   -0.41248174192718 -0.0226133629877733 0.18779794504267 -0.0578593530704109 -0.0117343175889385 0.980431809403768
1464104845.55652    -5.1692644554871  -0.410925216588932 -0.0167155131241937 0.179072145307922 -0.0564619912255432 -0.00799257089149862 0.982181922625442
1464104845.6898     -5.239090448288  -0.418234741957324 -0.0108476134346583 0.170663201841505 -0.0483548498458989 -0.00317865593750661 0.984137071845186
1464104845.82494   -5.30541997952198  -0.433330599254776 -0.0131329333577946 0.180487660171622 -0.0457807436269003 -0.0085053165371252 0.982474420852444
1464104845.95678   -5.37146402856082  -0.441739495083913 -0.0146981724141955 0.180064156851154 -0.0532081759298322 -0.017284906393386 0.982062636211497
1464104846.08966  -5.43347744032434 -0.442555481317534 -0.012117734719335 0.181688220432553 -0.0471841505202299 -0.0196824921728796 0.982026295980714
1464104846.22386    -5.4977816652448  -0.445080667377727 -0.0119720235180601 0.187871630287132 -0.040952043724084 -0.0135966583799381 0.981245286118091
1464104846.35857   -5.56439005934123  -0.450441500915326 -0.0120912253448499 0.185356542155577 -0.0382771338989364 -0.0125189447100336 0.981845756381295
1464104846.48972   -5.62786522622444  -0.463831640241339 -0.0186390759599812 0.189217387772259 -0.0395997305913676 -0.00842792831689403 0.981100204630505
1464104846.62293   -5.68690481013326  -0.468936899759949 -0.0276920842042032 0.192389208413028 -0.0570821596180426 -0.0185439123674154 0.979481568409359
1464104846.75631   -5.75255563185093  -0.467934317141877 -0.0305247293626785 0.19958274701881 -0.073795219880268 -0.0284851893061967 0.976682950913672
1464104846.88951   -5.81671925744261  -0.462775501600576 -0.0293650365841323 0.195683549229797 -0.0898438301532323 -0.0331373972921606 0.975980505770955
1464104847.02799   -5.88552204959655  -0.463608679249826 -0.0269173343103425 0.191162258922381 -0.101793792658698 -0.038095618827325 0.975522290040578
1464104847.16046  -5.95064897788572 -0.468597682308141 -0.029364799535104 0.178536989729228 -0.117667144397182 -0.0413665498985894 0.975995796598185
1464104847.28964    -6.0090770024139  -0.473024691246608 -0.0369403775265014 0.17973176477051 -0.138321218285814 -0.0538248191769397 0.972453917748793
1464104847.42273    -6.0608985085992  -0.468845379895997 -0.0420066171375532 0.17894806426398 -0.154962857034434 -0.0753227593074446 0.968654006942733
1464104847.58964   -6.13628486681817  -0.461888857482659 -0.0452015382260105 0.179356254873694 -0.16132068667566 -0.0871278706631781 0.966548345424002
1464104847.75625   -6.20954659089034   -0.46135287427988 -0.0522242095565835 0.182833338517135 -0.166289063326457 -0.087429862964892 0.965026391766893
1464104847.92477   -6.27562547001784  -0.458897869449416 -0.0632325760221181 0.167461317305975 -0.170856464485641 -0.0929874498105414 0.966497858211464
1464104848.09019   -6.33499509844591  -0.455870675750835 -0.0736903368374459 0.159743505671677 -0.180951130953244 -0.110316733766855 0.964141545030333
1464104848.28941   -6.40544667001879  -0.447938345955518 -0.0820879122315262 0.162274737637059 -0.187357176058754 -0.123502187414592 0.960890944804833
1464104848.45608   -6.46702049677769  -0.441729362190356 -0.0894900390512938 0.159054722938991 -0.198563713617002 -0.128089843688935 0.958575525813783
1464104848.58943   -6.52521662733546  -0.439389377255953 -0.0976131844318785 0.152564311787709 -0.212346909615364 -0.140058375220167 0.954995587568987
1464104848.72272  -6.57322143588949 -0.438304773183373 -0.110552950329661 0.145799224374997 -0.232957742280951 -0.146863057362098 0.950212880814225
1464104848.85603   -6.6124392606166  -0.43492449692645 -0.124333113353001 0.145668664029635 -0.246957747121246 -0.160763102867108 0.94442984716344
1464104849.02278  -6.65556338410499 -0.428974791238436 -0.139839061364463 0.146577373500117 -0.25452103507926 -0.170122983249223 0.94063398133938
1464104849.18937  -6.70086639649353 -0.423799349606565 -0.152068535040278 0.148426113438425 -0.255257787163373 -0.170828946735089 0.940016288103245
1464104849.35597  -6.74985303136389 -0.420305745075352 -0.165124474853712 0.141813618962937 -0.24856609197886 -0.160317082722927 0.944670433739832
1464104849.52264  -6.79396838607805 -0.419700805126906 -0.174846037988461 0.133973178264847 -0.237844588507052 -0.153428103705109 0.949705720850928
1464104849.68921   -6.8323590731796 -0.419590217443873  -0.18091521074203 0.118347904485117 -0.223352519421877 -0.149170769750364 0.95595790023618
1464104849.85584  -6.86808355708398 -0.420351172560012 -0.187443557042579 0.113925635829433 -0.214220145310985 -0.141022677247537 0.959814192094354
1464104850.02264  -6.90567448034457 -0.420407354823008 -0.188692974794064 0.116194669610899 -0.206066937590049 -0.137959668574058 0.961770422623408
1464104850.15773  -6.94010077265532 -0.420611514337327 -0.187239600070816 0.106512826778359 -0.197747858486604 -0.129025852608945 0.965869106843251
1464104850.28924  -6.97911021030675  -0.42354362067926 -0.183568315016712 0.0927110322874009 -0.188534843737427 -0.119160096394476 0.970391750076415
1464104850.4225  -7.01331492651642 -0.427539412877499 -0.179222052951375 0.0755891947944695 -0.176538506568378 -0.113846322288595 0.974761224213546
1464104850.55586  -7.04367282942967 -0.430245811408334 -0.176811426020686 0.0686117941125851 -0.167721396607421 -0.11482678167503 0.976717341424254
1464104850.68922  -7.06901098180419 -0.432190377021075 -0.176408656830179 0.0607589567830479 -0.152421646408097 -0.112287232543158 0.980034473008312
1464104850.82254  -7.09522185581232 -0.432523226546246 -0.175316402000177 0.0546941264726862 -0.131624560087909 -0.106080710419862 0.984088619275658
1464104850.95572   -7.1253985012769 -0.432501934362432 -0.173963857423907 0.0566350235951196 -0.113633098549557 -0.102614989083717 0.986585098727806
1464104851.0557  -7.14864100074277 -0.432733728817458 -0.172754784541702 0.0516888275252274 -0.0947223534596435 -0.0926047738598458 0.989838520528728
1464104851.15824  -7.17254023516513 -0.433665436860256   -0.1743472567978 0.0503627885260312 -0.0745813839448079 -0.0829406752911483 0.992482771176915
1464104851.25569  -7.19455479532247 -0.435074428089938 -0.176364860640675 0.0427518578277889 -0.0492941869555858 -0.0714374116790615 0.995308524025217
1464104851.38912  -7.22039162576771 -0.438229345807496 -0.176233405636771 0.0354115243028918 -0.0162001672174998 -0.054291516520342 0.997765508404952
1464104851.52242  -7.24552019871108 -0.439745354684949 -0.173343769348066 0.0336763237540467 0.00509447639159965 -0.0524525505799819 0.99804242468262
1464104851.65894   -7.2696155630408 -0.441661581030443 -0.166747143643561 0.0280049754008288 0.0281320374470476 -0.0459848878169946 0.998153144519585
1464104851.78902  -7.29420838946652 -0.444628228254122 -0.154480657669793 0.0267187768715168 0.0506029364994773 -0.0409365336493602 0.997521754145189
1464104851.88904  -7.31271006266569 -0.449303540611724 -0.142615430467265 0.0254437801392769 0.0739662683796214 -0.0299845473925827 0.996485088755411
1464104851.99185  -7.33315974378388 -0.455808076292873 -0.128652486988643 0.0229853600162447 0.0958400697896018 -0.0137695856228395 0.995036056009742
1464104852.09074  -7.35527630329456 -0.465189902279478 -0.114241397875096 0.020157792320933 0.119444062382084 0.00137235505808683 0.992635328815173
1464104852.18891  -7.37451481657296 -0.474431244087546 -0.100296206850395 0.0119563754977144 0.146360044218416 0.0134811324655993 0.98906725838478
1464104852.28898   -7.39406692296112  -0.484285383226218 -0.0866412765695143 0.00882636734925517 0.163663434392419 0.0226536565933957 0.986216602641247
1464104852.38906   -7.40946813993468  -0.492300898149963 -0.0728702429205532 0.00304344304344948 0.185786783548687 0.0300639140911676 0.982125332929863
1464104852.49135  -7.42248013811904 -0.498389255192976 -0.058062505014829 -0.00271759332965234 0.20962759640722 0.0366121662063434 0.977091825161129
1464104852.58901   -7.43662037294566  -0.503906808764448 -0.0415586507611586 -0.00729086608626346 0.229051262320848 0.0386515132243443 0.972619361840184
1464104852.68896   -7.44920079332301  -0.509755021485633 -0.0242806119998329 -0.0108905128912417 0.252608230528688 0.0444137805155564 0.966487400175733
1464104852.78902    -7.46219040803208    -0.51673474181634 -0.00609738889598255 -0.0140337056495381 0.27981574523595 0.0530915415568232 0.958481868393405
1464104852.88948   -7.4747236152727 -0.524366288499747 0.0126104914934183 -0.0178349856077897 0.309835967150187 0.0654841489346213 0.948364599184716
1464104852.99179  -7.48691876605241 -0.532800539969771 0.0324079607451344 -0.0256956837653289 0.342891137162692 0.0818981201486613 0.935445400762238
1464104853.08892  -7.49676372244279 -0.543931983793421 0.0523899342276335 -0.0288220083370844 0.36894176916533 0.095554213825511 0.924078273211075
1464104853.18899  -7.50273978079129 -0.555368601233197 0.0693441816750955 -0.030349764241813 0.401918282087228 0.114697849783348 0.907956491022337
1464104853.32473  -7.50740067084547 -0.569720683132579  0.096069091600036 -0.0291905962153011 0.430017391240559 0.121575847067423 0.894120945808283
1464104853.42258  -7.50700666490447 -0.578461802301914  0.117577046952859 -0.0273429673593084 0.453338065833614 0.124954050608347 0.882113057061731
1464104853.52233  -7.50613068869558 -0.584444283271024  0.142251106905515 -0.0287010229925348 0.475001748578873 0.136114607326741 0.868920251690845
1464104853.62213  -7.50381941441046 -0.589647991655814   0.16919542698397 -0.0328457099091959 0.489161500564738 0.136467454169318 0.860824499917585
1464104853.72219  -7.49841052546182 -0.595804895153495  0.198414763063875 -0.0441053380207724 0.510470380294927 0.151330469518716 0.845324670759627
1464104853.824  -7.49064642547744 -0.606294829367645   0.22906020273158 -0.0512881364697184 0.526179409580719 0.16517684432629 0.832599162916441
1464104853.92215  -7.48182890969287 -0.618630701383474  0.254452981237784 -0.057816540072781 0.541132562376645 0.175992740229832 0.820280045482086
1464104854.02223  -7.47220411693909 -0.632151806567628  0.277932596250798 -0.0567192811217951 0.556872286109353 0.189145957487236 0.806783729929283
1464104854.12218  -7.46311479753232 -0.643105517185045  0.299524478236054 -0.0576435425665138 0.574648869033668 0.193868590280904 0.793013788670287
1464104854.22216  -7.45416944804816 -0.650941835926856   0.32184129234974 -0.0610815716871179 0.593310776933529 0.196862507627511 0.778136566847602
1464104854.3238  -7.44570114240458 -0.655688494324792  0.345379013540376 -0.0657616799857231 0.614417073624021 0.207325244166868 0.758408401994531
1464104854.42206  -7.43451379170154 -0.661917443487136  0.371569971213998 -0.069887662351608 0.635861774238133 0.215661134219325 0.737757273024805
1464104854.49087  -7.42584266743661 -0.667637743400069  0.386081084742186 -0.0683476090914231 0.658856157907019 0.220847093877946 0.715865719702483
1464104854.55537  -7.41774464074797 -0.673259380395761   0.40106074093327 -0.0673795581415143 0.676857465253914 0.230252743160735 0.695922151638858
1464104854.65805  -7.40805705311089 -0.681181899636811  0.420566711334485 -0.0736688257833706 0.702528661317916 0.241832626870789 0.665239328900006
1464104854.75538  -7.39619750864484 -0.690265141507366  0.440127652246107 -0.0738489864475125 0.723740775892725 0.253314902963924 0.637634045865847
1464104854.85538  -7.38426935426769 -0.697700756608187  0.457252520328248 -0.0752317089425556 0.740705245426374 0.263651049059561 0.613338449550679
1464104854.95534 -7.37053987378427 -0.70313214413348 0.473092850615789 -0.0776251927389506 0.755811766724654 0.267129207694169 0.592760397740507
1464104855.05537  -7.35428459117902 -0.705742447771194  0.487816473670714 -0.0789872029875947 0.770223320697766 0.272826181172064 0.571036717632563
1464104855.15794  -7.33696274742474 -0.706196793530804  0.501606775624014 -0.0805084533555791 0.785243463370725 0.277525192410398 0.547622917480097
1464104855.25522  -7.31287759796104 -0.707969841718505  0.516585018488717 -0.0794093097375831 0.798584644561349 0.281344694312714 0.526119653671967
1464104855.32611  -7.29513936473088 -0.709684259325343  0.526392864090274 -0.0767783479178591 0.806793356873022 0.287849281892099 0.510227748667952
1464104855.38861   -7.2759406941912 -0.712774328845528  0.534406497994622 -0.0735538377991955 0.817087570343491 0.290324380509023 0.492614950460532
1464104855.49158  -7.24823519195585 -0.717016952961421  0.546820851075957 -0.0776533354163118 0.827638953346122 0.299850792222663 0.468052587650468
1464104855.58864 -7.21885818303179 -0.72172306305969 0.554906897123971 -0.0785444543583782 0.839974660188367 0.303254913380371 0.443068613695041
1464104855.68856  -7.19676950167127 -0.725278492945608  0.562416099222315 -0.0802106742323396 0.851475772496561 0.311452306878158 0.414189228651413
1464104855.78865   -7.1749751099898 -0.727474986816097  0.569430373400094 -0.0831411538299752 0.862752518931389 0.314689185326329 0.386931978849016
1464104855.88864  -7.15188743441516 -0.726862131428777  0.575530548532038 -0.0886067153127078 0.872331762198789 0.315054864801123 0.363216985871797
1464104855.99117  -7.13015701694539 -0.725544945038319  0.582467381238533 -0.0932535037668514 0.881526183055265 0.316513541531711 0.337690021543836
1464104856.08842  -7.10765940767469 -0.725565340076968  0.588320622975965 -0.0924066629129102 0.891504892345169 0.320958176123446 0.306048827400858
1464104856.18858  -7.08289234621189 -0.726546316742128  0.592459231631666 -0.090489752990608 0.899384473267561 0.325872066247025 0.276995614205034
1464104856.28852  -7.06317165034529 -0.729204804302126  0.593031222051674 -0.0876916643121669 0.909042237597249 0.330473257566687 0.238201192918111
1464104856.38856  -7.04174108044133 -0.732954422522935  0.589930730440913 -0.0813100969709783 0.918339009690493 0.326841882602584 0.207885822479682
1464104856.52169  -7.01259480337633 -0.732871895679677  0.582223266090739 -0.0866274662953998 0.925849413875916 0.318570544404638 0.183878637004397
1464104856.62256  -6.99238761597826 -0.727061233583977  0.573351504390345 -0.0909490186045858 0.930781517813417 0.318689985748983 0.154307274926127
1464104856.72269  -6.97369351773952 -0.717963619205901   0.56146457911474 -0.0927660584213212 0.933599397865383 0.320896820469552 0.12966053109138
1464104856.82549  -6.95140679174227 -0.705809589021661   0.54586480117745 -0.0960367520430065 0.934790581388817 0.324835707028295 0.106889076351209
1464104856.92179  -6.92887011856756 -0.695566430924624  0.525801673486728 -0.0926052999891163 0.937814986067119 0.325301172294338 0.0781438265366159
1464104857.02171  -6.90528958744881 -0.687247905189938   0.50385892493085 -0.0912188705132396 0.93955249476353 0.324324919514433 0.0611029772422965
1464104857.12197  -6.88301222289375 -0.680955736778316  0.481321816334873 -0.0946701500805483 0.941407645510986 0.320809918450908 0.0432458539135154
1464104857.2217  -6.86431642450465 -0.675858689094546  0.462200501771687 -0.0943134678342619 0.942770204623048 0.318522861812885 0.0288530338547174
1464104857.32346  -6.8498757652109 -0.66864650162431 0.444286709706684 -0.0962412037567258 0.941885276138409 0.321806760766561 0.0054923599720795
1464104857.4216  -6.83624847366593 -0.660322872128894  0.425491166593458 -0.0984848930476999 0.941982582111441 0.320354424218295 -0.0185090173647746
1464104857.52275  -6.82396957329611 -0.650376149072431  0.407602548227764 -0.10286972930879 0.94074945549675 0.320918483556315 -0.0376776815425218
1464104857.62247  -6.81019198159849 -0.639677370066122   0.38911079185916 -0.107524214635989 0.939619324690075 0.319764554258717 -0.0574865008119754
1464104857.72181  -6.79556489994927 -0.629675064947198  0.369699332369408 -0.108975867845198 0.938448111002623 0.31811370095563 -0.079013140978615
1464104857.82388  -6.77876372755341 -0.619944384544671  0.349265881815018 -0.110328217890396 0.937715690034927 0.315414018439269 -0.0950313946621935
1464104857.92167  -6.76433660172261 -0.611636284423443  0.328336317411022 -0.110572924868271 0.93535111970152 0.315029256274511 -0.116826704354427
1464104858.02157  -6.75293025366319 -0.606579742140214  0.306586066034556 -0.112023489978338 0.935464137787957 0.307469655254172 -0.133491556675278
1464104858.15753  -6.74292389281182 -0.599253848816546    0.2808960360496 -0.111602892082113 0.933720800781983 0.302833140020289 -0.154926918162767
1464104858.32326  -6.73612522719016 -0.587915339571203  0.250699463745305 -0.115889062144763 0.931322339201437 0.299596929322865 -0.171610331040648
1464104858.49118  -6.73135154901524 -0.574775426405086  0.216164084794332 -0.112881183866255 0.927893221678681 0.301034558001341 -0.18881261181565
1464104858.62148  -6.72536413365968 -0.560494588313037  0.181901629148931 -0.109870764563829 0.927356082028207 0.300230291408411 -0.194424495216712
1464104858.78831  -6.71703616078723 -0.541479719479072   0.13312969691333 -0.109851864400716 0.927644770217223 0.292746526688224 -0.20422345430509
1464104858.95581  -6.71730454340812 -0.524523815888235 0.0891533771309794 -0.117037190551444 0.923082007642369 0.294095472405608 -0.218471408438912
1464104859.15719  -6.71952241730096 -0.511443309151273 0.0388473164743823 -0.124234116586281 0.918919171274276 0.288938110926749 -0.238050853799573
1464104859.28819   -6.72652177710719   -0.49841318328646 0.00774169052180085 -0.127478304768457 0.912610571983693 0.28990667091451 -0.258544672883089
1464104859.45568   -6.73748668305618  -0.478235597222771 -0.0349944431787543 -0.131297716019555 0.90228494687129 0.291218155551578 -0.289542346289207
1464104859.58816   -6.74985611954265  -0.463536594538223 -0.0729289860212292 -0.129461833402789 0.888515751075613 0.287409639172196 -0.333429292494581
1464104859.72141  -6.76068598403447 -0.452762383124188 -0.113538040113797 -0.133392969889356 0.87907503386271 0.277881813111303 -0.363613941379243
1464104859.85463  -6.77489193956715 -0.442353155486696 -0.147682611298723 -0.138183718679593 0.866466997350971 0.276263701691085 -0.392197105447518
1464104860.05461   -6.7932242688388 -0.428084404024126 -0.183641436952712 -0.142842344171824 0.847283957553976 0.282622962746484 -0.426415549565879
1464104860.22135  -6.81709589344558 -0.421917628772077 -0.210457031535336 -0.153622986452851 0.834871653590585 0.268144837471361 -0.455508118700081
1464104860.35476  -6.84316211813018 -0.418193710351933 -0.228450554003985 -0.152917020939931 0.819807910593248 0.254976765547889 -0.489405990427505
1464104860.52143  -6.88618322147752 -0.412156339380848 -0.254838773126021 -0.158129167695104 0.800565237064331 0.241422864890516 -0.525171846004944
1464104860.66094  -6.92345849434681 -0.404032388651994 -0.275470019265081 -0.158410096317486 0.783749580453379 0.227694822663205 -0.555695873888056
1464104860.78794  -6.96406425159265 -0.400256113432283 -0.298243913630349 -0.159505559088644 0.767176141162974 0.220821169060255 -0.580720893670075
1464104861.05456  -7.02628501726829 -0.398856784532439 -0.345141106106063 -0.171800418961414 0.754459639098132 0.206268351940915 -0.598939592950889
1464104861.3239  -7.08363770411961 -0.396789110632923 -0.384293554970751 -0.179836880243001 0.742146789126616 0.194836508255602 -0.61556118700279
1464104861.58794   -7.1514940585135 -0.377719666882516 -0.432937582413422 -0.188357040454573 0.739827635267209 0.187893536066349 -0.617958505492568
1464104861.78797   -7.2032557270317 -0.370430247182332 -0.480953917508486 -0.198941092164004 0.73902831961462 0.178712725546423 -0.618321394085595
1464104862.05443  -7.25527103701302  -0.35633508525265 -0.537280575715748 -0.190866785337452 0.742905166013843 0.180653861763203 -0.615650848123296
1464104862.32348  -7.30371064547471 -0.333050303549825 -0.594714611968383 -0.18303500624131 0.749586936231057 0.179236024370861 -0.610321275304825
1464104862.52109  -7.33827725681363 -0.318285163598387 -0.647477120289748 -0.182631141484212 0.760741618190099 0.169616436716262 -0.599289847160254
1464104862.68778  -7.35998204097366 -0.300820023973772 -0.701473905998625 -0.187555415450292 0.770429268851663 0.172812325582899 -0.584292399367466
1464104862.85447  -7.37027468095093 -0.285038196488256 -0.751384934136205 -0.190828981506248 0.781871351825599 0.178484621996079 -0.56604304493794
1464104863.02096  -7.37430349324277 -0.265554278210179 -0.799775641096049 -0.199851636307812 0.788531483744142 0.174998054121459 -0.554664857065106
1464104863.15853  -7.36765003556196 -0.246605321395611 -0.849668078373503 -0.198893423596708 0.795270490919463 0.168583822868528 -0.547325996997886
1464104863.28763  -7.35659041342547 -0.231152677408249 -0.898950966907604 -0.192791698484985 0.799131796404738 0.157808601212724 -0.547097960472797
1464104863.42106   -7.3373707447891 -0.213934800586465 -0.946696617132295 -0.183197240470229 0.803405271155739 0.164731540679594 -0.542072191565472
1464104863.55439  -7.31394535234959 -0.199056903423774 -0.992008167339476 -0.176825518871492 0.813276208879474 0.161944725340683 -0.530177753098702
1464104863.68766  -7.28901586286848 -0.183948220168742  -1.03552961367051 -0.17830721559214 0.826073657269755 0.163727465974648 -0.508922554538772
1464104863.82356  -7.26377274727075 -0.163638164826091  -1.07916966365622 -0.175226706057876 0.83666198621615 0.168945928173497 -0.49066240497775
1464104863.95435  -7.23855538012869 -0.144680487315966  -1.12506922505426 -0.166441800048945 0.846967749280057 0.167881670719909 -0.476191666781595
1464104864.05446  -7.21747147594375 -0.131463995529233  -1.16217272807392 -0.165078552054557 0.85385686519872 0.164418127050253 -0.46545053969447
1464104864.18805  -7.18683526387659 -0.115426896562742   -1.2100185931651 -0.162499798126154 0.861960208860689 0.167240045089094 -0.450165726447933
1464104864.3214  -7.15616913600118 -0.101856172565421  -1.25199177545475 -0.161012064069618 0.870692298104362 0.168899395913106 -0.432946915113129
1464104864.48761   -7.11806984612342 -0.0841654708788603   -1.29412174801213 -0.157849498398553 0.878267407734248 0.177666757923715 -0.414927005021324
1464104864.65425  -7.07974442784466 -0.064693137101674  -1.32899900330688 -0.16526498251572 0.884362471263286 0.178758319558198 -0.398291310680891
1464104864.85424    -7.0259105196521 -0.0427090389915433   -1.36471440745807 -0.167215736073581 0.888668376180161 0.179225171660808 -0.387538066039763
1464104865.05403     -6.966681021077 -0.0253687519416286    -1.3960230530467 -0.157966135453581 0.892464024026497 0.184610283353175 -0.380096973348321
1464104865.22082   -6.92450005272679 -0.0121359402080562   -1.41868429475691 -0.159147155968783 0.897976491469676 0.189501755206807 -0.363867404817192
1464104865.38833   -6.88534156900085 0.00128722950857507   -1.43852428696825 -0.170819124496901 0.905623709898635 0.184997414057447 -0.341236691414628
1464104865.55423  -6.84577899818414 0.0190255593578681  -1.45524500062342 -0.169395680605325 0.914578745814757 0.193612527653782 -0.312033668426469
1464104865.7208  -6.80323722720834 0.0312963188700519  -1.47438294992484 -0.168371823627355 0.925168356295307 0.192264523067443 -0.280622156445081
1464104865.88743  -6.76270669362184 0.0394827275359313  -1.48744265983369 -0.160791927781684 0.933440140502441 0.202937854455042 -0.248297578095755
1464104866.08734  -6.71582998556531 0.0473202838260498  -1.49040527604806 -0.158454598242836 0.93948527135674 0.209291275636335 -0.2201288875681
1464104866.2879  -6.66261631289937 0.0519630286834014  -1.48501999136895 -0.164344383724405 0.943489397349978 0.202538252271032 -0.20444299203792
1464104866.49009   -6.5934297653299 0.0585830443716695  -1.46983956812859 -0.156231660357375 0.944374548874219 0.206836016504747 -0.20240366107618
1464104866.6558  -6.53268049439638 0.0596240631197861   -1.4543608938697 -0.159164108955107 0.945145302159095 0.215189445163296 -0.187244884889905
1464104866.82316 -6.47642788506182 0.063632946351115  -1.4385207435012 -0.160208392856633 0.946823134379872 0.225104292866504 -0.164885658546888
1464104866.98952  -6.42929766809916 0.0661801216605556  -1.42712110808277 -0.161609743476545 0.952228703141243 0.2171480513219 -0.141384269048908
1464104867.15605  -6.38652923545212 0.0707329158069534  -1.41879650868476 -0.159567280954683 0.956798822372972 0.214952490227338 -0.113444802875631
1464104867.32265  -6.34523400986265 0.0766950231930241  -1.41722062523904 -0.153676327659095 0.961445731557166 0.209257214333406 -0.0906482754228832
1464104867.48898 -6.30336678075609 0.086631659285898 -1.41866313949159 -0.160584828635525 0.962458253762338 0.208212111923329 -0.0673375008838157
1464104867.6872  -6.23859247954612 0.0980885001244886  -1.43384481184403 -0.158216649758865 0.962013561900029 0.213203775889759 -0.0635731736336097
1464104867.85393  -6.1787194745618 0.100950034342151 -1.45145752493369 -0.161190636103506 0.962980534870888 0.209356899782784 -0.0534392814853233
1464104868.02044   -6.1208520881684 0.0977925324326593  -1.46137935311468 -0.147575516392208 0.965393230171344 0.210628240633832 -0.0432795835054845
1464104868.1563  -6.07214523369845 0.0995851772468387  -1.46795896950702 -0.148018860432922 0.966094761842179 0.21017718575926 -0.0240182989314389
1464104868.28713 -6.01925947580716 0.103071874643623 -1.46696103788305 -0.150595248920955 0.966691551902775 0.206606912504837 -0.0119204944300925
1464104868.45382 -5.95428309118638 0.112175749423886 -1.46544890406379 -0.15121401003185 0.965817935429907 0.210272624903194 -0.0107453240212085
1464104868.58712 -5.89915908061432 0.117302699899289 -1.46472834769378 -0.154479095734174 0.96492560504036 0.21221176927845 -0.00457719328366295
1464104868.72032 -5.84637071721009  0.12033759691965  -1.4592251489742 -0.146809980010924 0.963504575011961 0.223812696039642 -0.0036933442405465
1464104868.8538 -5.79346302926344 0.123492100958074 -1.45454740520146 -0.148176011943641 0.962977936352981 0.224349129737589 0.0196171243514009
1464104868.9898 -5.74010402797389 0.127748298955718 -1.45161604780334 -0.148561694207845 0.963560912396688 0.218503058851438 0.0416677859733684
1464104869.12026 -5.69071274057854 0.132680228190112 -1.44485912934902 -0.146464009131623 0.964621091512562 0.210850163318549 0.0599720974015896
1464104869.25405 -5.64007100982055 0.139808479581497 -1.44638040449789 -0.138781888468664 0.965037242846722 0.212464613184225 0.0655857873044649
1464104869.38705 -5.58504145798875 0.141533951424821 -1.45530665191727 -0.133928243352219 0.968217855896311 0.202929175940058 0.0586272863812412
1464104869.52041 -5.53285001164606  0.13977965862134 -1.45193000237737 -0.13075912353062 0.965542773901759 0.209017487776288 0.0833120230416401
1464104869.65609 -5.4754739213967 0.14132443550956 -1.4460376616905 -0.13403230938239 0.962667450710842 0.211755767480406 0.102304517604531
1464104869.787 -5.42930063319626 0.140412714445933 -1.43760262536715 -0.134275320352769 0.964232729874716 0.199667889999907 0.111167057555283
1464104869.88695 -5.38751230930323 0.139923029575945 -1.43335396550562 -0.133937696080701 0.967815398552177 0.177638720439764 0.117637293807734
1464104870.02013 -5.33226699918877 0.137255741332004 -1.42480074359965 -0.132358284192797 0.969529546417992 0.165902021299046 0.122353024306523
1464104870.15605  -5.2753220351474 0.135661343560304 -1.41333086402548 -0.124111859924794 0.967838524473122 0.177909496840883 0.12740897811976
1464104870.28692 -5.22232239247193 0.131481267590846 -1.40335130789161 -0.11163089216068 0.967227870284206 0.185188411931678 0.133094113119676
1464104870.4201 -5.16635546195401 0.127548943395356   -1.395157740739 -0.105973499348573 0.965761187395098 0.183406826040746 0.14978946063955
1464104870.55354  -5.1055812256391 0.130537837166614 -1.38818210445933 -0.103772952728283 0.96152709773599 0.186897338497815 0.17252883661548
1464104870.68682 -5.05057395438114 0.139725566569447 -1.38682776999489 -0.102344814691102 0.956402075357643 0.195893730088328 0.190909024588986
1464104870.78683 -5.00429398282616  0.14355870890913 -1.39026467056153 -0.0985053936820711 0.955200595896226 0.19649672935157 0.198185631086542
1464104870.88797 -4.95770573161952 0.145562829453902 -1.39573401283411 -0.09611964153323 0.953899938802456 0.19864268029212 0.203413389014972
1464104871.02014 -4.89806014551533 0.145460163783862 -1.40104592552175 -0.0973502986655487 0.949421129150848 0.207118787486025 0.214998248230017
1464104871.15357 -4.84504155853642 0.147355895312931 -1.40386250900318 -0.0993481700654971 0.945283668577338 0.21352082157028 0.2257821644452
1464104871.28683 -4.78918235988738  0.15228354355233 -1.40427931185446 -0.100027273416272 0.943962960012958 0.209275997812158 0.234802111226044
1464104871.42019 -4.72774301720367 0.161122062980583 -1.40313471087003 -0.104050380329749 0.943235048857743 0.208079468793771 0.237031845172899
1464104871.55534 -4.66855146159535 0.168580982627351  -1.4020301142272 -0.109566352941213 0.942760325420722 0.212066917153913 0.232864350566184
1464104871.68681 -4.61126596135182 0.173606650157093 -1.40186717309665 -0.109803507521955 0.940363043046747 0.233428819412394 0.221746529342569
1464104871.82216 -4.55402240354083 0.172265602109498 -1.40282398250777 -0.101469100261624 0.940829713128356 0.238142900313899 0.218703981712716
1464104871.95338  -4.5004169027705 0.176638002976342 -1.40471612929503 -0.101195327365653 0.940505749928312 0.237254310887347 0.221176020482581
1464104872.08658 -4.44222744080834 0.187513315328827 -1.40569518951196 -0.106422903266658 0.938080965267928 0.234467649797511 0.231739486192406
1464104872.2201 -4.38121742249562 0.202083929159025 -1.41011064441154 -0.108607592632408 0.936728355962631 0.235590822072303 0.235034768733129
1464104872.35329 -4.31761320846563 0.211026146879579 -1.41671722968544 -0.111136516699684 0.933494736830008 0.245705174482279 0.236358241233871
1464104872.48871 -4.25455921071834 0.212397473754962 -1.42092178574302 -0.109671908611432 0.931146721169577 0.243070437349251 0.24870588775402
1464104872.62006 -4.19614824816401 0.215607550694659 -1.42161208591835 -0.116109640182881 0.927117244429921 0.245472132445468 0.258293628899255
1464104872.75632  -4.1361455501941 0.222633118685216 -1.42200709228329 -0.126609152899488 0.925014884834164 0.241337230909052 0.264714801653523
1464104872.88669 -4.07496735242596 0.228954630797523 -1.42343251598777 -0.129502988502104 0.928505315769084 0.230867731548644 0.260397667207603
1464104873.01992 -4.01427322861637 0.235002342242788  -1.4245156039928 -0.12490543448353 0.932021532725085 0.234105392538772 0.246838327975078
1464104873.15571 -3.95373172967841 0.241578321490173 -1.42571195058084 -0.122019129052556 0.931426884788304 0.245625264409403 0.239214380676879
1464104873.28661 -3.89979666367806 0.247457693424252 -1.42631057534272 -0.124963660514323 0.927296414374292 0.258927170457944 0.239712669331611
1464104873.45323 -3.84135019350096 0.260477747371759 -1.42920663767634 -0.132836911460455 0.924885912281524 0.264900187807629 0.238260980263877
1464104873.61984 -3.78745197411566  0.28047560336627 -1.42972821247649 -0.145823422967643 0.91942228097966 0.279435668180253 0.235189085420255
1464104873.75347 -3.73626369011769 0.296559129296841 -1.43632284325527 -0.145590896788248 0.918644213090854 0.292146216209095 0.222590855341788
1464104873.85306 -3.69593387972596 0.307689717874975 -1.44283581889953 -0.144182804950588 0.917207923348047 0.303498808530913 0.214078063622737
1464104873.9884 -3.64577186708513 0.319753471214039 -1.45423343297073 -0.13509889832984 0.920797343735648 0.305016180155761 0.202103115469868
1464104874.1558 -3.59378014499318 0.338006309626691 -1.45925662669254 -0.146403303700408 0.915398918575378 0.324428249438641 0.188035112420028
1464104874.32654  -3.5404966135727 0.355948457781064  -1.4665018568979 -0.162130434086939 0.914761277630846 0.323043093794907 0.180467966247138
1464104874.45302 -3.49649152268757 0.370927054690277 -1.47473092071563 -0.17107597465043 0.916777868645232 0.318760885746323 0.169241981133322
1464104874.58645 -3.45005245771295 0.386008141742337 -1.48181453775281 -0.174033062211778 0.914929376519285 0.323780883205387 0.166681339417351
1464104874.75304  -3.3982887734826 0.399914168766671 -1.49164715470465 -0.174828543920238 0.911904948295841 0.332328245220543 0.165596747953949
1464104874.88835 -3.35919795499696 0.412939658100145 -1.50346204344983 -0.183810179755548 0.90804206388249 0.332368213323591 0.176648800761131
1464104875.0196 -3.31962117325967  0.43039734742899 -1.51880220835201 -0.195486635940253 0.903708723536069 0.327718600454904 0.194154673107426
1464104875.18638 -3.26771710934956 0.458766734909656 -1.54404805173881 -0.211871323670731 0.893099495558401 0.32776736334498 0.223723911920971
1464104875.32188  -3.2248148072882 0.481766366110061 -1.57114873778184 -0.214180978721395 0.88633285529341 0.322599539424933 0.253909659414912
1464104875.45331 -3.18636684401948 0.499801132117252 -1.59632194668095 -0.221477050784545 0.874996248650357 0.32693711784162 0.280074279077887
1464104875.61949 -3.14333001839056 0.517376237964322 -1.61986761024742 -0.230629978131901 0.861451856782937 0.325624623982755 0.314132322259583
1464104875.78627 -3.10342311560469 0.542859148610431 -1.63536493508421 -0.244208885263183 0.842427125377483 0.327056859925592 0.351727691776402
1464104875.95318 -3.06341571733234 0.568536500595329 -1.65139229713375 -0.248932413657945 0.829645521465125 0.328824552237816 0.376291610308934
1464104876.1197 -3.02377623451069 0.589183315340884 -1.66501158613847 -0.253024652031993 0.820005029134916 0.321141681137804 0.400547498174086
1464104876.28639 -2.99514523105222 0.603431597671845 -1.66494107402357 -0.26003042746914 0.796474730616823 0.327081572046071 0.437069588860797
1464104876.45281 -2.97210660303512 0.610041094791083 -1.66008140873757 -0.265418656211914 0.777080445119961 0.321356403506092 0.471623770258089
1464104876.65559 -2.94851012269297  0.61751880597317 -1.65469305792077 -0.267147360458658 0.755752619973448 0.317704096124232 0.506492223542599
1464104876.85331 -2.92051283696366 0.624087225027932 -1.64881413170343 -0.261980900771285 0.745181383929058 0.296052561451938 0.537050829563074
1464104877.05281 -2.89986515943131 0.624432002144616 -1.63280632566492 -0.261781552327383 0.732858449303713 0.285527838655481 0.559341367590448
1464104877.21943 -2.88997040597611 0.618451274348161  -1.6095432212376 -0.263500468640303 0.718738483063969 0.278013790510427 0.580250659866293
1464104877.38613 -2.88400495817337 0.609647716577811 -1.57484210830134 -0.262775232973841 0.708772203774968 0.269956083987168 0.596418353850577
1464104877.51961 -2.87847301095453 0.598085041195357  -1.5397853681296 -0.261674204922629 0.705122347174259 0.264283892704651 0.603724365957223
1464104877.65589 -2.87494756652928 0.583157565662784 -1.50434520475755 -0.258792964091835 0.703969623650954 0.256734077084292 0.609541290132977
1464104877.78592 -2.87500465021058 0.571231580091309  -1.4651377356128 -0.257743136851724 0.697870412291842 0.260175239298324 0.615511338571036
1464104877.91941 -2.87765979207619 0.557779350910759 -1.42938738059488 -0.258312725758993 0.693435605378788 0.255988810024845 0.622005889076604
1464104878.053 -2.87846380646648 0.546087571444994 -1.39300918304779 -0.260549770438183 0.682630395651914 0.246337683461303 0.636747442683236
1464104878.18599 -2.87807647817263  0.53712294447332 -1.36031422556691 -0.263612820069876 0.673267783373634 0.231756287354228 0.650774766134755
1464104878.32155 -2.87244756556988 0.527522201596221 -1.33021988936906 -0.260102569974708 0.665191839393999 0.220239072144593 0.664350224653435
1464104878.4526 -2.86159228003911 0.517181033853124 -1.30002639568992 -0.252969732430604 0.653903580609105 0.211667038653088 0.680891684843054
1464104878.58624 -2.84818015539045 0.505267179020591 -1.27033589243223 -0.248671637844098 0.642390744505934 0.207319642566594 0.694633078474604
1464104878.71926 -2.83822311503398  0.49308001059474 -1.24065988616988 -0.250396048524875 0.62940727056314 0.206570665108924 0.706028942014308
1464104878.85257 -2.83085238929525 0.480625933632547 -1.21459294019532 -0.247608585270161 0.624562748422498 0.207707443266703 0.710963416636225
1464104878.98778 -2.82692856282374  0.46962983603124 -1.18575977079386 -0.252396583943685 0.615137923225052 0.196814372636672 0.720531333494639
1464104879.11931 -2.82555378167029 0.459530156579545 -1.15275640988349 -0.253837631848837 0.606883430330387 0.192031415179255 0.728273914287783
1464104879.25252 -2.82565356019091 0.448976025608234 -1.11474712636233 -0.258114948227311 0.603773640851342 0.190448261029721 0.729769500585961
1464104879.38585 -2.82861850335215 0.434651867924195  -1.0740268921755 -0.259863146163291 0.60209860076792 0.193957827320658 0.729608649510461
1464104879.48786 -2.83112875180825 0.422445021723393 -1.04124684394316 -0.25499191476972 0.596201531184748 0.211902687579655 0.73117720739336
1464104879.62163  -2.8344532237878  0.40628478484869 -1.00065834801433 -0.247877572943057 0.591571901051995 0.228987757144899 0.732232204833505
1464104879.7524  -2.83621255513352  0.394022067216909 -0.966970591070022 -0.244787083084267 0.583656997535338 0.233622910040268 0.738135576359416
1464104879.88583  -2.83500142639925  0.386362326541001 -0.934837062562353 -0.246493714809441 0.571336152922756 0.232006754921419 0.747655478541888
1464104880.01913  -2.82773944602344   0.38089654028812 -0.905849111501996 -0.24611352543797 0.566432898201898 0.232364811625177 0.751391042500167
1464104880.15232  -2.81895744828331  0.374359377040586 -0.875335150325706 -0.243265526266948 0.562005269821048 0.239980099774594 0.753247311402843
1464104880.25449  -2.80777206741948  0.366057032082957 -0.848904117446218 -0.239730397788267 0.557567093271676 0.239390637565486 0.757852489289864
1464104880.35254  -2.79827082011854    0.3580042899566 -0.824014525357171 -0.239636397708922 0.556273433574764 0.256563667660721 0.753199408144027
1464104880.4524  -2.79023927043127  0.346899649163857 -0.801177635546309 -0.238003158004675 0.551949657057544 0.25533024935402 0.757306104965935
1464104880.58584   -2.7873088602582  0.335525387912276 -0.772017448118652 -0.240205237161259 0.548597784525339 0.271690594095611 0.753343305495023
1464104880.72077  -2.78799455450682  0.326913574307422 -0.741929259937697 -0.247613648468724 0.543433179854738 0.29328086408945 0.746561581441157
1464104880.85232  -2.78550993050353  0.319526367410827 -0.711970435550146 -0.254675911866339 0.550569775691586 0.313801666085659 0.730439331068522
1464104880.95249  -2.78285527771033  0.312070465260425 -0.685662254867005 -0.248896844367723 0.563407334043837 0.319468053870668 0.72011297680676
1464104881.05225  -2.77691329897057  0.303848532279678 -0.659919325323491 -0.242141132331052 0.581579860586505 0.329710973621382 0.703152338876334
1464104881.15606  -2.77172588739107  0.294877875925207 -0.632941956456877 -0.242221318262121 0.591863967552539 0.348455327124593 0.685277142396286
1464104881.25228 -2.76380739926072 0.284332691193727 -0.60844835842133 -0.242056752610831 0.605747739726225 0.356876410830542 0.668668401918903
1464104881.35229  -2.75518125992969  0.273699537049531 -0.584775981809114 -0.237080494524842 0.617097589563367 0.367577437339745 0.654117903462125
1464104881.45229  -2.74486204379013  0.264757636357416 -0.563375492135977 -0.230262449464591 0.624246103263191 0.382308038552148 0.64119932204089
1464104881.55231  -2.73262941637497  0.257939052938283 -0.547900290275711 -0.224341204514522 0.639437730206262 0.385213797849987 0.626418983661596
1464104881.65444  -2.71914934345244  0.253547046693403 -0.529712004601428 -0.21765054724225 0.646110760664908 0.398175302034889 0.613698258990189
1464104881.75224  -2.70357758263099  0.250237918277475 -0.513847711336987 -0.209071098632566 0.656553757585605 0.406561737392476 0.599944991482724
1464104881.85233  -2.68641979188584  0.246593036369989 -0.499031521828786 -0.1990757153375 0.66907684163963 0.414535259131868 0.583836927986639
1464104881.95228  -2.66597513835577  0.240813275650706 -0.482219155046456 -0.191538385357367 0.680158875943132 0.421721412824359 0.568197149214861
1464104882.02053  -2.65120476581102  0.235823821910961 -0.471346428110391 -0.186434843845558 0.688638355366905 0.424216491343723 0.557727203021215
1464104882.0856  -2.63691062367833  0.230121107207446 -0.460957720806729 -0.184913336582962 0.693167073420092 0.425234550139323 0.55181703819997
1464104882.18549  -2.61530722787566  0.221734656993503 -0.445524447467214 -0.181209415512058 0.696903299725931 0.431337479033967 0.543541091125143
1464104882.28547 -2.59341022475641 0.214619589574879 -0.43332447917567 -0.175316749210303 0.704334109994012 0.430815497774331 0.536260669658637
1464104882.38556  -2.57259060491606  0.209144300400863 -0.419899789348912 -0.173590661472232 0.711016474197602 0.434351981818769 0.525033533747466
1464104882.48832  -2.55013878511025  0.205080434704808 -0.406818868551496 -0.170717361071636 0.719398210835736 0.431967430839996 0.516455163173506
1464104882.58554  -2.5256524412981 0.202619006098211 -0.39090061302935 -0.166986767203635 0.731463907452321 0.433526875572028 0.499129662342579
1464104882.65421  -2.50922984014391  0.200828315467665 -0.378570215220487 -0.166617162907846 0.736467087127669 0.4375045407349 0.488308025162981
1464104882.71916   -2.4921675921094  0.197934322809587 -0.367001564109286 -0.163696069698451 0.746651878022134 0.436839129799294 0.474221619590983
1464104882.7855  -2.47775667926327  0.194231798424051 -0.355427386325984 -0.161903308480443 0.754690723368361 0.43919813470565 0.459711027968554
1464104882.88546  -2.45176279142167  0.188098927204216 -0.339794991103131 -0.160256395505622 0.765891814575107 0.440755044448721 0.439843843721157
1464104882.99132  -2.42617430334144  0.182082412523624 -0.326729397263274 -0.149754824541091 0.778795305614739 0.449258401311942 0.411361463107267
1464104883.08541  -2.40058006828366   0.17666123534114 -0.314917714788271 -0.144957260060136 0.786136191263599 0.452858668445785 0.394837065072329
1464104883.18523  -2.37461076594377  0.174508295897287 -0.305405205104876 -0.142046906626637 0.793977814058467 0.450858454045229 0.382293815692445
1464104883.28529  -2.34881535543177  0.175132929866181 -0.298056584767676 -0.139752768241508 0.801958550283738 0.45258196373975 0.364007161321192
1464104883.38533  -2.31880842190572  0.176891474342309 -0.293470859358498 -0.133175681716207 0.81589289959661 0.444119071377937 0.345458050457154
1464104883.48777  -2.28413169766745   0.17796581093136 -0.287330169728813 -0.120260251778298 0.82234826405393 0.447507175297593 0.330178940132282
1464104883.5854  -2.24567481494189  0.177782027019467 -0.281643057573944 -0.110703514711947 0.827046143844206 0.452708305848602 0.314316079128224
1464104883.68616  -2.20955408083347  0.175175716190306 -0.276973827334401 -0.108656174277243 0.829940173995659 0.459763826689377 0.296665412624104
1464104883.82128  -2.16187287670763  0.168833549824857 -0.272701613036926 -0.103286309964141 0.834919451358637 0.462040101606214 0.28064282001274
1464104883.95193  -2.11785348710683   0.16534028187404 -0.269362257712482 -0.100170634332521 0.839589347188553 0.461898596208892 0.267778376507839
1464104884.08531  -2.07672095768997  0.169227499767526 -0.265502497454551 -0.101883560868544 0.843964712262398 0.46649296988695 0.24439233524529
1464104884.18531  -2.03999130521359   0.17607210313357 -0.265364940072341 -0.10032493879242 0.848613124045919 0.470490939030486 0.2200657825368
1464104884.28529  -2.00297476292391  0.181473937870141 -0.267476595663502 -0.0994278750434322 0.856159951700478 0.468904110574253 0.192958984903922
1464104884.38524  -1.96689893465909  0.185727459966592 -0.271053490608472 -0.0969039390014827 0.861830788081921 0.471870113669292 0.158732212061136
1464104884.48987  -1.93496821609098  0.188062635986925 -0.276875102268585 -0.0871162939233868 0.865379340688206 0.480316349172979 0.113249956998847
1464104884.58537   -1.9051560620818  0.190186671567532 -0.284659177613672 -0.0759181790214029 0.866620024284239 0.487399836119587 0.0751502718175945
1464104884.68533  -1.87746728086142  0.194140156392344 -0.294509219996767 -0.0718864692202515 0.869052677705361 0.487173313019897 0.0473491499121795
1464104884.82026  -1.84315164711457  0.205834834310871 -0.310476534074871 -0.0658796093677598 0.870658412776089 0.48729502222958 0.0125445861647816
1464104884.91857  -1.82004727368647   0.21803281911262 -0.326882867424969 -0.0599158835901804 0.872910903336211 0.483901459525471 -0.0166138255524127
1464104885.01853  -1.79540706079858  0.230557678428586 -0.344467968006825 -0.050594045706645 0.872347790720298 0.484240000189215 -0.044285401445614
1464104885.11849 -1.76908702796004 0.241613153888193 -0.36452863565754 -0.0416895591216718 0.871377382861751 0.483959753344727 -0.0688940813115157
1464104885.21843  -1.74507816068918  0.249314464830546 -0.384462065670871 -0.0398480776191271 0.869768230562048 0.483224070610954 -0.0917052528332161
1464104885.31958   -1.7223328069342  0.255110507169345 -0.405985159132321 -0.0316214488984094 0.868321498967156 0.483009099435671 -0.10825926409938
1464104885.41836  -1.70096647895301  0.257389034226884 -0.428714250715978 -0.0245875300623203 0.869644009472477 0.476818332006465 -0.125534968899668
1464104885.55205 -1.68075752227006 0.263384012767996 -0.45880775359734 -0.0174849961432734 0.868430950353457 0.473338172537595 -0.146536458933712
1464104885.68537  -1.66095843821676  0.271119567349811 -0.488019593681147 -0.013157855834835 0.866608032491959 0.468687635236979 -0.170731629835287
1464104885.82238  -1.63888316159659  0.280287009320068 -0.519522928239005 -0.00436614998958296 0.864673610350542 0.462213719548079 -0.196669676765784
1464104885.91847  -1.62065229428004  0.287544439336384 -0.546469082641381 0.00526012081155352 0.862879769197552 0.454035170059871 -0.221952471009743
1464104886.01836  -1.60115669179539  0.292458554690208 -0.573010618930121 -0.00277875341185624 0.864883267215506 0.444872286056884 -0.232503466035736
1464104886.11844   -1.5838041710953  0.293748044921313 -0.595472694930567 -0.000164123844068588 0.864506880241342 0.436940476973732 -0.248416679513904
1464104886.25166  -1.55855063898132  0.294124410163048 -0.623239833253418 0.00500490327532773 0.867782455655404 0.425024056580229 -0.257455067784589
1464104886.35185  -1.53673669236735  0.293120225947761 -0.644657777161781 -0.00631145957950678 0.877158613220778 0.411399275704518 -0.247595574840052
1464104886.48747  -1.50362692046356  0.291236289602515 -0.671596014349704 -0.0198930397377058 0.88853317597129 0.396461313263754 -0.230068444714929
1464104886.61864  -1.46925179093613  0.288612680119192 -0.698074769289859 -0.0235867858170414 0.900640762758376 0.375087355264201 -0.218172766205452
1464104886.75256  -1.43148518624287  0.285211218870473 -0.723984216906547 -0.022061084730649 0.909244622654839 0.358977934160015 -0.209576638726684
1464104886.88554 -1.39379053928427 0.278676464905066 -0.74451613167349 -0.0222427394457277 0.91537224497194 0.34950820153652 -0.198602443931812
1464104887.05158 -1.34886918753484 0.264020335834845 -0.76288626745151 -0.00982892406083401 0.922028600918043 0.33408082919144 -0.195337274752369
1464104887.18511   -1.3110004364347  0.251473718943748 -0.772294359187186 -0.0139273922239904 0.932105652104533 0.316173022830406 -0.176124105944945
1464104887.32037  -1.27055227343391  0.242503724355213 -0.775151248991925 -0.0322824330400721 0.938802760060668 0.304673729560614 -0.157420267866341
1464104887.48825  -1.21264646889345  0.230628714828844 -0.771675467867093 -0.0529946476357185 0.944208113059258 0.291541597372963 -0.143757099150834
1464104887.65348  -1.15086427823869  0.213220631322311 -0.762395057672324 -0.0563192128376757 0.9499318139404 0.280180121075337 -0.126320207739914
1464104887.85151  -1.08452336994767  0.194421351308903 -0.741066553772249 -0.0700546469001808 0.952046062555942 0.276051113257103 -0.111787405770654
1464104888.05284  -1.02816658828604   0.19275808955685 -0.716127386763085 -0.0821252562364672 0.953859456730844 0.275913446195991 -0.0853191027934835
1464104888.28495 -0.967451885516439  0.189849874942947 -0.675725915961829 -0.0909315609868748 0.954773726179664 0.277589725029082 -0.0555205148730613
1464104888.48772 -0.915758217134366  0.183420540525059  -0.63001954757611 -0.0812942814112821 0.954207533986761 0.285916553983223 -0.0336295413451824
1464104888.65361 -0.877991252345015  0.191320591642779 -0.590996723296243 -0.0709140148480337 0.945191525192261 0.317884394590868 -0.0231018371230109
1464104888.82259 -0.846213323218217  0.202105081070345  -0.55199666202774 -0.0787180597690899 0.933335863912641 0.350104442029783 -0.0107010219908107
1464104889.0514 -0.799261453920848  0.231526510778188 -0.521647393605427 -0.0992105691432501 0.926031317685609 0.364064338539024 0.00896766635586798
1464104889.2181 -0.764866800560756  0.253665503305727 -0.513843221011707 -0.119266400085215 0.914705429108352 0.385756124362277 0.016784406078705
1464104889.38471 -0.731196014360769  0.276739335186957 -0.520608964072574 -0.13466358731496 0.905979780937054 0.401002417848093 0.0162300851722122
1464104889.55127 -0.706019165041592  0.297809872955079 -0.536918059451467 -0.134693442728504 0.899624014283774 0.415262275744971 0.00956826802506316
1464104889.68468  -0.68900396135507   0.31344547619471 -0.560221536490896 -0.138461058494169 0.900305515216537 0.412599008622837 0.0063696652041968
1464104889.78469 -0.675559936466711  0.329846738978556 -0.585906270631938 -0.144851381678205 0.901212053715337 0.408359492939249 0.00879977218452732
1464104889.88507 -0.664070599775544  0.345747653872344 -0.613015829609517 -0.149682121378653 0.901132785273315 0.406750740613566 0.0104307648550065
1464104889.98711 -0.650955983621298  0.360617760199345 -0.648471634098402 -0.143136021203572 0.905084190331394 0.400374835899781 0.00588885595001675
1464104890.05125 -0.639547202362693  0.369088522324806 -0.675588722888613 -0.141536604102363 0.908904838925154 0.392144674755575 0.00905193561930764
1464104890.15375 -0.62287677514602 0.377326553986574 -0.71120545885887 -0.125286857441582 0.913005882013083 0.388088174172272 0.0105371642084905
1464104890.25115 -0.604349892926781  0.382781648680961  -0.74620534406311 -0.124365077089123 0.917418042961057 0.377279311099259 0.0231901588306105
1464104890.38458 -0.584122185308026  0.392865628751068 -0.786247023981627 -0.128798824578035 0.918627056367294 0.371091866334878 0.0427319650539749
1464104890.51799 -0.557844002513405  0.402879526456934 -0.822107729150886 -0.130870489217512 0.918884965957054 0.366980702171153 0.0620362686179729
1464104890.6529 -0.532276657209656  0.420652354763955 -0.860510257914205 -0.1330444526874 0.920057432831714 0.359493554852853 0.0809807256048333
1464104890.78454 -0.503056566478346    0.4370156097431 -0.904317718925648 -0.131747300965123 0.92526701798393 0.343659164415634 0.0917713072407638
1464104890.88773 -0.477639805159575  0.444533404788942 -0.938097427355242 -0.127919695844742 0.928687874806769 0.331192988769771 0.107175495294505
1464104890.98694 -0.459720923833413  0.451521920874857 -0.972458408362552 -0.124598515305067 0.931137471904547 0.321599381589574 0.118456980208792
1464104891.08449 -0.430738452723442  0.450212293370033  -1.00496404715901 -0.113567287411641 0.935747186693223 0.307816361787912 0.129339712545428
1464104891.18454 -0.407929079586859  0.450501152724188  -1.03401054189188 -0.110454474816043 0.937462870478522 0.296224604379648 0.145650812656171
1464104891.28446 -0.385280565775062  0.452081300197075  -1.06201600487355 -0.104049814644823 0.939436844954718 0.28247303849236 0.163832331787094
1464104891.38451 -0.368058067892307  0.455715611612217   -1.0887419780121 -0.0992128432025041 0.94112679434926 0.268657666944418 0.179611321173092
1464104891.51783 -0.333220383643192  0.461242609955399  -1.12820671580642 -0.0846221490588322 0.940444023517672 0.255757887111934 0.207345204185185
1464104891.65313 -0.301885830801623  0.462934510445904  -1.16411730549415 -0.0668551983236041 0.940314084235063 0.239126385370855 0.232719524891566
1464104891.81975 -0.262411558141524   0.46227136226696  -1.20219800917699 -0.0587910044144407 0.935200663200174 0.224975475997343 0.26707559332456
1464104891.98648 -0.217547216245759  0.464940370572692  -1.22972058822906 -0.0472364393256971 0.926023971174323 0.221979331722625 0.301618135890968
1464104892.18433 -0.156238104105873  0.477150355579876  -1.25543922720321 -0.0341642978029753 0.918644357831431 0.21590882854574 0.329102905389962
1464104892.38523 -0.0851151900091214   0.491695625437537    -1.2854938364159 -0.0249143937935951 0.913413337696507 0.212306534820368 0.34638314446952
1464104892.61759 -0.00829548408765235    0.496930971564671    -1.31861039699444 -0.00838647077274161 0.906781159253876 0.207940254588608 0.366658488040027
1464104892.85102 0.0555702919448904  0.514331956586319  -1.35800967322817 -0.00294811319126615 0.892636836937084 0.209778635626568 0.398978332752826
1464104893.05094 0.104535753410192 0.534961707076362 -1.40777974720885 0.00696782729536427 0.883936346406152 0.201462500909478 0.421925165891091
1464104893.2176 0.143098378634716 0.547556269012279 -1.45340674963725 0.0158797459664037 0.871805326568454 0.190049008316641 0.45120359115678
1464104893.38415 0.181453284101515 0.559613682881953 -1.49248470793438 0.017817927045253 0.852514438518664 0.18281703510432 0.489366514249476
1464104893.55097 0.213544252671423 0.574563709575357  -1.5280465851676 0.0161989934882157 0.833166454788357 0.180480666062082 0.522492086450269
1464104893.71757 0.243701892170958 0.596136187594807 -1.56760993268029 0.0198054995132457 0.820311209720291 0.174397504492702 0.544318630788054
1464104893.88407 0.279444898488221 0.623021830362417 -1.61678085587663 0.0172226914400075 0.805894415931034 0.163350290813181 0.568818294151998
1464104894.01756 0.306923227301094  0.63894011794719 -1.65563147105724 0.0159146455767239 0.793419810209025 0.16163249936348 0.586606055179758
1464104894.18415 0.332442778879934 0.653612565928604 -1.70456515785256 0.0258860781444143 0.782707066366019 0.166570647017982 0.599127514616891
1464104894.35085 0.351552955530652  0.66813859488163 -1.75173458375441 0.0390034371407619 0.766129419467924 0.163071370611378 0.620429023018649
1464104894.48772 0.355932547717495 0.682736759210047 -1.78975049001163 0.0463561623466221 0.748301133852169 0.153334328375774 0.643727506814492
1464104894.61747 0.355076702748064 0.701666836521225 -1.83307574158494 0.0471343318903224 0.724894280936718 0.145147817972941 0.671743066328329
1464104894.75079 0.354835030611613 0.711961325555915 -1.87284036061568 0.0517804512557625 0.702652799584681 0.137999790996095 0.696099048834715
1464104894.91881 0.360381103207608 0.728917238932859 -1.92636441456045 0.0641848232889562 0.684837747158093 0.137658401700713 0.712690488899633
1464104895.05067 0.368966937962478 0.744516137409787 -1.96272661391662 0.0752003164168656 0.668831897108358 0.131343787077631 0.727844499475914
1464104895.21732 0.388453343251465 0.766102506072617 -2.00136711094694 0.0891123250599304 0.644258053291653 0.121603940168029 0.749801997881356
1464104895.3839 0.407258032520224 0.785313652880152 -2.03555106447732 0.0946164383972336 0.614111557390772 0.104975115719303 0.776463102628723
1464104895.58398 0.432462812950389 0.795781511468086 -2.07085526675193 0.0960956564055644 0.583200378290399 0.110011832474733 0.799087191924305
1464104895.81722  0.45922344936672 0.810527928660156 -2.10210330554047 0.106870034572442 0.549013777624672 0.119977184699852 0.820224446624379
1464104895.98392 0.484497737279174  0.82245359120615 -2.11857299445379 0.108386449035673 0.516362472821715 0.114691517823528 0.841705429509764
1464104896.15283 0.507391243669371 0.831374886294103  -2.1349370019045 0.116065787655374 0.482809294415299 0.10038857887121 0.862175186023326
1464104896.3198 0.534275250290006 0.839048459943713  -2.1494597817919 0.10882211658574 0.450834223648636 0.0963787581789623 0.880691424223497
1464104896.55061 0.574221728454255 0.842526356735449 -2.14472825503511 0.107643538891018 0.412527281674181 0.0907310952207011 0.900001099315763
1464104896.75056 0.612912143197349 0.846464831578398 -2.11745086520216 0.104881316855126 0.378248612002124 0.0791034155096131 0.916335389771624
1464104897.01781 0.664684120103336 0.833000063146342 -2.07649663325058 0.114222365264888 0.34407046727952 0.0738969251241829 0.929036064572597
1464104897.31715 0.718685525392833 0.820373738903776  -2.0293584052326 0.108897468088683 0.30882005601014 0.0699979774510916 0.942269493087049
1464104897.58385 0.771103975666543 0.813162538921286 -1.98180308194257 0.113512857830168 0.273024437175767 0.0668981965591724 0.95294129887901
1464104897.81705 0.822178829190025 0.813331497156658 -1.94206491335619 0.102040879851343 0.232525005739312 0.0532235359281891 0.965757234385742
1464104898.21792  0.85162887153893 0.817091117969292 -1.90198253737786 0.0808661291014622 0.200876136835419 0.042732888211181 0.97533755545419
1464104898.5529 0.825693054632666  0.83775539459324 -1.91085534202579 0.0721153486453103 0.161676566257865 0.0465160014716959 0.983105450101827
1464104898.85028 0.782583083275923 0.842753771385228 -1.92130258365404 0.0688616976052611 0.11872372612198 0.0351192377131397 0.989913825846009
1464104899.21704 0.722970564835601  0.84520734529984 -1.93179349751258 0.0670707735268378 0.0926797399813486 0.0260355189770369 0.993093212587367
1464104899.55018  0.64350621805027 0.838854958347917 -1.94224713581718 0.0731272984325974 0.0914835760725699 0.0251981298407929 0.992798170720238
1464104899.78347  0.57628239311693 0.830631369139493 -1.94799472558918 0.0813135078021274 0.0935843351862172 0.0293451990770253 0.99185127158652
1464104900.05011 0.498257493894887 0.817041247263818 -1.94755630773526 0.0852868399095099 0.0945623204621167 0.0370849247178148 0.991165390258227
1464104900.31945 0.442352043941128 0.803766798826393 -1.92564538100154 0.0858792981338892 0.0792974288116637 0.0335385692445195 0.992578373887382
1464104900.55066  0.40687980706775 0.783188383740662 -1.88113264227298 0.0836090593787502 0.0795776559487016 0.0394089253827153 0.992534059095047
1464104900.7168 0.381871036880305 0.754930842244341 -1.84130579962213 0.0873337025618792 0.0797438501902154 0.0417635082692899 0.992103599494889
1464104900.91667 0.345177340166057 0.726164699194057  -1.7977998367261 0.0936728727520242 0.0814724252080274 0.0328593209275369 0.991719668993858
1464104901.08325 0.303568210631779 0.703818526552153 -1.75290293400342 0.0988388232240383 0.0884583836441717 0.0278572559804806 0.990772413158534
1464104901.24994 0.256351891119688 0.677892313284336 -1.70427214503315 0.101311900700483 0.101559358587662 0.0292741111932746 0.989224252570448
1464104901.41666 0.206393324960827      0.6499057412 -1.65493025337061 0.0935227268878761 0.113925709089574 0.0365243548952358 0.988402956219466
1464104901.5832 0.161892281937112 0.626349465296876 -1.60091099491155 0.0880377806223755 0.116036598673624 0.0401463609793464 0.988520675884657
1464104901.78324 0.109824646206014 0.599832728696674 -1.52117431581182 0.091124152655737 0.105985932375272 0.0357264036185919 0.989538778939865
1464104901.98556 0.0640024317032853  0.557980367507063  -1.42797227961384 0.0990557807730172 0.0953919787408935 0.037348062581174 0.989794647848117
1464104902.18326 0.025277869840823  0.51316123346475 -1.33942727509246 0.0866527511164923 0.0788126799056291 0.0354167725551321 0.992484515965773
1464104902.45125 -0.0358668170131816    0.45800453649066   -1.20041656977988 0.0880368862701081 0.071214258191724 0.0307526107975467 0.993092298336464
1464104902.71745 -0.0887784248368181   0.390222613351331   -1.04767174122864 0.0815961997248749 0.080223340841504 0.0355047916778745 0.992796900449733
1464104902.98307 -0.120965860636413  0.321958208765411 -0.899556246548009 0.0806444804099601 0.0830742012919583 0.0387336945441547 0.992519443520413
1464104903.21634 -0.133977982687248  0.262603652578256 -0.754599477252393 0.0983795823777397 0.087489489899794 0.0373447423347377 0.990591952898976
1464104903.48311  -0.15173200642235  0.179779261455145 -0.603588699250491 0.0917681944484153 0.0768661625767175 0.0391746287100214 0.992036057814352
1464104903.71641 -0.168854974408846  0.116205394829981  -0.46523692010492 0.103866573532659 0.0832518535868704 0.0278230714500841 0.99071022023194
1464104903.91646 -0.180123343077211  0.057396355754136 -0.345500038873175 0.103203067417753 0.0932243665645961 0.0429398572421806 0.989350551126454
1464104904.11637  -0.179020474250982 0.00047455468818011  -0.241174647671825 0.0896973874112344 0.0988868372294336 0.0575967906794392 0.989372721383497
1464104904.31999 -0.176408731155721 -0.044353050630662 -0.130292644352502 0.0888269651086116 0.0913100657941913 0.042642274502789 0.990935859972523
1464104904.44968  -0.167956205851715 -0.0725775709480488 -0.0604107423062869 0.100976697369212 0.080149771015153 0.0351131198741917 0.991033192989683
1464104904.58301  -0.15788753880944 -0.103590664197042 0.0018604541569601 0.0931371954605755 0.0673830795339399 0.0380828498234443 0.992640257073823
1464104904.71628 -0.142381404405878   -0.1395735825036   0.05061845899668 0.10216161452364 0.0655944392545789 0.0387004263003569 0.991848098783766
1464104904.84957 -0.123221042453924 -0.167070067779777 0.0966713396137683 0.0849890233935087 0.0552589405169246 0.0345309557715277 0.994248926823192
1464104904.98286 -0.0968496792980564  -0.189551763882137   0.141556900175826 0.0784633570780418 0.0542427727880973 0.0365258963328168 0.994769863884802
1464104905.24953 -0.0244670942507655  -0.215066732370812   0.218771278261053 0.0874955563564278 0.0550355699276474 0.0331598701861064 0.994090557580072
1464104905.38279   0.01818090892172 -0.221077471842178  0.246151923042599 0.0834719815822212 0.0575827029439298 0.0400261434704371 0.994039520568117
1464104905.51704 0.0649829087433446 -0.223759600094606  0.263370912128814 0.0790738423612686 0.0677618977629655 0.0478041524095538 0.993413516959675
1464104905.65206  0.113178258808738 -0.222886611456584  0.272077538877683 0.0803100554986147 0.0763281874885553 0.0555140987175675 0.992291533584812
1464104905.78438  0.158723660387922 -0.217606351340009  0.270287578616087 0.091551480868837 0.0708995147412576 0.0553117979102412 0.991731914466865
1464104905.91668  0.200066983147657 -0.202768677065236  0.261958138416861 0.0810809900176168 0.0616393979962796 0.0460451326006336 0.993733517315487
1464104906.08287  0.243569847513122 -0.183260379203376  0.244961336147367 0.071814491336276 0.0568362958042131 0.0478525862747383 0.994646894279667
1464104906.24944   0.27796243128284 -0.160459700109689  0.223789035969672 0.0604368687856622 0.0667961321397047 0.0572165358136653 0.994289660839357
1464104906.41608  0.300416277848442 -0.135799409979914  0.196213920780334 0.0528430627132915 0.0811813452198647 0.058991834611698 0.993547766018584
1464104906.71615   0.312102583336477 -0.0790929568053587   0.123906648558526 0.0348263148516949 0.10926935921497 0.0629802329879286 0.991403462362013
1464104906.88321   0.306550905043906 -0.0496853560021995   0.082370506713343 0.0206696988873687 0.112399240059217 0.0675523446231364 0.991148755292531
1464104907.11636    0.28985769905656 -0.0182917644626961  0.0324194777721038 0.0227399092843648 0.116303573713278 0.0612639860457797 0.991061602162571
1464104907.31632   0.271310421989353 0.00905954417011983 -0.0075036530522145 0.0238798868196022 0.120066356124175 0.0622947439698342 0.990521673668113
1464104907.51598   0.241739236036213  0.0360082022218423 -0.0498389821572374 0.0163873632109076 0.114205567730243 0.0586221079296418 0.99159063684985
1464104907.74927  0.198303949008338 0.0551467313356105 -0.088944759525896 0.000909966424386369 0.10783654515873 0.0560762624968347 0.992585464468285
1464104907.98405   0.141497485465628  0.0610188213654686 -0.0985552831327568 0.00617021050534716 0.107315913841213 0.0483703865944552 0.993028463257448
1464104908.18256  0.0833576425940449  0.0558533241217026 -0.0851268933811797 0.00505916060019442 0.109481444086189 0.0515620511579662 0.992637684744644
1464104908.38255  0.0311526352300877  0.0408271006058571 -0.0645102846574691 0.00543406704420768 0.1167667997132 0.0615438585285535 0.991235763518203
1464104908.61576 -0.0153857421859601   0.017369601741882 -0.0308887369755693 0.0141870446380287 0.108559441258085 0.0540856810561151 0.9925161533108
1464104908.91574 -0.0355159817058479 -0.0121228718611675  0.0400271025535486 0.0183849864838077 0.100301610550996 0.0455275829892479 0.993744845712431
1464104909.14914 -0.0212041332713847 -0.0442816911011172   0.108595054807883 0.0189810932344688 0.100393042271654 0.0516573401853845 0.993424619368796
1464104909.34909 -0.00107355973785806  -0.0649470777771011    0.164803375948548 0.0135364817292043 0.106454756532146 0.046183355784791 0.993152176719425
1464104909.51565  0.0221348302133741 -0.0787865759028985   0.209945040326849 0.0103860124577662 0.117701326253159 0.054883300359607 0.991476853933117
1464104909.68335  0.0484271218549306 -0.0899502021274806   0.257533247704896 0.00933504202454153 0.130882788934198 0.0551307930187487 0.989819755416273
1464104909.81556  0.0711618951322002 -0.0992859922604337   0.299556864394537 0.0121326149597574 0.139970415301449 0.0583610877132605 0.988359785672962
1464104909.94992 0.0929856922010103 -0.108142434389832  0.342497330280782 0.00924931658786874 0.142855650091769 0.055168301570969 0.9881615110301
1464104910.08239   0.11386512582063 -0.116598844762993  0.383231518734398 0.00158222367454504 0.143734702946601 0.0474511533707131 0.988476716863319
1464104910.21547  0.13199568838348  -0.1252441528846 0.420187592861924 0.00224033600698433 0.144156509224114 0.041164060797053 0.98869580854861
1464104910.34896  0.148122413598491 -0.129122078129247  0.447479734649816 -0.00681616500230837 0.143644636459919 0.0376005403897169 0.988891276973035
1464104910.91546   0.15353887259357 -0.117288942007755  0.414702504905426 -0.00912046292929623 0.162317244931037 0.0681511648060157 0.984340057037981
1464104911.04894  0.140184762806809 -0.107760729036469  0.379475086570538 -0.00637163976682331 0.155769945809393 0.0671446668827443 0.985488061773671
1464104911.18228   0.125901367776428 -0.0948784613840686   0.336256967574867 -0.00776098678050717 0.150149981877713 0.0623090433947684 0.986667285936624
1464104911.3183   0.109560320760137 -0.0791457136868938   0.287643782704104 -0.0100215093559134 0.13839332161892 0.0552398965030179 0.988784815678238
1464104911.44876  0.0925552924844712 -0.0642317183323002   0.236942882181526 -0.0152275255970112 0.130086640323233 0.0588381722339777 0.98963814496096
1464104911.58221  0.0708811084615998 -0.0521685682701139     0.1885693869264 -0.017670829653955 0.117892870467336 0.0613584643755438 0.990971317305293
1464104911.74882  0.0403425149961656 -0.0398179513832723   0.130636225511515 -0.00711096199579244 0.109427436987938 0.0630662281235396 0.991966592745953
1464104911.91546 0.00707482091135178 -0.0302674411304438   0.071022056317437 -0.00189291324720202 0.10887971091065 0.0657423436176524 0.991876791586087
1464104912.08206 -0.0270548137649024 -0.0249339714829962 0.00603530244245959 0.00663213635345041 0.114689819676078 0.0712351474324728 0.990821787104186
1464104912.2491 -0.0662127327163168  -0.028099372461951  -0.062760009115074 0.0132376398650477 0.114903647298894 0.0748809622487119 0.990461891352172
1464104912.44901  -0.108977530420623 -0.0424600226139842  -0.131659414510199 0.0205336730435988 0.0984777311314037 0.0840100744372356 0.991374203888522
1464104912.65092 -0.137266489599312 -0.066147922227141 -0.180895053731708 0.0462580339529116 0.0808437554173934 0.0604002647663879 0.993819042643566
1464104912.88235  -0.147274001508048 -0.0981761936805589  -0.222501934360706 0.0902101496753752 0.0657023068495752 0.0469634392926184 0.992642821532498
1464104913.21522 -0.117175077619745 -0.130452952872533 -0.269466393520834 0.102858149767224 0.0878248784014855 0.078887481954989 0.987665812383434
1464104913.41535 -0.0827288459077751   -0.12999143375906  -0.279695801664768 0.102173683513139 0.100179567255537 0.123336455384879 0.981994252261664
1464104913.58238 -0.0463422740127157  -0.119456080099378  -0.276564267580203 0.0982815159365946 0.136462971570915 0.138353107979719 0.976000521786537
1464104913.78196 -0.00518561186475332   -0.102462295231347   -0.258240785827056 0.0943762457955725 0.170037265740621 0.142609120860445 0.97048600769738
1464104914.11523  0.0396004261388866 -0.0678131137493399  -0.196826898775913 0.0807560143936595 0.192848216276218 0.130533790998108 0.969148575310305
1464104914.41817   0.067538970650437 -0.0309912511023432  -0.126593736966241 0.0600162054741738 0.21753380280924 0.107975368591655 0.968203707642833
1464104915.04846 0.0829534572848397 0.0218309269635839 0.0410484344596707 0.00919264889981293 0.218180284663405 0.0632509750158421 0.973813212453983
1464104915.31712  0.0770846852350097 0.00817723002408209   0.119102764280623 0.00418070389517263 0.205073866248517 0.0573990653755192 0.977053006950413
1464104915.54838   0.056517327272332 -0.0122829374406949   0.170621034812628 -0.00659178390043926 0.181923860903805 0.0502535301492432 0.982005519295285
1464104915.74833  0.0322435338697044 -0.0341472740292602   0.215329934252131 -0.0102921153607061 0.165878729605467 0.0575702198134169 0.984410478010323
1464104915.91501   0.015709170503645 -0.0593259482002059   0.259384013444228 -0.00826634040181244 0.166182041112009 0.0646891483329149 0.983936233155467
1464104916.04838 0.00708316208485854 -0.0850397686444168   0.297327742577005 -0.00629427114304331 0.170219548669553 0.075162110345167 0.982515315183419
1464104916.18183 0.00255953506358092  -0.113107989502568   0.334417502324389 0.0056975060847672 0.165864786328073 0.0743690908808865 0.983323776485806
1464104916.28164 0.00609421915161214  -0.131539160458043    0.35955201026437 0.0166366275549657 0.172396874621075 0.0801920004622191 0.981616922891181
1464104916.41491 0.0179143098558767 -0.147423066235293   0.39088726123189 0.0221639617800349 0.17308338429515 0.0711556731104407 0.982083382948388
1464104916.54837 0.0384294752909581 -0.150178555490126   0.42182632218483 0.00801490166063683 0.182304921886166 0.0657089872052723 0.98101121594399
1464104916.68164 0.0613781322955592  -0.14581494493849  0.453641506587345 -0.0161104439050524 0.182644809136854 0.0602444979248772 0.981199229393462
1464104916.88158  0.102235340532323 -0.149636457682245  0.494061779519777 -0.0254119089804882 0.187108808760821 0.0665466836000027 0.979753064536118
1464104916.98414  0.122090291147559 -0.158857788526155  0.510058962392367 -0.0278397904735685 0.185570914487898 0.0715866913072976 0.979624278685551
1464104917.08144  0.142817177012095 -0.172281648713798    0.5223804273018 -0.028033207253709 0.188094619129136 0.0802287034399058 0.978467121925968
1464104917.18154  0.164250022110583 -0.186878879255992  0.531546609247923 -0.0272054399181586 0.191507608253333 0.0908707359569683 0.976896724002382
1464104917.31484  0.191182909763315 -0.210845913737613  0.537358580781875 -0.0144470248765031 0.199632290044807 0.0934477792357297 0.975297772374978
1464104917.44812  0.215888462544785 -0.234170768380142  0.533952390124516 -0.00389110990767423 0.212212908711851 0.102035984396509 0.971874065158638
1464104917.58155  0.234951799920211 -0.255876551700034  0.522071036488206 0.00349246033128884 0.225136616888283 0.104048752097818 0.968749278009444
1464104917.81986  0.237464814900322 -0.289167407570822  0.486924953132356 0.00676723431566506 0.225629601968637 0.0936100292009235 0.969681725974143
1464104917.98356   0.22054460640814 -0.304628960157607  0.453228771058544 0.0292419470478023 0.207428176860473 0.0891176825308166 0.973743548701367
1464104918.15358  0.196941085847448 -0.302580545322045  0.410785045631669 0.039125025490021 0.192427982936443 0.0814231218106766 0.977144297940699
1464104918.32426  0.169163883957415 -0.287018408647732  0.372612149947267 0.037263130578583 0.172137669557422 0.0838869230797772 0.980786962573948
1464104918.51459  0.133455629351188 -0.260539354750894  0.329874904998101 0.0313632118641714 0.146189665712299 0.0924006773327621 0.984432346791254
1464104918.68135  0.104727885676479 -0.236348647535266  0.289978616326649 0.0352057975787582 0.123502492413586 0.0867367910519149 0.987919235192074
1464104918.81537 0.0844252231492271  -0.21268871994783  0.255510150142836 0.0407255905444128 0.0987380746371408 0.0761352972996771 0.991360497194058
