1464884828.9774019718 0 0 0 -0 -0 -0 1
1464884829.7211556435 0.00556296 -0.0430753 -0.0324558 0.0212525 0.0179186 -0.0421629 0.998724
1464884831.2555289268 0.00664779 -0.0670344 -0.0606086 0.0794308 0.00395739 -0.0347089 0.996228
1464884831.9028189182 -0.0383839 -0.0897516 -0.040886 0.105576 -0.000163835 -0.0200307 0.994209
1464884832.2279534340 -0.0929521 -0.0798628 -0.0306285 0.107027 -0.0258268 -0.031701 0.993415
1464884832.7408988476 -0.110136 -0.0472345 -0.0427005 0.0550904 -0.0270425 -0.0365563 0.997445
1464884832.9257607460 -0.128781 -0.020586 -0.0476179 0.0267504 -0.0731071 -0.0349884 0.996351
1464884833.2059652805 -0.150811 0.0246094 -0.0419526 0.015598 -0.102645 -0.0193961 0.994407
1464884833.6219792366 -0.13801 0.0790257 -0.0142175 0.0320431 -0.0833986 0.0238639 0.995715
1464884833.9021334648 -0.0961532 0.10872 0.00130747 0.02537 -0.0673033 0.0434469 0.996463
1464884834.1789448261 -0.0258593 0.114988 -0.0166759 0.0398658 -0.0633582 0.0510401 0.995887
1464884834.4110367298 0.0490086 0.115788 -0.0426924 0.0546725 -0.0712281 0.0613444 0.99407
1464884834.6023545265 0.106546 0.126794 -0.0656645 0.0372763 -0.076792 0.0376397 0.995639
1464884834.9696118832 0.18485 0.109021 -0.11079 0.0523774 -0.101269 0.0365264 0.992808
1464884835.2470285892 0.222686 0.0738036 -0.129952 0.058324 -0.0733509 0.0322554 0.995077
1464884835.6187396049 0.224045 0.0221225 -0.122994 0.0769449 -0.0476779 0.0370922 0.995204
1464884835.9001333714 0.185751 -0.0251246 -0.101302 0.109807 -0.0224449 0.037669 0.992985
1464884836.1767830849 0.123717 -0.0647618 -0.0721933 0.0913498 0.016384 0.0646736 0.993581
1464884836.4089822769 0.0483133 -0.100154 -0.045609 0.0970349 0.0452001 0.0774092 0.991236
1464884836.6409561634 -0.0226973 -0.126782 -0.0283971 0.100962 0.0655377 0.0776954 0.989684
1464884836.9659037590 -0.101317 -0.12973 -0.00649182 0.108472 0.0744552 0.0683918 0.988945
1464884837.2445678711 -0.146165 -0.084423 0.00578019 0.0935601 0.0678814 0.0603912 0.991459
1464884837.4326112270 -0.163453 -0.046256 0.00869145 0.0750066 0.0440209 0.0359215 0.995563
1464884837.6189913750 -0.16555 -0.00504132 0.00798547 0.0581759 0.0197732 0.00670789 0.998088
1464884837.8051393032 -0.152421 0.0380241 0.00378696 0.0291252 -0.00232231 -0.0203877 0.999365
1464884837.9876949787 -0.126126 0.076944 -0.00506976 0.0164838 -0.0309948 -0.0505921 0.998102
1464884838.1735014915 -0.0824974 0.10972 -0.0169457 0.0103746 -0.0570403 -0.0762694 0.9954
1464884838.4088335037 -0.0120054 0.138313 -0.0285818 0.0130829 -0.0773742 -0.0920805 0.992655
1464884838.5918812752 0.0478278 0.15384 -0.0314586 0.00730644 -0.086114 -0.0906512 0.992126
1464884838.8705198765 0.122556 0.155431 -0.0336247 -0.00805473 -0.101344 -0.0650172 0.992692
1464884839.1032707691 0.163358 0.127198 -0.032418 -0.0240485 -0.0819395 -0.032461 0.995818
1464884839.2882757187 0.18012 0.0869868 -0.0319464 -0.00564004 -0.0686325 -0.0187768 0.997449
1464884839.4766938686 0.189152 0.0415415 -0.0357086 0.00559854 -0.0422638 0.00325644 0.999085
1464884839.7091512680 0.186947 -0.0197188 -0.0478151 0.0183177 -0.0191939 0.0184273 0.999478
1464884839.9849293232 0.153122 -0.0899828 -0.063699 0.0279171 -0.00302094 0.0198824 0.999408
1464884840.2172849178 0.102108 -0.145109 -0.0791849 0.0443968 0.0206994 0.0361426 0.998145
1464884840.4496026039 0.0346455 -0.18188 -0.0907957 0.0570426 0.053843 0.0482358 0.995751
1464884840.6820845604 -0.0436089 -0.202458 -0.0863944 0.0736326 0.072191 0.079698 0.991471
1464884840.9140527248 -0.118851 -0.206595 -0.0685794 0.0920914 0.0824586 0.111927 0.985998
1464884841.1925992966 -0.191188 -0.185652 -0.0439734 0.109737 0.0740695 0.108379 0.985254
1464884841.3788313866 -0.227643 -0.149071 -0.0258097 0.0944938 0.0422517 0.0741167 0.991863
1464884841.5674366951 -0.251074 -0.104676 -0.00643091 0.0848242 0.0202815 0.036109 0.995535
1464884841.7501592636 -0.267419 -0.0557234 0.0101863 0.0750418 -0.00201675 0.00319762 0.997173
1464884841.9359200001 -0.275714 -0.0081946 0.0214725 0.068255 -0.0315789 -0.0288049 0.996752
1464884842.1219530106 -0.269085 0.0413979 0.0303167 0.0540503 -0.0480808 -0.0447932 0.996374
1464884842.3075056076 -0.248575 0.0925229 0.0369836 0.034539 -0.060243 -0.0628658 0.995603
1464884842.4951310158 -0.216098 0.139307 0.0357754 0.0110999 -0.062549 -0.0759699 0.995084
1464884842.6790213585 -0.172763 0.167471 0.0267534 -0.00142404 -0.0703056 -0.0742615 0.994756
1464884842.8649377823 -0.1138 0.180497 0.0164145 -0.0139195 -0.0664142 -0.0665417 0.995474
1464884843.0507311821 -0.0434241 0.179092 0.0079378 -0.0149496 -0.0512909 -0.0555147 0.997028
1464884843.2365086079 0.0260165 0.173297 0.00143296 -0.0169696 -0.0300652 -0.0478127 0.99826
1464884843.4269642830 0.0870459 0.160476 -0.00397403 -0.0191538 -0.0141218 -0.0346887 0.999115
1464884843.6080038548 0.132132 0.131979 -0.0112543 -0.0176526 0.00898686 -0.0140368 0.999705
1464884843.7939777374 0.156849 0.0922207 -0.0173996 0.00192755 0.0293151 0.0151253 0.999454
1464884843.9800488949 0.161738 0.0459684 -0.0245713 0.0354079 0.0486921 0.0489038 0.996987
1464884844.2118694782 0.145151 -0.00327987 -0.0324537 0.0618468 0.0528144 0.0682263 0.994349
1464884844.4445991516 0.105801 -0.0512164 -0.036759 0.0829832 0.0459097 0.0598386 0.993693
1464884844.6325674057 0.0565708 -0.0981268 -0.0411281 0.11349 0.0303108 0.05089 0.991772
1464884844.8182609081 -0.00277784 -0.13504 -0.0411748 0.129442 0.011375 0.0430126 0.990588
1464884845.0019934177 -0.0669265 -0.151556 -0.035516 0.128664 -0.00839649 0.0364741 0.990982
1464884845.2338750362 -0.135274 -0.145814 -0.022353 0.114884 -0.0232851 0.026164 0.992761
1464884845.5146427155 -0.189795 -0.111954 -0.0112676 0.0881573 -0.0290011 0.0168244 0.995542
1464884845.6982860565 -0.203536 -0.0690806 -0.0109249 0.0480978 -0.029203 0.0151276 0.998301
1464884845.8841104507 -0.199407 -0.0220858 -0.0282182 0.0312581 -0.0157203 0.00564709 0.999372
1464884846.1163864136 -0.185968 0.0361476 -0.0888121 0.0322662 -0.0189364 -0.0108965 0.99924
1464884846.3022899628 -0.165105 0.0916845 -0.159243 0.033661 -0.0233487 -0.0163724 0.999026
1464884846.4888980389 -0.144269 0.147061 -0.243315 0.0379226 -0.0289873 -0.0212171 0.998635
1464884846.7201614380 -0.128191 0.204431 -0.348871 0.03648 -0.0463212 -0.0139941 0.998162
1464884847.1381957531 -0.0987693 0.245919 -0.440606 0.0187984 -0.0402148 -0.002492 0.999011
1464884847.6031422615 -0.098098 0.203377 -0.339393 0.0295388 -0.0551722 0.0125793 0.997961
1464884847.8352546692 -0.106427 0.150882 -0.235224 0.0284296 -0.0544456 0.0127632 0.99803
1464884848.0238947868 -0.114163 0.0985438 -0.141756 0.0244736 -0.0524638 0.00959309 0.998277
1464884848.2075412273 -0.111853 0.0487534 -0.0544371 0.0285976 -0.0357652 0.0140934 0.998852
1464884848.3923723698 -0.108836 0.0101783 0.0170494 0.0267105 -0.0284724 0.0100147 0.999187
1464884848.8585715294 -0.0815625 -0.0102705 0.0721772 -0.00178843 -0.0158679 0.012721 0.999792
1464884849.0891973972 -0.0381579 0.00342266 0.0669563 -0.0196234 -0.00500651 0.0206402 0.999582
1464884849.2752277851 0.018436 0.0272453 0.0591346 -0.0335873 -0.000438387 0.0283094 0.999035
1464884849.4631414413 0.0945671 0.0566397 0.0524993 -0.044314 0.00176209 0.033791 0.998444
1464884849.6465306282 0.178022 0.0821614 0.0481408 -0.0576124 -0.0185862 0.0443969 0.997178
1464884849.8323278427 0.256564 0.100359 0.0489532 -0.0673494 -0.0315324 0.0357226 0.996591
1464884850.0181047916 0.329021 0.12139 0.0600828 -0.0999759 -0.051577 0.0290797 0.993227
1464884850.2039456367 0.413506 0.139088 0.0897407 -0.110045 -0.0571645 0.0274909 0.991901
1464884850.3923268318 0.514664 0.15247 0.139196 -0.109835 -0.0627495 0.0129691 0.991882
1464884850.5753662586 0.62566 0.144075 0.178508 -0.106592 -0.0590016 -0.00233059 0.992548
1464884850.7614817619 0.722673 0.127711 0.209955 -0.10199 -0.0689611 -0.0100184 0.992342
1464884850.9471802711 0.821563 0.124121 0.250937 -0.0910106 -0.076446 -0.00731879 0.992884
1464884851.1329557896 0.932268 0.127307 0.288241 -0.0773751 -0.097204 -0.0208651 0.992033
1464884851.3211495876 1.04387 0.118553 0.303274 -0.0768027 -0.127533 -0.0529579 0.987437
1464884851.5045068264 1.13148 0.104495 0.32421 -0.0751473 -0.146447 -0.0745808 0.983536
1464884851.6910486221 1.20463 0.0975634 0.371523 -0.0692912 -0.167182 -0.0910231 0.979267
1464884851.8760941029 1.27626 0.0877993 0.443548 -0.0658 -0.187268 -0.11731 0.973057
1464884852.0618526936 1.33424 0.0563025 0.500718 -0.0560808 -0.227024 -0.154258 0.959958
1464884852.2541303635 1.37645 0.0249821 0.544358 -0.052783 -0.256921 -0.188483 0.946403
1464884852.4335341454 1.40552 0.00151153 0.592219 -0.0493133 -0.288683 -0.214205 0.931851
1464884852.6212918758 1.43707 -0.0287801 0.660591 -0.0438454 -0.310934 -0.23868 0.918928
1464884852.8051524162 1.45876 -0.0836614 0.738415 -0.0264609 -0.346359 -0.266367 0.899101
1464884852.9916901588 1.4703 -0.155462 0.8 0.000712399 -0.374202 -0.291881 0.880215
1464884853.1791679859 1.45838 -0.218588 0.869364 0.0165808 -0.387572 -0.295896 0.872902
1464884853.3626220226 1.42223 -0.28545 0.955861 0.039946 -0.390071 -0.294403 0.871537
1464884853.5488774776 1.36565 -0.352249 1.04149 0.0451896 -0.393309 -0.30102 0.867556
1464884853.7355027199 1.30031 -0.428164 1.10441 0.050857 -0.396993 -0.288141 0.869934
1464884853.9201638699 1.23286 -0.505695 1.17044 0.0748828 -0.381231 -0.270829 0.880743
1464884854.1098999977 1.15325 -0.57475 1.24212 0.0806239 -0.377419 -0.266251 0.88327
1464884854.2915792465 1.0529 -0.652589 1.30149 0.0687394 -0.387482 -0.254565 0.883362
1464884854.4772558212 0.957851 -0.737412 1.34269 0.0649085 -0.402361 -0.252261 0.877643
1464884854.6631863117 0.857735 -0.799586 1.38487 0.0384048 -0.411687 -0.266924 0.870512
1464884854.8510341644 0.741827 -0.84466 1.43621 -0.00734701 -0.401135 -0.28755 0.869685
1464884855.0389678478 0.62581 -0.900774 1.47608 -0.0334936 -0.395401 -0.294516 0.869366
1464884855.2204992771 0.521866 -0.961326 1.5053 -0.0533404 -0.397615 -0.284957 0.870549
1464884855.4085440636 0.423906 -1.01058 1.53857 -0.0732682 -0.395231 -0.271606 0.874445
1464884855.5919647217 0.307972 -1.06568 1.57154 -0.0877656 -0.398122 -0.250127 0.878199
1464884855.7784116268 0.182735 -1.14834 1.60352 -0.0857312 -0.399687 -0.226922 0.883972
1464884855.9637255669 0.0800631 -1.22303 1.63597 -0.0924754 -0.38713 -0.224017 0.889604
1464884856.1497280598 -0.0328485 -1.28263 1.67878 -0.104943 -0.38151 -0.220504 0.891524
1464884856.3378105164 -0.167303 -1.35728 1.73696 -0.102715 -0.362042 -0.195736 0.905573
1464884856.5211014748 -0.290269 -1.44904 1.79635 -0.102125 -0.340454 -0.156387 0.921523
1464884856.7067813873 -0.391657 -1.5398 1.85708 -0.109608 -0.325869 -0.127868 0.930293
1464884856.8926537037 -0.490679 -1.61936 1.93311 -0.102993 -0.321508 -0.113037 0.934477
1464884857.0787966251 -0.589672 -1.70184 2.0192 -0.0922639 -0.316647 -0.105066 0.938181
1464884857.2644169331 -0.673607 -1.78189 2.09631 -0.0876655 -0.303633 -0.100407 0.943419
1464884857.4504177570 -0.752981 -1.8573 2.16178 -0.102071 -0.301825 -0.100147 0.942578
1464884857.6372745037 -0.830582 -1.92609 2.2525 -0.0993299 -0.287479 -0.0900481 0.948357
1464884857.8247301579 -0.902426 -2.00776 2.35856 -0.0932203 -0.255266 -0.0757328 0.959382
1464884858.0078697205 -0.94535 -2.09262 2.45232 -0.0970734 -0.228904 -0.0435056 0.967619
1464884858.1937918663 -0.963838 -2.1612 2.55492 -0.110515 -0.201561 -0.0190961 0.973034
1464884858.3792011738 -0.982048 -2.22021 2.67802 -0.129752 -0.185671 -0.00391301 0.974
1464884858.5654158592 -0.993363 -2.31314 2.80769 -0.13053 -0.17199 0.00331514 0.976407
1464884858.7566390038 -0.995617 -2.41667 2.91247 -0.123492 -0.158511 0.0197331 0.979405
1464884858.9363198280 -1.00752 -2.49529 3.02078 -0.137137 -0.158666 0.0248525 0.977446
1464884859.1223347187 -1.02815 -2.57494 3.15434 -0.132695 -0.147385 0.0311321 0.979643
1464884859.3083446026 -1.04975 -2.66291 3.27988 -0.128839 -0.129998 0.0298866 0.982653
1464884859.4938836098 -1.07908 -2.74139 3.37908 -0.142951 -0.136933 0.0238949 0.97992
1464884859.6826701164 -1.11862 -2.80268 3.47884 -0.144167 -0.148236 0.00607811 0.978369
1464884859.8653504848 -1.1879 -2.86128 3.57196 -0.144648 -0.184001 -0.0295757 0.971774
1464884860.0512104034 -1.27064 -2.92081 3.62 -0.140331 -0.235893 -0.0905194 0.957323
1464884860.2370548248 -1.362 -2.96614 3.63528 -0.140505 -0.285055 -0.15324 0.935692
1464884860.4230585098 -1.46621 -2.98893 3.66707 -0.132504 -0.330078 -0.203941 0.912085
1464884860.6086914539 -1.58086 -3.01366 3.69057 -0.104868 -0.361675 -0.254075 0.890865
1464884860.7945330143 -1.68477 -3.03278 3.67972 -0.111008 -0.407443 -0.295002 0.857112
1464884860.9802341461 -1.78436 -3.03932 3.66666 -0.109407 -0.44931 -0.334433 0.821161
1464884861.1670019627 -1.89567 -3.0323 3.65937 -0.113698 -0.486032 -0.372712 0.78226
1464884861.3521523476 -2.00289 -3.04418 3.63029 -0.103528 -0.524908 -0.414312 0.736274
1464884861.5378739834 -2.08345 -3.05118 3.5784 -0.102408 -0.553966 -0.454573 0.689926
1464884861.7261865139 -2.18038 -3.03532 3.53186 -0.0949687 -0.57703 -0.475613 0.657123
1464884861.9094524384 -2.30461 -3.00768 3.4816 -0.0808958 -0.589316 -0.489951 0.637268
1464884862.0951080322 -2.42648 -2.99895 3.40808 -0.0866927 -0.603261 -0.49052 0.622857
1464884862.2814750671 -2.53488 -2.99315 3.3501 -0.0940451 -0.610395 -0.494473 0.611612
1464884862.4693827629 -2.65959 -2.97214 3.30714 -0.093853 -0.620353 -0.497443 0.599086
1464884862.6554770470 -2.81328 -2.96853 3.26401 -0.0986062 -0.628943 -0.489559 0.595852
1464884862.8403787613 -2.95406 -2.98462 3.23111 -0.101947 -0.621587 -0.487151 0.604913
1464884863.0244159698 -3.09132 -2.99612 3.20251 -0.107412 -0.612525 -0.479177 0.619407
1464884863.2110226154 -3.24995 -2.99271 3.18677 -0.105068 -0.600243 -0.468232 0.639866
1464884863.3986711502 -3.4062 -3.01392 3.17011 -0.104921 -0.581249 -0.45213 0.668371
1464884863.5814321041 -3.5413 -3.05317 3.16496 -0.113667 -0.565728 -0.430762 0.693884
1464884863.7672917843 -3.67305 -3.08447 3.19844 -0.122118 -0.541387 -0.404403 0.726943
1464884863.9530553818 -3.82019 -3.1287 3.24858 -0.13282 -0.528323 -0.364554 0.755205
1464884864.1417992115 -3.95273 -3.20685 3.31601 -0.149604 -0.49309 -0.318128 0.795786
1464884864.3245592117 -4.05254 -3.28823 3.39173 -0.162156 -0.452325 -0.280709 0.830849
1464884864.5113766193 -4.14874 -3.35444 3.4914 -0.17145 -0.410621 -0.242386 0.862116
1464884864.6962630749 -4.24123 -3.43503 3.60683 -0.174311 -0.360952 -0.19758 0.89459
1464884864.8820250034 -4.30863 -3.53286 3.71033 -0.176008 -0.322284 -0.142114 0.919216
1464884865.0696935654 -4.34492 -3.61466 3.82169 -0.190649 -0.279467 -0.105046 0.935156
1464884865.2582931519 -4.37923 -3.69719 3.95052 -0.187225 -0.251915 -0.0738309 0.946591
1464884865.4400696754 -4.40905 -3.80974 4.07439 -0.171339 -0.23589 -0.047798 0.955361
1464884865.6254439354 -4.41631 -3.92157 4.1749 -0.159952 -0.21152 -0.0225467 0.963933
1464884865.8109717369 -4.4146 -4.0061 4.28348 -0.160301 -0.180224 0.0104785 0.970419
1464884865.9968225956 -4.42058 -4.07757 4.41342 -0.167397 -0.145794 0.034838 0.974427
1464884866.1854748726 -4.42954 -4.16502 4.53831 -0.164108 -0.111714 0.0503483 0.978802
1464884866.3683254719 -4.4406 -4.24489 4.63993 -0.17035 -0.0984994 0.0659424 0.978228
1464884866.5561420918 -4.4565 -4.31465 4.7405 -0.166071 -0.0851782 0.0774372 0.979371
1464884866.7417516708 -4.48563 -4.39559 4.84868 -0.157733 -0.0929156 0.0872922 0.979218
1464884866.9267489910 -4.51209 -4.47553 4.94312 -0.163853 -0.0958602 0.0840518 0.978212
1464884867.1137588024 -4.54612 -4.54894 5.0244 -0.167991 -0.0973315 0.0712237 0.978383
1464884867.2974529266 -4.58666 -4.61256 5.12146 -0.169082 -0.088858 0.0678477 0.979241
1464884867.4832301140 -4.6298 -4.6786 5.20402 -0.168668 -0.0808762 0.0714361 0.979748
1464884867.6689703465 -4.66662 -4.73826 5.27381 -0.171553 -0.0890868 0.076583 0.978145
1464884867.8566677570 -4.70353 -4.7802 5.34979 -0.181285 -0.0952239 0.0599456 0.976972
1464884868.0430688858 -4.73624 -4.83309 5.43154 -0.171676 -0.10484 0.0397195 0.978754
1464884868.2264449596 -4.7733 -4.88708 5.49438 -0.183952 -0.129063 0.0244424 0.974119
1464884868.4122097492 -4.81841 -4.93612 5.53329 -0.180582 -0.152364 0.00593691 0.971669
1464884868.5989613533 -4.87687 -4.97368 5.56468 -0.183755 -0.182329 -0.017889 0.965749
1464884868.7842843533 -4.93675 -5.01809 5.60863 -0.169356 -0.193187 -0.0366312 0.965741
1464884868.9697453976 -5.00812 -5.0614 5.65906 -0.166066 -0.201055 -0.0509018 0.964058
1464884869.1554040909 -5.06622 -5.11262 5.69563 -0.152226 -0.212818 -0.0688038 0.962705
1464884869.3425559998 -5.10291 -5.15174 5.73431 -0.153281 -0.221456 -0.0760738 0.960039
1464884869.5272381306 -5.12273 -5.18887 5.79246 -0.162015 -0.226776 -0.0750425 0.957441
1464884869.7127778530 -5.12725 -5.22905 5.87674 -0.164422 -0.22588 -0.0854443 0.95637
1464884869.9002888203 -5.12342 -5.27697 5.96096 -0.165494 -0.230095 -0.105448 0.953178
1464884870.0844960213 -5.13027 -5.33192 6.0223 -0.161936 -0.238337 -0.123733 0.949559
1464884870.2718415260 -5.16243 -5.38428 6.0932 -0.158951 -0.255691 -0.135274 0.943958
1464884870.4591317177 -5.20811 -5.42803 6.19482 -0.153981 -0.260239 -0.155017 0.940497
1464884870.6417565346 -5.27015 -5.48372 6.28638 -0.148753 -0.272591 -0.190067 0.931365
1464884870.8304767609 -5.33539 -5.54333 6.34856 -0.15599 -0.298334 -0.204757 0.919097
1464884871.0139381886 -5.41019 -5.6024 6.41776 -0.1458 -0.324924 -0.22334 0.907351
1464884871.2024109364 -5.49306 -5.65788 6.5043 -0.150486 -0.344711 -0.244497 0.893728
1464884871.3847956657 -5.5728 -5.72669 6.56605 -0.150733 -0.363287 -0.267455 0.879642
1464884871.5730867386 -5.66664 -5.78516 6.60159 -0.151267 -0.389609 -0.296877 0.858596
1464884871.7565677166 -5.79032 -5.8305 6.65769 -0.143747 -0.406403 -0.321383 0.843141
1464884871.9423797131 -5.91796 -5.88794 6.70407 -0.133553 -0.409463 -0.336266 0.837513
1464884872.1284432411 -6.02269 -5.94672 6.73574 -0.143803 -0.419592 -0.347636 0.826083
1464884872.3139908314 -6.1356 -5.98879 6.78519 -0.136821 -0.432984 -0.365481 0.812545
1464884872.4997990131 -6.25705 -6.04461 6.84283 -0.132863 -0.452747 -0.379003 0.796068
1464884872.6856410503 -6.36519 -6.11862 6.88777 -0.134849 -0.462949 -0.390488 0.784228
1464884872.8713388443 -6.47953 -6.17974 6.93 -0.144114 -0.472905 -0.396053 0.773779
1464884873.0578110218 -6.62485 -6.22931 6.99912 -0.137067 -0.47208 -0.399086 0.774004
1464884873.2438910007 -6.77759 -6.29966 7.05671 -0.126067 -0.461719 -0.396273 0.783512
1464884873.4290974140 -6.91117 -6.37383 7.10635 -0.143045 -0.455046 -0.393073 0.786107
1464884873.6145229340 -7.05975 -6.43724 7.18216 -0.144094 -0.452464 -0.37723 0.795117
1464884873.8003828526 -7.21517 -6.51198 7.25313 -0.145946 -0.460371 -0.365694 0.795629
1464884873.9862215519 -7.35467 -6.60311 7.29466 -0.13896 -0.464477 -0.373388 0.790907
1464884874.1720147133 -7.50052 -6.66901 7.35308 -0.135435 -0.465408 -0.378839 0.788374
1464884874.3579318523 -7.67172 -6.73 7.42901 -0.115177 -0.460062 -0.373499 0.79723
1464884874.5434865952 -7.82258 -6.81339 7.49072 -0.128679 -0.446212 -0.364546 0.80712
1464884874.7293381691 -7.95973 -6.89994 7.56034 -0.133926 -0.435617 -0.348893 0.818887
1464884874.9151213169 -8.10818 -6.96891 7.64812 -0.13468 -0.436725 -0.336573 0.823318
1464884875.1009073257 -8.2511 -7.05737 7.72286 -0.127587 -0.439263 -0.340498 0.821481
1464884875.2867658138 -8.37368 -7.14938 7.78182 -0.121529 -0.435518 -0.345657 0.822238
1464884875.4749164581 -8.51189 -7.21928 7.85685 -0.110408 -0.43422 -0.341767 0.82611
1464884875.6600878239 -8.66186 -7.28939 7.93048 -0.096403 -0.434059 -0.333105 0.831469
1464884875.8465950489 -8.79944 -7.3677 7.97888 -0.106527 -0.43929 -0.327718 0.829625
1464884876.0324811935 -8.93152 -7.43504 8.0392 -0.110425 -0.441922 -0.327868 0.827656
1464884876.2157452106 -9.08138 -7.50143 8.11346 -0.105603 -0.451509 -0.317923 0.82699
1464884876.4042329788 -9.22145 -7.59194 8.17307 -0.0698352 -0.465378 -0.325016 0.820312
1464884876.5873119831 -9.346 -7.66887 8.22819 -0.0589665 -0.461291 -0.332433 0.820501
1464884876.7741036415 -9.49876 -7.72173 8.29996 -0.0550335 -0.457973 -0.330013 0.823604
1464884876.9587910175 -9.65856 -7.77989 8.36456 -0.0854246 -0.437648 -0.359649 0.819646
1464884877.1448090076 -9.80084 -7.8437 8.4088 -0.129705 -0.449312 -0.365528 0.804788
1464884877.3330347538 -9.94712 -7.90134 8.46265 -0.144391 -0.460181 -0.36298 0.797264
1464884877.5164804459 -10.1044 -7.97528 8.5197 -0.134038 -0.476211 -0.360094 0.790942
1464884877.7022078037 -10.2425 -8.06711 8.55998 -0.139896 -0.481989 -0.358622 0.787087
1464884877.8878810406 -10.3821 -8.14191 8.60158 -0.156893 -0.487272 -0.355269 0.782135
1464884878.0737123489 -10.5387 -8.1974 8.65492 -0.16008 -0.477802 -0.353029 0.788321
1464884878.2639100552 -10.6866 -8.25357 8.68827 -0.173803 -0.473127 -0.342802 0.792736
1464884878.4462409019 -10.8267 -8.3267 8.71136 -0.166449 -0.475897 -0.331222 0.797564
1464884878.6310064793 -10.9659 -8.38246 8.77201 -0.163594 -0.460448 -0.321297 0.811167
1464884878.8169829845 -11.1133 -8.43866 8.82881 -0.166345 -0.455222 -0.327011 0.811274
1464884879.0027110577 -11.2418 -8.49822 8.86031 -0.180403 -0.45309 -0.33235 0.807284
1464884879.1906661987 -11.3765 -8.53814 8.89809 -0.202338 -0.447478 -0.327005 0.807397
1464884879.3744046688 -11.5294 -8.5777 8.94006 -0.198349 -0.436885 -0.324539 0.815146
1464884879.5601243973 -11.6767 -8.63458 8.96681 -0.200438 -0.423856 -0.316423 0.82465
1464884879.7475581169 -11.8152 -8.70101 8.9977 -0.188971 -0.42639 -0.287389 0.836594
1464884879.9334089756 -11.9548 -8.7519 9.05025 -0.188631 -0.418042 -0.284686 0.841792
1464884880.1199908257 -12.099 -8.80762 9.09195 -0.189907 -0.418119 -0.277746 0.843782
1464884880.3032913208 -12.2225 -8.87517 9.10926 -0.178504 -0.423487 -0.279107 0.843146
1464884880.4891610146 -12.3378 -8.93703 9.13785 -0.146511 -0.418419 -0.257353 0.858621
1464884880.6757664680 -12.4574 -8.98371 9.17524 -0.130633 -0.399438 -0.237646 0.875733
1464884880.8606698513 -12.5713 -9.03039 9.20574 -0.130066 -0.384277 -0.21913 0.887353
1464884881.0488531590 -12.6649 -9.06976 9.2395 -0.145339 -0.375609 -0.208775 0.891183
1464884881.2324819565 -12.7445 -9.09964 9.29707 -0.153823 -0.355334 -0.205738 0.898748
1464884881.4212968349 -12.8338 -9.137 9.36412 -0.160078 -0.350207 -0.208219 0.899097
1464884881.6038687229 -12.9229 -9.19005 9.41965 -0.164323 -0.350306 -0.225787 0.894038
1464884881.7899374962 -12.996 -9.24653 9.45443 -0.141651 -0.352841 -0.24241 0.892567
1464884881.9777908325 -13.0751 -9.28179 9.48799 -0.149986 -0.368664 -0.23157 0.887675
1464884882.1616506577 -13.1663 -9.3095 9.53011 -0.163987 -0.390646 -0.197414 0.884043
1464884882.3514094353 -13.2658 -9.34603 9.5637 -0.158006 -0.400814 -0.221564 0.874809
1464884882.5329358578 -13.351 -9.37858 9.5799 -0.159157 -0.422648 -0.243218 0.858419
1464884882.7188560963 -13.4264 -9.38751 9.59239 -0.165983 -0.440504 -0.278528 0.837155
1464884882.9073305130 -13.5069 -9.38154 9.59793 -0.177523 -0.466409 -0.321932 0.804554
1464884883.0903117657 -13.5791 -9.38964 9.59264 -0.162144 -0.494262 -0.380188 0.764769
1464884883.2776412964 -13.6336 -9.38534 9.56205 -0.152041 -0.520423 -0.435559 0.718562
1464884883.4634165764 -13.6952 -9.35926 9.51757 -0.144504 -0.544367 -0.477891 0.674095
1464884883.6476712227 -13.772 -9.3199 9.46095 -0.127171 -0.568847 -0.514254 0.629113
1464884883.8335001469 -13.8421 -9.28126 9.3896 -0.111025 -0.585105 -0.550414 0.585124
1464884884.0222043991 -13.8937 -9.24816 9.32128 -0.0968563 -0.599082 -0.579624 0.543834
1464884884.2050962448 -13.9528 -9.20144 9.26019 -0.0803474 -0.610195 -0.608463 0.500979
1464884884.3919188976 -14.0285 -9.15083 9.18056 -0.06158 -0.635883 -0.620758 0.454445
1464884884.5765690804 -14.0898 -9.11449 9.1001 -0.0427969 -0.647041 -0.642768 0.407868
1464884884.7649142742 -14.1303 -9.06768 9.03041 -0.04246 -0.647437 -0.661237 0.376548
1464884884.9483544827 -14.1797 -8.99409 8.94667 -0.033146 -0.651472 -0.671799 0.350957
1464884885.1371998787 -14.2319 -8.91555 8.83108 -0.012604 -0.659671 -0.671633 0.337022
1464884885.3198764324 -14.2719 -8.85683 8.70361 -0.0157227 -0.67494 -0.662619 0.324259
1464884885.5056650639 -14.3191 -8.79696 8.59523 -0.0230623 -0.682437 -0.656171 0.321228
1464884885.6932508945 -14.3713 -8.71873 8.49459 -0.026093 -0.68464 -0.657085 0.314367
1464884885.8772516251 -14.4237 -8.65236 8.38367 -0.0141468 -0.698354 -0.643573 0.312914
1464884886.0629928112 -14.4705 -8.60107 8.28695 0.0151532 -0.694152 -0.647393 0.314335
1464884886.2488715649 -14.5299 -8.52407 8.19062 0.0289939 -0.685868 -0.641141 0.343049
1464884886.4347696304 -14.5894 -8.44575 8.08565 0.0407554 -0.680237 -0.631944 0.369139
1464884886.6247789860 -14.6318 -8.38684 7.98005 0.0310257 -0.679426 -0.628891 0.376715
1464884886.8093221188 -14.6858 -8.33839 7.88473 0.0372128 -0.681329 -0.622234 0.383707
1464884886.9919445515 -14.7581 -8.27544 7.78677 0.0420425 -0.686363 -0.612309 0.39015
1464884887.1779370308 -14.8414 -8.22953 7.67296 0.0513619 -0.689596 -0.605282 0.394276
1464884887.3636667728 -14.9133 -8.19926 7.5658 0.0634481 -0.6897 -0.603622 0.394878
1464884887.5513825417 -14.9806 -8.14081 7.47123 0.0577332 -0.681567 -0.618937 0.38607
1464884887.7360658646 -15.0609 -8.06799 7.36897 0.0614192 -0.679476 -0.616889 0.392414
1464884887.9241635799 -15.1278 -8.01011 7.25443 0.0580704 -0.684226 -0.617091 0.384268
1464884888.1067645550 -15.1849 -7.96591 7.1513 0.0640481 -0.685256 -0.620239 0.37633
1464884888.2946619987 -15.2508 -7.90387 7.06733 0.066697 -0.677788 -0.627457 0.37743
1464884888.4814114571 -15.3227 -7.83874 6.96628 0.0617903 -0.683631 -0.626285 0.369592
1464884888.6642255783 -15.3818 -7.79116 6.86001 0.0603948 -0.684453 -0.634799 0.353422
1464884888.8500680923 -15.4363 -7.7449 6.76389 0.0605324 -0.682213 -0.641395 0.345736
1464884889.0358221531 -15.5136 -7.6807 6.66556 0.0585955 -0.682484 -0.633723 0.359413
1464884889.2225449085 -15.602 -7.6187 6.55176 0.0665706 -0.676986 -0.625835 0.381561
1464884889.4096307755 -15.6841 -7.57782 6.44207 0.0789759 -0.673779 -0.623277 0.388987
1464884889.5932850838 -15.7673 -7.53295 6.36312 0.072056 -0.662927 -0.627775 0.40154
1464884889.7790548801 -15.8516 -7.46557 6.27629 0.0552483 -0.660113 -0.629832 0.405599
1464884889.9649419785 -15.947 -7.41468 6.16987 0.0468774 -0.660758 -0.632166 0.401954
1464884890.1505761147 -16.0299 -7.38541 6.06528 0.0591413 -0.667516 -0.631144 0.390618
1464884890.3413243294 -16.1155 -7.3383 5.97868 0.0563645 -0.664489 -0.634327 0.391033
1464884890.5223278999 -16.2199 -7.2837 5.8848 0.0666574 -0.673843 -0.612102 0.40844
1464884890.7080061436 -16.3142 -7.25271 5.77737 0.0878389 -0.690932 -0.579651 0.422967
1464884890.8938512802 -16.3835 -7.22567 5.68467 0.0820531 -0.703662 -0.564733 0.423325
1464884891.0802803040 -16.4562 -7.18027 5.61044 0.0852976 -0.708527 -0.562957 0.416884
1464884891.2703425884 -16.5285 -7.12165 5.53297 0.0822359 -0.714296 -0.577511 0.386651
1464884891.4524228573 -16.5782 -7.0809 5.43881 0.0960105 -0.725149 -0.593831 0.335121
1464884891.6395118237 -16.6024 -7.03853 5.35394 0.0952356 -0.729417 -0.611807 0.290815
1464884891.8234612942 -16.6319 -6.96987 5.27245 0.110817 -0.737225 -0.616633 0.252949
1464884892.0085964203 -16.6536 -6.88986 5.17331 0.129503 -0.743815 -0.617988 0.219224
1464884892.1973166466 -16.6518 -6.82812 5.0672 0.134073 -0.749846 -0.622433 0.179816
1464884892.3802084923 -16.6431 -6.76646 4.97714 0.13932 -0.75328 -0.626932 0.14183
1464884892.5672929287 -16.6317 -6.68034 4.88673 0.135216 -0.759809 -0.627922 0.100609
1464884892.7527368069 -16.6051 -6.59848 4.77617 0.126578 -0.767726 -0.625879 0.0533993
1464884892.9375753403 -16.5618 -6.54539 4.67367 -0.128289 0.772515 0.621901 0.00149985
1464884893.1234807968 -16.5057 -6.46754 4.58311 -0.132367 0.777686 0.612895 0.0452091
1464884893.3091950417 -16.4366 -6.35704 4.4911 -0.143959 0.771116 0.615513 0.0761575
1464884893.4950046539 -16.3613 -6.28173 4.39121 -0.141026 0.761221 0.626552 0.0899251
1464884893.6807310581 -16.2833 -6.21232 4.29778 -0.145745 0.755106 0.627285 0.122829
1464884893.8667156696 -16.2022 -6.10465 4.20165 -0.133978 0.754862 0.622936 0.155513
1464884894.0546536446 -16.1193 -6.01318 4.09052 -0.131021 0.743322 0.626653 0.193936
1464884894.2382152081 -16.0286 -5.95611 3.99489 -0.146235 0.730214 0.622563 0.240454
1464884894.4239666462 -15.9225 -5.86812 3.9185 -0.143439 0.731005 0.608743 0.272926
1464884894.6097831726 -15.8076 -5.77938 3.83889 -0.143963 0.733094 0.600862 0.284276
1464884894.7954831123 -15.6984 -5.71609 3.75205 -0.13701 0.728369 0.607831 0.285041
1464884894.9831678867 -15.5955 -5.64086 3.66253 -0.135461 0.73149 0.603022 0.287987
1464884895.1673703194 -15.4877 -5.53772 3.5669 -0.120287 0.739214 0.596688 0.288196
1464884895.3548252583 -15.3789 -5.45745 3.46545 -0.12429 0.72626 0.599438 0.312686
1464884895.5387933254 -15.2822 -5.38627 3.37168 -0.132512 0.719254 0.600536 0.323221
1464884895.7244608402 -15.1748 -5.27493 3.28596 -0.127828 0.718774 0.603781 0.320114
1464884895.9127793312 -15.0766 -5.17721 3.17401 -0.141395 0.725232 0.604235 0.298238
1464884896.0962185860 -14.9839 -5.09988 3.05741 -0.136989 0.722545 0.615339 0.283764
1464884896.2819790840 -14.901 -4.99296 2.94588 -0.127294 0.733189 0.609828 0.272653
1464884896.4679532051 -14.8029 -4.8897 2.84139 -0.112836 0.728568 0.60534 0.300034
1464884896.6535892487 -14.6921 -4.83613 2.74527 -0.1199 0.719884 0.577065 0.366589
1464884896.8413436413 -14.5768 -4.76615 2.68543 -0.138036 0.691542 0.566097 0.426907
1464884897.0252466202 -14.4488 -4.66519 2.62951 -0.14469 0.683007 0.556911 0.449908
1464884897.2115399837 -14.3231 -4.59507 2.55622 -0.147419 0.670709 0.569522 0.451732
1464884897.3999016285 -14.2075 -4.52821 2.46641 -0.138788 0.673293 0.58685 0.42781
1464884897.5845422745 -14.0867 -4.4242 2.36497 -0.121901 0.69746 0.603061 0.367434
1464884897.7738380432 -13.9612 -4.34794 2.25514 -0.105277 0.722937 0.603157 0.320126
1464884897.9560360909 -13.8503 -4.30225 2.15849 -0.0916648 0.743041 0.609124 0.261639
1464884898.1407890320 -13.7263 -4.22969 2.08564 -0.077082 0.783681 0.582447 0.20164
1464884898.3258051872 -13.5776 -4.17809 2.01497 -0.0763287 0.827643 0.527778 0.175015
1464884898.5115849972 -13.4356 -4.16228 1.94297 -0.0560469 0.8622 0.482989 0.142095
1464884898.6996979713 -13.3056 -4.12603 1.89819 -0.0558552 0.873764 0.465033 0.131001
1464884898.8849811554 -13.1575 -4.06486 1.8756 -0.0341558 0.869983 0.479503 0.109728
1464884899.0697898865 -12.9971 -4.02725 1.84275 -0.0246475 0.869085 0.483593 0.101104
1464884899.2550034523 -12.8462 -4.00049 1.81146 -0.0273835 0.870623 0.478828 0.109499
1464884899.4405381680 -12.6984 -3.94264 1.78656 -0.0281698 0.880955 0.464852 0.0838931
1464884899.6289093494 -12.5315 -3.89785 1.75011 -0.0341507 0.896979 0.43477 0.0723734
1464884899.8124465942 -12.3795 -3.86757 1.69883 -0.0510391 0.908313 0.410587 0.0614953
1464884899.9979851246 -12.2366 -3.79332 1.66057 -0.0825933 0.911491 0.394963 0.0797922
1464884900.1850929260 -12.081 -3.71182 1.60514 -0.0962873 0.91509 0.379968 0.0946767
1464884900.3701126575 -11.9196 -3.67607 1.52673 -0.0875175 0.928004 0.34374 0.113986
1464884900.5577533245 -11.771 -3.61969 1.48139 -0.0836088 0.935807 0.315783 0.1325
1464884900.7442064285 -11.6065 -3.55183 1.44334 -0.0932651 0.947548 0.273158 0.137256
1464884900.9270055294 -11.4375 -3.51401 1.38339 -0.0767359 0.955009 0.261412 0.117188
1464884901.1128218174 -11.2891 -3.45624 1.34348 -0.0802941 0.942407 0.307717 0.103599
1464884901.2985172272 -11.1322 -3.3602 1.31628 -0.0861125 0.930434 0.342029 0.0994622
1464884901.5309102535 -10.922 -3.29316 1.2351 -0.0726274 0.935406 0.335877 0.0832298
1464884901.7254352570 -10.7662 -3.24674 1.1869 -0.0783052 0.935251 0.334136 0.0867579
1464884901.9024517536 -10.6014 -3.16193 1.16374 -0.0909153 0.934121 0.332281 0.0934983
1464884902.1346814632 -10.3849 -3.0976 1.10726 -0.0927456 0.931878 0.345445 0.0605843
1464884902.3674132824 -10.1888 -3.02752 1.05122 -0.0965826 0.930184 0.350632 0.0498663
1464884902.5527315140 -10.025 -2.93467 1.00905 -0.0931767 0.930368 0.353003 0.0334933
1464884902.7416372299 -9.85742 -2.8792 0.931568 -0.0871209 0.928635 0.360116 0.0190385
1464884902.9242949486 -9.71032 -2.81268 0.862896 -0.10223 0.926606 0.36171 0.010804
1464884903.1103601456 -9.55806 -2.71064 0.807132 -0.118682 0.928151 0.352742 0.00490757
1464884903.2958805561 -9.40814 -2.63692 0.725978 0.13019 -0.923532 -0.357982 0.0445833
1464884903.5281229019 -9.24823 -2.54143 0.623206 0.143703 -0.916944 -0.365519 0.0704247
1464884903.7143085003 -9.11758 -2.42332 0.542344 0.143766 -0.914754 -0.368785 0.08096
1464884903.8997776508 -8.98435 -2.34244 0.423313 0.139536 -0.913942 -0.370822 0.0879262
1464884904.0855622292 -8.86415 -2.26536 0.316609 0.14317 -0.912478 -0.374205 0.082806
1464884904.2713606358 -8.74057 -2.15021 0.227743 0.165325 -0.91651 -0.35605 0.0768512
1464884904.4571487904 -8.60724 -2.04931 0.118512 0.179327 -0.908452 -0.364292 0.0992347
1464884904.6429817677 -8.4824 -1.9732 0.00397475 0.178039 -0.90859 -0.363054 0.104683
1464884904.8286955357 -8.3614 -1.85674 -0.0931418 0.180274 -0.91127 -0.356175 0.101133
1464884905.0145814419 -8.23016 -1.74751 -0.214996 0.189391 -0.911471 -0.353457 0.0917577
1464884905.2018589973 -8.09865 -1.67993 -0.341914 0.176646 -0.921048 -0.337688 0.0802091
1464884905.3861610889 -7.97595 -1.57567 -0.43299 0.187383 -0.923332 -0.327634 0.0707289
1464884905.5719165802 -7.83602 -1.46247 -0.530489 0.193586 -0.92454 -0.322486 0.0612677
1464884905.7575922012 -7.69864 -1.39241 -0.638155 0.190786 -0.922521 -0.328035 0.0703414
1464884905.9434633255 -7.57181 -1.29742 -0.727322 0.189581 -0.923554 -0.326938 0.0649428
1464884906.1295561790 -7.43473 -1.18204 -0.824538 0.178723 -0.926172 -0.325385 0.0662459
1464884906.3181819916 -7.287 -1.10841 -0.942384 0.1673 -0.928708 -0.328386 0.0409192
1464884906.5009088516 -7.14714 -1.02392 -1.03029 0.169998 -0.929903 -0.325691 0.0174926
1464884906.6889643669 -6.99809 -0.909695 -1.1057 0.177866 -0.933424 -0.310994 0.0191277
1464884906.8724718094 -6.84151 -0.83162 -1.20851 0.1748 -0.935575 -0.305446 0.0290934
1464884907.0631506443 -6.69671 -0.746878 -1.29029 0.173775 -0.928278 -0.327884 0.024386
1464884907.2440781593 -6.54592 -0.616635 -1.35577 0.168523 -0.923632 -0.343771 0.0180258
1464884907.4331593513 -6.37802 -0.535467 -1.46115 0.150173 -0.934496 -0.322669 0.00710564
1464884907.6159229279 -6.21859 -0.458674 -1.54224 -0.161626 0.926692 0.338612 0.0214522
1464884907.8014950752 -6.06268 -0.345558 -1.59735 -0.16346 0.926895 0.337371 0.0181011
1464884907.9900574684 -5.89292 -0.263172 -1.67354 -0.158949 0.926856 0.339802 0.0144383
1464884908.1733880043 -5.73919 -0.19787 -1.74525 -0.140361 0.919436 0.367328 0.00261106
1464884908.3589720726 -5.58132 -0.095918 -1.8019 -0.121315 0.926103 0.357173 0.00659721
1464884908.5465543270 -5.41095 -0.0092676 -1.86884 0.109234 -0.923976 -0.366429 0.00815859
1464884908.7304308414 -5.23044 0.0395054 -1.92877 -0.103253 0.91537 0.388021 0.0296172
1464884908.9182853699 -5.05187 0.121112 -1.9675 -0.121554 0.920586 0.368517 0.0440525
1464884909.1052117348 -4.86101 0.196101 -2.00907 -0.121476 0.916568 0.374968 0.0674172
1464884909.2878675461 -4.68587 0.240211 -2.05429 -0.128375 0.912735 0.38057 0.0748424
1464884909.4736683369 -4.51187 0.30709 -2.08456 -0.127433 0.915541 0.367151 0.103665
1464884909.6595458984 -4.31812 0.3884 -2.11171 -0.110242 0.912851 0.368142 0.13792
1464884909.8473680019 -4.118 0.427569 -2.12593 -0.108214 0.896413 0.373462 0.212743
1464884910.0320272446 -3.92462 0.474154 -2.11712 -0.11406 0.885007 0.358594 0.274159
1464884910.2171456814 -3.72622 0.531252 -2.10176 -0.10174 0.883775 0.345793 0.298359
1464884910.4048767090 -3.53885 0.560671 -2.08688 -0.0977973 0.862658 0.366885 0.334145
1464884910.5886025429 -3.3615 0.587438 -2.06063 -0.0998036 0.839877 0.364315 0.389771
1464884910.7743542194 -3.17406 0.63151 -2.02981 -0.0730182 0.83287 0.361167 0.412983
1464884910.9619615078 -2.98002 0.643822 -1.99238 -0.0623868 0.801643 0.365116 0.46922
1464884911.1458759308 -2.80892 0.63102 -1.93368 -0.0739069 0.76149 0.344368 0.544133
1464884911.3316998482 -2.6366 0.64804 -1.85109 -0.0667646 0.736812 0.321648 0.590926
1464884911.5175108910 -2.45892 0.64149 -1.7772 -0.0599059 0.714723 0.321048 0.618474
1464884911.7060320377 -2.297 0.614912 -1.70668 -0.0538317 0.669863 0.314951 0.670217
1464884911.8889856339 -2.1352 0.618992 -1.62101 -0.035787 0.638578 0.296237 0.709353
1464884912.0774180889 -1.96799 0.619989 -1.53707 -0.0407127 0.593222 0.297628 0.746892
1464884912.2606656551 -1.81895 0.57927 -1.4719 -0.0405211 0.544695 0.251221 0.799096
1464884912.4464292526 -1.66898 0.569379 -1.38762 -0.0312846 0.518294 0.23719 0.821056
1464884912.6321849823 -1.50778 0.553233 -1.29445 -0.0215295 0.508794 0.211966 0.834108
1464884912.8209049702 -1.36921 0.512382 -1.21631 -0.0237108 0.475914 0.195467 0.857168
1464884913.0038082600 -1.24055 0.482631 -1.12671 -0.0112265 0.440272 0.17573 0.880428
1464884913.1897385120 -1.10429 0.469552 -1.02144 0.00394656 0.402994 0.157816 0.901485
1464884913.3754663467 -0.992288 0.425366 -0.933206 0.00299932 0.325529 0.129163 0.936664
1464884913.5638921261 -0.895034 0.387911 -0.845402 -8.41585e-05 0.278477 0.118883 0.953057
1464884913.7475271225 -0.783272 0.365564 -0.722686 0.0124246 0.249312 0.104847 0.962651
1464884913.9341702461 -0.670482 0.318555 -0.619381 0.0186936 0.233545 0.083339 0.968588
1464884914.1187307835 -0.592159 0.267581 -0.530588 -0.00112948 0.165726 0.0595972 0.984369
1464884914.3044393063 -0.505158 0.233474 -0.431417 0.014792 0.117099 0.0496316 0.991769
1464884914.4920358658 -0.412384 0.199491 -0.33938 0.016691 0.0674821 0.0286864 0.997168
1464884914.6760833263 -0.332326 0.158326 -0.276065 0.0134739 0.0180003 -0.00712265 0.999722
1464884914.8618400097 -0.252321 0.143912 -0.203376 -0.00366835 -0.00668389 -0.00920102 0.999929
1464884915.0478780270 -0.171948 0.148208 -0.106456 -0.00271273 -0.0259442 -0.036423 0.998996
1464884915.2336511612 -0.102174 0.148147 -0.0264956 -0.000150258 -0.0544148 -0.0546662 0.997021
1464884915.4217004776 -0.0545974 0.150036 0.0316951 -0.00737014 -0.0994024 -0.0674404 0.992732
1464884915.6052260399 -0.00726614 0.150203 0.05227 -0.0164836 -0.154956 -0.0963936 0.983069
1464884915.7909009457 0.0651558 0.140779 0.0470729 0.00871058 -0.19143 -0.119616 0.974151
1464884915.9765317440 0.141681 0.141071 0.0208491 0.0321803 -0.221933 -0.139341 0.964518
1464884916.2088904381 0.223171 0.164016 -0.0297644 0.0442813 -0.236358 -0.146067 0.959603
1464884916.3946442604 0.288883 0.196708 -0.083445 0.0641335 -0.220486 -0.137876 0.963464
1464884916.5830428600 0.347245 0.245855 -0.151401 0.0701016 -0.190556 -0.127897 0.970781
1464884916.7693750858 0.392362 0.29958 -0.2216 0.0629286 -0.171974 -0.122717 0.9754
1464884916.9985625744 0.432318 0.367448 -0.308315 0.0551297 -0.178092 -0.127029 0.974221
1464884917.2308001518 0.439255 0.427314 -0.393272 0.043693 -0.182145 -0.113095 0.975768
1464884917.4635288715 0.386166 0.466764 -0.463418 0.0336768 -0.181156 -0.112794 0.976384
1464884917.6488747597 0.297549 0.481589 -0.502101 0.0299524 -0.170943 -0.101601 0.979571
1464884917.8346972466 0.192908 0.462133 -0.536841 0.0239745 -0.16083 -0.0723651 0.984034
1464884918.0223784447 0.0916603 0.425768 -0.546561 -0.00201305 -0.148065 -0.0324434 0.988443
1464884918.2067089081 -0.00715024 0.374814 -0.520604 -0.0177212 -0.14053 -0.0179997 0.989754
1464884918.3918910027 -0.10543 0.300767 -0.480976 -0.0299555 -0.139736 0.0159547 0.989607
1464884918.5777990818 -0.185047 0.208577 -0.440632 -0.0222135 -0.140321 0.0282208 0.989455
1464884918.7639186382 -0.239117 0.116827 -0.393063 -0.0122254 -0.153036 0.0301347 0.987685
1464884918.9493641853 -0.264088 0.0379497 -0.331705 0.00144832 -0.162645 0.0349168 0.986066
1464884919.1377785206 -0.267463 -0.0156436 -0.245485 -0.000824033 -0.151921 0.0356691 0.987749
1464884919.3217365742 -0.245637 -0.0532362 -0.150003 -0.0168456 -0.12194 0.0663648 0.990173
1464884919.5092232227 -0.198915 -0.0777328 -0.0658704 -0.0162963 -0.0795988 0.0863487 0.992946
1464884919.6928141117 -0.147225 -0.0894251 -0.00192279 -0.014632 -0.0693023 0.098913 0.992572
1464884919.8794233799 -0.0861627 -0.0776135 0.0474824 -0.0113182 -0.069684 0.0906057 0.993381
1464884920.0669550896 -0.0125414 -0.0435286 0.0844892 -0.0264059 -0.0608941 0.0952507 0.993238
1464884920.2499840260 0.0496253 0.0014078 0.113139 -0.0331147 -0.0479998 0.0793146 0.995143
1464884920.4357032776 0.0851392 0.0492448 0.126598 -0.0354389 -0.0286185 0.0605556 0.997125
1464884920.6215827465 0.0907938 0.0959785 0.120066 -0.0547303 -0.0236896 0.0491408 0.99701
1464884920.8073000908 0.0656041 0.121313 0.0941414 -0.0620001 -0.0341338 0.0354022 0.996864
1464884920.9951615334 0.0112746 0.116251 0.0537357 -0.0547211 -0.0578422 0.0208846 0.996606
1464884921.1803901196 -0.045096 0.0920107 0.0112274 -0.0255282 -0.062573 0.023977 0.997426
1464884921.3664140701 -0.0898647 0.0530561 -0.0367206 0.00651531 -0.0634841 0.0382335 0.997229
1464884921.5508408546 -0.11746 0.00372634 -0.0796345 0.0494844 -0.0596823 0.0533 0.995564
1464884921.9262201786 -0.118855 -0.0607148 -0.116008 0.0547109 -0.0672119 0.0550523 0.994715
1464884922.1576406956 -0.0673139 -0.0986387 -0.0922028 0.0713822 -0.0485701 0.0770563 0.993281
1464884922.3403394222 -0.00805287 -0.117074 -0.0587031 0.0850358 -0.0107613 0.10352 0.990927
1464884922.5275614262 0.0390474 -0.113588 -0.0129011 0.0865891 0.014655 0.110867 0.989948
1464884922.7118451595 0.0771725 -0.0885994 0.0372054 0.0775744 0.0395011 0.10965 0.990151
1464884922.9006578922 0.105149 -0.0503275 0.0791736 0.0555495 0.0582693 0.0919407 0.992505
1464884923.0857436657 0.117965 -0.00790142 0.103415 0.0320886 0.0591501 0.0797693 0.994539
1464884923.2695000172 0.110564 0.0373788 0.108353 0.0040718 0.0405009 0.0619064 0.997252
1464884923.4549484253 0.0829785 0.0843055 0.0967589 -0.0276621 0.0234973 0.0485233 0.998162
1464884923.6408309937 0.0395301 0.125264 0.0716791 -0.0597985 -0.00310632 0.0412546 0.997353
1464884923.8265802860 -0.0156273 0.1479 0.0303631 -0.0679057 -0.0364364 0.0243196 0.99673
1464884924.0154383183 -0.0707088 0.150882 -0.0176245 -0.0647191 -0.0635882 0.0339724 0.995296
1464884924.1983897686 -0.111488 0.132242 -0.0525567 -0.0491956 -0.0776836 0.0492249 0.994546
1464884924.4306132793 -0.124929 0.0876048 -0.0464944 -0.0217373 -0.0674151 0.0730738 0.994808
1464884924.6628215313 -0.0958202 0.0572673 0.0226389 -0.0342228 -0.0640271 0.0805261 0.994105
1464884924.8491151333 -0.0608913 0.0386747 0.0977522 -0.0371168 -0.0558771 0.075491 0.994888
1464884925.0344731808 -0.0344612 0.0285868 0.165782 -0.0556388 -0.0533497 0.0759057 0.994131
1464884925.6411609650 -0.0328426 0.0503564 0.0619602 -0.0183175 -0.0364854 0.0737611 0.99644
1464884925.8238093853 -0.0554305 0.0844542 -0.0694096 -0.0168287 -0.0268163 0.0840925 0.995955
1464884926.0097761154 -0.0900736 0.114165 -0.205161 -0.0259516 -0.0469773 0.0632293 0.996555
1464884926.1955835819 -0.115476 0.132504 -0.323616 -0.0202976 -0.0744239 0.0419019 0.996139
1464884927.0783333778 -0.0565642 0.146524 -0.210833 -0.0162126 -0.0770145 0.063179 0.994894
1464884927.2678632736 -0.0446364 0.113012 -0.0763369 -0.0288911 -0.051558 0.0540223 0.996789
1464884927.4497091770 -0.0330278 0.0766254 0.045304 -0.0342178 -0.0209953 0.0525455 0.997811
1464884927.6354534626 -0.0257356 0.0404057 0.144992 -0.0289771 -0.00205074 0.0543053 0.998102
1464884927.8677692413 -0.0324949 0.0368862 0.222874 -0.0523676 -0.0205743 0.0374539 0.997713
1464884928.1958072186 -0.0158634 0.0546902 0.190032 -0.0774672 0.0115673 0.0490143 0.995722
1464884928.3787662983 0.0254359 0.0409953 0.115937 -0.0482875 0.0392588 0.0845074 0.994478
1464884928.5647289753 0.0484402 0.024966 0.0440277 -0.00485667 0.0049064 0.0889383 0.996013
1464884928.7503025532 0.0798553 0.0560923 -0.0145037 -0.0234299 -0.00482536 0.0807174 0.99645
1464884928.9360888004 0.110072 0.097357 -0.0750006 -0.0322862 0.000485814 0.0786686 0.996378
1464884929.2149043083 0.130133 0.145779 -0.171393 0.0199976 -0.0149908 0.0623789 0.99774
