1463226550.4728987217 0 0 0 -0 -0 -0 1
1463226551.6056027412 0.0321721 -0.00878454 0.140112 0.0325646 -0.0729729 0.0154041 0.996683
1463226551.8056497574 0.0365645 -0.0207055 0.164889 0.0499964 -0.112846 0.113367 0.985857
1463226552.1719069481 0.031565 -0.0186775 0.227971 0.0195976 -0.0736403 0.129147 0.988693
1463226552.4071068764 0.0320747 -0.0110094 0.291645 -0.00461211 -0.0428581 0.121617 0.991641
1463226552.6051280499 0.0344315 -0.00164664 0.347838 -0.040607 -0.0225924 0.0905736 0.994805
1463226552.8051192760 0.0487683 0.00886295 0.399127 -0.0522073 0.0112529 0.0639713 0.996522
1463226552.9384417534 0.0742658 0.02253 0.433026 -0.104926 0.037393 0.056166 0.992188
1463226553.0718159676 0.104952 0.0307572 0.464897 -0.149614 0.0706557 0.0562329 0.984612
1463226553.2380955219 0.145043 0.0284666 0.5034 -0.169407 0.102824 0.0837946 0.976579
1463226553.4048173428 0.180481 0.0119464 0.548783 -0.191176 0.130373 0.0545373 0.971329
1463226553.5715498924 0.204297 -0.0140887 0.595547 -0.206384 0.145911 0.0270499 0.967152
1463226553.7048349380 0.21907 -0.0427087 0.632209 -0.198418 0.166712 0.0197521 0.965633
1463226553.8378429413 0.221997 -0.0747309 0.666362 -0.180234 0.171974 0.00970612 0.968425
1463226554.0044038296 0.210682 -0.110307 0.698798 -0.1572 0.167847 -0.011382 0.973132
1463226554.2042284012 0.177609 -0.139707 0.722724 -0.128754 0.163822 -0.0212042 0.977822
1463226554.4041895866 0.120978 -0.144957 0.730634 -0.117617 0.145185 -0.0153485 0.982269
1463226554.5710752010 0.0583625 -0.139257 0.727235 -0.114524 0.126253 -0.0144246 0.98526
1463226554.7388055325 -0.0150168 -0.129592 0.710014 -0.114444 0.107611 -0.00690255 0.98756
1463226554.9373931885 -0.0982372 -0.110636 0.673486 -0.1108 0.112933 0.00989049 0.987356
1463226555.0705502033 -0.154624 -0.0923338 0.643923 -0.119287 0.0915288 0.0198506 0.988433
1463226555.2375276089 -0.213675 -0.0626911 0.605971 -0.138315 0.0690672 0.0199099 0.987776
1463226555.4370453358 -0.263296 -0.0293075 0.554668 -0.139272 0.0470793 0.0206563 0.988919
1463226555.6035056114 -0.294816 0.000628884 0.496683 -0.15506 0.0117329 0.0157708 0.98771
1463226555.7702310085 -0.317527 0.0258859 0.429649 -0.167352 -0.0194811 0.0077362 0.985674
1463226555.9700746536 -0.329803 0.0538551 0.355463 -0.174719 -0.0522575 -0.000737261 0.98323
1463226556.2367379665 -0.304556 0.0833871 0.258534 -0.187234 -0.0669945 -0.000657392 0.980028
1463226556.4365634918 -0.250531 0.0972427 0.18244 -0.192387 -0.055013 -0.00327008 0.979771
1463226556.6399269104 -0.178318 0.101599 0.106909 -0.197732 -0.033912 -0.0182341 0.9795
1463226556.8029968739 -0.108677 0.102916 0.0541279 -0.201292 -9.84162e-05 -0.0151057 0.979415
1463226556.9696471691 -0.0381205 0.10237 0.0143727 -0.202707 0.0281292 -0.0025195 0.978832
1463226557.1361083984 0.0384344 0.0989113 -0.0156181 -0.19567 0.0549523 0.00653549 0.979107
1463226557.3026707172 0.121089 0.0961387 -0.0397077 -0.185162 0.0666166 0.00486664 0.980435
1463226557.4701449871 0.20607 0.0887019 -0.0662868 -0.184087 0.0728811 -0.00124033 0.980203
1463226557.6359257698 0.284355 0.0755141 -0.0867097 -0.176051 0.0792338 -0.0194134 0.980995
1463226557.8025858402 0.348247 0.0554867 -0.0883796 -0.162315 0.100219 -0.0177847 0.981475
1463226557.9699134827 0.397374 0.0346227 -0.0675081 -0.146937 0.122032 -0.020962 0.981366
1463226558.1356451511 0.434695 0.0179658 -0.0279712 -0.137301 0.141128 -0.0177273 0.980264
1463226558.3023350239 0.456896 -0.000379516 0.0317492 -0.13998 0.155267 -0.0260142 0.977559
1463226558.4688527584 0.465321 -0.0247196 0.104176 -0.136344 0.155107 -0.0344826 0.977836
1463226558.6021285057 0.460851 -0.0485546 0.165074 -0.122658 0.155246 -0.032374 0.979697
1463226558.7353651524 0.44619 -0.070056 0.223185 -0.113841 0.152426 -0.0339078 0.981151
1463226558.8686854839 0.421635 -0.0845928 0.280636 -0.111271 0.137356 -0.0445121 0.983245
1463226559.0019576550 0.38866 -0.0917992 0.340318 -0.108151 0.120313 -0.046956 0.98571
1463226559.1351370811 0.348374 -0.0961571 0.403433 -0.101793 0.107765 -0.0487003 0.987752
1463226559.2686071396 0.306379 -0.0980658 0.464664 -0.0947176 0.100755 -0.0422715 0.98949
1463226559.4021456242 0.260926 -0.0981637 0.521056 -0.0984816 0.0913516 -0.0362536 0.990274
1463226559.5349941254 0.214853 -0.102573 0.568839 -0.0948081 0.0828941 -0.0294508 0.991601
1463226559.6682059765 0.164427 -0.101363 0.60951 -0.0972157 0.078261 -0.0292017 0.991752
1463226559.8348014355 0.0965982 -0.0969371 0.648749 -0.0920382 0.0823429 -0.0205343 0.992133
1463226560.0347909927 0.0223044 -0.084318 0.680878 -0.105009 0.0977334 0.000171502 0.989657
1463226560.2679700851 -0.0442461 -0.053557 0.707828 -0.126136 0.116519 0.0115197 0.985079
1463226560.4678897858 -0.0767813 -0.0150218 0.727192 -0.160391 0.121084 0.0141218 0.979497
1463226560.6680877209 -0.0840428 0.0316702 0.754941 -0.192293 0.127867 0.0210138 0.972744
1463226560.8678081036 -0.0738215 0.0665562 0.805141 -0.211853 0.144383 0.0183457 0.966403
1463226561.0676429272 -0.0633614 0.086835 0.863555 -0.221316 0.144811 0.0242172 0.964086
1463226561.3007800579 -0.0463925 0.10056 0.908237 -0.230924 0.139729 0.00572501 0.962869
1463226561.7674560547 -0.0243999 0.0835787 0.853605 -0.199243 0.157769 0.0268042 0.966795
1463226561.9342281818 -0.0171941 0.070031 0.791945 -0.190991 0.161334 0.0266761 0.967875
1463226562.1005234718 -0.0150075 0.059533 0.714257 -0.181559 0.159759 0.0215078 0.970078
1463226562.2670977116 -0.0116129 0.0515474 0.63094 -0.17868 0.157165 0.000623476 0.971274
1463226562.5003082752 0.00149432 0.0354544 0.532287 -0.161849 0.132402 -0.00541065 0.977878
1463226562.7334682941 0.0354415 0.0295523 0.443816 -0.147303 0.100705 -0.0156379 0.983827
1463226562.9000129700 0.0641833 0.035043 0.373509 -0.155753 0.0821848 -0.0395948 0.983575
1463226563.0998461246 0.0919127 0.0367724 0.281399 -0.164737 0.0677573 -0.0476509 0.982853
1463226563.2997124195 0.111347 0.0381798 0.182894 -0.171532 0.0810971 -0.021332 0.981603
1463226563.5662715435 0.110604 0.0414456 0.0470098 -0.161734 0.0872916 -0.00345164 0.98296
1463226563.7662971020 0.104155 0.0401398 -0.036084 -0.162352 0.0753745 -0.000381971 0.98385
1463226564.4991087914 0.0954306 -0.000163365 0.0133778 -0.146479 0.0888211 0.0264683 0.984863
1463226564.6658039093 0.0941003 0.00512524 0.0906209 -0.146233 0.0903 0.0333856 0.984554
1463226564.7990100384 0.0902081 0.00804987 0.161991 -0.147886 0.0840797 0.0330443 0.98487
1463226564.9331154823 0.0845026 0.00768729 0.231397 -0.150862 0.0809011 0.0367298 0.984554
1463226565.0988993645 0.0797074 0.00606056 0.311889 -0.158712 0.084732 0.0333211 0.983118
1463226565.2655637264 0.0768062 0.0185715 0.391729 -0.179574 0.0874917 0.0358285 0.979191
1463226565.3989040852 0.0749778 0.0313582 0.460569 -0.190085 0.0958547 0.0394761 0.976279
1463226565.5320961475 0.0749349 0.0365091 0.538236 -0.188209 0.104734 0.0392763 0.975739
1463226565.6673150063 0.0743477 0.0393224 0.610621 -0.191023 0.112749 0.0402879 0.974256
1463226565.7991492748 0.0783431 0.0415788 0.674486 -0.187242 0.120914 0.0420723 0.973935
1463226565.9318394661 0.0882719 0.0509476 0.732303 -0.192803 0.134166 0.0307713 0.971535
1463226566.0651218891 0.10512 0.0665849 0.787648 -0.206835 0.144307 0.0268067 0.967304
1463226566.1983964443 0.127677 0.085067 0.848826 -0.217728 0.147323 0.0159653 0.964695
1463226566.3331828117 0.152541 0.102886 0.905189 -0.229184 0.154154 -0.00816651 0.961064
1463226566.4648244381 0.169443 0.118224 0.950138 -0.256857 0.151909 -0.0272445 0.954047
1463226566.6322970390 0.184589 0.13096 0.999973 -0.272844 0.14758 -0.0271203 0.950285
1463226566.8341174126 0.196661 0.145655 1.0433 -0.282325 0.159386 -0.0233479 0.945697
1463226567.3977785110 0.189689 0.130015 0.9942 -0.26486 0.13702 0.00151852 0.954501
1463226567.5649292469 0.181237 0.113282 0.93309 -0.245337 0.123109 0.00962707 0.961541
1463226567.6981434822 0.172994 0.102482 0.873381 -0.237946 0.11113 0.00950297 0.964853
1463226567.8327600956 0.165129 0.092947 0.806715 -0.241112 0.097565 0.00984983 0.965531
1463226568.0002844334 0.157359 0.0806547 0.735878 -0.240567 0.0654042 0.000116371 0.968426
1463226568.1973273754 0.155521 0.0701419 0.670742 -0.215914 0.0145325 -0.0134931 0.976211
1463226568.3640007973 0.156324 0.0767063 0.617767 -0.21808 -0.0533036 -0.0464456 0.973367
1463226568.5305573940 0.155117 0.0839458 0.561578 -0.23041 -0.118077 -0.0785066 0.962708
1463226568.6971123219 0.145499 0.0779576 0.49737 -0.230318 -0.169629 -0.112038 0.951644
1463226568.8970601559 0.121635 0.0745878 0.419101 -0.220131 -0.215298 -0.133439 0.94201
1463226569.0970485210 0.0868247 0.0718989 0.328174 -0.202791 -0.238143 -0.143042 0.93899
1463226569.2968752384 0.046746 0.0751079 0.223161 -0.199899 -0.248473 -0.122488 0.939839
1463226569.4633696079 0.0024458 0.077444 0.137991 -0.195708 -0.281181 -0.1408 0.928876
1463226569.5967192650 -0.0471017 0.082485 0.0811661 -0.189134 -0.309041 -0.156365 0.918843
1463226569.7300314903 -0.114706 0.0955103 0.0224734 -0.187036 -0.333249 -0.159117 0.910299
1463226569.8633031845 -0.199277 0.106292 -0.0454168 -0.179146 -0.353595 -0.160945 0.903866
1463226569.9993422031 -0.288571 0.104786 -0.117514 -0.182971 -0.376761 -0.15572 0.894608
1463226570.1296954155 -0.376746 0.091612 -0.191051 -0.168993 -0.413099 -0.171406 0.8783
1463226570.2630105019 -0.464035 0.0886439 -0.267883 -0.151414 -0.449324 -0.181943 0.861439
1463226570.3962643147 -0.555529 0.0992831 -0.350944 -0.144618 -0.476944 -0.174977 0.849113
1463226570.5295150280 -0.64234 0.102098 -0.438344 -0.14249 -0.485887 -0.17344 0.844706
1463226570.6643898487 -0.723534 0.0865675 -0.52676 -0.138238 -0.513278 -0.168854 0.830014
1463226570.7962210178 -0.80217 0.0797098 -0.610785 -0.12649 -0.542459 -0.183415 0.809998
1463226570.9293956757 -0.886048 0.0964079 -0.691537 -0.129215 -0.560664 -0.183464 0.797057
1463226571.0626626015 -0.979411 0.114366 -0.770376 -0.138367 -0.573707 -0.173227 0.788484
1463226571.1960074902 -1.06924 0.111857 -0.848457 -0.1405 -0.582783 -0.182023 0.779417
1463226571.3315999508 -1.15503 0.0922885 -0.922243 -0.128291 -0.60093 -0.19569 0.764284
1463226571.4624888897 -1.23605 0.0863123 -0.989538 -0.111311 -0.613143 -0.210193 0.753315
1463226571.5957026482 -1.31691 0.0999812 -1.05773 -0.117889 -0.618741 -0.206171 0.748836
1463226571.7289862633 -1.40149 0.101616 -1.12978 -0.106546 -0.625336 -0.205737 0.745168
1463226571.8622431755 -1.48061 0.0827591 -1.20198 -0.0995739 -0.628189 -0.195055 0.746604
1463226571.9971642494 -1.55125 0.0729079 -1.27121 -0.100222 -0.633489 -0.207269 0.738706
1463226572.1290910244 -1.6263 0.0855827 -1.3402 -0.102908 -0.643714 -0.211925 0.7281
1463226572.2620089054 -1.71473 0.100029 -1.41734 -0.0953076 -0.664015 -0.198926 0.714443
1463226572.3953890800 -1.80544 0.102286 -1.4994 -0.0945936 -0.674062 -0.193629 0.706541
1463226572.5286278725 -1.88882 0.0845233 -1.58664 -0.0830858 -0.693962 -0.201779 0.686147
1463226572.6638174057 -1.96377 0.0760285 -1.67189 -0.0610033 -0.71022 -0.217602 0.66672
1463226572.7951455116 -2.0389 0.0885013 -1.75879 -0.0587263 -0.722551 -0.205817 0.657351
1463226572.9283754826 -2.11326 0.0907069 -1.84825 -0.0455518 -0.728966 -0.191008 0.655782
1463226573.0616507530 -2.1786 0.0764189 -1.9335 -0.0498655 -0.728132 -0.175375 0.660743
1463226573.1949405670 -2.23646 0.0642637 -2.01398 -0.0493577 -0.731509 -0.178969 0.65607
1463226573.3298563957 -2.2968 0.0793583 -2.09288 -0.0529444 -0.73495 -0.183644 0.650631
1463226573.4614896774 -2.36816 0.100202 -2.17254 -0.0559398 -0.742915 -0.16639 0.645958
1463226573.5947389603 -2.44778 0.106831 -2.26042 -0.0538522 -0.749583 -0.159201 0.640219
1463226573.7279794216 -2.52303 0.0832103 -2.35275 -0.030001 -0.764866 -0.157134 0.624011
1463226573.8614721298 -2.5911 0.0646749 -2.44647 -0.020421 -0.788046 -0.152559 0.596064
1463226573.9961941242 -2.65659 0.0708402 -2.54585 -0.0244053 -0.807811 -0.136559 0.572886
1463226574.1278390884 -2.72476 0.0743297 -2.64416 -0.013714 -0.811351 -0.117116 0.572543
1463226574.2612595558 -2.78767 0.0580363 -2.73003 0.00144265 -0.797185 -0.129199 0.589747
1463226574.3944239616 -2.84532 0.0386968 -2.80655 0.00780069 -0.789333 -0.136223 0.598612
1463226574.5275223255 -2.91079 0.0432543 -2.87846 0.00475112 -0.778012 -0.124199 0.615832
1463226574.6627717018 -2.99312 0.0580304 -2.96103 -0.00921146 -0.780802 -0.08785 0.618503
1463226574.7945642471 -3.08499 0.0597547 -3.0505 -0.00318494 -0.780881 -0.0841849 0.618973
1463226574.9273629189 -3.16628 0.040024 -3.14355 -0.0125362 -0.787645 -0.0815734 0.610576
1463226575.0611157417 -3.2433 0.0360685 -3.2355 -0.00168876 -0.789667 -0.0773037 0.608643
1463226575.1939148903 -3.31869 0.0513746 -3.33028 0.0140824 -0.789368 -0.072197 0.609498
1463226575.3294298649 -3.38792 0.0553236 -3.42413 0.0144683 -0.778371 -0.0754276 0.623089
1463226575.4606039524 -3.44917 0.041647 -3.51532 0.00728933 -0.772712 -0.0749063 0.63028
1463226575.5936791897 -3.51086 0.03877 -3.60166 0.00209937 -0.771962 -0.0814911 0.63042
1463226575.7269401550 -3.57886 0.0638321 -3.70012 0.0097783 -0.786347 -0.0971295 0.610023
1463226575.8603000641 -3.65442 0.0777916 -3.81179 0.0275942 -0.805329 -0.100594 0.583579
1463226575.9955589771 -3.723 0.0631256 -3.92305 0.0496628 -0.812508 -0.0991515 0.572305
1463226576.1275019646 -3.77748 0.050449 -4.03412 0.0556684 -0.83598 -0.128052 0.530698
1463226576.2601642609 -3.82693 0.0739826 -4.14125 0.051547 -0.849452 -0.153462 0.502219
1463226576.3933863640 -3.87121 0.0948143 -4.25295 0.059399 -0.864581 -0.159218 0.472886
1463226576.5267102718 -3.91192 0.0959088 -4.36384 0.0663074 -0.873221 -0.166258 0.453262
1463226576.6621999741 -3.94409 0.0894821 -4.46798 0.0517523 -0.880314 -0.183513 0.434387
1463226576.7931048870 -3.97605 0.103039 -4.57904 0.0581564 -0.893146 -0.193723 0.401722
1463226576.9268805981 -4.01267 0.130775 -4.69705 0.0521042 -0.904672 -0.194981 0.375281
1463226577.0599107742 -4.04854 0.144569 -4.81845 0.0215375 -0.916415 -0.206887 0.341932
1463226577.1941564083 -4.08047 0.134556 -4.93744 0.00873611 -0.925513 -0.21273 0.313201
1463226577.3289852142 -4.10446 0.131423 -5.05271 0.020521 -0.933315 -0.217469 0.284973
1463226577.4596283436 -4.12255 0.149029 -5.17508 0.0315527 -0.94482 -0.208746 0.250489
1463226577.5928936005 -4.14024 0.150194 -5.30488 0.0587437 -0.95496 -0.189587 0.220585
1463226577.7259716988 -4.15347 0.132749 -5.42758 0.0602811 -0.959728 -0.17754 0.209208
1463226577.8596272469 -4.1629 0.121271 -5.55392 0.0640689 -0.965652 -0.180146 0.175953
1463226577.9944908619 -4.17416 0.134086 -5.68475 0.0638989 -0.97065 -0.176254 0.15063
1463226578.1257636547 -4.18066 0.146217 -5.81843 0.0680243 -0.977948 -0.15951 0.11639
1463226578.2593085766 -4.18178 0.134939 -5.94946 0.0810798 -0.982309 -0.148256 0.0807131
1463226578.3924150467 -4.1727 0.116421 -6.07495 0.0956274 -0.983442 -0.147958 0.0424943
1463226578.5256116390 -4.1574 0.120325 -6.19347 0.104858 -0.983428 -0.147776 0.00608106
1463226578.6603639126 -4.13851 0.129204 -6.3122 -0.113732 0.984929 0.127858 0.025131
1463226578.7921533585 -4.12119 0.130573 -6.42559 -0.116216 0.984843 0.121494 0.0426287
1463226578.9256284237 -4.10811 0.126872 -6.52711 -0.10895 0.983329 0.137301 0.0484064
1463226579.0586969852 -4.09894 0.126679 -6.6294 -0.0980083 0.984676 0.134373 0.0524587
1463226579.1920037270 -4.08951 0.137754 -6.73852 -0.0937606 0.985979 0.121668 0.0652028
1463226579.3254766464 -4.08165 0.143597 -6.85114 -0.0900562 0.986697 0.115081 0.0712445
1463226579.4589221478 -4.06866 0.135865 -6.95292 -0.0981271 0.982513 0.129673 0.0906857
1463226579.5925779343 -4.05359 0.121743 -7.051 -0.0915283 0.983661 0.119617 0.0986153
1463226579.7249705791 -4.03736 0.127842 -7.15554 -0.0847632 0.985212 0.108774 0.101687
1463226579.8582627773 -4.02364 0.128154 -7.27058 -0.0917159 0.986386 0.0869038 0.10525
1463226579.9916949272 -4.01771 0.119138 -7.38121 -0.0769502 0.98849 0.0932187 0.0909776
1463226580.1248221397 -4.01454 0.109102 -7.48366 -0.065308 0.989823 0.096312 0.0819155
1463226580.2913236618 -4.01269 0.118943 -7.61792 -0.0598785 0.990358 0.0871887 0.0894686
1463226580.4246408939 -4.01093 0.127863 -7.74013 -0.0692033 0.990282 0.0677284 0.0998225
1463226580.5585544109 -4.00418 0.118129 -7.85912 -0.0723846 0.988487 0.0622241 0.1174
1463226580.6913366318 -4.00012 0.100747 -7.96824 -0.0770812 0.987114 0.0631038 0.125233
1463226580.8262438774 -3.99316 0.0989127 -8.07501 -0.0698465 0.98737 0.0524778 0.132166
1463226580.9576392174 -3.98556 0.106961 -8.18835 -0.0768717 0.986371 0.0374339 0.140576
1463226581.1242423058 -3.97987 0.110155 -8.31928 -0.0852699 0.985091 0.0435262 0.142935
1463226581.2908282280 -3.97535 0.121833 -8.42336 -0.0951477 0.978462 0.0864425 0.161516
1463226581.4241485596 -3.96823 0.142567 -8.51454 -0.0882903 0.974812 0.087207 0.185314
1463226581.5585157871 -3.96277 0.156881 -8.62187 -0.0808045 0.972853 0.0664192 0.206439
1463226581.6908607483 -3.9514 0.150933 -8.72974 -0.0800134 0.962994 0.0439188 0.253598
1463226581.8264887333 -3.93952 0.137046 -8.82927 -0.0889793 0.954931 0.0517827 0.278403
1463226581.9573965073 -3.92058 0.134181 -8.92092 -0.0915087 0.948359 0.0508207 0.299431
1463226582.0906288624 -3.90147 0.150179 -9.01535 -0.0945827 0.942978 0.0454318 0.315883
1463226582.2238988876 -3.87936 0.156175 -9.11088 -0.0948742 0.935349 0.0301299 0.339429
1463226582.3571496010 -3.85231 0.148565 -9.20151 -0.0875985 0.926516 0.0350095 0.364238
1463226582.4929578304 -3.82301 0.153953 -9.28229 -0.0956076 0.919492 0.0682462 0.375147
1463226582.6235339642 -3.7797 0.170071 -9.3573 -0.107007 0.905483 0.0702972 0.40461
1463226582.7570650578 -3.73329 0.1907 -9.43876 -0.119424 0.895105 0.0620106 0.425064
1463226582.8902096748 -3.68816 0.193186 -9.51995 -0.10628 0.895969 0.0568137 0.427453
1463226583.0235958099 -3.64736 0.183526 -9.59274 -0.101292 0.897131 0.0546274 0.426512
1463226583.1584715843 -3.60666 0.182725 -9.65794 -0.0843201 0.901185 0.0679755 0.419685
1463226583.2899823189 -3.56377 0.194291 -9.72129 -0.0793603 0.904334 0.0676898 0.413884
1463226583.4231190681 -3.51558 0.205687 -9.78573 -0.0848177 0.903039 0.0679543 0.415582
1463226583.5569462776 -3.46513 0.197272 -9.85322 -0.0858181 0.905961 0.055033 0.410903
1463226583.6902103424 -3.42731 0.180975 -9.92814 -0.0934437 0.915585 0.0371985 0.389343
1463226583.8229029179 -3.39434 0.165406 -10.014 -0.0918599 0.92141 0.0185889 0.377119
1463226583.9561359882 -3.35184 0.141088 -10.0989 -0.0738692 0.910711 -0.00081304 0.406383
1463226584.0899238586 -3.29127 0.109588 -10.1755 -0.0674425 0.868251 -0.0233149 0.490966
1463226584.2235929966 -3.22711 0.0695559 -10.2448 -0.0831426 0.820861 -0.0576707 0.562092
1463226584.3562467098 -3.16762 0.0291959 -10.2954 -0.110417 0.778141 -0.0833967 0.612657
1463226584.4923510551 -3.1117 -0.00387031 -10.3373 -0.12682 0.752886 -0.100306 0.637979
1463226584.6225306988 -3.05629 -0.0270645 -10.3702 -0.137897 0.724052 -0.138764 0.661421
1463226584.7559585571 -2.99179 -0.0406148 -10.3975 -0.156183 0.691971 -0.191406 0.678341
1463226584.8891818523 -2.93024 -0.0528455 -10.4181 -0.166566 0.654841 -0.23031 0.700283
1463226585.0225248337 -2.87964 -0.0655119 -10.4312 -0.171276 0.614818 -0.249387 0.728333
1463226585.1572732925 -2.84063 -0.0850595 -10.4367 -0.164623 0.558535 -0.274736 0.765152
1463226585.3238818645 -2.78878 -0.0928454 -10.4467 -0.15805 0.501564 -0.305829 0.793677
1463226585.4910507202 -2.73518 -0.10669 -10.4588 -0.132268 0.461778 -0.336561 0.809934
1463226585.6221938133 -2.69264 -0.124536 -10.4702 -0.112251 0.415592 -0.350616 0.831716
1463226585.7558631897 -2.6532 -0.136157 -10.471 -0.111816 0.368424 -0.360443 0.849613
1463226585.9222626686 -2.60896 -0.141618 -10.4656 -0.105451 0.326131 -0.378009 0.860016
1463226586.0890798569 -2.56073 -0.138374 -10.4572 -0.0956917 0.298737 -0.402542 0.859976
1463226586.2554683685 -2.50555 -0.136688 -10.4448 -0.0916311 0.278597 -0.422128 0.857785
1463226586.3884191513 -2.46131 -0.139166 -10.4333 -0.0830847 0.255471 -0.423295 0.865247
1463226586.6217410564 -2.4031 -0.142802 -10.4205 -0.0744916 0.234799 -0.420288 0.873314
1463226586.8888330460 -2.34838 -0.134184 -10.4074 -0.0559475 0.202767 -0.427002 0.879446
1463226587.1221494675 -2.28722 -0.136688 -10.3959 -0.0470079 0.173744 -0.436095 0.881717
1463226587.2878973484 -2.24772 -0.155275 -10.3821 -0.0362961 0.14112 -0.437331 0.887417
1463226587.4904742241 -2.21048 -0.17751 -10.3604 -0.0294974 0.101866 -0.444184 0.889637
1463226587.7876801491 -2.14754 -0.182041 -10.3162 -0.0355289 0.0904089 -0.425477 0.89974
1463226587.9542953968 -2.09957 -0.174509 -10.279 -0.0409564 0.095051 -0.416815 0.90308
1463226588.1208832264 -2.05071 -0.173232 -10.2332 -0.0304584 0.100527 -0.390114 0.914756
1463226588.2874238491 -2.00496 -0.170677 -10.1956 -0.038256 0.12196 -0.36454 0.922374
1463226588.4543025494 -1.96396 -0.165139 -10.1624 -0.0408701 0.14711 -0.328097 0.932223
1463226588.6206738949 -1.91508 -0.150883 -10.128 -0.0387938 0.178971 -0.292477 0.938574
1463226588.7539143562 -1.86418 -0.139934 -10.1056 -0.0264655 0.225672 -0.262848 0.937701
1463226588.8871791363 -1.80303 -0.133316 -10.0848 -0.0087873 0.286046 -0.205466 0.935887
1463226589.0204210281 -1.74433 -0.124452 -10.064 -0.00816968 0.319149 -0.159174 0.934206
1463226589.1869156361 -1.67616 -0.108069 -10.0471 -0.0432736 0.339882 -0.11096 0.932896
1463226589.3535983562 -1.62137 -0.087723 -10.0406 -0.0776866 0.363896 -0.073592 0.925272
1463226589.5203092098 -1.57001 -0.0609257 -10.0389 -0.105164 0.409417 -0.0699868 0.90356
1463226589.6549706459 -1.52787 -0.0369925 -10.0385 -0.120968 0.452958 -0.0676421 0.880693
1463226589.8217139244 -1.48411 -0.0180127 -10.0417 -0.130999 0.493041 -0.0580661 0.858125
1463226590.0198214054 -1.44737 0.00886787 -10.0571 -0.150042 0.539692 -0.0320611 0.827763
1463226590.2197577953 -1.42094 0.0409009 -10.0783 -0.171531 0.58201 -0.0281242 0.794387
1463226590.3864123821 -1.39467 0.0742415 -10.0983 -0.183104 0.619719 -0.00415469 0.763154
1463226590.5529315472 -1.35888 0.102758 -10.1155 -0.174035 0.660639 0.0320715 0.729547
1463226590.6862156391 -1.32972 0.119162 -10.1284 -0.159947 0.701092 0.05679 0.692576
1463226590.8533372879 -1.29864 0.130281 -10.1417 -0.14194 0.741535 0.0810762 0.650696
1463226591.0193789005 -1.27709 0.133472 -10.1602 -0.135867 0.773938 0.0945916 0.611239
1463226591.1860475540 -1.25564 0.141251 -10.1845 -0.139899 0.796433 0.11324 0.577322
1463226591.3209700584 -1.22962 0.147206 -10.2102 -0.136215 0.816003 0.120745 0.548639
1463226591.4526109695 -1.19024 0.14986 -10.2419 -0.131603 0.842302 0.112318 0.510482
1463226591.5858988762 -1.13873 0.144733 -10.2792 -0.131808 0.869343 0.0951987 0.466698
1463226591.7191176414 -1.09973 0.127725 -10.3132 -0.128834 0.888034 0.0860978 0.43288
1463226591.8522441387 -1.06976 0.109374 -10.3448 -0.115854 0.901724 0.0911417 0.406404
1463226591.9855744839 -1.039 0.0936662 -10.3767 -0.104997 0.912145 0.0889406 0.386078
1463226592.1188669205 -1.00307 0.0905094 -10.4141 -0.0915634 0.921799 0.0877721 0.36633
1463226592.2522027493 -0.965304 0.0955933 -10.4583 -0.068744 0.930342 0.093966 0.347718
1463226592.3855075836 -0.920223 0.0970444 -10.5145 -0.0595452 0.936725 0.0944877 0.331771
1463226592.5197148323 -0.87699 0.0907867 -10.5671 -0.0652188 0.94095 0.105793 0.314908
1463226592.6519823074 -0.838733 0.0698698 -10.6103 -0.0888468 0.941087 0.094112 0.312416
1463226592.7853767872 -0.808337 0.0555692 -10.6556 -0.0898081 0.948774 0.0893788 0.289436
1463226592.9184515476 -0.774949 0.0493621 -10.6974 -0.0977328 0.950498 0.0848352 0.282497
1463226593.0517570972 -0.730062 0.0510372 -10.7437 -0.099882 0.952644 0.080397 0.275734
1463226593.1850736141 -0.679274 0.0466865 -10.7874 -0.0946923 0.95644 0.0655925 0.26824
1463226593.3515851498 -0.630205 0.0443706 -10.8294 -0.0565793 0.962819 0.0994839 0.244705
1463226593.5193216801 -0.595326 0.0320022 -10.8692 -0.0272333 0.970933 0.0986125 0.216388
1463226593.6848227978 -0.553792 0.0324093 -10.9095 -0.0084159 0.97231 0.0926607 0.214373
1463226593.8513867855 -0.512764 0.051237 -10.9633 0.0296973 0.973968 0.102622 0.199931
1463226593.9869809151 -0.479214 0.0576528 -11.0242 0.0477174 0.979604 0.102378 0.166186
1463226594.1178095341 -0.444798 0.0550376 -11.0808 0.0783576 0.979046 0.12062 0.144154
1463226594.2842803001 -0.402553 0.0387827 -11.1376 0.103585 0.978446 0.118167 0.133981
1463226594.4515538216 -0.363315 0.0301836 -11.1907 0.10767 0.978396 0.117212 0.131948
1463226594.6176095009 -0.32786 0.0326622 -11.2522 0.116699 0.979193 0.108056 0.126039
1463226594.7508487701 -0.299151 0.03976 -11.3178 0.125661 0.981176 0.103504 0.103872
1463226594.9175562859 -0.265984 0.031747 -11.3978 0.142889 0.982317 0.0973621 0.0718104
1463226595.1174354553 -0.247691 0.00378754 -11.4717 0.160975 0.982657 0.084295 0.0369594
1463226595.3839497566 -0.237712 -0.00198112 -11.5647 -0.163812 -0.983252 -0.0798378 0.00254286
1463226595.6170251369 -0.228251 0.0154102 -11.6658 -0.175351 -0.981214 -0.0734622 0.0327871
1463226595.8187847137 -0.216552 0.019034 -11.7637 -0.177042 -0.980674 -0.0637791 0.0535422
1463226596.0834374428 -0.221483 0.00214945 -11.8468 -0.176788 -0.978349 -0.0648957 0.0858352
1463226596.2839167118 -0.247263 -0.000328427 -11.9017 -0.15858 -0.975717 -0.0750131 0.131153
1463226596.4860923290 -0.281901 0.0152859 -11.9786 -0.142536 -0.973466 -0.0620499 0.167919
1463226596.6165614128 -0.318195 0.0213505 -12.0491 -0.131346 -0.967898 -0.0529312 0.207654
1463226596.7499663830 -0.356676 0.0159896 -12.1128 -0.14484 -0.957298 -0.0374342 0.247389
1463226596.9166419506 -0.404284 0.00524336 -12.1739 -0.144403 -0.942756 -0.0385552 0.298113
1463226597.0829844475 -0.453187 0.0150665 -12.2445 -0.137864 -0.931206 -0.0388771 0.335167
1463226597.2496225834 -0.501712 0.031713 -12.3406 -0.142328 -0.926572 -0.0260797 0.34717
1463226597.4163520336 -0.540949 0.0349699 -12.4482 -0.128996 -0.935078 -0.0365189 0.32811
1463226597.5831212997 -0.568123 0.0203227 -12.5517 -0.100865 -0.946939 -0.0566343 0.299875
1463226597.7500011921 -0.594639 0.0220842 -12.655 -0.0805192 -0.954888 -0.0589736 0.279693
1463226597.8825061321 -0.618055 0.0280158 -12.7475 -0.0640596 -0.963515 -0.0412394 0.256582
1463226598.0159518719 -0.639537 0.0316852 -12.8404 -0.0415893 -0.968044 -0.0358976 0.24469
1463226598.1824393272 -0.656882 0.0270132 -12.9435 -0.0484322 -0.971087 -0.053194 0.227626
1463226598.3492119312 -0.674185 0.0320316 -13.0464 -0.0403041 -0.978735 -0.0510663 0.194539
1463226598.4849879742 -0.689252 0.048558 -13.1438 -0.0453526 -0.983658 -0.0369497 0.170281
1463226598.6161541939 -0.70312 0.058964 -13.2502 -0.0571658 -0.986145 -0.0289505 0.153009
1463226598.7488958836 -0.710423 0.0583184 -13.357 -0.057273 -0.990358 -0.0405848 0.119434
1463226598.9155352116 -0.709849 0.0610261 -13.4677 -0.0401382 -0.993004 -0.0637602 0.0909239
1463226599.0487079620 -0.710947 0.0764915 -13.5582 -0.0396486 -0.995366 -0.0603775 0.0634803
1463226599.2152647972 -0.727785 0.0892613 -13.6764 -0.0440193 -0.995793 -0.0591925 0.0543504
1463226599.3819613457 -0.751002 0.0782351 -13.7805 -0.0824252 -0.991595 -0.0716637 0.0693523
1463226599.5484852791 -0.773473 0.075025 -13.881 -0.0529782 -0.995408 -0.0619054 0.0502414
1463226599.7151148319 -0.810645 0.0837432 -14.0003 -0.0571931 -0.996729 -0.0456162 0.0343509
1463226599.8483970165 -0.85311 0.08074 -14.0864 -0.0836398 -0.99209 -0.0641163 0.0681985
1463226600.0149095058 -0.895601 0.0717485 -14.1831 -0.0643137 -0.991471 -0.0836635 0.0764779
1463226600.1815593243 -0.934239 0.0756323 -14.276 -0.0541026 -0.992575 -0.0772208 0.0768376
1463226600.3169722557 -0.970905 0.0839241 -14.366 -0.045672 -0.99357 -0.0591545 0.0850441
1463226600.4482405186 -1.00764 0.0912028 -14.458 -0.0613961 -0.99051 -0.0641413 0.104915
1463226600.5813088417 -1.03967 0.0866653 -14.5302 -0.0853831 -0.985364 -0.0692298 0.130287
1463226600.7481410503 -1.07115 0.0866225 -14.6175 -0.0849447 -0.984968 -0.0719742 0.132066
1463226600.8819627762 -1.11128 0.108806 -14.704 -0.109915 -0.979597 -0.0657244 0.154882
1463226601.0145676136 -1.14923 0.12242 -14.8037 -0.132786 -0.979049 -0.063077 0.140898
1463226601.1494469643 -1.18778 0.105565 -14.8957 -0.123715 -0.982976 -0.0442609 0.128431
1463226601.2811214924 -1.22143 0.0922974 -14.9751 -0.121354 -0.984585 -0.043463 0.118223
1463226601.4144120216 -1.26203 0.100614 -15.0544 -0.150737 -0.981519 -0.0258854 0.115017
1463226601.5475025177 -1.30762 0.117771 -15.14 -0.207314 -0.971116 -0.0215553 0.116145
1463226601.6812942028 -1.36637 0.108829 -15.2211 -0.207188 -0.964896 -0.0204742 0.160092
1463226601.8154788017 -1.4288 0.0885485 -15.2863 -0.20884 -0.956062 -0.00828903 0.20558
1463226601.9473052025 -1.4892 0.0896958 -15.3529 -0.213072 -0.950055 0.0168856 0.227402
1463226602.0805540085 -1.55617 0.104649 -15.4273 -0.266786 -0.93372 0.0496557 0.233511
1463226602.2138342857 -1.63261 0.102249 -15.5011 -0.263734 -0.932259 0.056336 0.241171
1463226602.3470938206 -1.7082 0.081632 -15.565 -0.235763 -0.933906 0.0691974 0.259707
1463226602.5136020184 -1.79357 0.0782629 -15.6386 -0.254563 -0.927559 0.0634591 0.26609
1463226602.6486351490 -1.87163 0.0950127 -15.7014 -0.297598 -0.911577 0.087258 0.269904
1463226602.7803001404 -1.95832 0.0995503 -15.7622 -0.359914 -0.882171 0.104982 0.284984
1463226602.9136328697 -2.04367 0.0742554 -15.8049 -0.35403 -0.863462 0.153416 0.324899
1463226603.0466644764 -2.12179 0.0711683 -15.8415 -0.348488 -0.847831 0.163663 0.364627
1463226603.2147283554 -2.22508 0.0947873 -15.8984 -0.369742 -0.827979 0.174915 0.383597
1463226603.3466167450 -2.31455 0.0993577 -15.948 -0.38496 -0.818526 0.179499 0.386782
1463226603.4817829132 -2.39911 0.0788601 -15.9935 -0.379134 -0.81789 0.195418 0.386167
1463226603.6482954025 -2.491 0.0711046 -16.0442 -0.371127 -0.819697 0.185849 0.394743
1463226603.8147826195 -2.59926 0.0890178 -16.0967 -0.36943 -0.809847 0.199252 0.409839
1463226603.9463486671 -2.6877 0.0789505 -16.1425 -0.365794 -0.80569 0.212865 0.414422
1463226604.0795626640 -2.77364 0.050891 -16.1754 -0.35353 -0.794586 0.251264 0.424872
1463226604.2462244034 -2.87538 0.0512335 -16.2048 -0.346737 -0.778086 0.254913 0.457575
1463226604.4129381180 -2.99341 0.0821932 -16.2328 -0.358118 -0.756436 0.254156 0.484728
1463226604.5460577011 -3.09581 0.0885985 -16.254 -0.367636 -0.74783 0.251128 0.492471
1463226604.6792557240 -3.18951 0.0737499 -16.2613 -0.361955 -0.730831 0.270409 0.511618
1463226604.8143303394 -3.27316 0.075954 -16.2653 -0.37369 -0.70871 0.248055 0.544569
1463226604.9457502365 -3.36451 0.0986951 -16.2652 -0.374292 -0.683068 0.239749 0.579521
1463226605.0791156292 -3.46012 0.105515 -16.268 -0.356381 -0.682345 0.245439 0.589201
1463226605.2122776508 -3.55441 0.0869497 -16.2629 -0.340246 -0.669501 0.266231 0.604254
1463226605.3456680775 -3.63659 0.0774361 -16.2508 -0.328282 -0.651255 0.273994 0.626917
1463226605.5122015476 -3.74382 0.093219 -16.2347 -0.327554 -0.635284 0.288574 0.637062
1463226605.6475369930 -3.83918 0.101511 -16.2138 -0.310433 -0.63286 0.299177 0.643127
1463226605.7789056301 -3.93001 0.0858628 -16.1895 -0.290397 -0.629286 0.304055 0.65362
1463226605.9452652931 -4.0255 0.0733681 -16.1616 -0.305797 -0.609287 0.285371 0.673662
1463226606.0788176060 -4.0997 0.0838304 -16.1344 -0.285318 -0.592281 0.269367 0.703732
1463226606.2119443417 -4.18049 0.105727 -16.1081 -0.270825 -0.573739 0.263553 0.726648
1463226606.3452229500 -4.27033 0.115217 -16.0839 -0.258049 -0.567133 0.261509 0.737146
1463226606.4805440903 -4.35155 0.107758 -16.0596 -0.260065 -0.554597 0.269483 0.743079
1463226606.6117839813 -4.42373 0.105699 -16.0285 -0.263375 -0.538874 0.26417 0.75529
1463226606.7450153828 -4.50276 0.119499 -15.9947 -0.259398 -0.542397 0.258603 0.756071
1463226606.8781328201 -4.59046 0.129858 -15.9484 -0.226375 -0.566286 0.256577 0.749829
1463226607.0113801956 -4.67494 0.11885 -15.8966 -0.203779 -0.571398 0.267173 0.74873
1463226607.1780061722 -4.76225 0.113642 -15.8314 -0.230607 -0.543848 0.252173 0.766458
1463226607.3113977909 -4.83003 0.126261 -15.7773 -0.219878 -0.524847 0.25255 0.782565
1463226607.4445135593 -4.90667 0.144509 -15.7219 -0.214295 -0.50635 0.256737 0.794842
1463226607.5778715611 -4.98644 0.142028 -15.6622 -0.204912 -0.499958 0.258898 0.80064
1463226607.7115435600 -5.05597 0.127259 -15.6034 -0.195254 -0.480893 0.266651 0.812105
1463226607.8776741028 -5.14361 0.136423 -15.536 -0.196749 -0.469248 0.281141 0.813668
1463226608.0109486580 -5.22071 0.154102 -15.4723 -0.178552 -0.467507 0.28596 0.81718
1463226608.1443619728 -5.30153 0.160046 -15.404 -0.183367 -0.47443 0.289389 0.810893
1463226608.2775182724 -5.37505 0.148197 -15.3379 -0.174782 -0.470256 0.287494 0.815878
1463226608.4446496964 -5.46055 0.150078 -15.2607 -0.175979 -0.463571 0.298611 0.815454
1463226608.6106815338 -5.55462 0.174222 -15.1765 -0.163924 -0.462326 0.284126 0.823806
1463226608.7442810535 -5.63309 0.168745 -15.1075 -0.1568 -0.467007 0.28103 0.823614
1463226608.8772692680 -5.70054 0.159424 -15.0415 -0.16404 -0.446501 0.281489 0.833361
1463226609.0438525677 -5.7825 0.17361 -14.9667 -0.191178 -0.435375 0.293217 0.829411
1463226609.1771767139 -5.85486 0.190458 -14.8985 -0.179424 -0.443317 0.289012 0.829307
1463226609.3102540970 -5.92529 0.189534 -14.8291 -0.182899 -0.451665 0.292032 0.82296
1463226609.4435517788 -5.98755 0.174426 -14.7648 -0.184756 -0.446267 0.28275 0.828712
1463226609.5773298740 -6.05217 0.171742 -14.7062 -0.186249 -0.451688 0.280648 0.826151
1463226609.7434535027 -6.14016 0.191183 -14.6268 -0.177021 -0.445651 0.292462 0.82736
1463226609.9100174904 -6.23239 0.186615 -14.5487 -0.169279 -0.439119 0.282058 0.83604
1463226610.0765960217 -6.31051 0.17362 -14.4715 -0.181224 -0.412746 0.293965 0.842842
1463226610.2435069084 -6.38789 0.188002 -14.3877 -0.175111 -0.408963 0.300718 0.843596
1463226610.3764810562 -6.45311 0.195271 -14.3096 -0.155531 -0.428594 0.321044 0.830089
1463226610.5100176334 -6.5163 0.179863 -14.2218 -0.13341 -0.44196 0.328331 0.824058
1463226610.6476509571 -6.56285 0.16938 -14.1392 -0.144471 -0.412293 0.327302 0.837864
1463226610.7768054008 -6.60402 0.176292 -14.0573 -0.138939 -0.389159 0.312377 0.855378
1463226610.9095027447 -6.65118 0.193876 -13.9727 -0.138125 -0.375419 0.31487 0.86072
1463226611.0427718163 -6.6995 0.185684 -13.8805 -0.118534 -0.3657 0.31316 0.868415
1463226611.1759831905 -6.73625 0.166478 -13.7915 -0.0916384 -0.338546 0.315672 0.881669
1463226611.3113148212 -6.76962 0.164555 -13.709 -0.0950739 -0.315676 0.329624 0.884679
1463226611.4427170753 -6.80391 0.181638 -13.618 -0.088117 -0.301724 0.330393 0.889965
1463226611.5758640766 -6.83912 0.188112 -13.52 -0.0715996 -0.316776 0.330059 0.886334
1463226611.7110619545 -6.86836 0.171479 -13.4194 -0.0629295 -0.305231 0.32391 0.893284
1463226611.8758118153 -6.8999 0.165057 -13.3083 -0.0776749 -0.294563 0.325998 0.894944
1463226612.0090596676 -6.92301 0.181651 -13.2152 -0.0726583 -0.278894 0.316504 0.90375
1463226612.1439716816 -6.94531 0.192009 -13.1164 -0.075685 -0.261322 0.313693 0.909714
1463226612.2754652500 -6.96253 0.173155 -13.0259 -0.069528 -0.232905 0.32848 0.912701
1463226612.4095385075 -6.96625 0.159057 -12.9395 -0.0691722 -0.200077 0.329088 0.920264
1463226612.5421092510 -6.96992 0.168207 -12.8478 -0.0548384 -0.180825 0.339558 0.921409
1463226612.6752395630 -6.96533 0.17401 -12.7472 -0.0284593 -0.18189 0.338259 0.922869
1463226612.8103809357 -6.95621 0.16253 -12.6431 -0.0256283 -0.179653 0.334767 0.924662
1463226612.9417963028 -6.94349 0.146617 -12.5525 -0.0349317 -0.152017 0.333336 0.929816
1463226613.1083855629 -6.92391 0.155305 -12.4402 -0.041877 -0.109146 0.324772 0.93854
1463226613.2750494480 -6.90238 0.169507 -12.3196 -0.0209886 -0.0853495 0.316911 0.944374
1463226613.4083452225 -6.87982 0.153637 -12.2242 0.00450741 -0.0506677 0.3198 0.946119
1463226613.5415873528 -6.8495 0.142945 -12.1439 -0.00894567 0.0101368 0.330792 0.943607
1463226613.6747429371 -6.81391 0.15481 -12.064 -0.00517747 0.0608949 0.333359 0.940817
1463226613.8097827435 -6.77652 0.173125 -11.9749 0.00731569 0.0698258 0.328503 0.94189
1463226613.9414467812 -6.73539 0.168719 -11.8857 0.0123845 0.0781197 0.334709 0.938996
1463226614.0746226311 -6.69167 0.149071 -11.8052 0.0138618 0.099895 0.334294 0.937057
1463226614.2079265118 -6.64715 0.145464 -11.7281 0.0197255 0.118629 0.335501 0.934333
1463226614.3413298130 -6.60342 0.161414 -11.6459 0.0202578 0.130404 0.320932 0.937863
1463226614.4760770798 -6.55764 0.164714 -11.5573 0.0231541 0.136048 0.312158 0.939953
1463226614.6077244282 -6.50972 0.144808 -11.4761 0.0404168 0.159356 0.315261 0.934656
1463226614.7410473824 -6.4551 0.138497 -11.408 0.0258879 0.211193 0.305068 0.928257
1463226614.8743507862 -6.38734 0.155517 -11.3446 0.00804813 0.292142 0.223724 0.929804
1463226615.0074598789 -6.30576 0.171223 -11.2824 0.0189357 0.343122 0.207525 0.915883
1463226615.1425375938 -6.22668 0.165595 -11.2218 0.0247724 0.3824 0.201222 0.90148
1463226615.2740311623 -6.15663 0.150785 -11.1717 0.0199612 0.431898 0.185246 0.882468
1463226615.4073030949 -6.09334 0.153306 -11.1175 0.0149404 0.459937 0.160877 0.873128
1463226615.5405588150 -6.03318 0.160283 -11.0534 0.0207939 0.466336 0.134603 0.87406
1463226615.6738145351 -5.9803 0.159229 -10.9825 0.00997858 0.470094 0.11561 0.874955
1463226615.8404500484 -5.92144 0.143157 -10.8986 0.00304569 0.477138 0.110184 0.871888
1463226615.9740469456 -5.88116 0.143443 -10.8259 -0.0110867 0.456631 0.074057 0.886499
1463226616.1070044041 -5.82891 0.166991 -10.7498 -0.0245893 0.447748 0.0643307 0.891503
1463226616.2402830124 -5.76415 0.181373 -10.6707 -0.0333534 0.479533 0.0662869 0.874381
1463226616.3735003471 -5.7067 0.17016 -10.5846 -0.038655 0.517759 0.0756197 0.851301
1463226616.5067315102 -5.66423 0.15316 -10.492 -0.00440533 0.533776 0.083507 0.841481
1463226616.6420261860 -5.62017 0.160018 -10.3954 -0.0197619 0.548343 0.0972763 0.830342
1463226616.7732205391 -5.58001 0.16429 -10.2883 -0.0177956 0.500194 0.08207 0.861832
1463226616.9065377712 -5.54015 0.149019 -10.1944 -0.0152469 0.464421 0.0601314 0.883439
1463226617.0398917198 -5.50508 0.126373 -10.1083 -0.00633534 0.426988 0.0667246 0.90177
1463226617.1730976105 -5.46341 0.133312 -10.024 -0.018329 0.396766 0.0608779 0.915715
1463226617.3086261749 -5.41342 0.149343 -9.93097 -0.0240276 0.377658 0.0405791 0.924743
1463226617.4395718575 -5.36133 0.142175 -9.83561 -0.0198308 0.3665 0.0487645 0.928928
1463226617.5728719234 -5.31892 0.122203 -9.74916 -0.0201545 0.344152 0.0534549 0.937174
1463226617.7062053680 -5.27834 0.123521 -9.66241 -0.0211959 0.321768 0.0635518 0.944445
1463226617.8410789967 -5.23292 0.136644 -9.57114 -0.00496369 0.321863 0.0756401 0.943747
1463226617.9750113487 -5.17936 0.124147 -9.47314 0.019188 0.332243 0.0629025 0.940898
1463226618.1064987183 -5.12899 0.102149 -9.38459 0.0202282 0.33699 0.0757774 0.938236
1463226618.2392110825 -5.0832 0.0920477 -9.30524 0.0268803 0.347129 0.0942646 0.932681
1463226618.4057276249 -5.01719 0.113466 -9.19869 0.00943254 0.339075 0.112412 0.933972
1463226618.5390634537 -4.95683 0.113862 -9.10986 -0.0177587 0.313796 0.102671 0.943756
1463226618.6723108292 -4.87048 0.0989956 -9.01983 -0.0539035 0.312492 0.0445263 0.947344
1463226618.8075895309 -4.78461 0.0765385 -8.92349 -0.0768492 0.340345 0.0324916 0.936592
1463226618.9389512539 -4.72404 0.0456445 -8.81355 -0.0335512 0.322749 0.036366 0.94519
1463226619.0721609592 -4.6879 -0.001575 -8.70611 0.00629922 0.289657 -0.0170745 0.956958
1463226619.2055141926 -4.66699 -0.0537615 -8.61214 0.0354412 0.228751 -0.0679269 0.970465
1463226619.3387362957 -4.6479 -0.0818262 -8.5288 0.0496817 0.18781 -0.130788 0.97219
1463226619.5052430630 -4.61486 -0.0551412 -8.4202 0.0471391 0.127146 -0.159553 0.977832
1463226619.6757073402 -4.55356 -0.00396971 -8.30538 0.0191384 0.0936966 -0.127711 0.98719
1463226619.8087360859 -4.50658 0.0260346 -8.22414 -0.0273451 0.101429 -0.0914206 0.990256
1463226619.9384126663 -4.46111 0.054117 -8.15303 -0.0580499 0.137607 -0.0593991 0.986999
1463226620.0716285706 -4.41268 0.0956735 -8.08015 -0.0922985 0.1877 -0.0404353 0.977044
1463226620.2050173283 -4.3656 0.118199 -8.00436 -0.0955491 0.23707 -0.01124 0.966717
1463226620.3382062912 -4.32658 0.116334 -7.93151 -0.0785457 0.29108 0.01141 0.953401
1463226620.4713807106 -4.29342 0.106536 -7.86172 -0.0801142 0.320835 0.0210081 0.943507
1463226620.6046392918 -4.2572 0.113365 -7.78271 -0.0798988 0.31718 0.0176892 0.944828
1463226620.7380032539 -4.20816 0.117937 -7.69613 -0.0568465 0.324192 0.0174585 0.94412
1463226620.8713729382 -4.15923 0.110485 -7.60712 -0.0566423 0.33052 0.0267502 0.941718
1463226621.0045113564 -4.11471 0.0916309 -7.52235 -0.0595153 0.329676 0.0192854 0.942019
1463226621.1377203465 -4.07506 0.0887683 -7.43805 -0.0654073 0.323862 0.0108982 0.943778
1463226621.2710399628 -4.03398 0.101204 -7.34988 -0.0693821 0.332805 0.0183941 0.94026
1463226621.4043145180 -3.99475 0.0991743 -7.2642 -0.04953 0.336373 -0.000876964 0.940425
1463226621.5376245975 -3.95993 0.0918667 -7.18445 -0.0610052 0.331639 0.00344278 0.941425
1463226621.6708612442 -3.92471 0.0878714 -7.10552 -0.0609361 0.32514 -0.00310473 0.943695
1463226621.8061249256 -3.88719 0.0998942 -7.01717 -0.043567 0.312999 -0.00978426 0.948703
1463226621.9373011589 -3.84518 0.101497 -6.91627 -0.0133821 0.270725 -0.0380463 0.961811
1463226622.0706963539 -3.80433 0.0905476 -6.81154 -0.0235737 0.219258 -0.0538286 0.973896
1463226622.2043061256 -3.77143 0.0775726 -6.70744 -0.0410883 0.189892 -0.0615271 0.979013
1463226622.3374154568 -3.74327 0.0883147 -6.60084 -0.0513554 0.153245 -0.0689757 0.984439
1463226622.4725677967 -3.7117 0.0977095 -6.49134 -0.0396395 0.12191 -0.0941631 0.987269
1463226622.6037290096 -3.68497 0.0959074 -6.39606 -0.0441815 0.0903647 -0.103069 0.989575
1463226622.7370121479 -3.65637 0.0843534 -6.31109 -0.050896 0.0892736 -0.0852741 0.991044
1463226622.8702230453 -3.62858 0.0885413 -6.22172 -0.0629083 0.0693927 -0.0870319 0.991793
1463226623.0034778118 -3.595 0.0976506 -6.12225 -0.0536021 0.0465424 -0.0878948 0.993597
1463226623.1397395134 -3.5556 0.0975227 -6.01944 -0.0715622 0.0345483 -0.0684639 0.994484
1463226623.2701106071 -3.51747 0.079182 -5.9248 -0.0708075 0.0468925 -0.0663808 0.994174
1463226623.4032850266 -3.47581 0.0727852 -5.83851 -0.0962275 0.0754556 -0.0642305 0.990415
1463226623.5366542339 -3.42676 0.0848681 -5.75543 -0.12385 0.115548 -0.0528002 0.984135
1463226623.6705410480 -3.37268 0.0965817 -5.67806 -0.144142 0.163318 -0.0435141 0.975016
1463226623.8031849861 -3.31854 0.0971083 -5.61765 -0.179571 0.223155 -0.0157859 0.95797
1463226623.9364655018 -3.27395 0.0958179 -5.56597 -0.201814 0.25192 -0.00506875 0.946457
1463226624.0695750713 -3.2302 0.109974 -5.50606 -0.211844 0.276358 0.00377164 0.937408
1463226624.2029223442 -3.18478 0.12311 -5.43174 -0.208801 0.283748 0.017574 0.935724
1463226624.3364708424 -3.14097 0.11655 -5.35298 -0.202996 0.290043 0.0200799 0.935021
1463226624.4699127674 -3.10103 0.0987273 -5.27927 -0.211153 0.292653 0.00721807 0.932586
1463226624.6027293205 -3.06243 0.0953688 -5.20551 -0.217595 0.295413 -0.000889772 0.930259
1463226624.7360544205 -3.02252 0.104464 -5.12274 -0.21299 0.295857 0.00218425 0.931182
1463226624.8695611954 -2.97963 0.101743 -5.03861 -0.211266 0.309569 -0.00443935 0.9271
1463226625.0024797916 -2.94159 0.0807397 -4.96183 -0.196117 0.334542 0.00237589 0.921745
1463226625.1357610226 -2.90299 0.0668147 -4.88947 -0.184156 0.35241 0.0116813 0.917474
1463226625.2692396641 -2.85871 0.0720754 -4.80729 -0.15259 0.349858 0.014525 0.924178
1463226625.4024410248 -2.8064 0.0722462 -4.71654 -0.110558 0.338421 0.0142212 0.934369
1463226625.5355730057 -2.75532 0.0517072 -4.62727 -0.0724457 0.32464 0.000470088 0.943059
1463226625.6689100266 -2.7101 0.0270769 -4.54163 -0.0696224 0.3105 -0.0200978 0.947807
1463226625.8039786816 -2.66308 0.0317169 -4.45309 -0.0628045 0.296708 -0.0414543 0.951999
1463226625.9353790283 -2.61113 0.0494541 -4.3593 -0.0679233 0.291394 -0.0328015 0.953625
1463226626.0687210560 -2.55865 0.0437347 -4.27209 -0.05737 0.307692 -0.0392292 0.948944
1463226626.2018413544 -2.50575 0.0253536 -4.19423 -0.0414724 0.329506 -0.026349 0.942874
1463226626.3351676464 -2.44815 0.0240234 -4.11536 -0.0363815 0.339106 -0.016618 0.939897
1463226626.4684145451 -2.39027 0.0360487 -4.03318 -0.0276101 0.332763 -0.0134301 0.942511
1463226626.6017594337 -2.33079 0.0347296 -3.95015 -0.0264224 0.33155 -0.0109474 0.943004
1463226626.7350630760 -2.27753 0.0168287 -3.87013 -0.0301457 0.325448 0.00546804 0.945063
1463226626.8683450222 -2.23011 0.00286767 -3.79255 -0.0325977 0.309264 -0.00539613 0.950402
1463226627.0018537045 -2.18214 0.0143991 -3.7142 -0.0314994 0.299967 -0.0167952 0.953282
1463226627.1368768215 -2.12768 0.0271685 -3.63344 -0.0193662 0.301497 -0.0345581 0.952644
1463226627.2680099010 -2.07652 0.0298338 -3.5599 -0.040557 0.319613 -0.0168792 0.946529
1463226627.4020893574 -2.02193 0.0254091 -3.49041 -0.0414879 0.341057 -0.0042329 0.939117
1463226627.5346593857 -1.96113 0.0402067 -3.41638 -0.0411129 0.349864 0.00349148 0.935891
1463226627.6678154469 -1.89692 0.0560955 -3.33483 -0.0378856 0.34393 0.0122862 0.93815
1463226627.8029215336 -1.83631 0.0511646 -3.25548 -0.0438534 0.330416 0.00937035 0.942769
1463226627.9343070984 -1.77765 0.0312481 -3.182 -0.0526958 0.326391 0.00935706 0.943719
1463226628.0684125423 -1.71973 0.028312 -3.11002 -0.0456353 0.318856 0.00337495 0.946698
1463226628.2010543346 -1.65695 0.0395109 -3.03359 -0.0419262 0.319482 -0.00918338 0.94662
1463226628.3343470097 -1.59481 0.0413834 -2.96019 -0.0537854 0.329387 -0.0143596 0.942552
1463226628.4694304466 -1.54003 0.0309965 -2.895 -0.0638901 0.344692 0.00282174 0.936535
1463226628.6014926434 -1.48378 0.0272321 -2.83268 -0.0543578 0.350506 0.00441999 0.934971
1463226628.7340669632 -1.42378 0.0402295 -2.76334 -0.0444359 0.344919 0.0159857 0.937444
1463226628.8672051430 -1.35621 0.0474465 -2.68606 -0.0378984 0.329557 0.00953551 0.943327
1463226629.0004880428 -1.29665 0.0331657 -2.60409 -0.0526323 0.311505 -0.00265514 0.948782
1463226629.1358458996 -1.24088 0.0224556 -2.52136 -0.0665963 0.292357 -0.0195268 0.953788
1463226629.2671480179 -1.18928 0.0313164 -2.43397 -0.0854438 0.265983 -0.0349929 0.959546
1463226629.4003350735 -1.14 0.0385771 -2.33999 -0.10242 0.241608 -0.0630759 0.96289
1463226629.5336201191 -1.09914 0.0338307 -2.24948 -0.117548 0.218189 -0.0803523 0.965463
1463226629.6668870449 -1.06183 0.0226746 -2.1697 -0.123572 0.204226 -0.0791956 0.967858
1463226629.8019673824 -1.02547 0.0197991 -2.09219 -0.122099 0.186344 -0.0760953 0.971894
1463226629.9335453510 -0.988764 0.0307421 -2.013 -0.117931 0.152082 -0.0818372 0.977889
1463226630.0667104721 -0.948563 0.0309999 -1.93418 -0.111494 0.113233 -0.0783956 0.984176
1463226630.1999642849 -0.906869 0.015089 -1.86211 -0.108963 0.0758003 -0.0861856 0.987397
1463226630.3336148262 -0.862457 -0.00517477 -1.80393 -0.106687 0.0545528 -0.0775845 0.989759
1463226630.4664685726 -0.814285 -0.0141346 -1.75013 -0.0994441 0.0376466 -0.0844401 0.990739
1463226630.5998175144 -0.755227 -0.0176395 -1.69904 -0.0830017 0.0322485 -0.0871199 0.99221
1463226630.7333414555 -0.68693 -0.017614 -1.65233 -0.0960397 0.0409815 -0.0844867 0.990938
1463226630.8662688732 -0.618983 -0.0226553 -1.6146 -0.0981158 0.0441906 -0.0921807 0.989911
1463226630.9995923042 -0.54777 -0.0303572 -1.58198 -0.0962936 0.057138 -0.0854642 0.99003
1463226631.1328358650 -0.472631 -0.0361088 -1.55024 -0.0796597 0.0620977 -0.0944764 0.99039
1463226631.2662379742 -0.395506 -0.0400211 -1.51946 -0.0607811 0.0620691 -0.0971086 0.991475
1463226631.3996746540 -0.324145 -0.0441188 -1.49332 -0.0610706 0.0590539 -0.0979431 0.991559
1463226631.5331330299 -0.258196 -0.0487344 -1.46719 -0.0714618 0.0708857 -0.0963961 0.99024
1463226631.6659529209 -0.199382 -0.0422523 -1.44076 -0.0719867 0.0723007 -0.0920467 0.990514
1463226631.8026919365 -0.144818 -0.0244981 -1.41304 -0.0729132 0.083861 -0.09095 0.989636
1463226631.9324247837 -0.0985471 -0.00352303 -1.38851 -0.0756956 0.0932079 -0.0925881 0.988438
1463226632.0657300949 -0.0655053 0.0234207 -1.37243 -0.101483 0.0956767 -0.082932 0.986747
1463226632.2656562328 -0.0382465 0.0644076 -1.36422 -0.121383 0.100659 -0.0433191 0.986538
1463226632.4684786797 -0.0394809 0.102522 -1.37034 -0.140302 0.0890396 -0.0346847 0.985487
1463226632.6653976440 -0.0595151 0.136489 -1.38349 -0.173462 0.0935242 -0.00986899 0.98034
1463226632.8652763367 -0.0997609 0.16076 -1.39752 -0.208688 0.112454 -0.00574436 0.971478
1463226633.0331532955 -0.154164 0.174432 -1.40478 -0.225856 0.114786 -0.0136389 0.967278
1463226633.1669163704 -0.213582 0.180862 -1.40694 -0.224072 0.116355 -0.00181919 0.9676
1463226633.2984218597 -0.279026 0.181302 -1.4085 -0.230319 0.115205 0.0163458 0.966133
1463226633.4317188263 -0.341299 0.174334 -1.40393 -0.219897 0.0968187 0.0347522 0.970084
1463226633.5649387836 -0.390612 0.165561 -1.39775 -0.226914 0.0872904 0.0554113 0.968411
1463226633.7650039196 -0.431512 0.148917 -1.38369 -0.23939 0.0706368 0.0592396 0.966537
1463226633.9980506897 -0.419391 0.123019 -1.35518 -0.216184 0.0905332 0.0580857 0.970409
1463226634.1339657307 -0.393199 0.113469 -1.33267 -0.197081 0.109342 0.055206 0.972705
1463226634.2646529675 -0.359469 0.111217 -1.30163 -0.191641 0.122351 0.0560963 0.972192
1463226634.3979947567 -0.324473 0.115591 -1.26051 -0.201031 0.118562 0.0547359 0.970842
1463226634.5321831703 -0.293969 0.124908 -1.211 -0.214241 0.0972054 0.0344392 0.971322
1463226634.6643466949 -0.264648 0.135972 -1.16189 -0.231481 0.0991251 0.0211481 0.967545
1463226634.7998590469 -0.242912 0.140865 -1.11534 -0.229642 0.0866976 0.00614937 0.969387
1463226634.9309055805 -0.226507 0.145623 -1.07762 -0.240359 0.0929679 0.0158984 0.966091
1463226635.1308689117 -0.221058 0.158309 -1.04583 -0.259156 0.0757049 0.0268233 0.96249
1463226635.4640429020 -0.228343 0.150478 -1.08414 -0.240746 0.0638235 0.00622206 0.968468
1463226635.6314582825 -0.235756 0.13342 -1.14011 -0.219668 0.0610703 0.00336351 0.973655
1463226635.7639682293 -0.245299 0.120622 -1.1998 -0.206668 0.0615895 0.00370723 0.976464
1463226635.8972935677 -0.259033 0.107864 -1.26703 -0.209166 0.0602656 0.00501078 0.976009
1463226636.0305647850 -0.275355 0.0986959 -1.32791 -0.209525 0.042287 -0.012598 0.976807
1463226636.1970393658 -0.287154 0.0895199 -1.39675 -0.206771 0.0288279 -0.0167805 0.977821
1463226636.3635120392 -0.287037 0.0804656 -1.46891 -0.196137 0.0224004 -0.0334693 0.979749
1463226636.4976313114 -0.283545 0.0779129 -1.53349 -0.20023 0.0200165 -0.0402098 0.978719
1463226636.6643090248 -0.27868 0.0721966 -1.61288 -0.199962 0.0170755 -0.0426727 0.978725
1463226636.8632965088 -0.279124 0.0642237 -1.70112 -0.18633 0.0300319 -0.0301848 0.981564
1463226637.1314327717 -0.299877 0.0614052 -1.8081 -0.168285 0.0538704 -0.0180088 0.9841
1463226637.4963369370 -0.337764 0.0644616 -1.88719 -0.175502 0.0417612 -0.0166063 0.983453
1463226637.8628363609 -0.401761 0.0754655 -1.87424 -0.168184 0.0245153 0.00823254 0.985416
1463226638.0626792908 -0.445381 0.0802648 -1.8433 -0.17307 -0.00901941 0.0068567 0.984844
1463226638.2301831245 -0.481507 0.0852992 -1.8012 -0.182984 -0.0178833 0.0100546 0.982902
1463226638.3626232147 -0.512929 0.0888639 -1.75813 -0.191139 -0.0182911 0.0191109 0.981206
1463226638.4962322712 -0.544578 0.0873763 -1.71292 -0.192199 -0.0203217 0.0302788 0.980678
1463226638.6339814663 -0.570523 0.0842051 -1.66864 -0.198095 -0.027057 0.0356468 0.979161
1463226638.7958073616 -0.587339 0.0783769 -1.61411 -0.203983 -0.0255085 0.0326438 0.978097
1463226638.9290928841 -0.587567 0.074113 -1.56456 -0.206779 -0.0176798 0.0286791 0.977807
1463226639.0635080338 -0.578655 0.0697901 -1.50675 -0.203425 -0.00279603 0.0326317 0.978543
1463226639.1955664158 -0.562353 0.0625647 -1.44922 -0.194298 0.0209413 0.0269712 0.980348
1463226639.3287439346 -0.543365 0.0570266 -1.39907 -0.192569 0.028652 0.0060027 0.980847
1463226639.4620652199 -0.518325 0.0529884 -1.35306 -0.195515 0.0402447 0.000476998 0.979875
1463226639.5958082676 -0.48671 0.0514894 -1.30745 -0.192425 0.0483941 -0.00730758 0.98009
1463226639.7286343575 -0.451145 0.0580562 -1.26175 -0.197793 0.0436053 -0.0229299 0.979005
1463226639.8617799282 -0.413027 0.0653044 -1.2161 -0.199145 0.037924 -0.0403888 0.978403
1463226639.9950089455 -0.371784 0.071531 -1.17928 -0.204018 0.0314942 -0.0615602 0.976522
1463226640.1301529408 -0.328413 0.0724945 -1.15252 -0.20254 0.0330032 -0.063345 0.976666
1463226640.2972381115 -0.280196 0.0752902 -1.13207 -0.200819 0.0305678 -0.0479857 0.977975
1463226640.4950194359 -0.225775 0.0844842 -1.13546 -0.206299 0.0258829 -0.057477 0.976457
1463226640.6614127159 -0.177251 0.088792 -1.1505 -0.215844 0.0333498 -0.0714891 0.973236
1463226640.8292341232 -0.128645 0.0910589 -1.17279 -0.218782 0.0501021 -0.0712311 0.97188
1463226640.9945919514 -0.084446 0.0949125 -1.20515 -0.22981 0.0617115 -0.0724279 0.968573
1463226641.1611845493 -0.0492179 0.0974378 -1.24593 -0.245477 0.0549394 -0.0726025 0.965117
1463226641.3278613091 -0.0225674 0.096018 -1.29743 -0.25166 0.0392778 -0.0915939 0.962671
1463226641.4943268299 -0.00885918 0.0938967 -1.35349 -0.2382 0.0245797 -0.089043 0.966813
1463226641.6275680065 -0.010737 0.0922658 -1.4049 -0.229093 0.0251887 -0.0705969 0.970514
1463226641.7610740662 -0.0225743 0.088015 -1.45833 -0.217658 0.0285974 -0.0545471 0.97408
1463226641.8943827152 -0.044002 0.0797619 -1.51076 -0.203333 0.028076 -0.0348372 0.978087
1463226642.0275788307 -0.0702389 0.0704113 -1.55997 -0.183292 0.014669 -0.00398381 0.982941
1463226642.1606554985 -0.0973297 0.0650014 -1.6059 -0.162827 -0.00857881 0.0118551 0.986546
1463226642.2961602211 -0.122804 0.0616309 -1.64994 -0.148554 -0.0400878 0.0379133 0.987364
