1464888973.6916348934 0 0 0 -0 -0 -0 1
1464888973.8906681538 -0.00282007 -0.0122028 -0.00749796 0.0212768 0.00485277 -0.060161 0.99795
1464888974.3699905872 -0.00376238 -0.0205123 -0.0116489 0.0516762 0.0800593 -0.00759832 0.995421
1464888974.8063387871 -0.0726696 -0.0076198 -0.0205487 0.0404163 0.148897 -0.0090694 0.987985
1464888975.0048434734 -0.138843 0.00933327 -0.0302745 0.0250786 0.180453 -0.0177287 0.983104
1464888975.1641564369 -0.234177 0.0238719 -0.0406941 0.00314866 0.189823 -0.0434553 0.980851
1464888975.3232343197 -0.329435 0.0339471 -0.0472565 -0.0193633 0.18438 -0.0618792 0.980714
1464888975.4823470116 -0.40112 0.054957 -0.0480531 -0.0388285 0.16309 -0.0725613 0.983173
1464888975.6415383816 -0.464713 0.0686514 -0.0468277 -0.0654268 0.142672 -0.063231 0.985579
1464888975.8011784554 -0.52645 0.0696471 -0.051345 -0.0776458 0.116032 -0.0600439 0.988384
1464888976.0395715237 -0.602086 0.0601986 -0.056417 -0.103739 0.0949744 -0.0388888 0.989296
1464888976.2384033203 -0.653518 0.0380114 -0.0668815 -0.126019 0.040938 -0.00925618 0.99114
1464888976.4374132156 -0.679726 0.00158205 -0.0824744 -0.129404 -0.00893599 -0.00130172 0.991551
1464888976.6762797832 -0.685717 -0.0585285 -0.105597 -0.118599 -0.05277 0.013534 0.991447
1464888976.9156458378 -0.657422 -0.100778 -0.120538 -0.0801626 -0.0755201 0.0384499 0.993173
1464888977.1537203789 -0.59871 -0.130469 -0.117836 -0.0581462 -0.0673306 0.0625803 0.994067
1464888977.3527336121 -0.53049 -0.152194 -0.103801 -0.0314414 -0.0573432 0.0738187 0.995125
1464888977.5515580177 -0.452847 -0.16778 -0.0850455 -0.0175548 -0.0411439 0.0880549 0.995111
1464888977.7137601376 -0.384734 -0.169266 -0.0748462 -0.0119501 -0.0265214 0.101735 0.994386
1464888977.9127695560 -0.307348 -0.165928 -0.0753564 -0.0092771 -0.00877167 0.127995 0.991693
1464888978.2281200886 -0.209622 -0.169321 -0.0797624 -0.00475321 -0.00551917 0.143273 0.989656
1464888978.6658546925 -0.0971979 -0.162899 -0.0799053 -0.00857393 -0.0299116 0.143104 0.989218
1464888979.0238435268 0.00493888 -0.148483 -0.0896935 -0.0162632 -0.022811 0.132262 0.990819
1464888979.4617249966 0.118758 -0.131937 -0.0991508 -0.00797685 -0.0322719 0.110523 0.993317
1464888979.7403433323 0.199159 -0.116191 -0.0974928 -0.0209609 -0.00836757 0.0802282 0.996521
1464888980.0585846901 0.284678 -0.112683 -0.0942477 -0.0258902 0.00815507 0.0405993 0.998807
1464888980.4564313889 0.37192 -0.132368 -0.108555 -0.0187679 0.033179 0.00861896 0.999236
1464888980.8147516251 0.417795 -0.187366 -0.128165 0.00266719 0.0415407 0.0473952 0.998008
1464888981.1330342293 0.411008 -0.236204 -0.131394 0.0502375 0.0468587 0.057346 0.995988
1464888981.4937925339 0.344848 -0.262349 -0.142481 0.0822542 0.0211421 0.0564196 0.994788
1464888981.6924419403 0.288396 -0.257514 -0.149321 0.101694 -0.0104471 0.0512321 0.993441
1464888981.9289722443 0.218415 -0.225911 -0.148459 0.0777339 -0.0240833 0.0333942 0.996124
1464888982.1675257683 0.158881 -0.195434 -0.13008 0.0348962 -0.0109567 0.0164519 0.999195
1464888982.4885389805 0.0946886 -0.172021 -0.0838444 -0.000552024 0.00574392 0.0215367 0.999751
1464888982.8440980911 0.00799512 -0.148819 -0.0547497 -0.0183682 0.0238302 0.0361876 0.998892
1464888983.2419822216 -0.0958423 -0.120997 -0.0450659 -0.0300171 0.0593307 0.0281518 0.99739
1464888983.5606253147 -0.190809 -0.089236 -0.000455889 -0.0507025 0.0781732 0.0293796 0.995216
1464888983.7991440296 -0.266571 -0.0597273 0.0185561 -0.0708437 0.0864499 0.047388 0.992604
1464888984.0830562115 -0.34621 -0.0379936 0.029697 -0.0835634 0.0821044 0.0673491 0.990828
1464888984.4357683659 -0.420622 -0.0283221 0.0755679 -0.0939242 0.0808075 0.070625 0.989778
1464888984.8336465359 -0.450017 -0.00750415 0.180812 -0.0536862 0.11133 0.0706547 0.989814
1464888985.2745370865 -0.44919 -0.00107742 0.246716 -0.105565 0.139085 0.103717 0.97916
1464888985.5499730110 -0.452213 -0.0738112 0.23982 -0.11828 0.130583 0.11068 0.978114
1464888985.7090859413 -0.458875 -0.135505 0.216996 -0.0904368 0.12708 0.0930044 0.983373
1464888985.9479072094 -0.468968 -0.211985 0.148804 -0.0911634 0.104838 0.0991412 0.985327
1464888986.2265427113 -0.477687 -0.271368 0.0453061 -0.07533 0.112525 0.0991308 0.985818
1464888986.5049853325 -0.473943 -0.305393 -0.0591263 -0.0414601 0.12373 0.0874825 0.987582
1464888987.9375851154 -0.41987 -0.21293 0.0243299 -0.0352467 0.120278 0.08502 0.988465
1464888988.5742511749 -0.489976 -0.159505 0.0667402 -0.0238333 0.142887 0.0577146 0.987767
1464888988.8926703930 -0.563292 -0.136723 0.0675138 -0.00381141 0.148699 0.0569234 0.987235
1464888989.1728856564 -0.62987 -0.116902 0.0797965 -0.0135412 0.147757 0.0154557 0.98881
1464888989.3704731464 -0.684602 -0.104934 0.088953 0.00928195 0.139956 0.00657683 0.990092
1464888989.6087117195 -0.75724 -0.0910498 0.0969031 0.0242841 0.139471 -0.00237574 0.989925
1464888989.8502540588 -0.834597 -0.0829511 0.0958006 0.0345724 0.150763 0.0188637 0.987785
1464888990.0475430489 -0.904512 -0.0658234 0.0964321 0.0308316 0.154265 0.0526765 0.986143
1464888990.2853934765 -0.987371 -0.0423213 0.0978733 0.0261192 0.178901 0.04696 0.982399
1464888990.5271108150 -1.07645 -0.0164995 0.108257 0.0140393 0.211935 0.0428592 0.976242
1464888990.7628242970 -1.17774 -0.0039009 0.123814 0.0362346 0.246371 0.0409709 0.967631
1464888990.9618632793 -1.26106 -0.00435036 0.14026 0.0712617 0.268688 0.0576186 0.958858
1464888991.1611752510 -1.34024 -0.00191178 0.170448 0.089223 0.295935 0.053588 0.949521
1464888991.3597564697 -1.42073 0.00302661 0.21357 0.0963244 0.310407 0.0185016 0.94553
1464888991.5587353706 -1.49027 0.000937295 0.26318 0.0974779 0.36726 0.0190146 0.924801
1464888991.7179346085 -1.54487 -0.00409319 0.312001 0.0980459 0.412261 0.0391847 0.904927
1464888991.8769710064 -1.6054 -0.0145549 0.369087 0.107038 0.446418 0.0525363 0.886845
1464888992.0379972458 -1.66497 -0.0297005 0.428817 0.135013 0.494493 0.0520734 0.857051
1464888992.2373166084 -1.74084 -0.0410646 0.514312 0.130624 0.528201 0.028439 0.83853
1464888992.3944227695 -1.80748 -0.0585552 0.592732 0.143942 0.521665 0.0643863 0.838451
1464888992.5543005466 -1.88936 -0.0702035 0.687117 0.144787 0.496564 0.0533949 0.854172
1464888992.7126183510 -1.97567 -0.0790828 0.779286 0.141355 0.479259 0.0325657 0.865603
1464888992.8718202114 -2.06249 -0.0902023 0.855223 0.153695 0.488714 0.03221 0.858195
1464888993.0336170197 -2.15192 -0.10188 0.924338 0.163821 0.465477 0.0674994 0.867143
1464888993.1901834011 -2.251 -0.108752 0.998808 0.150016 0.444072 0.0537542 0.881706
1464888993.3492686749 -2.36157 -0.112587 1.07219 0.150137 0.402036 0.0309603 0.9027
1464888993.5085742474 -2.46776 -0.116206 1.13338 0.151411 0.381065 0.0241189 0.911747
1464888993.6677412987 -2.57422 -0.118099 1.18505 0.146294 0.354661 0.0411185 0.922563
1464888993.8311240673 -2.68764 -0.112047 1.23486 0.130504 0.309306 0.0370864 0.941235
1464888993.9861762524 -2.80351 -0.101212 1.27552 0.120234 0.266394 0.00336821 0.95633
1464888994.1450765133 -2.91314 -0.0917204 1.30246 0.119581 0.235942 -0.0301754 0.963909
1464888994.3043401241 -3.01533 -0.0882804 1.32063 0.123772 0.219369 -0.0300895 0.967291
1464888994.5033407211 -3.1153 -0.091079 1.32078 0.1424 0.26727 0.0138232 0.952942
1464888994.7421407700 -3.22076 -0.0752959 1.3234 0.118169 0.29418 0.0436942 0.94741
1464888994.9411730766 -3.31697 -0.0589898 1.32445 0.0760095 0.323391 0.0260037 0.942849
1464888995.1401309967 -3.42581 -0.0524832 1.31918 0.093271 0.289117 0.0313745 0.952222
1464888995.2990431786 -3.50572 -0.0374 1.30973 0.0843466 0.257483 0.0406805 0.961735
1464888995.6572151184 -3.64258 -0.00977252 1.28577 0.0711788 0.272789 0.0235977 0.959147
1464888996.0154998302 -3.71978 0.0129113 1.25248 0.0909507 0.341378 0.0324042 0.934954
1464888996.2542333603 -3.78324 0.0369443 1.22044 0.0973417 0.387718 0.0846557 0.912706
1464888996.6126971245 -3.90811 0.0637156 1.17101 0.0927183 0.43476 0.0925572 0.890966
1464888996.8918931484 -4.01609 0.113628 1.13984 0.0354192 0.441388 0.0642284 0.894314
1464888997.0501186848 -4.09122 0.131911 1.12253 0.0294016 0.39529 0.0566448 0.916337
1464888997.3683464527 -4.16029 0.159707 1.04701 0.0413724 0.438732 0.0153946 0.897533
1464888997.5672957897 -4.18617 0.166219 0.988036 0.0697404 0.481109 0.0182189 0.873692
1464888997.8458950520 -4.24262 0.205827 0.911754 0.0606173 0.504752 0.0176484 0.860952
1464888998.1642305851 -4.32936 0.262146 0.818003 0.0510611 0.503619 0.0103256 0.862354
1464888998.4088046551 -4.39604 0.299132 0.740254 0.0607656 0.533465 -0.00928061 0.843585
1464888998.7213566303 -4.52205 0.330393 0.648432 0.11489 0.54199 0.00536281 0.832477
1464888999.0020976067 -4.67317 0.373649 0.594577 0.110006 0.567626 0.00407346 0.815894
1464888999.2784242630 -4.83801 0.410258 0.570242 0.1056 0.608025 0.00933164 0.786809
1464888999.4376053810 -4.93528 0.428861 0.567797 0.098295 0.643533 0.0442643 0.757789
1464888999.6763336658 -5.10235 0.447734 0.576666 0.115702 0.689503 0.068404 0.711702
1464888999.8753817081 -5.26218 0.46839 0.60344 0.110417 0.713591 0.104327 0.683894
1464889000.0749413967 -5.43909 0.484097 0.663145 0.0984296 0.700846 0.064727 0.703517
1464889000.2335314751 -5.59093 0.491688 0.713933 0.103078 0.68818 0.0310412 0.71751
1464889000.3947701454 -5.74002 0.505694 0.764205 0.104904 0.672191 0.0483005 0.731315
1464889000.5518510342 -5.88735 0.531221 0.804436 0.0679267 0.694397 0.0478702 0.714777
1464889000.7508227825 -6.08389 0.558534 0.849593 0.0546046 0.68819 0.052747 0.721547
1464889000.9105336666 -6.2483 0.580854 0.890986 0.0489119 0.664752 0.0805803 0.741093
1464889001.0691397190 -6.42502 0.591926 0.941507 0.0408012 0.63443 0.00907174 0.771849
1464889001.2283623219 -6.608 0.599505 0.993688 0.0586489 0.572351 -0.029227 0.817387
1464889001.3896954060 -6.78785 0.610738 1.0318 0.0778395 0.527894 -0.0283966 0.845259
1464889001.5472326279 -6.96349 0.627787 1.06572 0.0826184 0.49738 -0.0402161 0.862653
1464889001.7057347298 -7.13941 0.64488 1.10135 0.0804418 0.470999 -0.0360166 0.87772
1464889001.8653676510 -7.31674 0.655263 1.14112 0.0740846 0.451841 -0.0392671 0.888149
1464889002.0241713524 -7.49927 0.660426 1.18423 0.0977689 0.41656 -0.0555887 0.902125
1464889002.1862261295 -7.68069 0.662987 1.22556 0.12164 0.376475 -0.0206429 0.918174
1464889002.3425562382 -7.86567 0.67423 1.26897 0.111192 0.341146 -0.0155626 0.933281
1464889002.5016813278 -8.05688 0.683462 1.30243 0.131201 0.302188 -0.0157159 0.944045
1464889002.6608340740 -8.25368 0.694679 1.33645 0.14101 0.241857 -0.00602731 0.959992
1464889002.8199665546 -8.45221 0.703781 1.36972 0.141826 0.180046 0.00324865 0.973375
1464889002.9792432785 -8.64082 0.71413 1.39797 0.156757 0.145452 -0.00184077 0.976866
1464889003.1414520741 -8.82605 0.722723 1.41838 0.185598 0.115114 0.00917717 0.975817
1464889003.2975616455 -9.01341 0.737282 1.4359 0.196179 0.0949862 0.00322301 0.975951
1464889003.4566750526 -9.20446 0.757032 1.45237 0.20159 0.0502882 0.00975109 0.978129
1464889003.6157450676 -9.39616 0.779306 1.47191 0.205594 0.0238425 0.000811675 0.978347
1464889003.7778158188 -9.5903 0.804575 1.49669 0.201128 -0.0121762 0.00212001 0.979487
1464889003.9341540337 -9.7865 0.830463 1.5207 0.188379 -0.0568447 0.0242587 0.98015
1464889004.0934138298 -9.98906 0.856466 1.5435 0.168052 -0.0931239 0.0250535 0.98105
1464889004.2525708675 -10.1929 0.884046 1.56295 0.170631 -0.131618 0.0384396 0.975748
1464889004.4124641418 -10.4049 0.914998 1.58391 0.148361 -0.17723 0.0359523 0.972258
1464889004.5737786293 -10.6174 0.948735 1.59727 0.146935 -0.235325 0.0155371 0.96062
1464889004.7300605774 -10.8285 0.985823 1.61134 0.133435 -0.271223 0.004322 0.953213
1464889004.8893060684 -11.0374 1.02576 1.6269 0.108408 -0.323441 -0.00149737 0.940017
1464889005.0484714508 -11.2493 1.06323 1.64587 0.0990987 -0.356673 -0.0180179 0.928784
1464889005.2076528072 -11.4546 1.0998 1.66754 0.0520211 -0.403757 -0.0155972 0.913253
1464889005.3687808514 -11.6547 1.12465 1.68769 0.0787244 -0.433595 -0.00995361 0.897607
1464889005.5266211033 -11.8582 1.14473 1.70268 0.0871526 -0.450088 -0.0132678 0.888622
1464889005.6850869656 -12.0701 1.16605 1.72353 0.0840887 -0.461513 -0.0226133 0.88285
1464889005.8443555832 -12.2806 1.1968 1.74957 0.0718946 -0.46738 -0.030732 0.880592
1464889006.0035045147 -12.4877 1.22658 1.77934 0.0771304 -0.46692 -0.0307617 0.880392
1464889006.1626951694 -12.6967 1.25039 1.80276 0.0798309 -0.456865 -0.0259483 0.885567
1464889006.3218047619 -12.9123 1.27581 1.82131 0.081736 -0.465548 -0.0223002 0.880958
1464889006.4810206890 -13.135 1.30926 1.84229 0.0862122 -0.455199 -0.0491336 0.884843
1464889006.6401367188 -13.3486 1.35652 1.86411 0.0393451 -0.47237 -0.0454884 0.879346
1464889006.7997245789 -13.5657 1.39368 1.88354 0.0835746 -0.456792 -0.0574183 0.883776
1464889006.9584541321 -13.7848 1.434 1.89436 0.0656593 -0.502847 -0.0242932 0.861536
1464889007.1176919937 -14.014 1.46901 1.9097 0.0909219 -0.501761 -0.0307019 0.859667
1464889007.2775681019 -14.2416 1.50485 1.92639 0.0523514 -0.516393 -0.0142156 0.854632
1464889007.4360656738 -14.4657 1.53909 1.9509 0.0510774 -0.497797 -0.0172746 0.865616
1464889007.5951545238 -14.6947 1.57144 1.97148 0.0503896 -0.473909 -0.0339388 0.878476
1464889007.7542438507 -14.9253 1.60741 1.99658 0.060614 -0.477429 -0.0412913 0.875604
1464889007.9135639668 -15.1621 1.64684 2.0334 0.047469 -0.473711 -0.0566038 0.877577
1464889008.0742740631 -15.3933 1.67181 2.07016 0.0492372 -0.461786 -0.028786 0.885156
1464889008.2319355011 -15.6299 1.6953 2.10782 0.0602958 -0.459384 -0.0277027 0.885756
1464889008.3908934593 -15.8673 1.72282 2.14389 0.0634537 -0.481 -0.0210119 0.874169
1464889008.5503923893 -16.1083 1.75172 2.18349 0.0666925 -0.500582 -0.0479295 0.861785
1464889008.7093861103 -16.3473 1.78042 2.22311 0.0687205 -0.510152 -0.0788424 0.853701
1464889008.8684885502 -16.583 1.81589 2.2504 0.0369669 -0.532532 -0.11942 0.837127
1464889009.0277454853 -16.8187 1.84645 2.26914 0.0441292 -0.565202 -0.133379 0.812902
1464889009.1868658066 -17.0523 1.87825 2.28939 0.0266262 -0.609349 -0.131735 0.781428
1464889009.3485391140 -17.2802 1.90369 2.31564 0.0252099 -0.62675 -0.113958 0.77043
1464889009.5052356720 -17.5049 1.92949 2.35046 0.0243572 -0.631559 -0.120199 0.765566
1464889009.6643888950 -17.7249 1.9545 2.38343 -0.00742474 -0.662124 -0.0932328 0.743535
1464889009.8239588737 -17.9487 1.97992 2.42129 0.0153678 -0.661365 -0.126442 0.73917
1464889009.9829165936 -18.1708 2.00848 2.45288 0.0127947 -0.670276 -0.134723 0.729669
1464889010.1446926594 -18.391 2.03605 2.48247 0.01039 -0.682396 -0.139059 0.717558
1464889010.3011140823 -18.6061 2.06631 2.50934 0.0248954 -0.678268 -0.189157 0.709614
1464889010.4615104198 -18.8194 2.09262 2.53463 0.0143285 -0.697551 -0.118444 0.706532
1464889010.6194350719 -19.0287 2.12017 2.56175 0.011989 -0.693814 -0.185657 0.695709
1464889010.7810633183 -19.2403 2.14598 2.58498 0.00632543 -0.70425 -0.168995 0.689516
1464889010.9377419949 -19.4507 2.1748 2.60941 -0.0168019 -0.712999 -0.120426 0.690542
1464889011.0969476700 -19.6599 2.20208 2.62732 -0.0277296 -0.731697 -0.110892 0.671978
1464889011.2561964989 -19.8637 2.22841 2.65034 -0.00719933 -0.708193 -0.153811 0.689024
1464889011.4195878506 -20.0642 2.2517 2.66879 0.0139129 -0.673374 -0.19017 0.71429
1464889011.5745151043 -20.2717 2.28024 2.67872 0.028832 -0.643905 -0.214572 0.733835
1464889011.7366483212 -20.485 2.32321 2.68594 0.00934379 -0.655734 -0.220931 0.721883
1464889011.8927738667 -20.697 2.37378 2.69638 -0.015053 -0.687112 -0.210021 0.695371
1464889012.0519735813 -20.9035 2.42791 2.70426 -0.041878 -0.720523 -0.21878 0.65668
1464889012.2110731602 -21.1122 2.47874 2.71583 -0.0639962 -0.738419 -0.212611 0.636741
1464889012.3703868389 -21.317 2.51901 2.73714 -0.0119768 -0.772675 -0.225356 0.593334
1464889012.5316214561 -21.5241 2.56311 2.76222 -0.0564366 -0.767954 -0.23787 0.592014
1464889012.6886794567 -21.7299 2.59659 2.79447 -0.0590306 -0.772064 -0.232239 0.588641
1464889012.8478572369 -21.9386 2.63144 2.82846 -0.0407971 -0.782554 -0.214022 0.583215
1464889013.0073850155 -22.1487 2.6666 2.84982 0.00683834 -0.786326 -0.223985 0.575739
1464889013.1661410332 -22.3585 2.70344 2.87725 -0.0540438 -0.784126 -0.209977 0.581495
1464889013.3267798424 -22.5651 2.7274 2.9189 -0.066554 -0.749572 -0.22411 0.619263
1464889013.4845092297 -22.7814 2.75096 2.96107 -0.0629467 -0.756083 -0.174809 0.62755
1464889013.6437215805 -22.9981 2.78176 3.00197 -0.0619629 -0.747441 -0.176272 0.637512
1464889013.8027722836 -23.2127 2.80608 3.04088 -0.0158328 -0.727057 -0.215134 0.651808
1464889013.9620006084 -23.4287 2.83181 3.07279 -0.0112604 -0.745273 -0.192717 0.638202
1464889014.1212642193 -23.6475 2.86518 3.1057 -0.0162869 -0.761945 -0.187729 0.619623
1464889014.2803077698 -23.8633 2.89646 3.14542 -0.0555807 -0.758401 -0.183753 0.622876
1464889014.4395239353 -24.0783 2.92695 3.18749 -0.025806 -0.756337 -0.224687 0.613843
1464889014.5989093781 -24.2946 2.96284 3.22487 -0.0453902 -0.767468 -0.214987 0.602257
1464889014.7580628395 -24.5147 2.99952 3.25883 -0.0378249 -0.772498 -0.217747 0.595317
1464889014.9193303585 -24.733 3.03139 3.29277 -0.0200642 -0.771223 -0.226099 0.59472
1464889015.0762090683 -24.9549 3.06353 3.32946 -0.0112145 -0.773111 -0.2088 0.598812
1464889015.2414138317 -25.1788 3.08602 3.36386 -0.0248873 -0.772955 -0.185594 0.606197
1464889015.3959956169 -25.4087 3.11512 3.39862 -0.0192839 -0.763434 -0.189644 0.617116
1464889015.5539011955 -25.6392 3.14868 3.42814 0.0233114 -0.763539 -0.176958 0.620605
1464889015.7153909206 -25.8726 3.19169 3.4569 -0.00793215 -0.767807 -0.162809 0.619599
1464889015.8721439838 -26.1061 3.22792 3.48513 0.00549702 -0.77919 -0.181702 0.599847
1464889016.0314524174 -26.3431 3.26656 3.5112 -0.0132953 -0.77534 -0.184453 0.603861
1464889016.1909501553 -26.5809 3.30607 3.53553 -0.039256 -0.779645 -0.191034 0.595078
1464889016.3526453972 -26.8114 3.33782 3.56052 -0.00778895 -0.775574 -0.206073 0.596623
1464889016.5087792873 -27.0432 3.37295 3.57878 -0.0150803 -0.783687 -0.192414 0.59041
1464889016.6678273678 -27.2786 3.41363 3.58647 -0.0203401 -0.798023 -0.195678 0.569611
1464889016.8270020485 -27.51 3.4479 3.59622 -0.00130724 -0.803854 -0.202309 0.559364
1464889016.9862251282 -27.7432 3.48234 3.60282 -0.00541859 -0.808295 -0.205405 0.55176
1464889017.1474888325 -27.9747 3.51782 3.60841 -0.0181968 -0.806873 -0.229367 0.544073
1464889017.3070104122 -28.2 3.55113 3.60725 -0.0178099 -0.814304 -0.218451 0.537467
1464889017.4637601376 -28.4223 3.58422 3.60993 -0.0577774 -0.827293 -0.20253 0.520797
1464889017.6228430271 -28.6471 3.61588 3.61494 -0.0621278 -0.831938 -0.231969 0.50021
1464889017.7820885181 -28.8755 3.64618 3.6205 -0.018376 -0.836442 -0.226108 0.4989
1464889017.9411430359 -29.1132 3.6846 3.62615 -0.0239042 -0.837138 -0.226204 0.497453
1464889018.1031508446 -29.3427 3.72356 3.63805 -0.0260038 -0.832119 -0.248847 0.494951
1464889018.2596063614 -29.5775 3.76383 3.64664 -0.037247 -0.841803 -0.242639 0.480736
1464889018.4203257561 -29.8136 3.80089 3.65553 -0.0333712 -0.83726 -0.249032 0.485659
1464889018.5779590607 -30.05 3.83945 3.66057 -0.0361994 -0.840695 -0.239503 0.484314
1464889018.7369670868 -30.2829 3.88426 3.66601 -0.016119 -0.839998 -0.268923 0.470982
1464889018.8994677067 -30.5158 3.93232 3.66903 -0.0505409 -0.8485 -0.250487 0.463411
1464889019.0555176735 -30.7482 3.97364 3.67356 -0.0539505 -0.850251 -0.261655 0.45354
1464889019.2147839069 -30.9848 4.01179 3.67475 -0.0389383 -0.855335 -0.256522 0.448422
1464889019.3738224506 -31.2257 4.05612 3.67408 -0.0482531 -0.861765 -0.252119 0.437572
1464889019.5330584049 -31.4653 4.10289 3.66912 -0.0266134 -0.859833 -0.268185 0.433654
1464889019.6922078133 -31.7036 4.15296 3.65912 -0.0239516 -0.860483 -0.27905 0.42559
1464889019.8550674915 -31.9448 4.19698 3.64448 -0.0389128 -0.869404 -0.266285 0.414385
1464889020.0105485916 -32.186 4.23865 3.63053 -0.0432531 -0.87402 -0.265127 0.404877
1464889020.1699821949 -32.4284 4.27796 3.6187 -0.0345311 -0.877408 -0.260818 0.401169
1464889020.3288319111 -32.6736 4.3252 3.60949 -0.0617964 -0.879017 -0.2545 0.398423
1464889020.4880094528 -32.9218 4.37025 3.60122 -0.0612919 -0.877068 -0.253205 0.403586
1464889020.6470422745 -33.1674 4.40889 3.5955 -0.0466706 -0.879016 -0.252547 0.401713
1464889020.8064012527 -33.4097 4.44899 3.5881 -0.040673 -0.885302 -0.249469 0.390322
1464889020.9684381485 -33.6502 4.48896 3.58717 -0.0380847 -0.886609 -0.252663 0.385534
1464889021.1247172356 -33.8883 4.53052 3.58407 -0.0420777 -0.889808 -0.254784 0.37624
1464889021.2843658924 -34.124 4.56785 3.5819 -0.0329743 -0.895253 -0.253052 0.365238
1464889021.4430685043 -34.3567 4.60576 3.58162 -0.0346361 -0.899201 -0.253657 0.354818
1464889021.6022212505 -34.5871 4.64131 3.58045 -0.0365228 -0.904334 -0.249404 0.344447
1464889021.7613196373 -34.8165 4.67936 3.58015 -0.0398908 -0.90819 -0.252267 0.331603
1464889021.9205408096 -35.0452 4.71696 3.58213 -0.042108 -0.910888 -0.252325 0.323793
1464889022.0838158131 -35.2757 4.75375 3.58672 -0.0576403 -0.910594 -0.249403 0.324492
1464889022.2388563156 -35.5084 4.79179 3.59654 -0.0567303 -0.905997 -0.252144 0.335224
1464889022.3980360031 -35.7408 4.82688 3.60916 -0.0562135 -0.899456 -0.251276 0.353099
1464889022.5573151112 -35.9718 4.86176 3.62413 -0.0542037 -0.89378 -0.249974 0.368418
1464889022.7164449692 -36.201 4.89838 3.64256 -0.0515051 -0.887076 -0.25152 0.383642
1464889022.8790674210 -36.4278 4.93778 3.66006 -0.0549497 -0.87975 -0.259965 0.394257
1464889023.0348684788 -36.6524 4.97266 3.6786 -0.0512683 -0.873564 -0.263106 0.406242
1464889023.1940150261 -36.8756 5.00781 3.69723 -0.0459523 -0.868181 -0.263129 0.418227
1464889023.3530962467 -37.0983 5.0416 3.71475 -0.046921 -0.861481 -0.262919 0.431882
1464889023.5123195648 -37.3233 5.06952 3.73449 -0.0406819 -0.851233 -0.262557 0.452561
1464889023.6740877628 -37.5457 5.09635 3.75522 -0.0413333 -0.841092 -0.258015 0.473587
1464889023.8306751251 -37.7679 5.1248 3.77552 -0.0495717 -0.834997 -0.241847 0.491765
1464889023.9897799492 -37.9865 5.15483 3.79703 -0.0520842 -0.827227 -0.23623 0.507128
1464889024.1489777565 -38.2023 5.18684 3.81729 -0.0531362 -0.821957 -0.235249 0.515966
1464889024.3080065250 -38.4146 5.21961 3.83659 -0.0468894 -0.820011 -0.23697 0.518872
1464889024.4703533649 -38.6235 5.25275 3.8554 -0.0588299 -0.819957 -0.238193 0.517179
1464889024.6279187202 -38.8289 5.28302 3.87796 -0.0459835 -0.818583 -0.240374 0.519643
1464889024.7856526375 -39.0296 5.31283 3.90373 -0.0582369 -0.817048 -0.239529 0.521217
1464889024.9448556900 -39.2257 5.3377 3.93324 -0.0532424 -0.812246 -0.238112 0.529835
1464889025.1040627956 -39.417 5.36305 3.96653 -0.0507877 -0.80522 -0.242337 0.538808
1464889025.2654659748 -39.6006 5.38506 4.00308 -0.0436579 -0.797134 -0.24739 0.549062
1464889025.4221804142 -39.7775 5.40673 4.04339 -0.0551456 -0.792843 -0.241425 0.556842
1464889025.5815269947 -39.9474 5.42477 4.0899 -0.066027 -0.786714 -0.237815 0.565832
1464889025.7415027618 -40.111 5.43556 4.14901 -0.0639187 -0.772839 -0.23501 0.586007
1464889025.8998563290 -40.2666 5.44208 4.21554 -0.0568633 -0.758306 -0.230961 0.606956
1464889026.0616023540 -40.4149 5.4472 4.29137 -0.0601288 -0.738477 -0.222692 0.633597
1464889026.2191996574 -40.5525 5.44624 4.38162 -0.058982 -0.706652 -0.216314 0.671098
1464889026.3773496151 -40.6759 5.4391 4.48385 -0.0549924 -0.665881 -0.211029 0.713473
1464889026.5365149975 -40.7887 5.43162 4.58933 -0.0543653 -0.630791 -0.206207 0.746074
1464889026.6992621422 -40.8905 5.42158 4.6946 -0.0415561 -0.610658 -0.208537 0.762812
1464889026.8574242592 -40.981 5.40567 4.80387 -0.0102896 -0.587543 -0.220921 0.778384
1464889027.0139656067 -41.0611 5.39521 4.91677 -0.0353728 -0.562207 -0.239324 0.79082
1464889027.1732130051 -41.1308 5.37456 5.0282 -0.00939171 -0.544539 -0.227211 0.807319
1464889027.3325407505 -41.188 5.35476 5.13682 -0.0146952 -0.520184 -0.251506 0.81605
1464889027.4960954189 -41.2397 5.32804 5.2468 -0.000345323 -0.5102 -0.223157 0.8306
1464889027.6533031464 -41.2866 5.31431 5.35821 -0.0394986 -0.504348 -0.237143 0.829359
1464889027.8098127842 -41.3309 5.28719 5.4713 -0.0409341 -0.501131 -0.219799 0.835991
1464889027.9707343578 -41.3719 5.26015 5.58976 -0.0370146 -0.487659 -0.241994 0.838008
1464889028.1280565262 -41.4082 5.24367 5.71326 -0.0609934 -0.488532 -0.238041 0.837229
1464889028.2874372005 -41.4397 5.22306 5.83265 -0.0787308 -0.482347 -0.2345 0.840329
1464889028.4468264580 -41.4712 5.1943 5.94229 -0.0749492 -0.474159 -0.278909 0.831725
1464889028.6057074070 -41.5041 5.16308 6.05222 -0.0733009 -0.478996 -0.283278 0.827613
1464889028.7649071217 -41.5409 5.13757 6.16885 -0.0968321 -0.49737 -0.2556 0.823356
1464889028.9240076542 -41.5802 5.10911 6.28647 -0.093696 -0.500222 -0.274361 0.81592
1464889029.0833096504 -41.622 5.07856 6.4011 -0.0577641 -0.500096 -0.311105 0.80609
1464889029.2424781322 -41.6677 5.05627 6.51753 -0.0665351 -0.507571 -0.318454 0.797829
1464889029.4016511440 -41.717 5.03227 6.63163 -0.0727798 -0.522124 -0.301009 0.794659
1464889029.5606977940 -41.7679 5.00173 6.74876 -0.0716468 -0.519027 -0.294823 0.799098
1464889029.7199363708 -41.8254 4.96341 6.8656 -0.0472519 -0.517716 -0.286651 0.804716
1464889029.8790142536 -41.8891 4.92349 6.98904 -0.0237662 -0.518075 -0.246804 0.81861
1464889030.0454347134 -41.949 4.88655 7.11148 0.000464624 -0.49322 -0.250555 0.83304
1464889030.1974687576 -42.0079 4.85402 7.2341 0.00348719 -0.479937 -0.258433 0.838368
1464889030.3565971851 -42.0664 4.82699 7.35335 0.00954358 -0.475759 -0.251817 0.842704
1464889030.5157685280 -42.1222 4.80447 7.47183 -0.0171612 -0.468709 -0.261343 0.843634
1464889030.6750092506 -42.1768 4.77053 7.58213 0.00522099 -0.462693 -0.253656 0.849439
1464889030.8341119289 -42.2335 4.73574 7.68751 0.0146259 -0.468285 -0.237057 0.851058
1464889030.9932720661 -42.293 4.70739 7.80026 -0.00396282 -0.465396 -0.233014 0.853871
1464889031.1523194313 -42.3531 4.67149 7.91695 0.010861 -0.452827 -0.214289 0.865396
1464889031.3115937710 -42.4024 4.63624 8.03239 0.0312981 -0.428262 -0.221273 0.875586
1464889031.4714226723 -42.4517 4.61392 8.15407 0.028483 -0.399275 -0.230044 0.887045
1464889031.6322538853 -42.5036 4.5886 8.27894 -0.00153435 -0.40064 -0.193455 0.895578
1464889031.7894396782 -42.5529 4.54274 8.40071 0.0408096 -0.377143 -0.179476 0.907682
1464889031.9540293217 -42.5912 4.50642 8.52668 0.042552 -0.34297 -0.187675 0.919423
1464889032.1074802876 -42.6245 4.47729 8.65973 0.0781026 -0.31518 -0.130932 0.936706
1464889032.2665457726 -42.6602 4.44528 8.79806 0.0465597 -0.263384 -0.147209 0.952255
1464889032.4279530048 -42.6947 4.41108 8.94353 0.0599409 -0.225813 -0.121477 0.964707
1464889032.5869567394 -42.7294 4.38052 9.09809 0.0520745 -0.186793 -0.124317 0.973109
1464889032.7445590496 -42.7554 4.34872 9.2509 0.0364582 -0.147363 -0.119045 0.981215
1464889032.9033644199 -42.7803 4.3068 9.40622 0.0474228 -0.104536 -0.110697 0.987203
1464889033.0624678135 -42.8097 4.26258 9.56507 0.0649825 -0.077487 -0.106433 0.989164
1464889033.2237594128 -42.8433 4.22234 9.72934 0.0658373 -0.0643401 -0.098586 0.990862
1464889033.3808581829 -42.8708 4.17732 9.89857 0.0701275 -0.0461464 -0.0860023 0.992752
1464889033.5400726795 -42.8924 4.1288 10.0712 0.0875501 -0.0321866 -0.0627299 0.993662
1464889033.6995115280 -42.9067 4.07848 10.2448 0.0985139 -0.0244994 -0.0448117 0.993824
1464889033.8584601879 -42.9121 4.02655 10.4247 0.103352 -0.00384789 -0.0352969 0.994011
1464889034.0199913979 -42.9123 3.97486 10.6076 0.106814 0.0174006 -0.0347644 0.993519
1464889034.1771886349 -42.9065 3.9236 10.7926 0.0910347 0.0354865 -0.0360627 0.994562
1464889034.3359501362 -42.8936 3.87141 10.9766 0.0900269 0.0481333 -0.0424394 0.99387
1464889034.4950721264 -42.871 3.81532 11.1613 0.0830489 0.0704726 -0.0596433 0.99226
1464889034.6542141438 -42.849 3.75635 11.3492 0.0855786 0.0834008 -0.0453423 0.991799
1464889034.8161635399 -42.8287 3.69768 11.5347 0.0658611 0.111497 -0.0618803 0.989647
1464889034.9724428654 -42.8085 3.63776 11.7276 0.0557581 0.108798 -0.0563167 0.9909
1464889035.1317825317 -42.7814 3.57638 11.9183 0.0628418 0.119434 -0.066791 0.988598
1464889035.2914912701 -42.7529 3.51122 12.1112 0.0704974 0.129006 -0.0670663 0.986859
1464889035.4500818253 -42.7288 3.44334 12.3073 0.0806647 0.132709 -0.0654089 0.985699
1464889035.6114339828 -42.7067 3.37217 12.5051 0.0917618 0.11683 -0.0560532 0.987314
1464889035.7684602737 -42.6771 3.30405 12.703 0.0951698 0.0747843 0.0360179 0.991994
1464889035.9276342392 -42.6355 3.23266 12.8961 0.0623206 0.102396 0.0170862 0.992643
1464889036.0868530273 -42.5904 3.15305 13.09 0.0910309 0.162517 0.00766494 0.982468
1464889036.2459220886 -42.5553 3.07283 13.2825 0.123498 0.17787 -0.000461524 0.976274
1464889036.4073269367 -42.5233 2.99611 13.4742 0.118589 0.165237 0.016176 0.978965
1464889036.5643334389 -42.4838 2.92507 13.6672 0.0688438 0.151663 0.0302956 0.985566
1464889036.7234678268 -42.442 2.85246 13.8637 0.0156547 0.121939 0.0630668 0.990408
1464889036.8855693340 -42.4081 2.77506 14.0557 0.0382524 0.118922 0.0651933 0.990022
1464889037.0436494350 -42.3706 2.69618 14.2485 0.0636028 0.117515 0.072808 0.988354
1464889037.2028422356 -42.3204 2.6269 14.4389 0.0606912 0.0997567 0.103991 0.9877
1464889037.3602218628 -42.2542 2.55826 14.6311 0.0641646 0.11478 0.135212 0.982052
1464889037.5192873478 -42.1895 2.49463 14.8255 0.0858396 0.153146 0.166417 0.970301
1464889037.6784663200 -42.1295 2.43439 15.0255 0.114069 0.196005 0.165752 0.959738
1464889037.8376667500 -42.0771 2.38285 15.2239 0.148782 0.215984 0.14208 0.954478
1464889037.9992103577 -42.0352 2.34511 15.431 0.124512 0.223856 0.16177 0.953003
1464889038.1584844589 -42 2.30383 15.6379 0.0859403 0.272763 0.147761 0.946774
1464889038.3157253265 -41.9767 2.25068 15.8536 0.0722644 0.298258 0.130966 0.942692
1464889038.4744048119 -41.9538 2.18425 16.078 0.0887648 0.303926 0.105723 0.942641
1464889038.6335515976 -41.9289 2.11852 16.3039 0.100528 0.303954 0.0970791 0.942381
1464889038.7927489281 -41.9073 2.0487 16.5311 0.0991473 0.330577 0.0599819 0.936638
1464889038.9518380165 -41.8923 1.976 16.7587 0.100928 0.329323 0.048064 0.937577
1464889039.1118166447 -41.8667 1.89894 16.9883 0.111577 0.340246 0.039375 0.932863
1464889039.2701969147 -41.8375 1.82449 17.2205 0.149454 0.360653 0.0548848 0.919011
1464889039.4293394089 -41.8112 1.74769 17.4541 0.170722 0.3891 0.0716032 0.902401
1464889039.5915143490 -41.8015 1.68345 17.6938 0.168241 0.419654 0.117722 0.884153
1464889039.7477071285 -41.8026 1.62272 17.9299 0.191499 0.374126 0.125099 0.898726
1464889039.9068160057 -41.7933 1.56138 18.1568 0.189578 0.340381 0.116803 0.913542
1464889040.0660252571 -41.7642 1.49558 18.3778 0.192863 0.365712 0.104292 0.904534
1464889040.2282235622 -41.734 1.43062 18.6014 0.182483 0.397311 0.0876804 0.895073
1464889040.3870258331 -41.7124 1.36806 18.8305 0.188582 0.377052 0.105183 0.900669
1464889040.5433850288 -41.6917 1.30254 19.0573 0.179714 0.373155 0.120939 0.902126
1464889040.7026641369 -41.6721 1.23386 19.2821 0.181904 0.406833 0.102319 0.889342
1464889040.8619637489 -41.6513 1.16827 19.5095 0.166431 0.442892 0.0970224 0.875634
1464889041.0210285187 -41.6342 1.10319 19.7395 0.174315 0.46491 0.0750212 0.86478
1464889041.1802906990 -41.6172 1.04242 19.9712 0.143351 0.470966 0.0698907 0.867616
1464889041.3393456936 -41.6024 0.976301 20.2017 0.147019 0.471201 0.0564754 0.867851
1464889041.4990293980 -41.5906 0.91112 20.4323 0.204298 0.462822 0.0738817 0.859418
1464889041.6597697735 -41.5755 0.84951 20.6631 0.225339 0.469699 0.059395 0.851515
1464889041.8170855045 -41.5592 0.790703 20.8975 0.236623 0.455483 0.0557152 0.856411
1464889041.9787342548 -41.5409 0.730341 21.1295 0.23154 0.45837 0.0595924 0.856
1464889042.1353302002 -41.5237 0.663711 21.3582 0.223572 0.459928 0.0642468 0.856945
1464889042.2963902950 -41.5156 0.590875 21.5876 0.230562 0.456612 0.0426445 0.858212
1464889042.4536573887 -41.502 0.524612 21.819 0.230454 0.444779 0.0588448 0.863481
1464889042.6128599644 -41.4818 0.466832 22.0511 0.21116 0.450828 0.0740897 0.864105
1464889042.7752358913 -41.4636 0.405925 22.2818 0.16401 0.455112 0.0644639 0.872822
1464889042.9311749935 -41.4481 0.339893 22.5066 0.182164 0.450903 0.0653944 0.871336
1464889043.0904221535 -41.4372 0.275971 22.7316 0.177041 0.447579 0.0757792 0.873262
1464889043.2494418621 -41.4279 0.211187 22.9619 0.179723 0.416847 0.0762455 0.887764
1464889043.4086294174 -41.4236 0.143382 23.1895 0.18916 0.392245 0.0704694 0.897439
1464889043.5703098774 -41.4165 0.0758117 23.4111 0.183328 0.403827 0.0451583 0.89514
1464889043.7297616005 -41.4107 0.0135169 23.6319 0.186826 0.418366 0.0652678 0.886457
1464889043.8860952854 -41.4017 -0.0555437 23.8518 0.179957 0.415739 0.0495848 0.890122
1464889044.0455560684 -41.3952 -0.124403 24.0664 0.171082 0.417652 0.0483331 0.891045
1464889044.2047131062 -41.3864 -0.189064 24.2826 0.162225 0.410812 0.0568774 0.895367
1464889044.3636236191 -41.375 -0.248689 24.4956 0.155481 0.416764 0.0704811 0.892841
1464889044.5229666233 -41.3607 -0.310401 24.7085 0.132533 0.416247 0.067119 0.897033
1464889044.6820225716 -41.3493 -0.375213 24.9155 0.160154 0.410268 0.0861307 0.893651
1464889044.8421518803 -41.3382 -0.438994 25.132 0.145024 0.408429 0.0801874 0.897621
1464889045.0004012585 -41.3298 -0.507627 25.3445 0.167707 0.395391 0.068442 0.900475
1464889045.1594643593 -41.3159 -0.569224 25.5548 0.16298 0.401276 0.0896937 0.896867
1464889045.3187885284 -41.3065 -0.630389 25.7682 0.150952 0.402161 0.076797 0.899768
1464889045.4779107571 -41.2986 -0.695469 25.9823 0.156195 0.392514 0.0789935 0.902938
1464889045.6370608807 -41.2897 -0.760461 26.1958 0.157463 0.38454 0.0815004 0.90592
1464889045.7961978912 -41.2809 -0.827115 26.4096 0.149442 0.38258 0.0813686 0.908118
1464889045.9552438259 -41.2669 -0.896262 26.6251 0.151455 0.381013 0.107608 0.90571
1464889046.1145992279 -41.2555 -0.968622 26.8452 0.167649 0.368767 0.0998945 0.908805
1464889046.2735998631 -41.2424 -1.03192 27.0667 0.146399 0.370446 0.0917976 0.912639
1464889046.4328985214 -41.2294 -1.09688 27.2899 0.130356 0.369102 0.0900824 0.915782
1464889046.5920956135 -41.2216 -1.16714 27.5125 0.125153 0.364999 0.0718915 0.919752
1464889046.7510614395 -41.2138 -1.23695 27.7356 0.121942 0.366713 0.0510777 0.920892
1464889046.9104623795 -41.2027 -1.30353 27.9569 0.134433 0.363716 0.0467591 0.920571
1464889047.0717489719 -41.186 -1.3679 28.1737 0.127181 0.375664 0.0370667 0.917239
1464889047.2296793461 -41.1671 -1.43431 28.3888 0.126586 0.383582 0.054659 0.913156
1464889047.3879318237 -41.1479 -1.49847 28.6067 0.109774 0.383343 0.0889948 0.912731
1464889047.5498003960 -41.1224 -1.5643 28.8213 0.0958061 0.406971 0.111989 0.901473
1464889047.7063059807 -41.0912 -1.62685 29.0291 0.095811 0.459476 0.130639 0.87329
1464889047.8654243946 -41.0604 -1.68336 29.2408 0.0853788 0.504606 0.153663 0.845264
1464889048.0246245861 -41.0329 -1.74848 29.4441 0.096856 0.548921 0.187632 0.808763
1464889048.1838834286 -41.0112 -1.81839 29.6515 0.111058 0.584961 0.180988 0.782771
1464889048.3457298279 -40.9872 -1.88627 29.8646 0.114564 0.609357 0.170001 0.765936
1464889048.5020520687 -40.9638 -1.95211 30.0826 0.100553 0.612828 0.159209 0.767452
1464889048.6612854004 -40.935 -2.01673 30.2946 0.0831873 0.618454 0.174239 0.761732
1464889048.8204474449 -40.9037 -2.0852 30.4999 0.0890508 0.616961 0.1742 0.762289
1464889048.9799699783 -40.8661 -2.1487 30.704 0.082448 0.610337 0.192418 0.76398
1464889049.1409814358 -40.8201 -2.21315 30.8982 0.0860416 0.61762 0.199713 0.755815
1464889049.2978479862 -40.7683 -2.28523 31.0833 0.118795 0.621715 0.18521 0.751702
1464889049.4571962357 -40.708 -2.36341 31.2591 0.151185 0.62333 0.170606 0.747995
1464889049.6162822247 -40.6387 -2.43501 31.4271 0.170683 0.628202 0.163183 0.741351
1464889049.7753093243 -40.5568 -2.49747 31.5854 0.175662 0.640133 0.170013 0.728333
1464889049.9346594810 -40.4665 -2.55589 31.7329 0.172923 0.664835 0.179365 0.704216
1464889050.0937135220 -40.3695 -2.61923 31.8704 0.175103 0.677328 0.192199 0.688205
1464889050.2529308796 -40.2694 -2.68582 32.0051 0.19168 0.689083 0.177625 0.675923
1464889050.4121050835 -40.1609 -2.74687 32.1361 0.191323 0.699205 0.175959 0.665993
1464889050.5712964535 -40.0488 -2.8064 32.2601 0.200484 0.706872 0.167 0.657456
1464889050.7325642109 -39.9349 -2.86418 32.3802 0.202545 0.716062 0.151912 0.650502
1464889050.8898394108 -39.8155 -2.91516 32.496 0.203245 0.724632 0.130965 0.645328
1464889051.0488831997 -39.6902 -2.95943 32.6066 0.199337 0.732053 0.128697 0.638592
1464889051.2078876495 -39.5553 -3.00553 32.7089 0.197356 0.736885 0.139145 0.631419
1464889051.3672914505 -39.4139 -3.06282 32.8067 0.210099 0.724582 0.138061 0.641699
1464889051.5263347626 -39.2707 -3.12063 32.895 0.224532 0.723028 0.131501 0.63994
1464889051.6855003834 -39.1207 -3.17182 32.9737 0.218784 0.738524 0.115326 0.627229
1464889051.8447406292 -38.9619 -3.21839 33.0491 0.222179 0.747422 0.103378 0.617503
1464889052.0037672520 -38.7988 -3.26589 33.1159 0.230067 0.75247 0.098612 0.609207
1464889052.1630172729 -38.6328 -3.31048 33.1716 0.21357 0.769646 0.0964479 0.593912
1464889052.3222262859 -38.4513 -3.34959 33.2231 0.186928 0.778827 0.0893938 0.592026
1464889052.4814116955 -38.2617 -3.3892 33.262 0.186495 0.782641 0.111154 0.583385
1464889052.6408047676 -38.0721 -3.43028 33.2853 0.185694 0.80692 0.105993 0.550603
1464889052.7996513844 -37.8744 -3.46625 33.2984 0.173578 0.821363 0.0981949 0.534407
1464889052.9589793682 -37.6694 -3.49787 33.3067 0.176545 0.813841 0.126645 0.538939
1464889053.1186425686 -37.4643 -3.53554 33.3059 0.149441 0.818271 0.113367 0.543367
1464889053.2772314548 -37.2606 -3.57689 33.3 0.189608 0.805065 0.116479 0.549865
1464889053.4364910126 -37.0493 -3.61155 33.2869 0.161733 0.820377 0.108729 0.537589
1464889053.5955619812 -36.8254 -3.64356 33.2705 0.109484 0.833002 0.0961723 0.533734
1464889053.7547399998 -36.6037 -3.67808 33.2603 0.151865 0.811137 0.133419 0.54881
1464889053.9139828682 -36.3807 -3.71425 33.2448 0.141833 0.829845 0.073533 0.534633
1464889054.0736835003 -36.1494 -3.74157 33.2348 0.177706 0.808793 0.0940473 0.552657
1464889054.2329070568 -35.917 -3.77259 33.2289 0.203675 0.797244 0.117858 0.555903
1464889054.3914105892 -35.686 -3.81289 33.2194 0.211048 0.796782 0.0934307 0.558451
1464889054.5511956215 -35.4475 -3.85301 33.212 0.197833 0.813751 0.0652635 0.542597
1464889054.7098636627 -35.2041 -3.89322 33.2092 0.188841 0.822791 0.0454649 0.534122
1464889054.8689880371 -34.9629 -3.93468 33.2069 0.195055 0.827093 0.0420544 0.525455
1464889055.0281720161 -34.7179 -3.9727 33.2085 0.209102 0.815936 0.071349 0.53426
1464889055.1872725487 -34.4694 -4.01051 33.2152 0.179075 0.834017 0.0601161 0.518395
1464889055.3495905399 -34.2219 -4.05539 33.231 0.195051 0.829767 0.044212 0.521044
1464889055.5082845688 -33.9673 -4.09568 33.2412 0.188852 0.827142 0.0484079 0.527094
1464889055.6679344177 -33.708 -4.1386 33.248 0.200343 0.825932 0.0501921 0.524576
1464889055.8239336014 -33.4451 -4.17948 33.2513 0.203004 0.820203 0.0781748 0.529099
1464889055.9832003117 -33.1852 -4.21704 33.2493 0.210525 0.822439 0.097857 0.519324
1464889056.1423654556 -32.9216 -4.25283 33.249 0.199442 0.821803 0.101604 0.523965
1464889056.3043203354 -32.6528 -4.29264 33.2493 0.217839 0.809896 0.135625 0.527466
1464889056.4638061523 -32.3812 -4.33686 33.242 0.202868 0.807269 0.147057 0.534356
1464889056.6198952198 -32.107 -4.3783 33.2311 0.186357 0.809648 0.148482 0.536371
1464889056.7789762020 -31.8343 -4.41966 33.217 0.187843 0.819004 0.126214 0.527274
1464889056.9382424355 -31.5572 -4.45409 33.1981 0.178816 0.830467 0.110437 0.5159
1464889057.1028010845 -31.2819 -4.49452 33.1768 0.176652 0.82963 0.102687 0.51958
1464889057.2568321228 -31.012 -4.53646 33.1481 0.188227 0.830923 0.0994282 0.514054
1464889057.4156279564 -30.7383 -4.57736 33.1171 0.15774 0.846084 0.0655621 0.504937
1464889057.5747797489 -30.4564 -4.61487 33.0832 0.173309 0.839099 0.0614341 0.51196
1464889057.7340822220 -30.1744 -4.6591 33.0396 0.182758 0.840463 0.0320847 0.509109
1464889057.8962020874 -29.8869 -4.70396 33.0042 0.174139 0.82677 0.0156862 0.534678
1464889058.0523858070 -29.5976 -4.75185 32.9802 0.19116 0.796669 0.00982334 0.573306
1464889058.2115206718 -29.3106 -4.78833 32.9606 0.18752 0.774617 0.00755446 0.603944
1464889058.3706467152 -29.0257 -4.82791 32.9317 0.180917 0.777443 -0.0123393 0.602245
1464889058.5299232006 -28.7384 -4.87478 32.8975 0.192339 0.769387 -0.0274808 0.608519
1464889058.7289400101 -28.3815 -4.93259 32.8616 0.20058 0.757853 -0.0350471 0.619838
1464889058.8906531334 -28.0981 -4.97225 32.8378 0.212914 0.740699 -0.0355142 0.636216
1464889059.0472493172 -27.813 -5.00114 32.8158 0.202662 0.742825 -0.0142598 0.637915
1464889059.2063665390 -27.5349 -5.04031 32.7844 0.204111 0.733237 -0.00906243 0.648552
1464889059.3653681278 -27.2618 -5.07757 32.7535 0.227443 0.735725 -0.0109154 0.637855
1464889059.5246472359 -26.9855 -5.10931 32.7145 0.190917 0.749968 -0.0240525 0.632866
1464889059.6874051094 -26.708 -5.13089 32.6777 0.208252 0.745649 0.0384868 0.631789
1464889059.8429617882 -26.4429 -5.16503 32.6363 0.205093 0.766298 0.0161139 0.608657
1464889060.0420367718 -26.1025 -5.20524 32.5879 0.189586 0.788833 0.0215132 0.58424
1464889060.2012610435 -25.8234 -5.23596 32.5383 0.183928 0.803786 0.0249653 0.565222
1464889060.3603336811 -25.5487 -5.27305 32.4885 0.204314 0.807665 0.0174399 0.552838
1464889060.5195519924 -25.2762 -5.3041 32.4375 0.210236 0.821687 0.0215086 0.52931
1464889060.6790249348 -25.0015 -5.32931 32.3734 0.207567 0.85016 0.0269073 0.483135
1464889060.8378760815 -24.7367 -5.35758 32.3112 0.194205 0.893964 0.0561703 0.399948
1464889060.9970374107 -24.4743 -5.38085 32.2476 0.149068 0.934754 0.0822674 0.311842
1464889061.1572029591 -24.1968 -5.41246 32.203 0.127007 0.946182 0.0744115 0.288223
1464889061.3154418468 -23.9029 -5.45334 32.171 0.151001 0.93109 0.0659131 0.325463
1464889061.4744684696 -23.6003 -5.50212 32.141 0.170229 0.903178 0.0344282 0.392564
1464889061.6338007450 -23.2922 -5.55883 32.122 0.181321 0.868082 0.0308436 0.46109
1464889061.7958121300 -22.9862 -5.62704 32.1083 0.185753 0.819701 0.0102536 0.541739
1464889061.9520375729 -22.6766 -5.68037 32.0921 0.178673 0.792821 -0.0210877 0.582294
1464889062.1112840176 -22.3741 -5.72237 32.0672 0.18782 0.766113 -0.0199246 0.614327
1464889062.2703504562 -22.0744 -5.76423 32.0426 0.196143 0.734016 -0.0170954 0.649966
1464889062.4295220375 -21.7693 -5.80168 32.0176 0.202753 0.712524 -0.0135144 0.671579
1464889062.5889575481 -21.4647 -5.83722 31.9897 0.18994 0.704483 -0.00384595 0.683821
1464889062.7479135990 -21.1543 -5.87204 31.9569 0.195986 0.69589 0.00749571 0.690847
1464889062.9866614342 -20.6902 -5.92228 31.8968 0.201 0.694595 0.015298 0.690582
1464889063.1458451748 -20.3801 -5.94764 31.8558 0.192973 0.696754 0.0528676 0.68884
1464889063.3057837486 -20.0761 -5.98174 31.8164 0.184167 0.708582 0.0618334 0.678359
1464889063.4701242447 -19.7671 -6.01654 31.7785 0.176916 0.71345 0.0727401 0.674091
1464889063.6252713203 -19.4532 -6.05547 31.7378 0.172125 0.71192 0.0741067 0.676794
1464889063.7825407982 -19.1418 -6.08954 31.6892 0.175683 0.715958 0.0844062 0.670384
1464889063.9423756599 -18.8309 -6.12178 31.6344 0.184438 0.735378 0.0924582 0.645487
1464889064.1007745266 -18.5222 -6.15493 31.5828 0.187593 0.754474 0.110078 0.619242
1464889064.2620449066 -18.2188 -6.19395 31.5301 0.175682 0.791728 0.0791106 0.579693
1464889064.4191823006 -17.9107 -6.23444 31.4751 0.188183 0.79588 0.0879938 0.5687
1464889064.5784533024 -17.6035 -6.27315 31.4206 0.20707 0.812049 0.0870134 0.538634
1464889064.7375640869 -17.2926 -6.31088 31.366 0.188869 0.831406 0.0886785 0.515003
1464889064.8966345787 -16.9854 -6.35969 31.3212 0.180359 0.842591 0.0695865 0.502661
1464889065.0584590435 -16.6706 -6.4063 31.2785 0.183237 0.846322 0.0603147 0.496514
1464889065.2149221897 -16.3486 -6.44756 31.2372 0.176301 0.849893 0.052358 0.49382
1464889065.3743317127 -16.026 -6.48182 31.1963 0.170836 0.848928 0.0708658 0.49509
1464889065.5333766937 -15.707 -6.52289 31.1537 0.179696 0.852826 0.0726334 0.484894
1464889065.6925871372 -15.3867 -6.56787 31.1163 0.180205 0.856372 0.0595873 0.480211
1464889065.8547148705 -15.0602 -6.61189 31.0775 0.176673 0.8561 0.0720775 0.480296
1464889066.0108978748 -14.7311 -6.65782 31.0407 0.154774 0.861126 0.0711977 0.478997
1464889066.1700468063 -14.4056 -6.70683 31.0024 0.159573 0.859425 0.0377124 0.484255
1464889066.3292577267 -14.075 -6.75304 30.9653 0.180398 0.844 0.030955 0.504144
1464889066.4883921146 -13.7431 -6.80234 30.9374 0.187385 0.836244 0.0147175 0.515138
1464889066.6506118774 -13.4098 -6.85586 30.9172 0.175351 0.822817 -0.00296534 0.54057
1464889066.8068697453 -13.0628 -6.90981 30.8803 0.179671 0.784015 0.00223013 0.594166
1464889066.9659373760 -12.719 -6.97134 30.8462 0.194707 0.764529 0.000367718 0.614479
1464889067.1250295639 -12.3743 -7.03408 30.8329 0.211888 0.747384 0.00213729 0.629695
1464889067.2843103409 -12.0463 -7.10469 30.7981 0.208529 0.731915 -0.0161511 0.648502
1464889067.4832339287 -11.643 -7.19798 30.7578 0.227668 0.711312 -0.0245592 0.664529
1464889067.7221517563 -11.1522 -7.29348 30.6998 0.198675 0.732851 -0.0322283 0.649938
1464889067.9608013630 -10.6566 -7.37132 30.6459 0.197782 0.725587 -0.0164012 0.658891
1464889068.1597447395 -10.2411 -7.42927 30.5919 0.210224 0.689392 -0.0137504 0.693077
1464889068.3985409737 -9.73993 -7.48045 30.55 0.211174 0.658166 -0.0108678 0.722569
1464889068.6372807026 -9.24255 -7.52835 30.4786 0.192955 0.672617 -0.0124733 0.714282
1464889068.8360912800 -8.82806 -7.57961 30.4166 0.199797 0.67328 -0.00509954 0.711863
1464889069.0749676228 -8.32572 -7.63918 30.3379 0.203082 0.690141 -0.013668 0.694461
1464889069.3161277771 -7.82631 -7.68985 30.2561 0.219516 0.682597 -0.0185137 0.696801
1464889069.5126249790 -7.41568 -7.74628 30.1906 0.210493 0.701155 -0.000954871 0.681229
1464889069.6717810631 -7.08484 -7.79089 30.1339 0.198847 0.740597 -0.0261912 0.641319
1464889069.8712449074 -6.67693 -7.84425 30.058 0.222616 0.741799 -0.0393548 0.63137
1464889070.0697963238 -6.25029 -7.88274 29.9915 0.214012 0.748221 -0.0202558 0.627658
1464889070.2315468788 -5.9099 -7.91211 29.948 0.199104 0.747396 0.00220439 0.633838
1464889070.3881115913 -5.56984 -7.95001 29.9037 0.184707 0.754473 0.0102061 0.629722
1464889070.5471873283 -5.22776 -7.97797 29.8476 0.173091 0.768498 0.0365902 0.614908
1464889070.7065372467 -4.89835 -8.02326 29.7906 0.205415 0.774058 -0.0250839 0.598338
1464889070.8656063080 -4.56346 -8.0639 29.7454 0.200635 0.771736 -0.0120143 0.603344
1464889071.0248079300 -4.21875 -8.10268 29.7101 0.17339 0.776089 -0.0183454 0.606041
1464889071.1839690208 -3.87142 -8.14152 29.6703 0.152159 0.762138 -0.0231026 0.628856
1464889071.3828334808 -3.43762 -8.19128 29.6098 0.165135 0.757061 -0.00540633 0.632108
1464889071.5818409920 -3.00701 -8.24762 29.5571 0.152388 0.770154 0.00667017 0.619352
1464889071.7817111015 -2.5717 -8.29799 29.506 0.145328 0.774197 0.00843792 0.615977
1464889071.9399735928 -2.22204 -8.33982 29.4612 0.145004 0.768233 0.013547 0.623385
1464889072.0995025635 -1.87599 -8.38359 29.4183 0.15411 0.768324 0.0101879 0.621147
1464889072.2583515644 -1.53123 -8.42516 29.3685 0.159039 0.770004 0.0282611 0.617253
1464889072.4175245762 -1.18572 -8.46588 29.3246 0.149569 0.782603 0.0321806 0.603428
1464889072.5767331123 -0.838679 -8.51737 29.2796 0.146341 0.794092 0.0205195 0.58956
1464889072.7359440327 -0.486141 -8.5532 29.2351 0.133887 0.793448 0.0328291 0.59282
1464889072.8953900337 -0.141337 -8.59412 29.1823 0.131071 0.817985 0.0420007 0.55853
1464889073.0542864799 0.202778 -8.63658 29.1397 0.13142 0.830599 0.0542881 0.538412
1464889073.2154746056 0.55544 -8.69618 29.1115 0.12578 0.822955 0.0180149 0.553715
1464889073.3729050159 0.919568 -8.76451 29.0842 0.142223 0.778336 -0.0116293 0.611417
1464889073.5316989422 1.27714 -8.83846 29.048 0.142042 0.757893 -0.0139089 0.636576
1464889073.6909632683 1.63829 -8.90376 29.0246 0.179811 0.727738 -0.00897019 0.661804
1464889073.8904905319 2.08874 -8.97109 28.9829 0.179511 0.713689 0.00669473 0.677037
1464889074.0890102386 2.53286 -9.03965 28.9434 0.171872 0.693173 0.0168362 0.699777
1464889074.2480261326 2.8834 -9.08542 28.9176 0.164871 0.670814 0.0412528 0.721889
1464889074.4097368717 3.23092 -9.12308 28.9001 0.162982 0.64909 0.0619653 0.740459
1464889074.5663824081 3.5717 -9.15792 28.8722 0.127388 0.647022 0.0646925 0.748966
1464889074.7255232334 3.90798 -9.18647 28.8365 0.127659 0.640744 0.0962414 0.750925
1464889074.8848967552 4.23793 -9.21026 28.7995 0.126933 0.647061 0.113623 0.743162
1464889075.0438358784 4.55839 -9.24321 28.7551 0.135421 0.650933 0.134661 0.73472
1464889075.2056372166 4.87051 -9.27937 28.7105 0.156031 0.639652 0.152277 0.737097
1464889075.3622000217 5.17256 -9.30949 28.6607 0.168756 0.630532 0.188836 0.733684
1464889075.5214207172 5.46345 -9.34407 28.6029 0.174667 0.641699 0.186733 0.72308
1464889075.6805417538 5.74989 -9.37982 28.5377 0.174051 0.662546 0.161991 0.71028
1464889075.8397681713 6.03218 -9.40389 28.4708 0.181024 0.686739 0.146957 0.688494
1464889076.0008182526 6.30902 -9.4253 28.3986 0.180651 0.703732 0.161094 0.667963
1464889076.1581287384 6.57935 -9.44774 28.3167 0.187283 0.736975 0.138297 0.63456
1464889076.3171558380 6.84568 -9.46582 28.2304 0.203975 0.769663 0.144653 0.587442
1464889076.4763758183 7.1034 -9.48229 28.1476 0.198529 0.779512 0.174807 0.567795
1464889076.6356351376 7.36028 -9.50024 28.066 0.167376 0.813676 0.139264 0.539001
1464889076.7968416214 7.61624 -9.52305 27.9818 0.187228 0.817421 0.142913 0.525685
1464889076.9541246891 7.87018 -9.54058 27.8955 0.135531 0.840464 0.119049 0.510959
1464889077.1157608032 8.12201 -9.55417 27.8073 0.113749 0.854822 0.129554 0.489444
1464889077.2723026276 8.37324 -9.56996 27.7237 0.112061 0.860371 0.117241 0.483175
1464889077.4315707684 8.6259 -9.58588 27.6413 0.116867 0.857099 0.125921 0.485662
1464889077.5939416885 8.87542 -9.6112 27.5574 0.105786 0.856538 0.106892 0.493687
1464889077.7498373985 9.12301 -9.63396 27.4771 0.106199 0.849851 0.101533 0.506128
1464889077.9089345932 9.37019 -9.65654 27.3984 0.0912794 0.853179 0.0818794 0.507
1464889078.0681736469 9.61837 -9.67899 27.3173 0.0731334 0.857671 0.0733242 0.503662
1464889078.2282278538 9.86326 -9.69843 27.2357 0.0808232 0.859623 0.0706613 0.499523
1464889078.3889815807 10.1033 -9.71751 27.1517 0.0878353 0.864151 0.0811899 0.488811
1464889078.5456516743 10.3414 -9.73421 27.071 0.0792613 0.873699 0.0811767 0.473052
1464889078.7049846649 10.576 -9.75156 26.9914 0.0897579 0.8814 0.0857805 0.455762
1464889078.8640346527 10.8069 -9.77336 26.9149 0.0911548 0.896729 0.0653143 0.428138
1464889079.0246138573 11.0373 -9.79184 26.8425 0.0766477 0.90289 0.0597977 0.418736
1464889079.1888816357 11.265 -9.80286 26.7754 0.0875455 0.905463 0.087547 0.405965
1464889079.3414833546 11.4862 -9.8206 26.7043 0.0831439 0.911301 0.0858076 0.394023
1464889079.5007371902 11.7053 -9.84171 26.6315 0.0902276 0.915018 0.0743779 0.386096
1464889079.6599020958 11.9209 -9.86434 26.5568 0.0876579 0.919596 0.06647 0.377148
1464889079.8593323231 12.1859 -9.89063 26.4649 0.0651736 0.929599 0.0537392 0.358762
1464889080.0177986622 12.4008 -9.91294 26.3935 0.0420944 0.934791 0.0422139 0.350159
1464889080.1799428463 12.6215 -9.93556 26.3245 0.0411742 0.934934 0.0351202 0.350671
1464889080.3765504360 12.9017 -9.96645 26.2515 0.0292981 0.933021 0.029953 0.357375
1464889080.5389208794 13.1306 -9.98983 26.2047 0.0306386 0.934494 0.0241877 0.353832
1464889080.6948268414 13.3609 -10.0167 26.1668 0.0536696 0.932626 0.0401831 0.354561
1464889080.8535706997 13.5983 -10.0468 26.1353 0.0495306 0.930084 0.042325 0.361523
1464889081.0128052235 13.8353 -10.0778 26.1139 0.0490261 0.935692 0.0528532 0.345376
1464889081.1749825478 14.0663 -10.1134 26.1017 0.0687727 0.940601 0.0635453 0.326346
1464889081.3310792446 14.2978 -10.1453 26.0992 0.0927114 0.934768 0.0938236 0.329865
1464889081.4902977943 14.524 -10.1768 26.1048 0.100226 0.941397 0.104905 0.304503
1464889081.6494872570 14.7461 -10.2056 26.1181 0.0976836 0.946837 0.126946 0.279004
1464889081.8086690903 14.9606 -10.2357 26.1299 0.0572576 0.962147 0.141305 0.225893
1464889081.9697179794 15.1805 -10.2734 26.1365 0.0666622 0.970357 0.137547 0.187203
1464889082.1270072460 15.4048 -10.3104 26.1404 0.058962 0.974834 0.138095 0.164778
1464889082.2861111164 15.6346 -10.3453 26.1406 0.0473555 0.976024 0.144357 0.15587
1464889082.4458384514 15.8679 -10.3749 26.1314 0.0367352 0.977818 0.138504 0.15277
1464889082.6045424938 16.1021 -10.3999 26.1105 0.0487169 0.970424 0.157661 0.176204
1464889082.7719008923 16.3323 -10.4214 26.0772 0.0447377 0.967083 0.172071 0.182045
1464889082.9228935242 16.5536 -10.4421 26.0328 0.0555521 0.968122 0.164053 0.180941
1464889083.0820431709 16.7654 -10.4562 25.976 0.0590744 0.96715 0.186562 0.162251
1464889083.2412116528 16.9656 -10.4674 25.9081 0.07341 0.968685 0.194879 0.135212
1464889083.4004621506 17.1532 -10.4781 25.8307 0.0758133 0.973617 0.190617 0.0999371
1464889083.5628829002 17.3182 -10.4839 25.7447 -0.0716371 -0.980342 -0.183747 0.00590409
1464889083.7190332413 17.449 -10.4781 25.6501 -0.0578362 -0.968487 -0.212861 0.115661
1464889083.8777263165 17.5532 -10.4672 25.5605 -0.038135 -0.929624 -0.253458 0.264773
1464889084.0371141434 17.6452 -10.4565 25.4824 0.0121287 -0.850168 -0.284962 0.442565
1464889084.1962578297 17.7456 -10.4506 25.3922 0.0586275 -0.763264 -0.305002 0.566537
1464889084.3604230881 17.8484 -10.4349 25.2816 0.0411435 -0.703923 -0.295091 0.644764
1464889084.5145559311 17.9504 -10.4152 25.159 0.0284123 -0.647441 -0.313769 0.693947
1464889084.6767165661 18.0437 -10.3973 25.0169 0.051608 -0.648149 -0.253385 0.716265
1464889084.8329422474 18.1267 -10.3748 24.8819 0.028971 -0.595538 -0.285538 0.750309
1464889084.9939360619 18.1968 -10.3554 24.7296 0.0717468 -0.590908 -0.239401 0.767051
1464889085.1526412964 18.2592 -10.3303 24.5832 0.0789935 -0.540717 -0.24189 0.801794
1464889085.3104057312 18.313 -10.2995 24.4321 0.0882868 -0.474908 -0.249282 0.83936
1464889085.5092940331 18.3553 -10.2476 24.223 0.092837 -0.432999 -0.252462 0.860324
1464889085.7082860470 18.376 -10.194 23.9998 0.128519 -0.400915 -0.245801 0.873116
1464889085.9072983265 18.3809 -10.1325 23.7718 0.0958638 -0.413075 -0.229139 0.876171
1464889086.0662813187 18.3728 -10.0728 23.5764 0.0793471 -0.458603 -0.226168 0.855708
1464889086.2255625725 18.3537 -10.0119 23.3706 0.0873929 -0.52215 -0.230127 0.816556
1464889086.3848152161 18.33 -9.95907 23.1682 0.0946952 -0.572926 -0.224258 0.782622
1464889086.5464375019 18.3045 -9.91034 22.9661 0.0794223 -0.628993 -0.18357 0.751241
1464889086.7031779289 18.2689 -9.86204 22.7686 0.0760162 -0.670253 -0.15917 0.720866
1464889086.8624823093 18.2242 -9.80602 22.5741 0.0740036 -0.698412 -0.15572 0.694619
1464889087.0214796066 18.1756 -9.74942 22.383 0.0822941 -0.720873 -0.155413 0.670386
1464889087.1806120872 18.1202 -9.69462 22.198 0.0747005 -0.747473 -0.142471 0.64452
1464889087.3419637680 18.0626 -9.62977 22.0108 0.0301495 -0.783753 -0.139097 0.604545
1464889087.4989719391 18.0035 -9.56773 21.8219 0.00889537 -0.803254 -0.133432 0.580431
1464889087.6581096649 17.9402 -9.50622 21.6274 0.00881522 -0.816736 -0.143012 0.558938
1464889087.8173561096 17.8786 -9.44563 21.4272 -0.013018 -0.837699 -0.140443 0.527605
1464889087.9764761925 17.8228 -9.38064 21.2214 -0.0496693 -0.856174 -0.160838 0.488497
1464889088.1370706558 17.7764 -9.31696 21.014 -0.0431711 -0.878449 -0.168135 0.445191
1464889088.2948133945 17.739 -9.2508 20.8058 -0.0224766 -0.888861 -0.184503 0.418783
1464889088.4540534019 17.7092 -9.192 20.5997 -0.0221702 -0.902042 -0.166752 0.397519
1464889088.6131224632 17.6835 -9.13187 20.3996 -0.0265872 -0.901782 -0.154102 0.402908
1464889088.7723870277 17.6596 -9.07051 20.208 0.00480684 -0.882662 -0.178045 0.434955
1464889088.9712660313 17.6464 -8.99509 19.9679 -0.00466164 -0.871052 -0.188482 0.453565
1464889089.1305196285 17.6409 -8.94103 19.775 0.03278 -0.844502 -0.18538 0.501374
1464889089.2896182537 17.6381 -8.8894 19.5873 0.0984401 -0.792798 -0.197025 0.568298
1464889089.4488391876 17.6327 -8.8365 19.4067 0.128608 -0.729108 -0.241587 0.627293
1464889089.6079759598 17.6332 -8.78737 19.2266 0.128014 -0.672117 -0.208451 0.69887
1464889089.7671201229 17.6382 -8.73504 19.0632 0.114726 -0.591411 -0.198764 0.773022
1464889089.9280555248 17.6567 -8.69827 18.912 0.106762 -0.473904 -0.213481 0.84761
1464889090.0854196548 17.69 -8.65982 18.7413 0.0687285 -0.385545 -0.176625 0.903015
1464889090.2446908951 17.724 -8.61563 18.5454 0.0676623 -0.324899 -0.16872 0.928114
1464889090.4436147213 17.7514 -8.55283 18.2835 0.0816502 -0.286174 -0.163886 0.940521
1464889090.6425609589 17.7696 -8.48604 18.0193 0.0787415 -0.299138 -0.150508 0.938969
1464889090.8017756939 17.7767 -8.42957 17.7965 0.114331 -0.31412 -0.163951 0.928104
1464889090.9609286785 17.7696 -8.36503 17.56 0.10264 -0.394522 -0.161033 0.898824
1464889091.1219756603 17.7634 -8.30891 17.3207 0.122287 -0.478563 -0.1553 0.855515
1464889091.2792727947 17.7643 -8.25125 17.0869 0.114363 -0.549249 -0.131212 0.817331
1464889091.4384827614 17.753 -8.18328 16.8497 0.0842073 -0.60874 -0.115609 0.780372
1464889091.5976889133 17.7477 -8.12132 16.6079 0.093927 -0.645893 -0.132766 0.745905
1464889091.7569160461 17.7433 -8.05958 16.3743 0.0992725 -0.685329 -0.134822 0.708726
1464889091.9184713364 17.7384 -7.99305 16.1463 0.0534518 -0.723745 -0.125407 0.676468
1464889092.0751476288 17.7321 -7.92628 15.9168 0.0484097 -0.749583 -0.130926 0.647024
1464889092.2741267681 17.7156 -7.8542 15.6294 0.0404799 -0.766556 -0.139867 0.625453
1464889092.4332823753 17.6954 -7.79788 15.3976 -0.00159959 -0.7825 -0.132602 0.608365
1464889092.5924801826 17.6797 -7.73708 15.1666 0.0085223 -0.786881 -0.132103 0.60274
1464889092.7520809174 17.6637 -7.66833 14.9326 0.0212626 -0.799495 -0.158546 0.578981
1464889092.9106962681 17.6429 -7.60382 14.7026 0.0231716 -0.812873 -0.153422 0.561393
1464889093.0698783398 17.6084 -7.53597 14.4825 -0.0223247 -0.818936 -0.1294 0.558659
1464889093.2290728092 17.572 -7.46164 14.2575 -0.0464435 -0.817401 -0.147646 0.554886
1464889093.3883109093 17.5403 -7.38903 14.031 -0.0334658 -0.813381 -0.171147 0.554977
1464889093.5473260880 17.509 -7.32942 13.8058 -0.0221316 -0.816766 -0.155761 0.555105
1464889093.7065045834 17.4709 -7.2639 13.5803 -0.0244655 -0.814878 -0.15876 0.55693
1464889093.8656551838 17.4328 -7.18601 13.3477 -0.0275087 -0.813975 -0.176674 0.552697
1464889094.0250296593 17.393 -7.11047 13.113 -0.0543708 -0.81997 -0.167445 0.544661
1464889094.1841371059 17.3524 -7.03362 12.8775 -0.0848844 -0.819202 -0.17388 0.539878
1464889094.3441843987 17.3155 -6.96354 12.64 -0.0739337 -0.821622 -0.180503 0.535621
1464889094.5025870800 17.2881 -6.89684 12.4044 -0.0791241 -0.830263 -0.171801 0.524297
1464889094.6616683006 17.2623 -6.82556 12.172 -0.0740197 -0.836993 -0.173681 0.513613
1464889094.8209085464 17.233 -6.74814 11.9433 -0.043717 -0.840016 -0.184452 0.508369
1464889094.9799559116 17.2013 -6.67339 11.7158 -0.0392417 -0.842229 -0.18287 0.505637
1464889095.1391746998 17.1688 -6.60019 11.4907 -0.0385121 -0.847542 -0.170102 0.501253
1464889095.3005745411 17.1323 -6.52512 11.2651 -0.033394 -0.839306 -0.17734 0.512836
1464889095.4574258327 17.0958 -6.44772 11.0373 -0.0215845 -0.832024 -0.179199 0.524556
1464889095.6167042255 17.0644 -6.37863 10.808 -0.00920539 -0.824061 -0.172812 0.539421
1464889095.7760159969 17.0269 -6.30594 10.5779 0.00347255 -0.809377 -0.185001 0.557379
1464889095.9351112843 16.99 -6.23335 10.3451 0.0122123 -0.799383 -0.189784 0.56993
1464889096.0942673683 16.9573 -6.15696 10.1109 0.00236527 -0.798282 -0.181975 0.57413
1464889096.2533524036 16.9251 -6.078 9.87414 -0.00448848 -0.797105 -0.182424 0.575608
1464889096.4125471115 16.899 -5.99877 9.63476 0.000126662 -0.797491 -0.185797 0.57401
1464889096.5716018677 16.8759 -5.92089 9.39541 -0.00674043 -0.796473 -0.197415 0.5715
1464889096.7309536934 16.8519 -5.84567 9.15418 -0.00187598 -0.792709 -0.200751 0.575593
1464889096.8922417164 16.8284 -5.77198 8.90733 0.0109739 -0.79342 -0.204841 0.573066
1464889097.0492088795 16.809 -5.70049 8.65931 0.0245748 -0.803217 -0.191593 0.563499
1464889097.2083988190 16.7869 -5.62422 8.4121 0.00280125 -0.812815 -0.177514 0.554809
1464889097.3676333427 16.7675 -5.55017 8.16451 0.00691114 -0.81783 -0.178524 0.547024
1464889097.5267794132 16.7539 -5.48205 7.91726 0.0349124 -0.819397 -0.171216 0.545944
1464889097.6859211922 16.7375 -5.41173 7.66584 0.0458928 -0.828147 -0.169449 0.53231
1464889097.8450210094 16.7168 -5.34037 7.39697 0.0514464 -0.853829 -0.167103 0.490312
1464889098.0041842461 16.6935 -5.28133 7.11802 -0.00181932 -0.886796 -0.143118 0.439438
1464889098.1633718014 16.6767 -5.22549 6.84622 -0.0405392 -0.911682 -0.112659 0.393066
1464889098.3226695061 16.6653 -5.17225 6.58171 -0.0698416 -0.925766 -0.104413 0.356619
1464889098.4835772514 16.6487 -5.12206 6.32517 -0.0696055 -0.926801 -0.103959 0.3541
1464889098.6409969330 16.6299 -5.07849 6.07313 -0.0627553 -0.924488 -0.0927916 0.364381
1464889098.8000543118 16.609 -5.02924 5.82227 -0.0737518 -0.922373 -0.0991763 0.365996
1464889098.9592688084 16.5945 -4.97713 5.57681 -0.0721656 -0.926501 -0.0784011 0.360889
1464889099.1184256077 16.5734 -4.91342 5.33236 -0.0669211 -0.921635 -0.0747601 0.374861
1464889099.2795503139 16.5578 -4.84496 5.08741 -0.0672586 -0.924917 -0.0728672 0.367009
1464889099.4367907047 16.543 -4.77275 4.84178 -0.0568513 -0.92787 -0.080257 0.359701
1464889099.5958561897 16.5193 -4.69837 4.59322 -0.0415179 -0.920991 -0.0896109 0.376858
1464889099.7551045418 16.4953 -4.62003 4.33998 -0.0411078 -0.919427 -0.104848 0.376791
1464889099.9141833782 16.4662 -4.53523 4.08604 -0.0452381 -0.919485 -0.120245 0.37154
1464889100.0734598637 16.4349 -4.45361 3.83631 -0.0595125 -0.914111 -0.127605 0.380232
1464889100.2326147556 16.4125 -4.3758 3.58589 -0.0575933 -0.912054 -0.12661 0.385759
1464889100.3918230534 16.3905 -4.29672 3.33344 -0.0516205 -0.905642 -0.138205 0.397551
1464889100.5535802841 16.3682 -4.21969 3.08092 -0.050194 -0.903278 -0.129259 0.406031
1464889100.7101175785 16.3519 -4.14321 2.83351 -0.066356 -0.905439 -0.137364 0.396117
1464889100.8725850582 16.3291 -4.06327 2.58814 -0.0693645 -0.896503 -0.157403 0.408284
1464889101.0284996033 16.3038 -3.98308 2.34451 -0.0656222 -0.889763 -0.161799 0.421706
1464889101.1877305508 16.2853 -3.90947 2.10068 -0.0695558 -0.891358 -0.155618 0.42003
1464889101.3469376564 16.267 -3.83151 1.855 -0.0743349 -0.893567 -0.159449 0.413025
1464889101.5063087940 16.2519 -3.76049 1.61244 -0.0441606 -0.886214 -0.149945 0.43611
1464889101.6670844555 16.2362 -3.68719 1.37134 -0.0403454 -0.882589 -0.158713 0.440704
1464889101.8242337704 16.2211 -3.61294 1.13364 -0.0311709 -0.875547 -0.162897 0.453773
1464889101.9836153984 16.2045 -3.53763 0.899561 -0.0133764 -0.864579 -0.170523 0.472489
1464889102.1452906132 16.1845 -3.46543 0.669201 -0.0103481 -0.855178 -0.176871 0.487114
1464889102.3019256592 16.1625 -3.39068 0.441373 -0.027488 -0.852822 -0.177663 0.49028
1464889102.4646120071 16.137 -3.31251 0.214822 -0.040092 -0.843291 -0.192076 0.500359
1464889102.6202242374 16.111 -3.23852 -0.00776472 -0.0366582 -0.83665 -0.195412 0.510379
1464889102.7794687748 16.078 -3.16412 -0.223744 -0.0330341 -0.820012 -0.209377 0.531649
1464889102.9383900166 16.0395 -3.09383 -0.432715 -0.0345244 -0.803117 -0.212258 0.55566
1464889103.0977487564 15.9949 -3.02408 -0.63693 -0.0387007 -0.787924 -0.20513 0.57931
1464889103.2589612007 15.9432 -2.9515 -0.840457 -0.0520063 -0.774208 -0.197903 0.598942
1464889103.4160959721 15.8829 -2.87838 -1.03787 -0.0625755 -0.759677 -0.194724 0.617299
1464889103.5756690502 15.8128 -2.80034 -1.2305 -0.0795174 -0.745646 -0.191234 0.633339
1464889103.7342905998 15.7306 -2.72109 -1.41244 -0.0754 -0.71895 -0.212132 0.657591
1464889103.8936567307 15.6363 -2.64455 -1.58289 -0.0800041 -0.69135 -0.218771 0.68394
1464889104.0544188023 15.5288 -2.56695 -1.7409 -0.0874723 -0.657174 -0.219849 0.715638
1464889104.2119002342 15.4113 -2.48117 -1.88105 -0.116257 -0.62058 -0.223892 0.742454
1464889104.3723735809 15.288 -2.38957 -1.99424 -0.130393 -0.550866 -0.236195 0.789783
1464889104.5302863121 15.1612 -2.31152 -2.09286 -0.15467 -0.466212 -0.214707 0.844171
1464889104.6894404888 15.0302 -2.24715 -2.1824 -0.117544 -0.370751 -0.20863 0.89733
1464889104.8512895107 14.8931 -2.1822 -2.2727 -0.159136 -0.298148 -0.166384 0.926337
1464889105.0080821514 14.7592 -2.1239 -2.35144 -0.141442 -0.190363 -0.172984 0.955946
1464889105.1692063808 14.6219 -2.06517 -2.42927 -0.146635 -0.115606 -0.0771017 0.979382
1464889105.3261089325 14.4731 -2.01293 -2.50506 -0.129939 -0.0491525 -0.0906276 0.986147
1464889105.4853093624 14.3063 -1.95547 -2.58073 -0.133638 -0.0130807 -0.072448 0.988292
1464889105.6464669704 14.1321 -1.89725 -2.65095 -0.137363 0.0214376 -0.0649353 0.988158
1464889105.8036856651 13.952 -1.8424 -2.7178 -0.12473 0.0592487 -0.0667471 0.988168
1464889105.9628422260 13.7564 -1.78683 -2.78022 -0.111643 0.0693158 -0.0476638 0.990182
1464889106.1221218109 13.5427 -1.73247 -2.82896 -0.106006 0.0590634 -0.0569365 0.990975
1464889106.2820007801 13.3142 -1.67903 -2.86784 -0.112073 0.0379011 -0.0682906 0.990626
1464889106.4432544708 13.0869 -1.63167 -2.89496 -0.0978666 0.031952 -0.0643229 0.992605
1464889106.5995285511 12.8665 -1.58044 -2.91372 -0.104841 0.0455354 -0.048545 0.992259
1464889106.7592892647 12.6376 -1.5339 -2.9197 -0.075648 0.0372905 -0.0465151 0.995351
1464889106.9178342819 12.4036 -1.49938 -2.92309 -0.089995 0.0373934 -0.0479634 0.994084
1464889107.0769410133 12.1457 -1.47312 -2.91392 -0.0580313 -0.0113147 -0.0480161 0.997095
1464889107.2424516678 11.8696 -1.43987 -2.90227 -0.0494593 -0.082262 -0.0484704 0.994202
1464889107.3953425884 11.5897 -1.40433 -2.89692 -0.0569711 -0.17246 -0.0408416 0.982519
1464889107.5546219349 11.3182 -1.36867 -2.88781 -0.0350215 -0.22456 -0.0726893 0.971114
1464889107.7137026787 11.0515 -1.33216 -2.87953 -0.0266321 -0.278881 -0.0872078 0.955987
1464889107.8733968735 10.7885 -1.29751 -2.87572 -0.0145132 -0.339915 -0.0961166 0.935419
1464889108.0390539169 10.532 -1.26078 -2.86771 -0.00607068 -0.392212 -0.0999011 0.914414
1464889108.1931283474 10.2797 -1.22427 -2.84981 0.00135585 -0.421637 -0.120568 0.898712
1464889108.3504242897 10.0341 -1.1923 -2.82097 0.0124494 -0.431644 -0.126245 0.893079
1464889108.5095963478 9.79206 -1.15906 -2.78512 0.0131308 -0.432396 -0.130375 0.892112
1464889108.6686873436 9.55495 -1.1263 -2.74438 0.00595623 -0.415164 -0.130612 0.900302
1464889108.8307394981 9.32138 -1.09071 -2.70265 -0.000140194 -0.384834 -0.132841 0.913376
1464889108.9869158268 9.09093 -1.05808 -2.66273 -0.00806486 -0.355406 -0.113742 0.927731
1464889109.1462745667 8.86297 -1.02501 -2.62243 -0.0158131 -0.317999 -0.114258 0.941048
1464889109.3054330349 8.6376 -0.993591 -2.58323 -0.0210812 -0.282774 -0.0983421 0.953899
1464889109.4646375179 8.41194 -0.964439 -2.54645 -0.00315796 -0.251431 -0.0893699 0.963735
1464889109.6237537861 8.18283 -0.930674 -2.50995 -0.00903533 -0.229564 -0.0963389 0.968472
1464889109.7828037739 7.95159 -0.895117 -2.47344 -0.0108541 -0.220657 -0.0794892 0.972046
1464889109.9420351982 7.72068 -0.863661 -2.43586 -0.0101968 -0.212978 -0.0827724 0.973491
1464889110.1014854908 7.49223 -0.833474 -2.39712 -0.00635716 -0.209782 -0.0787099 0.974554
1464889110.2627727985 7.26798 -0.805847 -2.35327 0.00130862 -0.199127 -0.0839019 0.976374
1464889110.4223122597 7.04809 -0.774365 -2.30753 -0.00620569 -0.181514 -0.0775262 0.980308
1464889110.5805869102 6.83067 -0.751743 -2.25815 0.00364498 -0.166279 -0.0716237 0.983467
1464889110.7379200459 6.61149 -0.726787 -2.2084 0.0102844 -0.156191 -0.0840256 0.984093
1464889110.9005825520 6.39425 -0.708111 -2.15747 0.033594 -0.150533 -0.0957363 0.983385
1464889111.0563118458 6.18021 -0.69296 -2.10469 0.0406456 -0.15306 -0.090632 0.983212
1464889111.2156019211 5.97214 -0.690177 -2.05289 0.0401935 -0.151105 -0.0836926 0.984148
1464889111.3746173382 5.7697 -0.691861 -2.00331 0.0570107 -0.155817 -0.0672408 0.983844
1464889111.5338335037 5.57479 -0.682916 -1.95237 0.0710639 -0.161368 -0.0634536 0.982285
1464889111.6928985119 5.38416 -0.659596 -1.89352 0.0627024 -0.168995 -0.0562512 0.982011
1464889111.8522067070 5.19607 -0.635836 -1.83172 0.0622972 -0.165923 -0.0637158 0.982104
1464889112.0115458965 5.01481 -0.61655 -1.77355 0.0500729 -0.163081 -0.0702368 0.982835
1464889112.1704902649 4.84076 -0.615272 -1.7268 0.104323 -0.158024 -0.0817632 0.978499
1464889112.3296058178 4.66773 -0.601398 -1.67092 0.0948301 -0.159981 -0.0946746 0.977983
1464889112.4887168407 4.50681 -0.587471 -1.61999 0.0914125 -0.181857 -0.0936617 0.974577
1464889112.6877591610 4.32159 -0.578236 -1.55411 0.097658 -0.159124 -0.113749 0.975809
1464889112.8870007992 4.14049 -0.565209 -1.48456 0.0823453 -0.148805 -0.0976154 0.980585
1464889113.0870206356 3.96356 -0.548459 -1.42027 0.0797184 -0.151949 -0.104361 0.979625
1464889113.3244223595 3.76326 -0.544233 -1.33793 0.0893724 -0.120277 -0.109488 0.982628
1464889113.5632615089 3.57466 -0.533464 -1.2529 0.0938642 -0.10239 -0.108828 0.984308
1464889113.8431851864 3.37612 -0.523509 -1.15206 0.0849984 -0.065984 -0.101295 0.98902
1464889114.0806007385 3.21447 -0.517465 -1.06092 0.0843159 -0.0411911 -0.0948273 0.991061
1464889114.2798497677 3.08151 -0.507346 -0.982075 0.0646043 -0.0279041 -0.0956366 0.992926
1464889114.4387216568 2.96816 -0.506185 -0.923954 0.0685908 -0.0480171 -0.0909341 0.992331
1464889114.6017508507 2.85018 -0.500563 -0.86281 0.0430362 -0.0592976 -0.116144 0.990526
1464889114.7571656704 2.73351 -0.500244 -0.808336 0.0675689 -0.083104 -0.118087 0.98721
1464889114.9559972286 2.60225 -0.50074 -0.736227 0.0609806 -0.0627753 -0.118075 0.989141
1464889115.1557121277 2.4852 -0.488341 -0.674774 0.0532649 -0.0840747 -0.134062 0.985962
1464889115.3550865650 2.38813 -0.476074 -0.616137 0.0924897 -0.0842645 -0.0781656 0.989058
1464889115.5131757259 2.31773 -0.471967 -0.562929 0.0557081 -0.0283371 -0.0801405 0.994822
1464889115.7518861294 2.20917 -0.472615 -0.487899 0.0571652 -0.00784388 -0.0787516 0.995223
1464889116.0303483009 2.09971 -0.469155 -0.422554 0.0532745 0.00132907 -0.0659889 0.996396
1464889116.2704491615 2.00906 -0.456445 -0.381056 0.0759809 0.0613384 -0.0893086 0.991206
1464889116.4681215286 1.92953 -0.431823 -0.341524 0.0493454 0.0967765 -0.0831051 0.990602
1464889116.6272506714 1.85913 -0.407802 -0.310839 0.0343096 0.0869737 -0.0769806 0.992639
1464889116.7889134884 1.78035 -0.376773 -0.28792 0.00310798 0.0607544 -0.0766687 0.995199
1464889116.9485290051 1.70329 -0.35282 -0.275857 -0.0379554 0.0291498 -0.077625 0.995833
1464889117.1048023701 1.6286 -0.34033 -0.273483 -0.0605907 -0.016695 -0.0858905 0.99432
1464889117.2639291286 1.56394 -0.343822 -0.278855 -0.0900252 -0.0878221 -0.0667067 0.989815
1464889117.4231710434 1.5188 -0.363789 -0.284263 -0.122876 -0.158975 -0.0318693 0.979088
1464889117.5851979256 1.49239 -0.394694 -0.281733 -0.100824 -0.202153 -0.0241691 0.97385
1464889117.7416758537 1.47729 -0.428374 -0.274132 -0.0942986 -0.252963 0.00933905 0.962824
1464889118.1394193172 1.49455 -0.485565 -0.256919 -0.0616585 -0.231725 0.0012813 0.970825
1464889118.3384335041 1.52559 -0.515576 -0.259347 -0.0133771 -0.19097 0.0268629 0.981137
1464889118.5381975174 1.56467 -0.535903 -0.26779 0.0487742 -0.146162 0.0344843 0.987456
1464889118.7361986637 1.60476 -0.533269 -0.274747 0.0910386 -0.0895416 0.0547825 0.9903
1464889118.9351892471 1.64202 -0.504257 -0.274827 0.0846272 -0.0298055 0.0711644 0.993421
1464889119.1342580318 1.67212 -0.461148 -0.273044 0.0660264 0.0278904 0.0708878 0.994906
1464889119.3764393330 1.68298 -0.402878 -0.275966 0.0271471 0.0444205 0.0441187 0.997669
1464889119.6912775040 1.66325 -0.346295 -0.27103 -0.0169125 0.0141889 0.0159449 0.999629
1464889120.0495254993 1.64132 -0.31953 -0.21548 -0.0601037 -0.00502341 -0.00170189 0.998178
1464889120.2881112099 1.64498 -0.328366 -0.158583 -0.0429713 0.0355416 0.00939908 0.9984
1464889120.4473900795 1.65285 -0.339541 -0.118502 -0.0246143 0.0897142 0.0262464 0.995317
1464889120.7279002666 1.64917 -0.363588 -0.0887898 0.0113443 0.116357 0.0542611 0.991659
1464889121.1662459373 1.57917 -0.371789 -0.123382 0.0424702 0.119725 0.0386815 0.991144
1464889121.3656165600 1.513 -0.363877 -0.157409 0.0392673 0.0900636 0.044423 0.99417
1464889121.5218586922 1.45465 -0.361279 -0.173228 0.0407838 0.0669203 0.0206191 0.996711
1464889121.6814613342 1.39822 -0.362803 -0.173992 0.0373295 0.0399148 0.0436063 0.997553
1464889121.9595241547 1.32626 -0.355143 -0.145118 0.0184366 0.0722539 0.027211 0.996845
1464889122.2778315544 1.25706 -0.346233 -0.128771 -2.13438e-05 0.10156 0.0334194 0.994268
1464889122.6360611916 1.17589 -0.340912 -0.12761 -0.0103406 0.0984024 0.0459573 0.994031
1464889123.0340185165 1.11009 -0.344815 -0.0915306 0.0051 0.114581 0.0661734 0.991194
1464889123.7115883827 1.10206 -0.333416 -0.115106 0.0184159 0.136051 0.17095 0.975668
1464889124.2276611328 1.17568 -0.333558 -0.136207 0.0194201 0.116625 0.206269 0.971326
1464889124.5460450649 1.22803 -0.331689 -0.164683 0.0150075 0.0787013 0.172325 0.981776
1464889124.7450902462 1.26199 -0.334014 -0.178725 0.0308327 0.0172665 0.107529 0.993574
1464889124.9838316441 1.31477 -0.334426 -0.184796 0.029057 -0.0280937 0.0526181 0.997796
1464889125.1827461720 1.37748 -0.337235 -0.187503 0.00895168 -0.0199305 0.0583189 0.998059
1464889125.4613051414 1.45682 -0.354834 -0.191965 0.0171359 -0.0413586 0.0706565 0.996496
1464889125.7397143841 1.53124 -0.373865 -0.172842 0.017815 -0.0581972 0.0575837 0.996484
1464889125.9785985947 1.60128 -0.392408 -0.155339 0.0186038 -0.0530483 0.0706878 0.995913
1464889126.2192835808 1.67338 -0.39449 -0.156964 0.00505121 -0.0627582 0.0797939 0.994821
1464889126.4964072704 1.75282 -0.400846 -0.161297 -0.0233525 -0.0841538 0.0694384 0.993756
1464889126.7744128704 1.83066 -0.41198 -0.158674 -0.0272497 -0.104812 0.0815647 0.990767
1464889127.0927016735 1.92178 -0.426909 -0.162241 -0.0212394 -0.131937 0.110853 0.984811
1464889127.2916300297 1.98154 -0.423643 -0.170501 -0.0252896 -0.125243 0.0964336 0.987104
1464889127.4907557964 2.04145 -0.424613 -0.174564 -0.0243095 -0.111533 0.0752784 0.990607
1464889127.7692434788 2.11751 -0.440989 -0.176431 -0.00789024 -0.125176 0.0529875 0.990687
1464889128.0480444431 2.1908 -0.45953 -0.167886 0.00773982 -0.125135 0.026825 0.991747
1464889128.2865133286 2.25976 -0.465912 -0.176513 0.00741177 -0.0958651 0.0318995 0.994855
1464889128.4855566025 2.31358 -0.476818 -0.183431 0.0121196 -0.0644606 0.0212978 0.997619
1464889128.7639636993 2.37487 -0.510527 -0.182349 0.00454061 -0.046487 0.0283081 0.998507
1464889129.0824654102 2.40844 -0.574637 -0.18586 0.00652076 -0.0263724 0.0438546 0.998668
1464889129.5232021809 2.39124 -0.662531 -0.234531 0.0154668 -0.0108506 0.0594746 0.998051
1464889129.9977302551 2.29894 -0.688832 -0.295756 0.0356252 -0.0182228 0.0419142 0.99832
1464889130.3192107677 2.22137 -0.696147 -0.331008 -0.000995815 -0.00152428 -0.00876524 0.99996
1464889130.7139351368 2.11833 -0.689515 -0.311375 0.0167737 0.0076915 -0.0379991 0.999107
1464889131.0720677376 2.02384 -0.681118 -0.278852 0.0108426 -0.00624746 -0.0246093 0.999619
1464889131.4302206039 1.90851 -0.663609 -0.260726 0.0167071 0.0165338 -0.0229202 0.999461
1464889131.7883431911 1.79434 -0.646403 -0.242317 0.011143 0.034146 -0.0429414 0.998432
1464889132.0668911934 1.70804 -0.638904 -0.205362 0.00590924 0.00377503 -0.0433415 0.999036
1464889132.3454124928 1.62606 -0.624916 -0.188411 0.0247348 0.0060713 0.0051797 0.999662
1464889132.6240072250 1.53241 -0.599054 -0.196075 0.0186389 -0.00380263 0.00407103 0.999811
1464889132.9424045086 1.44052 -0.578817 -0.210759 0.0167944 -0.0144464 0.034943 0.999144
1464889133.2208156586 1.37039 -0.55958 -0.203532 0.00494234 -0.0451177 0.0506093 0.997687
1464889133.5788807869 1.31229 -0.521695 -0.168389 -0.010023 -0.0202277 0.0884885 0.995821
1464889133.8575861454 1.29294 -0.483537 -0.15032 0.0576153 7.18205e-05 0.0907582 0.994205
1464889134.1364266872 1.29097 -0.42921 -0.147748 0.0132148 0.0115967 0.0809272 0.996565
1464889134.5340552330 1.30728 -0.376362 -0.162521 0.0242023 0.0398522 0.0239652 0.998625
