1463226057.0243203640 0 0 0 -0 -0 -0 1
1463226057.8749265671 0.107218 -0.0385844 0.1585 0.0160525 -0.000546799 -0.00165671 0.99987
1463226058.2069969177 0.137148 -0.0588854 0.202272 0.0447747 -0.0150727 -0.00396339 0.998876
1463226058.5866241455 0.178474 -0.0487005 0.251959 0.0171955 -0.0478591 -0.00157806 0.998705
1463226058.8711988926 0.22864 -0.0549077 0.296236 0.0292406 -0.0662196 -0.0146536 0.997269
1463226059.2975044250 0.278986 -0.0571811 0.344703 0.0249774 -0.0911529 0.013655 0.99543
1463226059.7244083881 0.282979 -0.0685613 0.417307 -0.00795429 -0.073995 0.0160795 0.997097
1463226060.0087983608 0.27552 -0.101382 0.486368 -0.0212218 -0.0928073 -0.00819841 0.995424
1463226060.2473039627 0.266567 -0.13172 0.535408 -0.0170777 -0.0898957 -0.00368262 0.995798
1463226060.5809297562 0.246873 -0.161315 0.586013 -0.0357889 -0.102719 -0.0182579 0.993899
1463226060.7675235271 0.236092 -0.183185 0.622416 -0.0284202 -0.114121 -0.0174997 0.992906
1463226060.9596285820 0.223637 -0.209609 0.662995 -0.0134916 -0.13043 -0.0204036 0.991156
1463226061.1468615532 0.209061 -0.236576 0.691728 0.000473586 -0.126319 -0.0108319 0.99193
1463226061.3840854168 0.176072 -0.264789 0.718058 -0.0099467 -0.113048 0.0278575 0.993149
1463226061.5736429691 0.135733 -0.282419 0.733154 -0.0312922 -0.0966123 0.0509063 0.993527
1463226061.7643253803 0.0882702 -0.301784 0.741681 -0.0574232 -0.0700198 0.0867791 0.992103
1463226061.9550881386 0.0400012 -0.317422 0.744641 -0.0838515 -0.043762 0.129393 0.987072
1463226062.1440062523 -0.00126202 -0.326514 0.73607 -0.0933285 -0.00917018 0.153519 0.983686
1463226062.3322954178 -0.0422329 -0.320238 0.716032 -0.114735 -0.00932735 0.15501 0.981183
1463226062.5222275257 -0.0712275 -0.30963 0.680486 -0.116718 -0.00985611 0.149838 0.981748
1463226062.7117149830 -0.0909083 -0.291283 0.634294 -0.114935 -0.03453 0.134484 0.983622
1463226062.9016017914 -0.0998997 -0.263925 0.58232 -0.114449 -0.0748641 0.107074 0.9848
1463226063.0911741257 -0.1041 -0.234604 0.533343 -0.111263 -0.118433 0.0767494 0.983719
1463226063.3294508457 -0.0998328 -0.198561 0.483715 -0.108468 -0.146334 0.0387866 0.982505
1463226063.5661513805 -0.0876002 -0.157014 0.450162 -0.109181 -0.168744 0.00573174 0.979578
1463226063.8023135662 -0.063253 -0.11661 0.43049 -0.11318 -0.153009 0.0157912 0.981595
1463226064.0425341129 -0.0325749 -0.0838965 0.415211 -0.108931 -0.144615 0.0334017 0.982906
1463226064.2292213440 0.000187298 -0.0595993 0.411364 -0.120472 -0.131228 0.0410595 0.983148
1463226064.4188342094 0.0406999 -0.0449873 0.422669 -0.135488 -0.108983 0.0552058 0.983218
1463226064.6086394787 0.0830743 -0.0495215 0.451473 -0.132403 -0.0781632 0.0963128 0.983404
1463226064.7985069752 0.119229 -0.071539 0.492568 -0.121019 -0.0617622 0.127898 0.982437
1463226064.9878032207 0.149 -0.101579 0.533326 -0.099205 -0.0646599 0.132471 0.984088
1463226065.1775734425 0.167427 -0.135099 0.560202 -0.0787598 -0.0823453 0.127207 0.985309
1463226065.4146387577 0.180031 -0.174614 0.586814 -0.0633276 -0.0910089 0.125032 0.985938
1463226065.6042387486 0.18198 -0.20881 0.614311 -0.0584455 -0.0780464 0.128833 0.986861
1463226065.7939624786 0.173824 -0.247164 0.647958 -0.0529028 -0.0660693 0.126316 0.988373
1463226065.9836053848 0.159275 -0.291536 0.685185 -0.0397255 -0.0520268 0.119813 0.990636
1463226066.1734657288 0.138258 -0.341451 0.72164 -0.0536446 -0.0420993 0.1333 0.988727
1463226066.3629667759 0.118334 -0.399696 0.748215 -0.0524223 -0.0259847 0.15234 0.986595
1463226066.5543920994 0.101617 -0.450037 0.757777 -0.0466458 -0.00834843 0.169142 0.984452
1463226066.7903168201 0.0673759 -0.485121 0.75347 -0.0616424 -0.00275813 0.181302 0.98149
1463226066.9796206951 0.0258111 -0.492339 0.736655 -0.0914431 -0.0268484 0.155928 0.98316
1463226067.1691615582 -0.0128953 -0.485173 0.70892 -0.0978246 -0.0439894 0.136292 0.984845
1463226067.3589291573 -0.0414837 -0.459813 0.675579 -0.108939 -0.066692 0.118203 0.98474
1463226067.5495243073 -0.0553065 -0.426707 0.64636 -0.101566 -0.0799166 0.0985176 0.986708
1463226067.7856144905 -0.044773 -0.379147 0.619838 -0.0894109 -0.0813632 0.0846458 0.98905
1463226067.9752330780 -0.0239675 -0.333585 0.604856 -0.0908775 -0.0817702 0.0699895 0.990028
1463226068.1649253368 0.0122954 -0.292175 0.586071 -0.0875942 -0.0687278 0.0587599 0.992044
1463226068.3547050953 0.0572957 -0.257872 0.557888 -0.0432033 -0.0710376 0.0465369 0.99545
1463226068.5916841030 0.10324 -0.222746 0.518734 -0.00801112 -0.0621088 0.0542933 0.996559
1463226068.8762512207 0.141653 -0.19432 0.496367 0.0303912 -0.0391215 0.0712038 0.996231
1463226069.2084054947 0.129335 -0.198704 0.443407 0.0896902 -0.0265146 0.0877185 0.991745
1463226069.3978021145 0.0939147 -0.20656 0.38616 0.120794 -0.0244099 0.110233 0.986236
1463226069.5875227451 0.0415773 -0.214418 0.326341 0.096735 -0.0333214 0.0931633 0.99038
1463226069.7798073292 -0.0168352 -0.239652 0.264543 0.098937 -0.0681101 0.0770727 0.989764
1463226069.9672060013 -0.073543 -0.264844 0.211685 0.100577 -0.103823 0.0496783 0.98825
1463226070.1569151878 -0.132172 -0.304387 0.155026 0.115728 -0.140681 0.0655885 0.981078
1463226070.3462283611 -0.196434 -0.350698 0.0926714 0.138516 -0.194161 0.0988436 0.966098
1463226070.5359218121 -0.256866 -0.395337 0.0320848 0.170774 -0.241372 0.105968 0.949393
1463226070.7277705669 -0.318526 -0.427205 -0.0237495 0.216494 -0.281604 0.116657 0.927481
1463226070.9155075550 -0.386249 -0.428245 -0.0672134 0.230409 -0.292875 0.122656 0.919832
1463226071.1056659222 -0.479161 -0.41832 -0.10547 0.230199 -0.309457 0.117595 0.915104
1463226071.2951290607 -0.581012 -0.401836 -0.138147 0.203052 -0.356542 0.0863973 0.907845
1463226071.4842600822 -0.678232 -0.374989 -0.157634 0.197247 -0.375815 0.0525976 0.903931
1463226071.6760733128 -0.784245 -0.338913 -0.167177 0.177502 -0.405569 0.0206596 0.896426
1463226071.8667619228 -0.890397 -0.323023 -0.176099 0.171614 -0.42652 -0.00253257 0.888045
1463226072.0534281731 -0.984293 -0.310729 -0.187488 0.183591 -0.453387 -0.0498798 0.870774
1463226072.2428631783 -1.07726 -0.295457 -0.190774 0.200106 -0.464331 -0.0935904 0.857668
1463226072.4328160286 -1.18678 -0.287747 -0.195812 0.201056 -0.46242 -0.107568 0.856839
1463226072.6223158836 -1.29121 -0.318314 -0.218279 0.193676 -0.464923 -0.104408 0.857575
1463226072.8121414185 -1.38738 -0.383719 -0.251135 0.198971 -0.476281 -0.083428 0.852412
1463226073.0016827583 -1.49668 -0.445977 -0.271358 0.20478 -0.4739 -0.0562225 0.854589
1463226073.1913022995 -1.61315 -0.518012 -0.290956 0.206449 -0.474415 -0.0238615 0.855418
1463226073.3811571598 -1.71745 -0.602236 -0.320975 0.215155 -0.489366 -0.0113459 0.845045
1463226073.5732929707 -1.82367 -0.675534 -0.350444 0.240812 -0.487642 -0.00532459 0.839158
1463226073.7615082264 -1.92423 -0.745381 -0.374114 0.263277 -0.466217 0.00577738 0.844567
1463226073.9501390457 -2.02067 -0.823066 -0.404702 0.249597 -0.469625 0.0305469 0.846298
1463226074.1397523880 -2.12103 -0.881445 -0.429001 0.254312 -0.479656 0.0388328 0.838897
1463226074.3306937218 -2.24911 -0.89639 -0.432702 0.231262 -0.49188 0.0429126 0.83829
1463226074.5190820694 -2.38796 -0.905512 -0.434523 0.21108 -0.504474 0.0494645 0.835766
1463226074.7087543011 -2.51859 -0.911381 -0.438103 0.230583 -0.514405 0.0339031 0.825269
1463226074.8998491764 -2.66132 -0.886453 -0.431375 0.217216 -0.514817 -0.0165891 0.82916
1463226075.0929503441 -2.80866 -0.870559 -0.444604 0.205638 -0.540854 -0.0491141 0.814112
1463226075.2776954174 -2.93222 -0.864559 -0.457863 0.219854 -0.546488 -0.0757994 0.804531
1463226075.4694325924 -3.0563 -0.853236 -0.460543 0.246138 -0.552512 -0.103557 0.789571
1463226075.6571428776 -3.17325 -0.86297 -0.4745 0.214683 -0.574684 -0.143038 0.776653
1463226075.8468458652 -3.28382 -0.920984 -0.51487 0.232888 -0.591351 -0.135942 0.759991
1463226076.0364999771 -3.41215 -0.978164 -0.555936 0.253887 -0.596806 -0.0917973 0.755604
1463226076.2262036800 -3.53362 -1.03805 -0.598815 0.250378 -0.595106 -0.0571701 0.761506
1463226076.4199516773 -3.64182 -1.1062 -0.651015 0.250411 -0.606105 -0.0256413 0.754502
1463226076.6056413651 -3.76123 -1.16006 -0.70119 0.265455 -0.628583 0.00178901 0.731036
1463226076.7956490517 -3.8743 -1.21814 -0.755576 0.278967 -0.64892 0.0206519 0.707569
1463226076.9867327213 -3.97028 -1.28346 -0.822103 0.31251 -0.66982 0.023636 0.673142
1463226077.2220602036 -4.10423 -1.32149 -0.892404 0.336048 -0.680806 0.0369651 0.649776
1463226077.5066027641 -4.29119 -1.32561 -0.963501 0.315826 -0.691343 0.0201833 0.649531
1463226077.6962420940 -4.41923 -1.29422 -0.998735 0.303494 -0.704297 -0.0286463 0.641121
1463226077.8860297203 -4.55503 -1.25088 -1.03469 0.290394 -0.719333 -0.0782058 0.626191
1463226078.1230113506 -4.68826 -1.22803 -1.09757 0.326175 -0.733615 -0.127797 0.582312
1463226078.4074640274 -4.85652 -1.18517 -1.16956 0.317105 -0.74311 -0.176951 0.562068
1463226078.6447808743 -4.98341 -1.18992 -1.26207 0.316288 -0.756893 -0.147818 0.552471
1463226078.8347053528 -5.07164 -1.20554 -1.34506 0.3215 -0.778257 -0.127456 0.524126
1463226079.0713536739 -5.2066 -1.21276 -1.45592 0.307956 -0.805792 -0.0985507 0.496135
1463226079.2635691166 -5.3017 -1.2426 -1.55286 0.310791 -0.822755 -0.0979061 0.465722
1463226079.5030226707 -5.41594 -1.28163 -1.67166 0.322802 -0.824652 -0.0781468 0.457866
1463226079.6888322830 -5.50956 -1.30572 -1.77516 0.32418 -0.825744 -0.0322052 0.460452
1463226079.9248609543 -5.60071 -1.35107 -1.91609 0.296858 -0.850488 -0.00770408 0.434151
1463226080.1626546383 -5.69469 -1.37309 -2.03917 0.306227 -0.85629 0.0456173 0.413415
1463226080.3994345665 -5.81102 -1.34107 -2.166 0.275738 -0.877766 0.00903548 0.39168
1463226080.5887744427 -5.89862 -1.28124 -2.26516 0.270871 -0.889653 -0.0631651 0.362155
1463226080.7784533501 -5.99262 -1.20259 -2.35688 0.264953 -0.887844 -0.126366 0.354351
1463226081.0154778957 -6.08897 -1.13954 -2.48147 0.260127 -0.88807 -0.163743 0.341839
1463226081.2529883385 -6.18913 -1.06386 -2.58167 0.257736 -0.882759 -0.226597 0.320877
1463226081.4896688461 -6.29719 -1.00258 -2.69241 0.243811 -0.887099 -0.25629 0.296526
1463226081.6794257164 -6.35949 -0.992411 -2.79197 0.27091 -0.891808 -0.250299 0.261985
1463226081.8718886375 -6.43446 -0.980699 -2.90345 0.269535 -0.899879 -0.225951 0.257904
1463226082.0588822365 -6.51327 -0.973974 -3.03528 0.27536 -0.903065 -0.204301 0.258671
1463226082.2485599518 -6.57492 -0.991884 -3.16733 0.239774 -0.91184 -0.20182 0.265187
1463226082.4382729530 -6.63729 -1.00661 -3.30209 0.237214 -0.921809 -0.169641 0.25538
1463226082.6278014183 -6.69649 -1.02251 -3.4333 0.232788 -0.936633 -0.119674 0.232821
1463226082.8195025921 -6.73659 -1.0351 -3.55855 0.227499 -0.947371 -0.108358 0.19746
1463226083.0567564964 -6.80151 -1.01446 -3.7066 0.234727 -0.951338 -0.0650016 0.188771
1463226083.3421673775 -6.90684 -0.923478 -3.88188 0.218683 -0.952232 -0.107838 0.183857
1463226083.6235520840 -7.01609 -0.818778 -4.0343 0.223265 -0.945219 -0.147298 0.18713
1463226083.9081494808 -7.10836 -0.73713 -4.19474 0.253672 -0.930744 -0.196263 0.175633
1463226084.1468241215 -7.17266 -0.675354 -4.34351 0.257799 -0.931481 -0.198049 0.163277
1463226084.3824717999 -7.23148 -0.615657 -4.49094 0.255553 -0.930398 -0.201606 0.168546
1463226084.6220269203 -7.28526 -0.553314 -4.63326 0.253971 -0.928074 -0.222607 0.156919
1463226084.8115630150 -7.33612 -0.524858 -4.7734 0.24935 -0.93994 -0.191493 0.132921
1463226084.9990394115 -7.37323 -0.527527 -4.91904 0.257662 -0.944857 -0.173777 0.103231
1463226085.1919090748 -7.41402 -0.51357 -5.0596 0.246367 -0.951047 -0.1546 0.104456
1463226085.3781063557 -7.45466 -0.497188 -5.21096 0.246852 -0.955499 -0.115738 0.112649
1463226085.6150901318 -7.48791 -0.492313 -5.39718 0.220827 -0.961635 -0.112842 0.117304
1463226085.8522863388 -7.52171 -0.47546 -5.57939 0.221538 -0.966071 -0.0918706 0.0958502
1463226086.1393225193 -7.54855 -0.44499 -5.78332 0.210669 -0.972515 -0.0829806 0.054297
1463226086.4214468002 -7.59113 -0.3462 -5.96228 0.20029 -0.972533 -0.116437 0.0224967
1463226086.7057657242 -7.64601 -0.217848 -6.14348 0.216146 -0.964234 -0.153342 0.00446788
1463226086.9903337955 -7.70668 -0.0812351 -6.30059 -0.22118 0.955547 0.194055 0.0187805
1463226087.2274222374 -7.7422 -0.00102155 -6.43971 -0.236371 0.941698 0.228786 0.0706439
1463226087.4649379253 -7.76634 0.0787884 -6.56237 -0.251867 0.923024 0.269928 0.108294
1463226087.7015755177 -7.78278 0.174996 -6.70587 -0.266474 0.919657 0.256538 0.131947
1463226087.8916082382 -7.77577 0.21981 -6.82326 -0.257427 0.915479 0.26786 0.154531
1463226088.0810258389 -7.77691 0.27317 -6.94343 -0.236079 0.92216 0.260577 0.161204
1463226088.2735345364 -7.77896 0.315189 -7.08263 -0.217243 0.932804 0.232147 0.169675
1463226088.4606511593 -7.76652 0.325878 -7.22361 -0.21887 0.934282 0.211536 0.18565
1463226088.6975209713 -7.75334 0.361728 -7.39561 -0.202595 0.941323 0.198207 0.183247
1463226088.9350342751 -7.73237 0.397363 -7.58112 -0.191596 0.943414 0.215284 0.164051
1463226089.1724021435 -7.70463 0.417506 -7.76254 -0.156802 0.953319 0.2052 0.156489
1463226089.4087374210 -7.70273 0.44942 -7.93056 -0.146195 0.96199 0.177055 0.14783
1463226089.7416536808 -7.66673 0.482357 -8.15927 -0.125513 0.962516 0.147671 0.189746
1463226090.1693398952 -7.62934 0.642415 -8.42336 -0.142738 0.961938 0.0980742 0.211383
1463226090.4066860676 -7.63458 0.782135 -8.55016 -0.163718 0.946122 0.16686 0.224071
1463226090.6890957355 -7.63328 0.929726 -8.71288 -0.161953 0.926041 0.230798 0.2509
1463226090.9774324894 -7.61371 1.0569 -8.85425 -0.178681 0.900262 0.272216 0.288964
1463226091.3055315018 -7.59157 1.20363 -9.04985 -0.197921 0.885696 0.299459 0.294439
1463226091.5901598930 -7.56426 1.30388 -9.23373 -0.189498 0.885327 0.291568 0.308667
1463226091.7835223675 -7.53221 1.34885 -9.36855 -0.184212 0.884253 0.256297 0.344201
1463226091.9695775509 -7.48325 1.37986 -9.48844 -0.168424 0.870592 0.225507 0.403547
1463226092.2073609829 -7.42903 1.44999 -9.63714 -0.148082 0.869298 0.211093 0.421703
1463226092.4450078011 -7.35758 1.4944 -9.80397 -0.116065 0.873507 0.186296 0.434521
1463226092.6819138527 -7.27953 1.53819 -9.95998 -0.0969832 0.869181 0.15647 0.458951
1463226092.9689092636 -7.19669 1.60239 -10.1398 -0.0559491 0.856445 0.121818 0.498531
1463226093.2519330978 -7.1297 1.72357 -10.2654 -0.0668343 0.825798 0.172541 0.532747
1463226093.5820827484 -7.03019 1.89114 -10.404 -0.0923349 0.800569 0.199934 0.557305
1463226093.8662509918 -6.94478 2.02522 -10.5089 -0.0898514 0.762963 0.222085 0.60041
1463226094.1540267467 -6.84979 2.12436 -10.6267 -0.0862009 0.724955 0.207873 0.650998
1463226094.3404214382 -6.79433 2.20521 -10.69 -0.098257 0.685811 0.245461 0.678054
1463226094.5774054527 -6.69177 2.29959 -10.7888 -0.0857406 0.689695 0.221997 0.683876
1463226094.8150041103 -6.5729 2.35408 -10.9045 -0.0714935 0.680706 0.219376 0.695271
1463226095.0517675877 -6.4762 2.44508 -11.0186 -0.0689648 0.675566 0.211188 0.703032
1463226095.2426090240 -6.39198 2.49963 -11.113 -0.0393557 0.644648 0.194244 0.738342
1463226095.4783575535 -6.29577 2.57036 -11.222 -0.0399977 0.606538 0.191536 0.770601
1463226095.6680510044 -6.21599 2.65088 -11.3053 -0.0612944 0.596178 0.181284 0.779712
1463226095.8603773117 -6.11872 2.7021 -11.3909 -0.0354255 0.591543 0.173492 0.786589
1463226096.0969829559 -6.01064 2.76809 -11.4848 -0.00263868 0.567141 0.16563 0.80679
1463226096.3350560665 -5.91061 2.85108 -11.5801 0.0199862 0.520872 0.161854 0.837912
1463226096.5219824314 -5.82477 2.89595 -11.6504 0.0350537 0.478494 0.154282 0.86372
1463226096.7113292217 -5.74197 2.96976 -11.7064 0.0412238 0.434912 0.143054 0.888081
1463226096.9009418488 -5.64173 3.03932 -11.7674 0.0401762 0.409102 0.128863 0.90245
1463226097.0906744003 -5.54437 3.084 -11.8324 0.0883752 0.381867 0.131779 0.910495
1463226097.2834587097 -5.45497 3.15886 -11.9047 0.0745324 0.371441 0.120442 0.917589
1463226097.4701576233 -5.36328 3.22494 -11.9747 0.0869497 0.325789 0.113935 0.934516
1463226097.6597127914 -5.2708 3.26944 -12.0402 0.108958 0.280324 0.100341 0.948408
1463226097.8968660831 -5.15673 3.36852 -12.1069 0.0981485 0.241877 0.087966 0.961314
1463226098.1339240074 -5.02428 3.44843 -12.1808 0.0896416 0.224236 0.0889501 0.966318
1463226098.3236298561 -4.91703 3.50092 -12.242 0.112397 0.226214 0.0830195 0.964003
1463226098.5132889748 -4.81722 3.58353 -12.3028 0.089615 0.213262 0.0794328 0.969628
1463226098.7504172325 -4.6874 3.64663 -12.3813 0.0978196 0.191549 0.0876136 0.972658
1463226098.9400677681 -4.5851 3.71388 -12.4265 0.0937441 0.191856 0.0916 0.972632
1463226099.1297581196 -4.47509 3.79119 -12.4524 0.0889264 0.164093 0.068746 0.98002
1463226099.3668303490 -4.32466 3.84182 -12.5012 0.105607 0.155423 0.0811648 0.978827
1463226099.5574049950 -4.20898 3.90109 -12.5465 0.115741 0.166254 0.0674209 0.976943
1463226099.7461659908 -4.09167 3.9722 -12.5886 0.11593 0.142748 0.0613237 0.981031
1463226099.9833216667 -3.95179 4.02597 -12.6442 0.136922 0.107272 0.0504135 0.983465
1463226100.1732153893 -3.84182 4.09571 -12.6701 0.14112 0.0938354 0.0396346 0.984738
1463226100.3658120632 -3.71978 4.16372 -12.6857 0.109466 0.0628075 0.0267703 0.991643
1463226100.5522575378 -3.59117 4.19491 -12.7203 0.13694 0.0794189 0.0302345 0.986927
1463226100.7419571877 -3.46748 4.24615 -12.7419 0.169609 0.0760371 0.00911602 0.982531
1463226100.9316205978 -3.34782 4.30192 -12.7562 0.165326 0.0325259 0.0100045 0.985652
1463226101.1687552929 -3.20579 4.34341 -12.7712 0.186424 -0.00755151 0.00973513 0.982392
1463226101.3583269119 -3.09125 4.41297 -12.7602 0.181574 -0.0348983 -0.000999041 0.982757
1463226101.5957810879 -2.92802 4.46932 -12.751 0.178394 -0.0674337 -0.0048919 0.981634
1463226101.7880604267 -2.7954 4.5068 -12.7507 0.191044 -0.0628953 -0.000235728 0.979564
1463226101.9749040604 -2.66685 4.57176 -12.7435 0.182748 -0.079015 -0.00902758 0.979938
1463226102.1658110619 -2.54283 4.60181 -12.7422 0.214502 -0.116874 -0.00382313 0.969698
1463226102.3551321030 -2.42146 4.6359 -12.7345 0.199204 -0.135023 -0.00663945 0.970589
1463226102.5438694954 -2.28639 4.69011 -12.7097 0.209631 -0.124657 -0.028824 0.969373
1463226102.7354998589 -2.14774 4.71756 -12.6923 0.206775 -0.127962 -0.0200866 0.969776
1463226102.9231936932 -2.0129 4.7442 -12.6818 0.226013 -0.113707 -0.00523704 0.967451
1463226103.1144552231 -1.88509 4.80045 -12.6716 0.214869 -0.124754 -0.0243154 0.968337
1463226103.3026871681 -1.76474 4.82467 -12.673 0.255113 -0.169045 -0.0384757 0.951242
1463226103.5396332741 -1.61672 4.87089 -12.66 0.24678 -0.186081 -0.0321451 0.950495
1463226103.7293779850 -1.49362 4.92475 -12.6266 0.244822 -0.192953 -0.0414873 0.949268
1463226103.9212155342 -1.35564 4.94493 -12.6015 0.235623 -0.191469 -0.0380702 0.952036
1463226104.1086990833 -1.22407 4.97494 -12.5769 0.24843 -0.178329 -0.0242533 0.951784
1463226104.2984964848 -1.09146 5.02532 -12.5443 0.241898 -0.174378 -0.0230383 0.954226
1463226104.5354969501 -0.930926 5.04722 -12.5142 0.240573 -0.190559 -0.0155837 0.951614
1463226104.7283341885 -0.802286 5.08519 -12.4783 0.235412 -0.182964 -0.0134321 0.954424
1463226104.9162626266 -0.665959 5.13336 -12.4213 0.218067 -0.156906 -0.0227793 0.962968
1463226105.1066143513 -0.52686 5.14545 -12.376 0.192183 -0.14607 -0.0165371 0.970286
1463226105.2943315506 -0.401869 5.17082 -12.3252 0.172271 -0.121503 -0.000784236 0.977527
1463226105.4862296581 -0.279282 5.19819 -12.2691 0.168803 -0.117007 -0.00480753 0.978669
1463226105.6735432148 -0.165884 5.19868 -12.2221 0.169918 -0.133871 0.0111739 0.976259
1463226105.8632471561 -0.0581331 5.20572 -12.1584 0.160316 -0.109419 0.0263435 0.980628
1463226106.0552597046 0.045425 5.22035 -12.0707 0.14709 -0.0713201 0.0264376 0.986194
1463226106.2427051067 0.14717 5.2021 -11.9868 0.140492 -0.0516313 0.0533808 0.987293
1463226106.4323368073 0.232796 5.18417 -11.8976 0.122465 -0.045316 0.062051 0.989494
1463226106.6219060421 0.317605 5.17775 -11.7934 0.123976 -0.00672185 0.0680071 0.989929
1463226106.8117613792 0.398735 5.1508 -11.698 0.130351 -0.00708323 0.0607712 0.989578
1463226107.0036420822 0.467809 5.1242 -11.6049 0.116217 -0.0234595 0.056831 0.991319
1463226107.1909923553 0.521118 5.11118 -11.4886 0.115937 -0.0277819 0.0390097 0.992101
1463226107.3807590008 0.566801 5.06906 -11.3791 0.126713 -0.041638 0.0297204 0.990619
1463226107.5703086853 0.599989 5.02111 -11.2817 0.12492 -0.0735881 0.0291414 0.989005
1463226107.7600836754 0.627782 4.98375 -11.1721 0.153097 -0.093454 0.0129332 0.983697
1463226107.9521324635 0.655527 4.93225 -11.0628 0.168438 -0.127102 0.00223232 0.977481
1463226108.1885740757 0.680739 4.87219 -10.9314 0.160569 -0.159849 0.000944168 0.973994
1463226108.3764941692 0.688989 4.83485 -10.801 0.17053 -0.146841 0.0033051 0.974344
1463226108.5660445690 0.692461 4.77539 -10.6753 0.185055 -0.132083 0.0124818 0.973731
1463226108.8032214642 0.691495 4.69609 -10.5371 0.1868 -0.142862 0.00979142 0.971905
1463226108.9929747581 0.677131 4.65017 -10.4101 0.209028 -0.153302 0.00607951 0.9658
1463226109.2300353050 0.654346 4.57499 -10.2659 0.208622 -0.182658 -0.00556112 0.960771
1463226109.4198372364 0.625499 4.51637 -10.1626 0.231679 -0.201719 -0.00433567 0.951638
1463226109.6116075516 0.596012 4.4687 -10.0408 0.250464 -0.180398 -0.0160956 0.951034
1463226109.7990696430 0.577091 4.40375 -9.91643 0.2661 -0.136241 -0.00471608 0.954257
1463226109.9886903763 0.555257 4.3522 -9.807 0.232148 -0.145305 -0.0113984 0.961698
1463226110.1788036823 0.529635 4.32212 -9.68255 0.212958 -0.141195 -0.0125764 0.966724
1463226110.3680574894 0.519987 4.26774 -9.56549 0.199435 -0.132157 -0.0101181 0.970906
1463226110.5594673157 0.517605 4.19602 -9.47117 0.200392 -0.116374 -0.00241987 0.972777
1463226110.7474167347 0.532404 4.14298 -9.36392 0.200866 -0.0360768 -0.0633786 0.9769
1463226110.9845259190 0.536501 4.07471 -9.21915 0.208397 -0.0214789 -0.120877 0.970308
1463226111.3164491653 0.532851 3.99215 -9.03325 0.216996 -0.0187769 -0.175677 0.960051
1463226111.5537216663 0.541397 3.95725 -8.8837 0.189994 -0.0324186 -0.257535 0.946851
1463226111.7906424999 0.550196 3.891 -8.7579 0.195751 -0.0721716 -0.251353 0.945143
1463226112.0286428928 0.548873 3.84508 -8.61305 0.203871 -0.0851985 -0.253068 0.941878
1463226112.2194659710 0.560242 3.78223 -8.50331 0.204454 -0.0836869 -0.232551 0.947162
1463226112.4078567028 0.586248 3.71974 -8.40743 0.218041 -0.0852719 -0.202534 0.950877
1463226112.6442868710 0.619514 3.69734 -8.25243 0.210035 -0.0952444 -0.206679 0.950841
1463226112.8812687397 0.678348 3.64554 -8.11049 0.208281 -0.100737 -0.210161 0.949897
1463226113.1658015251 0.715035 3.58776 -7.9607 0.212775 -0.131778 -0.19672 0.947978
1463226113.3555202484 0.729497 3.55981 -7.82836 0.208913 -0.126959 -0.226097 0.94293
1463226113.5451660156 0.761632 3.49459 -7.70979 0.225151 -0.0939289 -0.224961 0.943333
1463226113.7348554134 0.795796 3.45094 -7.60055 0.200245 -0.0722163 -0.208674 0.954537
1463226113.9246397018 0.817695 3.4303 -7.46714 0.194385 -0.040801 -0.219957 0.955075
1463226114.1158251762 0.836855 3.37296 -7.34016 0.199299 -0.0395861 -0.257614 0.944642
1463226114.3038372993 0.836187 3.31559 -7.23931 0.196492 -0.0696156 -0.29618 0.932106
1463226114.5426125526 0.832682 3.28641 -7.08623 0.15814 -0.0756656 -0.348602 0.92073
1463226114.7311890125 0.84615 3.23369 -6.95288 0.151052 -0.0456562 -0.328541 0.931214
1463226114.9203252792 0.857082 3.18619 -6.8468 0.116912 -0.0604304 -0.3158 0.939654
1463226115.1573734283 0.852597 3.148 -6.69676 0.109363 -0.0730589 -0.313842 0.940322
1463226115.3502769470 0.849635 3.08827 -6.57062 0.144008 -0.0901146 -0.314023 0.934093
1463226115.5386202335 0.833988 3.01566 -6.47448 0.171229 -0.11738 -0.289377 0.934432
1463226115.7263643742 0.805698 2.97082 -6.37254 0.190237 -0.160296 -0.283654 0.926097
1463226115.9161498547 0.786063 2.91987 -6.25041 0.213053 -0.177572 -0.286094 0.917184
1463226116.1057631969 0.779933 2.84546 -6.14549 0.226832 -0.194368 -0.270479 0.91521
1463226116.2954170704 0.769765 2.7926 -6.03612 0.244496 -0.215348 -0.247079 0.912578
1463226116.4889051914 0.759298 2.75422 -5.91681 0.264982 -0.240333 -0.253999 0.898615
1463226116.6768398285 0.757254 2.69423 -5.81977 0.275914 -0.281405 -0.253213 0.883496
1463226116.8646659851 0.750412 2.64816 -5.72837 0.283296 -0.3192 -0.262682 0.865363
1463226117.0541181564 0.734385 2.61737 -5.61736 0.314607 -0.345364 -0.276461 0.839831
1463226117.2467691898 0.73206 2.56414 -5.50578 0.327622 -0.37648 -0.255685 0.82798
1463226117.4335656166 0.745376 2.52118 -5.39867 0.309635 -0.397319 -0.264221 0.822467
1463226117.6232972145 0.764798 2.49125 -5.27948 0.335409 -0.404369 -0.266408 0.808092
1463226117.8128969669 0.802419 2.44608 -5.16449 0.343484 -0.415405 -0.267638 0.798641
1463226118.0048666000 0.840769 2.39584 -5.06191 0.341793 -0.425667 -0.26726 0.794076
1463226118.1923515797 0.868561 2.37147 -4.94209 0.336191 -0.432235 -0.256339 0.796517
1463226118.3847970963 0.903313 2.34158 -4.79884 0.336186 -0.401315 -0.281417 0.804195
1463226118.5715036392 0.960021 2.28939 -4.67095 0.317165 -0.375695 -0.256858 0.832036
1463226118.7619290352 1.01769 2.25931 -4.54202 0.306798 -0.357919 -0.238832 0.848957
1463226118.9537940025 1.08771 2.24259 -4.40083 0.321207 -0.329573 -0.243621 0.853731
1463226119.1406621933 1.17279 2.21352 -4.2718 0.29789 -0.30814 -0.243249 0.870139
1463226119.3322539330 1.25247 2.19632 -4.14791 0.272543 -0.297241 -0.231584 0.885289
1463226119.5198822021 1.32939 2.19487 -4.00903 0.275292 -0.264436 -0.238638 0.892939
1463226119.7096321583 1.42593 2.16619 -3.88797 0.258771 -0.238261 -0.234611 0.906216
1463226119.8994219303 1.52199 2.1418 -3.77167 0.241764 -0.2151 -0.221523 0.919896
1463226120.0891060829 1.61264 2.13645 -3.64604 0.241586 -0.198 -0.225594 0.922789
1463226120.2822275162 1.70474 2.11249 -3.53478 0.228625 -0.195032 -0.239983 0.923093
1463226120.4683740139 1.78035 2.0895 -3.42347 0.210464 -0.200121 -0.231421 0.928494
1463226120.6618626118 1.8385 2.07794 -3.29646 0.205155 -0.180635 -0.250176 0.928813
1463226120.8476994038 1.88857 2.03682 -3.17732 0.217852 -0.184596 -0.245795 0.926309
1463226121.0376129150 1.9292 1.99855 -3.06415 0.200628 -0.194102 -0.240375 0.929673
1463226121.2271158695 1.96031 1.96775 -2.93644 0.216689 -0.193358 -0.237271 0.927017
1463226121.4167728424 1.98535 1.91245 -2.82092 0.234926 -0.212369 -0.243455 0.916755
1463226121.6063930988 1.98969 1.85775 -2.71671 0.251224 -0.258569 -0.2197 0.90651
1463226121.7960498333 1.97705 1.82677 -2.58683 0.245309 -0.257411 -0.260934 0.897484
1463226121.9859094620 1.9631 1.76089 -2.46316 0.25495 -0.254444 -0.254462 0.897501
1463226122.1774461269 1.95395 1.69085 -2.35715 0.252427 -0.257169 -0.235611 0.90257
1463226122.3652951717 1.9323 1.64624 -2.24151 0.267421 -0.255302 -0.241105 0.897316
1463226122.5547370911 1.90784 1.59364 -2.11767 0.275465 -0.266534 -0.253881 0.888044
1463226122.7446160316 1.88468 1.53057 -2.02263 0.258079 -0.289251 -0.264025 0.883187
1463226122.9341690540 1.84434 1.48479 -1.9262 0.25804 -0.311759 -0.260828 0.876465
1463226123.1237556934 1.79252 1.43385 -1.81521 0.280087 -0.297134 -0.277143 0.869744
1463226123.3166010380 1.74579 1.35575 -1.71406 0.282106 -0.286691 -0.277351 0.872526
1463226123.5532131195 1.67165 1.28599 -1.59796 0.28226 -0.298607 -0.290083 0.8643
1463226123.7402942181 1.60098 1.21935 -1.49709 0.311475 -0.297939 -0.271416 0.860552
1463226123.9298832417 1.53055 1.13357 -1.41065 0.327529 -0.311826 -0.258716 0.853555
1463226124.1678404808 1.42663 1.06092 -1.29817 0.322111 -0.321046 -0.272324 0.847947
1463226124.3568809032 1.32911 0.996081 -1.19878 0.343915 -0.305481 -0.27729 0.843513
1463226124.5464193821 1.24655 0.915149 -1.1164 0.333264 -0.30813 -0.271022 0.848845
1463226124.7846984863 1.13562 0.83994 -0.999572 0.333313 -0.313901 -0.251293 0.852772
1463226124.9759373665 1.04971 0.764995 -0.902902 0.328302 -0.31154 -0.24704 0.856815
1463226125.1627521515 0.964685 0.685454 -0.822416 0.315165 -0.334921 -0.23861 0.855315
1463226125.3998808861 0.84699 0.610832 -0.709723 0.302284 -0.326881 -0.236933 0.863502
1463226125.5897271633 0.755514 0.533996 -0.620441 0.306526 -0.295976 -0.235711 0.87343
1463226125.7793524265 0.672808 0.460407 -0.54137 0.286923 -0.298533 -0.236554 0.878974
1463226125.9690463543 0.58439 0.406353 -0.447619 0.284669 -0.295309 -0.221005 0.884824
1463226126.1585180759 0.503212 0.336693 -0.357578 0.278306 -0.297152 -0.211403 0.888569
1463226126.3483097553 0.430266 0.265969 -0.280229 0.253518 -0.306641 -0.204636 0.894329
1463226126.5380206108 0.352682 0.208809 -0.197335 0.244958 -0.288672 -0.196059 0.904558
1463226126.7276463509 0.27969 0.141851 -0.117162 0.241611 -0.256824 -0.194207 0.915396
1463226126.9175155163 0.222506 0.0774671 -0.04851 0.226187 -0.242195 -0.179321 0.926296
1463226127.1561498642 0.157333 0.0244041 0.0494867 0.208606 -0.22253 -0.167516 0.937498
1463226127.3441884518 0.112508 -0.0295046 0.133133 0.207529 -0.201965 -0.150652 0.945223
1463226127.5339889526 0.078296 -0.0885185 0.202324 0.210211 -0.17984 -0.138948 0.950875
1463226127.7708923817 0.0284684 -0.137896 0.277241 0.174381 -0.171746 -0.115076 0.962732
1463226128.0079722404 -0.0276642 -0.184271 0.357704 0.13885 -0.135081 -0.119819 0.973713
1463226128.1976971626 -0.070516 -0.226723 0.413768 0.104098 -0.113322 -0.0927921 0.983723
1463226128.4348955154 -0.115773 -0.248493 0.466075 0.0752383 -0.117154 -0.056723 0.988634
1463226128.6719577312 -0.149577 -0.24407 0.504194 0.0469501 -0.138293 -0.0676244 0.986964
1463226128.9564261436 -0.174674 -0.237481 0.536222 0.0246973 -0.179286 -0.0782521 0.980369
1463226129.7625498772 -0.133193 -0.223529 0.577217 0.0352392 -0.217054 -0.0666942 0.973241
1463226129.9999513626 -0.0857641 -0.198883 0.557462 0.0458237 -0.22548 -0.078199 0.970023
1463226130.1891880035 -0.0366655 -0.183757 0.539512 0.0511063 -0.215581 -0.0937841 0.970627
1463226130.3791620731 0.0141358 -0.178954 0.523406 0.0560355 -0.2067 -0.10437 0.971206
1463226130.5687026978 0.0641154 -0.177745 0.514079 0.0643843 -0.174001 -0.134525 0.973387
1463226130.7582945824 0.110002 -0.180358 0.513314 0.0832297 -0.152499 -0.125091 0.976816
1463226130.9527082443 0.153989 -0.180689 0.512879 0.0958518 -0.1316 -0.135451 0.977316
1463226131.3274288177 0.200718 -0.184208 0.513886 0.125151 -0.132898 -0.116127 0.976314
1463226131.7080404758 0.189506 -0.199489 0.542307 0.132587 -0.109613 -0.0275599 0.984706
1463226131.8964471817 0.164293 -0.213481 0.570841 0.0964257 -0.0769917 0.0465335 0.991266
1463226132.0860338211 0.13735 -0.239833 0.600015 0.0505058 -0.0383257 0.0856105 0.994309
1463226132.2761173248 0.120014 -0.265892 0.629228 -0.0257527 -0.0145841 0.0900205 0.9955
1463226132.5136523247 0.111587 -0.306 0.672349 -0.0694401 0.000394862 0.108688 0.991648
1463226132.7030858994 0.113536 -0.343984 0.714561 -0.0958943 0.0195391 0.128082 0.986923
1463226132.8921532631 0.120916 -0.387338 0.758438 -0.115774 0.0218694 0.141436 0.982911
1463226133.0818953514 0.12919 -0.427915 0.79516 -0.133921 0.0323268 0.15654 0.978016
1463226133.3189778328 0.121274 -0.468754 0.824008 -0.1577 0.0281567 0.157622 0.974419
1463226133.5089297295 0.0921778 -0.493117 0.830139 -0.163489 0.012371 0.147399 0.975393
1463226133.6986923218 0.0447606 -0.508913 0.822086 -0.155147 -0.0107518 0.137951 0.978153
1463226133.8880190849 -0.00714727 -0.510614 0.802938 -0.131153 -0.0214659 0.133773 0.982061
1463226134.0777165890 -0.0579164 -0.493652 0.772669 -0.0976578 -0.0448285 0.134043 0.985132
1463226134.2673132420 -0.104088 -0.457952 0.732826 -0.0819038 -0.0698504 0.148076 0.9831
1463226134.4592497349 -0.137362 -0.409809 0.689448 -0.067245 -0.0942959 0.126581 0.985172
1463226134.6467773914 -0.14984 -0.354785 0.643139 -0.0412311 -0.122185 0.107592 0.985796
1463226134.8365168571 -0.135848 -0.306252 0.592764 0.0126445 -0.139503 0.0944306 0.985628
1463226135.0263123512 -0.10301 -0.253639 0.538258 0.0143739 -0.150923 0.10082 0.983286
1463226135.2176558971 -0.0695583 -0.211717 0.489069 0.0272512 -0.152879 0.0857275 0.984142
1463226135.4570407867 -0.0357329 -0.164792 0.438905 0.0345162 -0.165888 0.066802 0.983274
1463226135.7380964756 0.0124083 -0.120996 0.387918 0.0659044 -0.154109 0.050415 0.984564
1463226135.9744629860 0.0532294 -0.0758099 0.340039 0.0531384 -0.159787 0.053056 0.984291
1463226136.2118682861 0.094112 -0.0385432 0.317108 0.0306589 -0.14456 0.0601641 0.987189
1463226136.4487287998 0.136098 -0.0227278 0.333398 0.000178167 -0.129387 0.0741981 0.988814
1463226136.6856565475 0.176259 -0.0376266 0.374497 0.0105549 -0.12011 0.0915882 0.98847
1463226137.0175991058 0.202045 -0.0795638 0.428319 -0.00650043 -0.121877 0.0935085 0.988109
1463226137.2081422806 0.196247 -0.120565 0.462802 -0.00334318 -0.115301 0.110544 0.987155
1463226137.3969631195 0.175316 -0.166779 0.505432 -0.00233992 -0.120412 0.10839 0.986786
1463226137.5867049694 0.149791 -0.210672 0.556947 0.0135602 -0.126169 0.10531 0.98631
1463226137.7765960693 0.12664 -0.250561 0.602652 0.00396213 -0.128088 0.0826125 0.988308
1463226138.0134873390 0.10356 -0.287111 0.657906 -0.0273504 -0.140644 0.0809134 0.986369
1463226138.2031323910 0.0924872 -0.31912 0.705083 -0.0362442 -0.148636 0.0757937 0.985317
1463226138.3928651810 0.0887673 -0.359916 0.745201 -0.0441654 -0.14694 0.0622428 0.986197
1463226138.5824420452 0.0798875 -0.389942 0.768669 -0.0306433 -0.152912 0.064977 0.985625
1463226138.8196074963 0.0535915 -0.402281 0.760463 -0.00565869 -0.180686 0.0620639 0.981564
1463226139.0106954575 0.0335074 -0.388923 0.723483 0.0140335 -0.189152 0.0668155 0.979571
1463226139.1989381313 0.0179817 -0.355606 0.664972 0.0207846 -0.204967 0.064909 0.976393
1463226139.3889935017 0.0110697 -0.312206 0.59727 0.0182504 -0.210662 0.0585635 0.975633
1463226139.5782561302 0.0115841 -0.265433 0.534191 0.0121073 -0.209892 0.0636815 0.975573
1463226139.7679972649 0.0123244 -0.223727 0.476542 0.0196958 -0.221916 0.0548451 0.973323
1463226140.0051195621 0.0218647 -0.17188 0.415384 0.0319034 -0.234932 0.0259805 0.971141
1463226140.2422358990 0.0478273 -0.124321 0.354271 0.0342097 -0.229316 0.0158482 0.972622
1463226140.5267851353 0.0876705 -0.072184 0.274998 0.0323668 -0.228003 0.0289127 0.972693
1463226140.7638690472 0.114605 -0.0328181 0.215099 0.0135732 -0.217652 0.0348549 0.975309
1463226141.1448855400 0.134333 0.0199081 0.156177 0.015744 -0.194531 0.0393203 0.979981
1463226141.4752526283 0.156384 0.0609978 0.117868 0.0206164 -0.15175 0.0557594 0.986629
1463226141.9967377186 0.199595 0.0597839 0.137797 0.0414162 -0.131645 0.069565 0.987985
1463226142.2812182903 0.202897 0.0174237 0.204042 0.0568552 -0.127345 0.0821553 0.986814
