1464104370.5209877491 0.00555539 0.0125616 0.00598724 0.00561593 -0.00195788 0.0013971 0.999981
1464104370.8573148251 -0.0502523 -0.0414266 -0.000358691 0.0275319 -0.0210615 -0.0115491 0.999332
1464104371.0547261238 -0.115749 -0.0759924 -0.0290695 0.0561762 -0.0457424 -0.01703 0.997227
1464104371.2875027657 -0.188673 -0.102205 -0.0728822 0.0634853 -0.0693298 -0.00906528 0.99553
1464104371.5212764740 -0.253789 -0.0872314 -0.110487 0.0456356 -0.0753107 -0.0120611 0.996042
1464104371.7208747864 -0.322571 -0.0721171 -0.147374 0.0388334 -0.0912406 -0.0116943 0.995003
1464104371.9231746197 -0.385234 -0.0436274 -0.189917 0.0174449 -0.112139 -0.015915 0.993412
1464104372.1541829109 -0.445868 -0.00387366 -0.23222 0.00249395 -0.134649 -0.021979 0.990646
1464104372.3540768623 -0.480675 0.0397125 -0.259271 -0.00380826 -0.177017 -0.0201182 0.983995
1464104372.5541901588 -0.480986 0.10268 -0.280738 -0.0318977 -0.212632 -0.0284462 0.976197
1464104372.7874195576 -0.465499 0.133165 -0.300093 -0.0597369 -0.262407 -0.0144296 0.962998
1464104373.1541051865 -0.399874 0.193965 -0.279429 -0.0647516 -0.286122 -0.0146596 0.95589
1464104373.4230041504 -0.325172 0.232668 -0.238051 -0.0729008 -0.294592 -0.020978 0.952607
1464104373.7209374905 -0.249788 0.248993 -0.177684 -0.0784917 -0.326917 -0.032683 0.941221
1464104373.9241874218 -0.176181 0.257756 -0.130041 -0.0816678 -0.326014 -0.0399937 0.940981
1464104374.1540029049 -0.106178 0.274409 -0.0845879 -0.0988609 -0.332507 -0.0509996 0.936517
1464104374.3871834278 -0.0418148 0.271243 -0.0410413 -0.112872 -0.335673 -0.0554318 0.933547
1464104374.6204833984 0.00643283 0.26686 0.0171815 -0.1171 -0.326719 -0.0638081 0.935666
1464104374.8204681873 0.057419 0.260508 0.0768313 -0.114242 -0.310276 -0.0686936 0.941254
1464104374.9872586727 0.0981961 0.250712 0.118666 -0.111235 -0.284526 -0.0691246 0.949681
1464104375.2205259800 0.132534 0.208716 0.158489 -0.116078 -0.244291 -0.0614814 0.960764
1464104375.3871517181 0.153793 0.175843 0.179676 -0.12053 -0.190371 -0.0558383 0.972684
1464104375.6204006672 0.161667 0.118347 0.193157 -0.114171 -0.160612 -0.0525574 0.978982
1464104375.8870487213 0.158559 0.0575338 0.186909 -0.100894 -0.113174 -0.0493718 0.987205
1464104376.0895621777 0.137066 0.00783682 0.157285 -0.0730011 -0.084012 -0.0510453 0.992475
1464104376.2869644165 0.107971 -0.0373461 0.105182 -0.0436101 -0.0654416 -0.0424558 0.995999
1464104376.4869081974 0.0746785 -0.0768623 0.0463746 -0.0240509 -0.0507712 -0.0275892 0.998039
1464104376.6868507862 0.0327261 -0.126821 -0.00101492 -0.00190946 -0.0118779 -0.0290726 0.999505
1464104376.8868813515 0.00929706 -0.171331 -0.0216782 0.0111714 0.0287698 -0.0228184 0.999263
1464104377.1202378273 -0.0709303 -0.170643 -0.045636 0.0219337 0.0688766 0.00314458 0.997379
1464104377.2870650291 -0.123087 -0.163638 -0.0600748 0.0188183 0.0609539 0.00201719 0.997961
1464104377.4220433235 -0.190585 -0.151844 -0.0832184 0.0235679 0.0560031 -0.00187532 0.998151
1464104377.5535252094 -0.251675 -0.127922 -0.107894 0.0185845 0.0451773 -0.00782812 0.998775
1464104377.7200613022 -0.313584 -0.101799 -0.13878 0.0262675 0.0111839 -0.011874 0.999522
1464104377.8868045807 -0.337915 -0.0522059 -0.164595 0.0276861 -0.036227 0.000605856 0.99896
1464104378.0200757980 -0.352533 -0.00958537 -0.177783 0.0250183 -0.0895025 0.0185171 0.9955
1464104378.2565624714 -0.359476 0.0289887 -0.186182 0.016921 -0.161409 0.0206155 0.986527
1464104378.5896222591 -0.318349 0.0767544 -0.142233 -0.00246258 -0.155773 0.00287257 0.987786
1464104378.8533108234 -0.286892 0.0964613 -0.0630004 -0.036629 -0.153337 0.00581816 0.987478
1464104379.0910494328 -0.295282 0.113562 0.0192567 -0.0558158 -0.174379 -0.00206692 0.983093
1464104379.3201735020 -0.317747 0.122747 0.101935 -0.0695566 -0.185862 -0.00713494 0.980085
1464104379.5229964256 -0.336061 0.127282 0.166369 -0.0717502 -0.191964 -0.00338695 0.97877
1464104380.2557661533 -0.30819 0.112364 0.123904 -0.0498723 -0.166289 -0.0180645 0.984649
1464104380.4532449245 -0.289512 0.102603 0.0298026 -0.0326586 -0.170701 -0.0131368 0.984694
1464104380.6864798069 -0.268652 0.090534 -0.0787708 -0.0232046 -0.173691 -0.00411622 0.984518
1464104380.9865448475 -0.24161 0.0861739 -0.209965 -0.0127825 -0.160722 -0.00729789 0.98689
1464104381.3227150440 -0.207951 0.104806 -0.354292 -0.00915103 -0.176057 0.00591076 0.98432
1464104381.7195408344 -0.1527 0.136041 -0.543893 -0.00880274 -0.195392 0.00451131 0.980675
1464104383.0893526077 -0.163743 0.152421 -0.418748 -0.0359899 -0.193971 -0.00677246 0.980323
1464104383.2559547424 -0.185289 0.15362 -0.340303 -0.0515032 -0.1852 -0.00462591 0.981339
1464104383.4861741066 -0.222068 0.14504 -0.244984 -0.0543127 -0.186214 -0.000856217 0.981006
1464104383.7199854851 -0.258201 0.143067 -0.168477 -0.0614633 -0.192053 -0.00466945 0.979447
1464104384.0192780495 -0.28297 0.15519 -0.0984362 -0.0904113 -0.207726 -0.0103065 0.973945
1464104384.2861564159 -0.295723 0.157749 -0.0438412 -0.100987 -0.237411 -0.0191435 0.965956
1464104384.7860701084 -0.300834 0.141239 0.037507 -0.0935858 -0.250892 -0.0368653 0.962775
1464104385.3191292286 -0.230015 0.13233 0.0881962 -0.0945153 -0.283345 -0.0350994 0.953703
1464104385.6858918667 -0.168353 0.102292 0.118126 -0.0800046 -0.31193 -0.0418235 0.945807
1464104385.9526174068 -0.113066 0.0921644 0.130874 -0.0949271 -0.295581 -0.0507817 0.949232
1464104386.3192217350 -0.0781454 0.0536152 0.134162 -0.117057 -0.269898 -0.0501094 0.954433
1464104386.7886252403 -0.0940078 0.00230895 0.11372 -0.108134 -0.252449 -0.0615036 0.95958
1464104387.2189061642 -0.150912 -0.0420071 0.0922258 -0.101215 -0.20114 -0.0780951 0.971185
1464104387.4523465633 -0.192432 -0.0744638 0.0743946 -0.0719902 -0.159522 -0.081146 0.981216
1464104387.7866883278 -0.263646 -0.0871863 0.0348559 -0.0571619 -0.125658 -0.0820536 0.987021
1464104388.0190355778 -0.317166 -0.0971779 -0.0116326 -0.0243669 -0.11914 -0.0721077 0.989956
1464104388.2190761566 -0.356483 -0.0758297 -0.0552456 -0.0198372 -0.144107 -0.0594307 0.987577
1464104388.5189721584 -0.38322 -0.0136467 -0.105981 -0.0165004 -0.168505 -0.0549722 0.984028
1464104388.7189385891 -0.390284 0.0444838 -0.122296 -0.0472849 -0.194727 -0.0555297 0.978142
1464104388.9855070114 -0.371989 0.112021 -0.138798 -0.0633456 -0.195254 -0.0486196 0.977496
1464104389.2548022270 -0.332217 0.156207 -0.156494 -0.0825346 -0.17048 -0.0464941 0.980797
1464104389.5188441277 -0.281811 0.197388 -0.178168 -0.0942192 -0.148591 -0.0495448 0.983153
1464104389.8519964218 -0.212724 0.232736 -0.203127 -0.116913 -0.132263 -0.0565922 0.982667
1464104390.1187379360 -0.143148 0.250683 -0.221506 -0.128195 -0.107066 -0.070646 0.983419
1464104390.3187122345 -0.0708325 0.260314 -0.253598 -0.133956 -0.0764812 -0.076538 0.985063
1464104390.5187246799 0.010919 0.268731 -0.282468 -0.139112 -0.0460236 -0.0859821 0.985463
1464104390.6853086948 0.0817147 0.261698 -0.295495 -0.145944 -0.00617814 -0.0932327 0.98487
1464104390.8192327023 0.151042 0.267665 -0.303291 -0.13659 0.0354648 -0.0909296 0.985808
1464104390.9524559975 0.230958 0.2578 -0.308758 -0.136649 0.0748576 -0.0902452 0.983656
1464104391.0885956287 0.329315 0.266464 -0.317089 -0.13109 0.118747 -0.0961413 0.979526
1464104391.2189698219 0.408624 0.286191 -0.308839 -0.129916 0.147798 -0.101993 0.975128
1464104391.3537952900 0.499167 0.259164 -0.299946 -0.147375 0.161762 -0.109466 0.969603
1464104391.4852209091 0.610219 0.286186 -0.290423 -0.136138 0.177456 -0.112431 0.968161
1464104391.6185412407 0.727313 0.270059 -0.297259 -0.137122 0.194743 -0.11873 0.963938
1464104391.7549216747 0.814449 0.249824 -0.282477 -0.139373 0.222298 -0.119137 0.957583
1464104391.9209640026 0.937039 0.230763 -0.304014 -0.134328 0.23952 -0.113294 0.954856
1464104392.1185061932 1.08527 0.206842 -0.316289 -0.12111 0.27166 -0.109993 0.948385
1464104392.2851452827 1.22792 0.153256 -0.346723 -0.117248 0.294937 -0.115169 0.941276
1464104392.4212775230 1.36761 0.132167 -0.377198 -0.11632 0.319506 -0.115445 0.933305
1464104392.5518457890 1.51199 0.0784476 -0.422153 -0.115662 0.336822 -0.120611 0.926621
1464104392.6851077080 1.6521 0.0541392 -0.464954 -0.109332 0.357956 -0.12954 0.918223
1464104392.8182487488 1.78634 0.000220801 -0.517122 -0.112753 0.390309 -0.130019 0.904456
1464104392.9517881870 1.92463 -0.0159138 -0.567054 -0.104775 0.424618 -0.130396 0.889786
1464104393.0907387733 2.06009 -0.0633778 -0.630973 -0.0963005 0.4587 -0.122416 0.874834
1464104393.2183165550 2.22327 -0.0994005 -0.737459 -0.0920018 0.501855 -0.116993 0.85205
1464104393.3525216579 2.39354 -0.165724 -0.820639 -0.0742302 0.541705 -0.114289 0.829448
1464104393.4850046635 2.59602 -0.228293 -0.958915 -0.0461686 0.585272 -0.118042 0.800869
1464104393.6186187267 2.78679 -0.354611 -1.03986 -0.0419725 0.621645 -0.124675 0.772173
1464104393.7546534538 2.93372 -0.421853 -1.23852 -0.027498 0.660568 -0.129333 0.739031
1464104393.8850145340 3.105 -0.428827 -1.34477 -0.0178277 0.703144 -0.110321 0.702211
1464104394.0191073418 3.23481 -0.491738 -1.53979 -0.0132749 0.731006 -0.0854283 0.676872
1464104394.1516366005 3.37451 -0.519595 -1.75527 -0.0139434 0.753849 -0.0751849 0.652583
1464104394.2849428654 3.52542 -0.620728 -1.96315 -0.0221676 0.771884 -0.0746501 0.630976
1464104394.4207379818 3.7371 -0.686072 -2.06866 -0.0158285 0.787657 -0.0823657 0.610378
1464104394.6182367802 4.03293 -0.770417 -2.2255 -0.0266666 0.798783 -0.0811927 0.595518
1464104394.9515457153 4.18574 -0.885274 -2.429 -0.0276971 0.818439 -0.0465915 0.572032
1464104395.4514813423 4.53004 -1.04545 -2.75759 -0.0135304 0.840761 -0.0515718 0.538775
1464104395.7540249825 4.67834 -1.12796 -2.96478 -0.0172258 0.846253 -0.0406996 0.530945
1464104395.9847629070 4.90799 -1.17274 -3.15575 -0.0203208 0.853281 -0.0566389 0.517968
1464104396.2180504799 5.0459 -1.37098 -3.3996 -0.00696639 0.861775 -0.0815385 0.500646
1464104396.5873727798 5.25726 -1.5936 -3.71927 -0.0172603 0.867233 -0.097202 0.488018
1464104396.7846529484 5.46947 -1.67908 -3.9003 0.000188033 0.882562 -0.108981 0.457392
1464104397.1179692745 5.72051 -1.87921 -4.12944 0.00133939 0.89056 -0.109066 0.441595
1464104397.4205729961 6.01439 -2.01525 -4.39545 0.014241 0.895486 -0.126396 0.426527
1464104397.7845704556 6.23437 -2.26456 -4.76359 0.00839585 0.882154 -0.129285 0.45279
1464104398.1209158897 6.4838 -2.39821 -5.1384 0.00810884 0.893146 -0.139708 0.427441
1464104398.4203367233 6.74148 -2.6175 -5.39226 0.00848928 0.899678 -0.134918 0.415097
1464104398.6844081879 6.98491 -2.7633 -5.66347 0.0121892 0.897488 -0.135406 0.419561
1464104398.8853857517 7.11272 -2.83716 -5.98622 0.000696622 0.891172 -0.1325 0.433884
1464104399.0877292156 7.27162 -2.93195 -6.21414 -0.012904 0.884323 -0.122523 0.450328
1464104399.3176999092 7.47418 -3.03233 -6.45154 -0.0108047 0.887048 -0.141082 0.43946
1464104399.5176632404 7.62804 -3.15372 -6.72676 -0.0121514 0.894205 -0.145067 0.423325
1464104399.7537775040 7.83718 -3.31449 -6.90298 -0.00890073 0.900954 -0.135114 0.412247
1464104400.0175061226 8.04669 -3.50259 -7.19924 -0.00306059 0.897795 -0.152228 0.413257
1464104400.2175366879 8.22291 -3.60043 -7.44674 -0.0151662 0.893762 -0.147737 0.423241
1464104400.3508265018 8.37903 -3.68641 -7.5028 -0.0239641 0.883095 -0.14219 0.446488
1464104400.5508341789 8.58616 -3.72347 -7.74635 -0.0258268 0.877203 -0.144401 0.45716
1464104400.8842189312 8.90954 -3.96758 -8.06021 -0.0261236 0.884663 -0.143623 0.442788
1464104401.2537243366 9.24004 -4.19353 -8.4274 -0.00727026 0.883394 -0.153526 0.44271
1464104401.6173546314 9.66039 -4.42431 -8.72864 -0.0233046 0.855752 -0.160618 0.491271
1464104402.0173275471 10.0767 -4.61207 -9.1534 -0.0377733 0.85656 -0.155437 0.490629
1464104402.2839558125 10.2992 -4.83348 -9.46705 -0.0445398 0.863916 -0.133465 0.483583
1464104402.5865483284 10.6586 -4.97487 -9.71633 -0.0362386 0.855461 -0.158487 0.491685
1464104402.7838709354 10.8806 -5.14268 -9.84639 -0.0437739 0.843851 -0.163825 0.509078
1464104402.9506249428 11.0355 -5.26891 -10.0095 -0.0476659 0.824701 -0.162391 0.539654
1464104403.1839814186 11.3082 -5.37526 -10.1668 -0.0518935 0.814476 -0.165489 0.553668
1464104403.4209539890 11.5661 -5.45221 -10.4368 -0.0632585 0.81094 -0.17205 0.555674
1464104403.6504631042 11.8115 -5.65795 -10.5479 -0.0642777 0.803457 -0.170239 0.566872
1464104403.8837764263 12.051 -5.75041 -10.6918 -0.0681304 0.775307 -0.172863 0.603636
1464104404.1505053043 12.3276 -5.92695 -10.8354 -0.0734518 0.742057 -0.182709 0.640761
1464104404.3837385178 12.5673 -5.96085 -10.9174 -0.0838446 0.692729 -0.177533 0.693959
1464104404.6837620735 12.8512 -6.09868 -11.0984 -0.0944329 0.654701 -0.173726 0.729567
1464104404.9503016472 13.1308 -6.14876 -11.1242 -0.0912667 0.639403 -0.187442 0.740068
1464104405.2533688545 13.3593 -6.31461 -11.1356 -0.100449 0.612538 -0.176908 0.763813
1464104405.4835882187 13.5416 -6.32903 -11.2044 -0.100558 0.5692 -0.172882 0.797503
1464104405.6836092472 13.6782 -6.45234 -11.2053 -0.105629 0.531207 -0.164929 0.824294
1464104405.9198191166 13.8308 -6.49506 -11.2738 -0.0956409 0.496976 -0.173054 0.844938
1464104406.2167913914 14.0622 -6.56209 -11.3134 -0.110559 0.457811 -0.156635 0.868131
1464104406.4501726627 14.2562 -6.59486 -11.2873 -0.112702 0.440837 -0.169039 0.874292
1464104406.7168838978 14.4606 -6.66816 -11.3057 -0.108686 0.417535 -0.175551 0.884892
1464104407.0502512455 14.6484 -6.73547 -11.3015 -0.117295 0.365412 -0.162087 0.90909
1464104407.3167805672 14.8222 -6.76303 -11.3113 -0.124606 0.306311 -0.15557 0.93083
1464104407.6165976524 14.9535 -6.80841 -11.3168 -0.135353 0.231401 -0.147976 0.951965
1464104407.9499824047 15.1128 -6.81311 -11.2969 -0.145436 0.187534 -0.126117 0.96321
1464104408.1836767197 15.2501 -6.79998 -11.2338 -0.142804 0.160594 -0.129369 0.968029
1464104408.3499436378 15.3669 -6.82675 -11.1583 -0.141294 0.138992 -0.13977 0.970145
1464104408.5500459671 15.4748 -6.82942 -11.0655 -0.139718 0.120116 -0.143378 0.972365
1464104408.7525904179 15.5216 -6.83218 -10.9537 -0.144607 0.104831 -0.138869 0.974071
1464104408.9192614555 15.6025 -6.8067 -10.8788 -0.151393 0.0870755 -0.132045 0.975737
1464104409.0852313042 15.6815 -6.78981 -10.7719 -0.156144 0.0611867 -0.12412 0.977992
1464104409.2164905071 15.7134 -6.78564 -10.6655 -0.150571 0.040078 -0.120891 0.980361
1464104409.3499641418 15.7461 -6.77476 -10.5546 -0.154716 0.0115164 -0.118709 0.980734
1464104409.4830985069 15.7602 -6.77886 -10.4483 -0.151137 -0.0191697 -0.117313 0.98134
1464104409.6164784431 15.7826 -6.75876 -10.3539 -0.154165 -0.036231 -0.110611 0.981165
1464104409.7831428051 15.7913 -6.73427 -10.2364 -0.158126 -0.0540198 -0.105737 0.980254
1464104410.0183227062 15.7996 -6.64296 -10.0613 -0.155093 -0.070497 -0.0954952 0.980743
1464104410.1861014366 15.7862 -6.63657 -9.8995 -0.148285 -0.0751813 -0.10177 0.980817
1464104410.3182413578 15.7787 -6.62951 -9.78521 -0.136904 -0.0770071 -0.1017 0.982336
1464104410.4830434322 15.7727 -6.60986 -9.65771 -0.146187 -0.0832807 -0.107562 0.979859
1464104410.6163835526 15.7716 -6.57774 -9.56014 -0.150358 -0.0918238 -0.107601 0.978459
1464104410.7496533394 15.7763 -6.52955 -9.45274 -0.153111 -0.10226 -0.105538 0.977221
1464104410.8830411434 15.7836 -6.5006 -9.32122 -0.151913 -0.111875 -0.105792 0.976327
1464104411.0181365013 15.7995 -6.48769 -9.17054 -0.146811 -0.123679 -0.105869 0.975675
1464104411.1495726109 15.8002 -6.45812 -9.02862 -0.150485 -0.136179 -0.10619 0.973413
1464104411.2829747200 15.8081 -6.43872 -8.90636 -0.164206 -0.159887 -0.104235 0.967785
1464104411.4168260098 15.7296 -6.36547 -8.79452 -0.167537 -0.173961 -0.106818 0.964499
1464104411.5829668045 15.6948 -6.25403 -8.71857 -0.185706 -0.203084 -0.111734 0.954875
1464104411.9520595074 15.6017 -6.07441 -8.38896 -0.173629 -0.245983 -0.123058 0.945623
1464104412.4161870480 15.5329 -6.0976 -7.92106 -0.178369 -0.281417 -0.106989 0.936772
1464104412.5494890213 15.5001 -5.95354 -7.82921 -0.167418 -0.33274 -0.10042 0.922589
1464104412.7161283493 15.3727 -5.89232 -7.81338 -0.167293 -0.406394 -0.0903269 0.893699
1464104412.9494068623 15.2611 -5.89514 -7.76697 -0.170565 -0.490414 -0.0798648 0.850896
1464104413.1857020855 15.1918 -5.73933 -7.84482 -0.17841 -0.560569 -0.0721505 0.805436
1464104413.5493555069 14.9049 -5.75746 -7.90733 -0.194595 -0.616124 -0.0806577 0.758959
1464104413.7826333046 14.662 -5.83807 -8.07257 -0.218249 -0.642352 -0.0708487 0.731254
1464104414.1163022518 14.5015 -5.73385 -8.04076 -0.23234 -0.679076 -0.0711183 0.692688
1464104414.3825883865 14.2147 -5.78439 -8.06576 -0.25257 -0.736002 -0.0732716 0.623811
1464104414.6157796383 13.9539 -5.75727 -8.14785 -0.264291 -0.79409 -0.0473851 0.545275
1464104415.5186436176 13.23 -5.78379 -8.40862 -0.203057 -0.791027 -0.0480698 0.575094
1464104415.9824514389 12.7487 -5.76327 -8.47675 -0.176467 -0.806745 -0.0196106 0.563594
1464104416.1849732399 12.5435 -5.74194 -8.52787 -0.17298 -0.82235 -0.0132822 0.541887
1464104416.3516857624 12.3498 -5.73765 -8.59269 -0.170598 -0.823612 -0.0145113 0.540693
1464104416.4824421406 12.1894 -5.71075 -8.6419 -0.160428 -0.812997 -0.00913613 0.559656
1464104416.7489957809 11.8751 -5.72241 -8.74585 -0.167618 -0.818265 -0.0173526 0.549587
1464104416.9823563099 11.5873 -5.69282 -8.85314 -0.164743 -0.832775 -0.00924388 0.528451
1464104417.1489384174 11.3886 -5.68632 -8.97881 -0.159658 -0.839086 0.00389748 0.520028
1464104417.3155255318 11.1968 -5.73554 -9.06509 -0.156044 -0.861258 0.00178008 0.483614
1464104417.5822227001 10.8208 -5.74486 -9.2227 -0.131043 -0.864385 0.019823 0.485049
1464104417.8488059044 10.4061 -5.77778 -9.3421 -0.12869 -0.85248 0.0189305 0.506319
1464104418.1162838936 10.0428 -5.7519 -9.49168 -0.140804 -0.847302 0.0129613 0.511943
1464104418.4155046940 9.62604 -5.76002 -9.63797 -0.130294 -0.849555 0.0296806 0.510293
1464104418.9487297535 8.86162 -5.76056 -9.92503 -0.114828 -0.844253 0.0392126 0.522029
1464104419.3153440952 8.33217 -5.76493 -10.0404 -0.124787 -0.835835 0.0425167 0.532916
1464104419.6486964226 7.91902 -5.82803 -10.2109 -0.107021 -0.856145 0.0536865 0.502673
1464104420.2819576263 6.91562 -5.73795 -10.3768 -0.109457 -0.857044 0.039844 0.501904
1464104420.6847941875 6.31239 -5.72206 -10.5409 -0.0931327 -0.863548 0.0688889 0.490781
1464104420.9177033901 6.01216 -5.66574 -10.6689 -0.0952063 -0.887821 0.0468034 0.447793
1464104421.3170306683 5.41785 -5.66731 -10.9501 -0.0868759 -0.878558 0.0349126 0.46837
1464104421.6843426228 4.84964 -5.68582 -11.1855 -0.0936535 -0.868658 0.0475492 0.48415
1464104421.8817512989 4.57155 -5.73457 -11.3642 -0.08473 -0.881794 0.0575927 0.460372
1464104422.1483318806 4.18875 -5.67053 -11.527 -0.0824946 -0.90081 0.0561484 0.422592
1464104422.5482623577 3.55933 -5.7899 -11.8396 -0.0818631 -0.884891 0.0454424 0.456291
1464104422.9175760746 2.98266 -5.70216 -12.024 -0.0912762 -0.885483 0.050464 0.452815
1464104423.1482880116 2.62411 -5.74447 -12.1486 -0.0979981 -0.907474 0.0324115 0.40723
1464104423.4815382957 2.1324 -5.73809 -12.397 -0.074909 -0.914854 0.0559044 0.392818
1464104423.7481915951 1.75276 -5.702 -12.6058 -0.0901686 -0.922168 0.0286739 0.375037
1464104423.9815275669 1.39546 -5.71134 -12.7567 -0.0857882 -0.934761 0.0454381 0.341756
1464104424.1842172146 1.14447 -5.76278 -13.0095 -0.0740254 -0.951098 0.0442338 0.296608
1464104424.3149347305 0.993573 -5.78733 -13.1778 -0.0638588 -0.966877 0.0470974 0.242596
1464104424.5172491074 0.687193 -5.82167 -13.2548 -0.0493247 -0.979815 0.0583938 0.184713
1464104424.7814774513 0.39544 -5.84927 -13.5963 -0.0343161 -0.983874 0.0664577 0.162476
1464104424.9814031124 0.200231 -5.93395 -13.829 -0.0433702 -0.991335 0.0536158 0.111797
1464104425.1825084686 0.0422017 -5.97983 -14.1009 -0.0358471 -0.994423 0.0650778 0.0748553
1464104425.3479373455 -0.104535 -6.03942 -14.3067 -0.0244581 -0.995478 0.0876792 0.0271681
1464104425.5169737339 -0.216863 -6.06936 -14.5208 0.0152066 0.996058 -0.0825592 0.0286498
1464104425.6844787598 -0.305586 -6.11519 -14.7394 0.00904226 0.993898 -0.0731756 0.0820347
1464104425.8818492889 -0.374109 -6.11148 -15.0279 0.00287929 0.990317 -0.0887914 0.106681
1464104426.0478575230 -0.463015 -6.14948 -15.2796 -0.00634438 0.987458 -0.0914626 0.128536
1464104426.2159326077 -0.470176 -6.15993 -15.5077 -0.00729553 0.9824 -0.0942564 0.1611
1464104426.3811964989 -0.50944 -6.26819 -15.701 -0.0154103 0.974376 -0.0988384 0.201457
1464104426.5478193760 -0.485676 -6.31286 -15.9072 -0.0230604 0.962231 -0.114742 0.245794
1464104426.7144410610 -0.526243 -6.41244 -16.1109 -0.0304914 0.947973 -0.115372 0.295139
1464104426.8813354969 -0.484682 -6.48298 -16.2656 -0.0393899 0.93109 -0.103942 0.347442
1464104427.0481193066 -0.464002 -6.51137 -16.4701 -0.044914 0.912501 -0.106262 0.392472
1464104427.2149410248 -0.393381 -6.54386 -16.661 -0.055142 0.896359 -0.116679 0.424129
1464104427.4143507481 -0.320015 -6.63152 -16.8671 -0.0641162 0.874399 -0.114295 0.467174
1464104427.5811071396 -0.239212 -6.68972 -16.9953 -0.0682083 0.849175 -0.109275 0.512161
1464104427.7477848530 -0.154428 -6.71801 -17.1315 -0.0781153 0.817777 -0.105383 0.560387
1464104427.9150042534 -0.0684835 -6.76266 -17.2685 -0.0822651 0.783049 -0.113415 0.605974
1464104428.0810203552 0.030649 -6.80783 -17.3835 -0.0771808 0.754284 -0.121259 0.64062
1464104428.2809870243 0.130584 -6.85685 -17.4741 -0.0773719 0.718165 -0.117493 0.681504
1464104428.5174019337 0.270744 -6.85923 -17.5355 -0.0893797 0.684884 -0.105006 0.715485
1464104428.7494752407 0.426078 -6.8797 -17.5757 -0.102231 0.653119 -0.1028 0.743247
1464104428.9143056870 0.52673 -6.91941 -17.5953 -0.094919 0.644034 -0.110656 0.750977
1464104429.1142921448 0.640053 -6.94507 -17.5988 -0.0952602 0.623727 -0.104188 0.768788
1464104429.2809040546 0.726768 -6.94945 -17.6108 -0.103139 0.60576 -0.0951077 0.783181
1464104429.4141213894 0.803893 -6.95104 -17.6256 -0.105734 0.592753 -0.0909537 0.793216
1464104429.5475094318 0.888957 -6.96813 -17.6414 -0.101608 0.575158 -0.0978973 0.805783
1464104429.6835670471 0.982004 -6.98405 -17.6656 -0.103124 0.55915 -0.0871402 0.818
1464104429.8141977787 1.06275 -7.02413 -17.702 -0.100795 0.538213 -0.0833994 0.832594
1464104429.9475078583 1.14523 -7.03804 -17.7125 -0.102237 0.519898 -0.0772259 0.844565
1464104430.0813412666 1.22233 -7.03514 -17.696 -0.104948 0.502614 -0.0695684 0.855293
1464104430.2167305946 1.29348 -7.02789 -17.679 -0.110133 0.488035 -0.0598556 0.863777
1464104430.3501899242 1.36014 -7.02512 -17.6576 -0.113354 0.478337 -0.0550001 0.869091
1464104430.4814872742 1.4329 -7.03069 -17.6376 -0.109838 0.477726 -0.0583521 0.86966
1464104430.6139631271 1.51081 -7.03458 -17.6141 -0.10708 0.476502 -0.0676769 0.869999
1464104430.8500406742 1.64208 -7.02441 -17.5757 -0.138287 0.481494 -0.0679967 0.862796
1464104431.0473632812 1.73834 -7.04079 -17.5609 -0.137575 0.496173 -0.0711216 0.854299
1464104431.2140567303 1.81517 -7.03991 -17.5406 -0.131876 0.506666 -0.0784349 0.848378
1464104431.3815007210 1.88816 -7.05122 -17.5316 -0.142156 0.511978 -0.0767914 0.843667
1464104431.5169579983 1.94865 -7.05434 -17.5332 -0.142555 0.516309 -0.0824116 0.840423
1464104431.6834938526 2.02936 -7.0595 -17.4986 -0.14362 0.508592 -0.0811369 0.845059
1464104431.8137199879 2.09425 -7.07339 -17.4705 -0.13316 0.511266 -0.0799005 0.845276
1464104432.0472555161 2.16603 -7.09541 -17.407 -0.116711 0.516151 -0.074359 0.845244
1464104432.5805363655 2.31298 -7.11797 -17.2525 -0.109788 0.540207 -0.0557716 0.832474
1464104433.2136020660 2.41575 -7.13094 -17.0502 -0.116743 0.532194 -0.054792 0.836742
1464104433.9168248177 2.70007 -7.0683 -17.0497 -0.125408 0.549804 -0.0290108 0.825316
1464104434.0468988419 2.82189 -7.18059 -17.0902 -0.112525 0.591487 -0.0234664 0.798079
1464104434.2134578228 2.94244 -7.20347 -17.0817 -0.107447 0.629655 -0.0232353 0.769058
1464104434.7135686874 3.18696 -7.15109 -17.0035 -0.126993 0.613254 -0.0113496 0.779528
1464104434.9135777950 3.28968 -7.11111 -16.9051 -0.114638 0.57542 -0.0140139 0.809663
1464104435.0802550316 3.36302 -7.09288 -16.8002 -0.111947 0.537084 -0.0162585 0.835909
1464104435.2467875481 3.51943 -6.94817 -16.7782 -0.107215 0.486982 -0.0303032 0.866277
1464104435.4137377739 3.50628 -6.88285 -16.595 -0.116562 0.445641 -0.0423886 0.886578
1464104435.5801618099 3.58441 -6.75434 -16.5474 -0.12003 0.395803 -0.057982 0.908609
1464104435.7800545692 3.65591 -6.73078 -16.4018 -0.132256 0.345453 -0.0585583 0.927223
1464104436.0153424740 3.82452 -6.61602 -16.3259 -0.138472 0.281856 -0.0853131 0.945571
1464104436.3137173653 4.05464 -6.38576 -16.2869 -0.134338 0.219599 -0.110895 0.959912
1464104436.5467591286 4.23657 -6.23633 -16.353 -0.140676 0.145925 -0.117409 0.972179
1464104436.7809929848 4.47782 -6.13207 -16.4589 -0.147611 0.0661296 -0.135916 0.977428
1464104437.0799889565 4.79925 -6.05942 -16.5244 -0.148192 -0.00557913 -0.15997 0.975919
1464104437.3798394203 4.99539 -6.06554 -16.5033 -0.140152 -0.0881324 -0.175032 0.970543
1464104437.6824102402 5.12356 -6.06376 -16.4158 -0.125913 -0.172322 -0.188926 0.958519
1464104437.9131686687 5.21354 -6.08837 -16.3466 -0.142392 -0.242889 -0.184726 0.941598
1464104438.1131956577 5.175 -6.11828 -16.2592 -0.153019 -0.31824 -0.172261 0.919584
1464104438.3131978512 5.1312 -6.11746 -16.1522 -0.151372 -0.404967 -0.155937 0.888128
1464104438.4465205669 5.09243 -6.11586 -16.1033 -0.170884 -0.462555 -0.165036 0.854169
1464104438.6464428902 5.02771 -6.08091 -16.01 -0.167421 -0.524629 -0.150588 0.82101
1464104438.9130589962 4.94985 -6.10068 -15.9094 -0.161851 -0.584081 -0.154528 0.780241
1464104439.1147787571 4.84676 -6.08799 -15.8439 -0.123622 -0.648548 -0.116664 0.741952
1464104439.3135402203 4.74837 -6.08299 -15.8003 -0.106538 -0.724417 -0.104849 0.672961
1464104439.5464329720 4.63203 -6.08753 -15.7818 -0.098465 -0.779817 -0.0827885 0.612646
1464104439.7796325684 4.5339 -6.09279 -15.7564 -0.0842202 -0.833015 -0.0669535 0.542688
1464104439.9130272865 4.47649 -6.10205 -15.7492 -0.064781 -0.870539 -0.0164422 0.487539
1464104440.1128611565 4.38513 -6.08566 -15.7184 -0.0551246 -0.913699 0.0111647 0.402482
1464104440.3128714561 4.3222 -6.13348 -15.741 -0.0491057 -0.937634 0.0407589 0.341716
1464104440.5463902950 4.27165 -6.20611 -15.8101 -0.0240977 -0.95018 0.055408 0.305789
1464104440.7128968239 4.2443 -6.25446 -15.8793 -0.0156243 -0.95153 0.0752784 0.297792
1464104440.9128384590 4.20387 -6.3206 -15.9622 -0.00968164 -0.95126 0.0871692 0.295657
1464104441.1128396988 4.18279 -6.38264 -16.038 -0.0198854 -0.951959 0.107324 0.286111
1464104441.2461025715 4.18226 -6.43354 -16.0881 -0.0161077 -0.955225 0.128044 0.266253
1464104441.3794281483 4.18294 -6.48215 -16.1416 -0.00528322 -0.954047 0.153908 0.257059
1464104441.5152518749 4.19127 -6.53706 -16.1952 -0.00231313 -0.956734 0.178476 0.229785
1464104441.6460661888 4.20134 -6.59451 -16.2456 0.00416523 -0.954932 0.208257 0.211464
1464104441.7794363499 4.20356 -6.63199 -16.2891 0.0032415 -0.954711 0.221676 0.198435
1464104441.9127676487 4.22497 -6.6537 -16.3388 0.00371687 -0.959765 0.227662 0.164338
1464104442.0460085869 4.26112 -6.65516 -16.3913 0.00811213 -0.968219 0.222215 0.114489
1464104442.1827774048 4.29774 -6.64507 -16.4333 0.0183361 -0.976651 0.204032 0.0647145
1464104442.3126831055 4.33908 -6.62116 -16.4642 0.0259494 -0.98243 0.183246 0.0240523
1464104442.4460861683 4.38027 -6.60104 -16.4837 -0.0296428 0.986808 -0.1588 0.0106992
1464104442.5794253349 4.42286 -6.56969 -16.494 -0.0307293 0.990048 -0.131027 0.0411497
1464104442.7126500607 4.46332 -6.52268 -16.5039 -0.026812 0.991814 -0.103795 0.0693722
1464104442.8488805294 4.48515 -6.47055 -16.5055 -0.0250724 0.994292 -0.0558999 0.0873534
1464104442.9792022705 4.48905 -6.42365 -16.4998 -0.0209877 0.994231 -0.0153093 0.104069
1464104443.1125996113 4.48952 -6.38562 -16.4914 -0.0228885 0.993186 0.0163856 0.11309
1464104443.2460289001 4.47197 -6.34319 -16.4784 -0.0248465 0.991084 0.0381853 0.125205
1464104443.4124507904 4.45608 -6.3065 -16.4601 -0.0311309 0.987463 0.0821531 0.131143
1464104443.5459022522 4.43799 -6.27041 -16.4489 -0.038911 0.982785 0.112482 0.141304
1464104443.7125778198 4.39689 -6.24216 -16.4314 -0.0394781 0.978724 0.137405 0.147174
1464104443.8485047817 4.35499 -6.22223 -16.4215 -0.0512019 0.975948 0.164554 0.13351
1464104443.9791502953 4.3079 -6.21598 -16.4114 -0.059047 0.975312 0.17872 0.115491
1464104444.1458611488 4.23961 -6.21459 -16.4042 -0.0708392 0.974685 0.192213 0.0895843
1464104444.2791039944 4.18801 -6.22297 -16.4051 -0.0777345 0.97599 0.19506 0.0578991
1464104444.4150748253 4.13995 -6.22869 -16.4036 -0.0837152 0.976927 0.194594 0.0271884
1464104444.5790741444 4.09818 -6.25314 -16.3993 0.084302 -0.976903 -0.195514 0.0181166
1464104444.7468044758 4.06493 -6.28784 -16.4041 0.0782709 -0.978276 -0.182582 0.059281
1464104444.8802070618 4.04857 -6.32988 -16.4108 0.0724213 -0.978575 -0.16883 0.0929712
1464104445.0465257168 4.03063 -6.3749 -16.4213 0.0731142 -0.979353 -0.146487 0.118592
1464104445.1809353828 4.02384 -6.41348 -16.4253 0.0718214 -0.979663 -0.116893 0.14642
1464104445.3122026920 4.03097 -6.4651 -16.4282 0.0662811 -0.98061 -0.0731994 0.169272
1464104445.4457185268 4.04043 -6.51095 -16.4293 0.0693872 -0.981383 -0.016176 0.178357
1464104445.5789926052 4.06115 -6.56403 -16.4299 0.0749741 -0.979629 0.031014 0.183694
1464104445.7122981548 4.09579 -6.61843 -16.4312 0.0817858 -0.980144 0.0750909 0.164288
1464104445.8487904072 4.12339 -6.65813 -16.435 0.0907365 -0.97899 0.112208 0.144068
1464104445.9795203209 4.15593 -6.68814 -16.4352 0.0947514 -0.972677 0.146693 0.152978
1464104446.1464712620 4.19191 -6.71678 -16.4285 0.102394 -0.96374 0.192605 0.153704
1464104446.2797484398 4.24445 -6.7341 -16.4333 0.110279 -0.95915 0.222878 0.134892
1464104446.4454555511 4.29319 -6.732 -16.4396 0.112587 -0.959108 0.237338 0.105391
1464104446.6120827198 4.32127 -6.69724 -16.4535 0.101 -0.967057 0.22325 0.0689934
1464104446.7464361191 4.33362 -6.66384 -16.4659 0.0984341 -0.976175 0.189372 0.0391331
1464104446.8800232410 4.33397 -6.62477 -16.4776 0.0938225 -0.985385 0.139466 0.0276155
1464104447.0455553532 4.32423 -6.58915 -16.478 0.084935 -0.992488 0.0866737 0.015528
1464104447.2458710670 4.30677 -6.5509 -16.4713 0.0848976 -0.995647 0.0374753 0.00868979
1464104447.4120848179 4.28952 -6.52581 -16.4681 0.0686518 -0.997344 -0.0123124 0.0209832
1464104447.6121144295 4.29349 -6.48658 -16.4713 0.0504426 -0.995568 -0.0566082 0.0556291
1464104447.8120851517 4.25965 -6.44738 -16.4466 0.0478061 -0.993691 -0.0802378 0.0620861
1464104447.9454493523 4.23743 -6.42019 -16.4324 0.0453765 -0.99101 -0.104273 0.0704738
1464104448.3119680882 4.1972 -6.39774 -16.4506 0.0578725 -0.988329 -0.123421 0.0680014
1464104448.5145499706 4.17002 -6.39355 -16.5117 0.058881 -0.987323 -0.12427 0.0792684
1464104448.6810882092 4.14979 -6.38845 -16.58 0.058937 -0.986234 -0.121014 0.0960397
1464104448.8119332790 4.14025 -6.38789 -16.6318 0.0597246 -0.987482 -0.106099 0.100279
1464104448.9452574253 4.13954 -6.39099 -16.6787 0.0588623 -0.989083 -0.0936302 0.0973809
1464104449.0786094666 4.14093 -6.39263 -16.7194 0.058876 -0.990479 -0.0848115 0.0910618
1464104449.3120145798 4.14261 -6.40269 -16.7478 0.063586 -0.991894 -0.0651114 0.0886768
1464104449.6119172573 4.14851 -6.40381 -16.7018 0.0604693 -0.991739 -0.069695 0.0891032
1464104449.7452316284 4.15852 -6.41532 -16.6537 0.0626919 -0.992298 -0.0638596 0.0856534
1464104449.8785445690 4.17301 -6.42988 -16.5945 0.0667765 -0.992791 -0.0623538 0.0775858
1464104450.0144166946 4.18566 -6.43847 -16.5253 0.0695508 -0.993037 -0.064719 0.0696475
1464104450.1816306114 4.20445 -6.44553 -16.439 0.0705295 -0.993023 -0.0737924 0.0590443
1464104450.3469004631 4.21295 -6.44367 -16.3528 0.0673896 -0.9918 -0.0901502 0.0605345
1464104450.6118087769 4.24258 -6.44942 -16.2266 0.0709895 -0.990275 -0.103014 0.0608639
1464104450.9117062092 4.28493 -6.46475 -16.0692 0.0765024 -0.988603 -0.115075 0.0597391
1464104451.2451810837 4.3471 -6.4959 -15.9194 0.0688079 -0.989777 -0.113516 0.0521686
1464104452.5781984329 4.30275 -6.48687 -16.0311 0.0823258 -0.991829 -0.0816733 0.0531694
1464104452.7115342617 4.29027 -6.49944 -16.1098 0.0839296 -0.993375 -0.0538491 0.0571139
1464104452.8469710350 4.26333 -6.50363 -16.1895 0.0841905 -0.993937 -0.0404479 0.0580184
1464104452.9781434536 4.24931 -6.50156 -16.2616 0.0871281 -0.994057 -0.0299146 0.0580027
1464104453.1447815895 4.2321 -6.48318 -16.3415 0.0857418 -0.993933 -0.0365414 0.058397
1464104453.2782628536 4.21779 -6.46941 -16.4063 0.08561 -0.993892 -0.0388459 0.0577991
1464104453.4112188816 4.20742 -6.46045 -16.474 0.0873696 -0.994029 -0.0359091 0.0546264
1464104453.5447618961 4.19876 -6.45423 -16.545 0.0880063 -0.994131 -0.0289947 0.0558415
1464104453.6807098389 4.1879 -6.45343 -16.6137 0.0895314 -0.994592 -0.0159233 0.0501672
1464104453.8112349510 4.18091 -6.4626 -16.6726 0.0875336 -0.994882 0.00270754 0.0504073
1464104453.9447126389 4.17805 -6.4656 -16.7151 0.0871413 -0.994962 0.013072 0.0478174
1464104454.1113736629 4.17656 -6.46439 -16.7502 0.0898866 -0.994869 0.021436 0.0411852
1464104454.3470821381 4.16353 -6.4392 -16.7593 0.090048 -0.994584 -0.00336901 0.0517945
1464104454.5445156097 4.16219 -6.4229 -16.7231 0.0986394 -0.993066 -0.0228687 0.0597319
1464104454.6806240082 4.15985 -6.41173 -16.6743 0.0985516 -0.991916 -0.0409102 0.0686791
1464104454.8124127388 4.16046 -6.4058 -16.6067 0.0837192 -0.991991 -0.049209 0.080763
1464104454.9445552826 4.16175 -6.40329 -16.5272 0.0781424 -0.99138 -0.0475701 0.0937938
1464104455.0778732300 4.16516 -6.40036 -16.4423 0.0752915 -0.990238 -0.0586535 0.101586
1464104455.2111296654 4.1755 -6.40533 -16.3593 0.0565286 -0.992471 -0.0479001 0.0975232
1464104455.3484082222 4.17009 -6.382 -16.2695 0.0441217 -0.988659 -0.0698559 0.125405
