1464888973.6916348934 0 0 0 -0 -0 -0 1
1464888973.8906681538 -0.00808759 -0.00596962 -0.00762754 0.0242127 0.00712551 -0.0649531 0.997569
1464888974.3699905872 -0.0122189 -0.0104494 -0.0121753 0.0571888 0.0830716 -0.0149232 0.994789
1464888974.8063387871 -0.0480688 0.0190142 0.00843065 0.051897 0.135974 -0.0159284 0.989224
1464888975.0446960926 -0.0976857 0.0496635 0.0333823 0.0356275 0.161516 -0.035361 0.985593
1464888975.2038125992 -0.145639 0.075635 0.0424124 0.0141929 0.146298 -0.060591 0.987281
1464888975.3629851341 -0.195229 0.0975303 0.0444212 0.00111096 0.114778 -0.074575 0.990587
1464888975.5250635147 -0.240793 0.117669 0.041333 -0.0181838 0.0912455 -0.0975978 0.990867
1464888975.6813251972 -0.284695 0.131334 0.0303843 -0.0491115 0.0628635 -0.088636 0.992864
1464888975.8405191898 -0.326692 0.136263 0.0156189 -0.0550287 0.0284383 -0.0906597 0.993954
1464888976.0395715237 -0.369743 0.137108 -0.00292149 -0.0800224 0.00725791 -0.0766985 0.993811
1464888976.1986858845 -0.399031 0.132469 -0.0205886 -0.0983354 -0.0374937 -0.0586141 0.992718
1464888976.3976109028 -0.420821 0.114594 -0.044411 -0.112109 -0.0980815 -0.0477745 0.987689
1464888976.6762797832 -0.425556 0.071705 -0.0766523 -0.0860091 -0.148629 -0.0350741 0.984521
1464888976.9548358917 -0.399466 0.0374404 -0.0916067 -0.0432182 -0.169546 -0.00268379 0.984571
1464888977.1935012341 -0.357242 0.0161765 -0.0814358 -0.0202477 -0.160119 0.0276975 0.986501
1464888977.3925437927 -0.311967 -0.00289941 -0.0625333 0.0140106 -0.139123 0.0365013 0.989503
1464888977.5914158821 -0.255081 -0.0190384 -0.0433003 0.0273615 -0.120023 0.0547582 0.990882
1464888977.7904169559 -0.18773 -0.0242314 -0.0343766 0.02451 -0.0912901 0.0759925 0.992618
1464888977.9894134998 -0.123594 -0.0272243 -0.037193 0.0297053 -0.0783961 0.0931944 0.992112
1464888978.2678868771 -0.0490901 -0.0363233 -0.0408895 0.0332551 -0.0770281 0.112391 0.990116
1464888978.5877995491 0.0312177 -0.0388634 -0.0379677 0.0315972 -0.0886017 0.107464 0.989749
1464888978.8249168396 0.101443 -0.0379272 -0.0453187 0.0307384 -0.0822623 0.0992998 0.991175
1464888979.0638010502 0.171583 -0.0342502 -0.0572845 0.0327536 -0.0785399 0.0933993 0.991986
1464888979.3422703743 0.247588 -0.0317778 -0.0649627 0.0310623 -0.0817828 0.0919905 0.991909
1464888979.5811064243 0.322026 -0.0194154 -0.0713754 0.0267866 -0.0759397 0.073168 0.994063
1464888979.7800824642 0.383079 -0.0127814 -0.0722123 0.0263759 -0.058221 0.0431711 0.997021
1464888979.9789960384 0.440565 -0.0149639 -0.0694721 0.0255825 -0.0487765 0.00936183 0.998438
1464888980.2205963135 0.506837 -0.0231855 -0.0688641 0.0249723 -0.0233546 0.00527099 0.999401
1464888980.4564313889 0.561398 -0.0425429 -0.0852141 0.0302841 -0.00785532 -0.0182957 0.999343
1464888980.7351403236 0.604826 -0.0890261 -0.110085 0.0476469 -0.000667968 -0.00012102 0.998864
1464888980.9739317894 0.612265 -0.133869 -0.120412 0.0779063 0.00817497 0.0293543 0.996495
1464888981.3320059776 0.564796 -0.176301 -0.13514 0.113965 0.00141174 0.0384445 0.99274
1464888981.5736536980 0.4995 -0.177239 -0.150601 0.143648 -0.0368674 0.0265203 0.988586
1464888981.7734014988 0.43569 -0.156264 -0.157359 0.144156 -0.0697184 0.0197932 0.986898
1464888982.0084879398 0.363538 -0.111321 -0.144688 0.116073 -0.0647322 -0.0142058 0.991027
1464888982.2471580505 0.305812 -0.0789019 -0.110504 0.0661292 -0.0519943 -0.0143523 0.996352
1464888982.5655186176 0.232625 -0.0610601 -0.0518775 0.0424607 -0.046056 0.00173531 0.998035
1464888982.8440980911 0.158359 -0.0399299 -0.0191377 0.0295575 -0.0299517 0.00360025 0.999108
1464888983.1227505207 0.0827987 -0.0143664 -0.00734477 0.0243829 -0.00991268 0.00104262 0.999653
1464888983.3616676331 0.0187201 0.00589343 0.018564 0.00816513 0.00891356 -0.00117124 0.999926
1464888983.5606253147 -0.044889 0.0291325 0.0542646 -0.00338044 0.0181656 -0.00464932 0.999818
1464888983.7194843292 -0.0936168 0.0526474 0.0735884 -0.0236699 0.0303495 -0.00263654 0.999256
1464888983.8870675564 -0.139849 0.0715249 0.0809542 -0.0284866 0.023623 0.0213568 0.999087
1464888984.0830562115 -0.193109 0.0870286 0.0864895 -0.0407183 0.0158441 0.0289957 0.998624
1464888984.2802109718 -0.240037 0.0915707 0.10392 -0.0453023 0.00603769 0.0315265 0.998457
1464888984.5153534412 -0.280377 0.0970367 0.154726 -0.0557244 0.0168067 0.0258209 0.997971
1464888984.7142977715 -0.304211 0.100532 0.210298 -0.0305937 0.0237374 0.0332665 0.998696
1464888984.9940538406 -0.314766 0.111591 0.277169 -0.0292012 0.061788 0.0488255 0.996467
1464888985.3510115147 -0.319202 0.0955412 0.309331 -0.0881187 0.0719078 0.0562114 0.99192
1464888985.5102012157 -0.324407 0.0496024 0.299735 -0.0833209 0.0636755 0.0664124 0.992266
1464888985.6693532467 -0.331329 -0.00641644 0.271778 -0.060719 0.0511921 0.065873 0.994662
1464888985.8683598042 -0.336345 -0.0680711 0.211234 -0.0443664 0.0388199 0.0634111 0.996245
1464888986.1469309330 -0.336035 -0.122644 0.101365 -0.0297577 0.029966 0.0617645 0.997197
1464888986.4253945351 -0.323529 -0.146183 -0.0128503 0.0138437 0.0504284 0.0521498 0.997269
1464888986.9035758972 -0.274958 -0.146935 -0.137527 0.031098 0.0386133 0.0572363 0.997129
1464888987.4211492538 -0.273117 -0.130419 -0.0370492 0.00392736 0.00541986 0.0396603 0.999191
1464888987.9375851154 -0.271947 -0.0771378 0.0637359 0.0141149 0.0465612 0.0494995 0.997588
1464888988.5344245434 -0.3333 -0.028928 0.102587 0.0281325 0.0676445 0.0252773 0.996992
1464888988.8552606106 -0.403862 -0.000295659 0.0950879 0.0428647 0.0737191 0.0288857 0.995939
1464888989.1312885284 -0.470234 0.0241574 0.0972721 0.0406307 0.0696174 -0.0107534 0.996688
1464888989.3704731464 -0.535926 0.0432046 0.100987 0.0614767 0.0651961 -0.0242368 0.995682
1464888989.6087117195 -0.609199 0.0626363 0.0995079 0.0769237 0.0643328 -0.0321597 0.994439
1464888989.8502540588 -0.686269 0.0772209 0.0864491 0.0858403 0.0739872 -0.00956911 0.993512
1464888990.0475430489 -0.756029 0.101094 0.0788382 0.0797503 0.0761001 0.0238035 0.993621
1464888990.3251667023 -0.852813 0.136361 0.0688306 0.0816443 0.104334 0.022685 0.990926
1464888990.5271108150 -0.928679 0.16452 0.0691099 0.065208 0.13526 0.0161054 0.988531
1464888990.7628242970 -1.03247 0.184807 0.0708175 0.0883607 0.169056 0.0179928 0.981473
1464888990.9618632793 -1.12043 0.190077 0.0746825 0.12251 0.189882 0.0382535 0.973382
1464888991.2005779743 -1.22358 0.198522 0.0994791 0.145651 0.223109 0.0200703 0.963642
1464888991.4416427612 -1.3261 0.204808 0.1393 0.154906 0.256085 -0.00594069 0.954143
1464888991.5986046791 -1.38835 0.202692 0.173635 0.155211 0.303593 0.0142119 0.939968
1464888991.7576577663 -1.45408 0.196473 0.216487 0.154314 0.341919 0.0408227 0.926073
1464888991.9168119431 -1.52621 0.184271 0.264739 0.16696 0.380471 0.0524864 0.908081
1464888992.0760500431 -1.59763 0.169633 0.316651 0.194767 0.424391 0.0519915 0.882754
1464888992.2748620510 -1.69037 0.155069 0.392474 0.187045 0.456931 0.0439881 0.868501
1464888992.4397473335 -1.77699 0.13557 0.463124 0.201911 0.442107 0.0634769 0.871633
1464888992.5932874680 -1.87944 0.123764 0.546646 0.199797 0.417608 0.0414237 0.88542
1464888992.7524652481 -1.98325 0.114205 0.623266 0.196782 0.408462 0.03067 0.890783
1464888992.9115998745 -2.08463 0.102231 0.682761 0.210785 0.405294 0.0451201 0.888409
1464888993.0708255768 -2.18961 0.0935687 0.738936 0.213359 0.384129 0.068497 0.895674
1464888993.2304053307 -2.30646 0.0884765 0.798854 0.20618 0.355987 0.0472405 0.910237
1464888993.3891849518 -2.43194 0.0907294 0.854477 0.202626 0.317401 0.0154209 0.926262
1464888993.5484542847 -2.54773 0.0887886 0.897638 0.206291 0.298833 0.0249221 0.931408
1464888993.7075693607 -2.66683 0.0939559 0.932179 0.195822 0.264685 0.0355421 0.943574
1464888993.8674812317 -2.79166 0.108871 0.965046 0.17894 0.219695 0.0138692 0.958917
1464888994.0288350582 -2.91474 0.125629 0.987255 0.173351 0.176575 -0.0167688 0.968757
1464888994.1850750446 -3.02821 0.141249 0.996177 0.173808 0.149619 -0.0438484 0.972359
1464888994.3441841602 -3.13117 0.151512 0.99619 0.180134 0.143551 -0.0405564 0.972265
1464888994.5430307388 -3.22766 0.158299 0.978541 0.193586 0.201983 -0.00114026 0.960066
1464888994.7421407700 -3.31731 0.180072 0.969296 0.170526 0.213613 0.029643 0.961463
1464888994.9411730766 -3.41471 0.20536 0.957511 0.130742 0.245572 0.0103931 0.960465
1464888995.1401309967 -3.52443 0.222581 0.936181 0.146798 0.209755 0.0150425 0.966554
1464888995.2990431786 -3.60378 0.246297 0.915747 0.136543 0.177404 0.0216774 0.974379
1464888995.6572151184 -3.73837 0.289104 0.87294 0.125259 0.194258 0.00453793 0.97291
1464888996.0154998302 -3.81054 0.322526 0.82937 0.145819 0.263192 0.0190189 0.95347
1464888996.2542333603 -3.86919 0.35582 0.789571 0.148843 0.308456 0.0743953 0.936571
1464888996.6126971245 -3.98717 0.399091 0.722683 0.144447 0.35674 0.0850004 0.919047
1464888996.8918931484 -4.08914 0.462997 0.679617 0.0900216 0.366702 0.0526085 0.924477
1464888997.0501186848 -4.16173 0.490051 0.652153 0.0838283 0.319697 0.0416105 0.942887
1464888997.3683464527 -4.21856 0.531987 0.567242 0.0997707 0.365939 0.00414696 0.925266
1464888997.5672957897 -4.23508 0.546066 0.503651 0.128143 0.408695 0.0121505 0.903549
1464888997.8458950520 -4.27749 0.599536 0.420766 0.11966 0.433531 0.0125574 0.89307
1464888998.1642305851 -4.34722 0.67386 0.317516 0.110757 0.43302 0.00440662 0.894543
1464888998.4088046551 -4.40018 0.724967 0.231862 0.122131 0.464771 -0.0122139 0.876883
1464888998.7213566303 -4.51232 0.776796 0.121601 0.174708 0.47128 0.00737422 0.864475
1464888999.0020976067 -4.65538 0.839685 0.0474699 0.170151 0.498228 0.00765294 0.850152
1464888999.2784242630 -4.81784 0.894773 0.00105807 0.165599 0.540604 0.0154883 0.824673
1464888999.4376053810 -4.91608 0.922347 -0.0142212 0.155601 0.576831 0.0525929 0.80018
1464888999.6763336658 -5.08715 0.956105 -0.0290052 0.170812 0.624213 0.0818571 0.757945
1464888999.8753817081 -5.25397 0.988476 -0.0235583 0.16225 0.648883 0.119409 0.733736
1464889000.0749413967 -5.44384 1.01518 0.0117335 0.153832 0.637044 0.0777369 0.751311
1464889000.2335314751 -5.60731 1.03149 0.041295 0.161127 0.624792 0.0434529 0.762748
1464889000.3947701454 -5.7676 1.05481 0.0709371 0.161752 0.606873 0.0594418 0.775892
1464889000.5518510342 -5.92308 1.09046 0.0922874 0.125038 0.631715 0.0579188 0.762855
1464889000.7508227825 -6.12981 1.13208 0.111494 0.111484 0.625325 0.0611561 0.769935
1464889000.9105336666 -6.30369 1.16564 0.130872 0.103675 0.599414 0.0865891 0.788959
1464889001.0691397190 -6.49227 1.18793 0.156663 0.101267 0.570619 0.012097 0.814857
1464889001.2283623219 -6.68753 1.20697 0.182998 0.121784 0.506558 -0.0293165 0.853058
1464889001.3896954060 -6.8772 1.23117 0.195724 0.140399 0.459373 -0.0302901 0.876554
1464889001.5472326279 -7.06164 1.2611 0.205507 0.145612 0.428196 -0.0438069 0.890801
1464889001.7057347298 -7.24615 1.29098 0.216598 0.14288 0.400568 -0.04164 0.9041
1464889001.8653676510 -7.43351 1.31382 0.231337 0.136529 0.381163 -0.0467322 0.913176
1464889002.0241713524 -7.62636 1.33139 0.247551 0.160716 0.344619 -0.0633106 0.922713
1464889002.1862261295 -7.81821 1.34645 0.262778 0.181033 0.301027 -0.0292586 0.935817
1464889002.3425562382 -8.01224 1.37053 0.281295 0.169641 0.264839 -0.0274566 0.948856
1464889002.5016813278 -8.21089 1.39399 0.287378 0.188612 0.224331 -0.0282984 0.955668
1464889002.6608340740 -8.41532 1.41981 0.292877 0.196032 0.162096 -0.0214278 0.96687
1464889002.8199665546 -8.62148 1.44376 0.297608 0.19438 0.0990413 -0.0156925 0.975787
1464889002.9792432785 -8.81759 1.46825 0.297505 0.20844 0.0640329 -0.0214735 0.9757
1464889003.1414520741 -9.00864 1.49139 0.290623 0.234983 0.0322223 -0.00974693 0.971416
1464889003.2975616455 -9.20038 1.52151 0.282645 0.245244 0.0119494 -0.0157122 0.96926
1464889003.4566750526 -9.39585 1.55678 0.271977 0.248424 -0.0332705 -0.0110261 0.968017
1464889003.6157450676 -9.59217 1.59482 0.263973 0.252025 -0.0593746 -0.0208764 0.965672
1464889003.7778158188 -9.79169 1.6356 0.261865 0.246103 -0.0952382 -0.0216844 0.964309
1464889003.9341540337 -9.99345 1.67722 0.258839 0.229982 -0.140299 -0.00276574 0.963025
1464889004.0934138298 -10.2014 1.71984 0.253519 0.208274 -0.175754 -0.0053819 0.962135
1464889004.2525708675 -10.4101 1.76442 0.245068 0.20804 -0.21441 0.0065114 0.954309
1464889004.4124641418 -10.6273 1.81301 0.236449 0.184093 -0.258536 0.000232595 0.948298
1464889004.5737786293 -10.8431 1.86581 0.219879 0.181417 -0.314416 -0.0224734 0.931518
1464889004.7300605774 -11.0582 1.92132 0.205243 0.16705 -0.348473 -0.0360812 0.921607
1464889004.8893060684 -11.2712 1.97936 0.193526 0.139833 -0.398198 -0.0457266 0.905425
1464889005.0484714508 -11.4874 2.03563 0.183804 0.130064 -0.429255 -0.0639659 0.891477
1464889005.2076528072 -11.6976 2.08899 0.177984 0.0803309 -0.47319 -0.066809 0.874743
1464889005.3687808514 -11.9036 2.13092 0.170552 0.104602 -0.503028 -0.0598932 0.855824
1464889005.5266211033 -12.1125 2.16864 0.156345 0.112201 -0.518886 -0.0630304 0.845101
1464889005.6850869656 -12.3303 2.20781 0.146626 0.109155 -0.529218 -0.0728303 0.838278
1464889005.8443555832 -12.5476 2.25533 0.143962 0.097269 -0.534023 -0.0821192 0.835832
1464889006.0035045147 -12.7621 2.30168 0.145463 0.102457 -0.533748 -0.0817208 0.835426
1464889006.1626951694 -12.9781 2.34277 0.14036 0.10539 -0.524577 -0.0763807 0.841355
1464889006.3218047619 -13.1997 2.38656 0.128836 0.106503 -0.533126 -0.0728156 0.836141
1464889006.4810206890 -13.4281 2.43895 0.118249 0.113597 -0.521891 -0.0988729 0.839613
1464889006.6401367188 -13.6472 2.50485 0.113176 0.0657786 -0.536995 -0.0994437 0.835117
1464889006.7997245789 -13.8698 2.56089 0.103261 0.111465 -0.522987 -0.107284 0.838183
1464889006.9584541321 -14.0929 2.62131 0.084198 0.0883147 -0.567922 -0.0770737 0.814693
1464889007.1176919937 -14.3276 2.67672 0.0676911 0.113903 -0.567355 -0.0813089 0.811494
1464889007.2775681019 -14.561 2.73266 0.0541965 0.0734953 -0.580866 -0.0683968 0.807784
1464889007.4360656738 -14.7918 2.78554 0.047697 0.0736376 -0.562966 -0.0710823 0.820118
1464889007.5951545238 -15.0274 2.83721 0.0372558 0.0757678 -0.53938 -0.0870953 0.834112
1464889007.7542438507 -15.2648 2.89271 0.0305449 0.0862438 -0.5427 -0.0937639 0.830209
1464889007.9135639668 -15.5105 2.95089 0.0362115 0.0745894 -0.537905 -0.109846 0.832483
1464889008.0742740631 -15.7509 2.99358 0.0407054 0.0750121 -0.528048 -0.081757 0.841935
1464889008.2319355011 -15.9973 3.03568 0.0455847 0.0861551 -0.526206 -0.07971 0.842218
1464889008.3908934593 -16.2437 3.08147 0.0483652 0.0872791 -0.547278 -0.0734373 0.829142
1464889008.5503923893 -16.4941 3.12901 0.0545267 0.0912578 -0.564636 -0.100413 0.81411
1464889008.7093861103 -16.7425 3.17627 0.0615108 0.0948131 -0.572192 -0.131105 0.804002
1464889008.8684885502 -16.9859 3.23155 0.0571158 0.0646302 -0.590103 -0.174253 0.785644
1464889009.0277454853 -17.2279 3.2823 0.0423412 0.0704704 -0.620306 -0.188269 0.758162
1464889009.1868658066 -17.468 3.33425 0.0297111 0.0497435 -0.661151 -0.188835 0.724394
1464889009.3485391140 -17.7035 3.37809 0.0238217 0.0457382 -0.678403 -0.17171 0.712877
1464889009.5052356720 -17.9371 3.42185 0.0271987 0.0449812 -0.682497 -0.177998 0.707454
1464889009.6643888950 -18.166 3.46371 0.029342 0.0089207 -0.711243 -0.15424 0.685757
1464889009.8239588737 -18.3988 3.50681 0.0360602 0.0340914 -0.709445 -0.185261 0.67912
1464889009.9829165936 -18.6292 3.55306 0.0373153 0.0313422 -0.71712 -0.193702 0.668757
1464889010.1446926594 -18.8574 3.59818 0.035657 0.0282432 -0.727884 -0.198382 0.655768
1464889010.3011140823 -19.0798 3.64615 0.0332494 0.046313 -0.721379 -0.246614 0.645483
1464889010.4615104198 -19.3004 3.68971 0.029267 0.0293557 -0.743338 -0.17781 0.644182
1464889010.6194350719 -19.5169 3.73441 0.0273042 0.0319331 -0.73547 -0.244295 0.631177
1464889010.7810633183 -19.7356 3.77787 0.0212278 0.0242468 -0.746006 -0.228378 0.625084
1464889010.9377419949 -19.9525 3.82418 0.0159614 -0.00269279 -0.756103 -0.182341 0.628532
1464889011.0969476700 -20.1677 3.86914 0.00591381 -0.0160274 -0.773437 -0.173729 0.60939
1464889011.2561964989 -20.3782 3.91224 -0.000497182 0.0095026 -0.749987 -0.214595 0.625602
1464889011.4195878506 -20.5848 3.95261 -0.00977087 0.035871 -0.716438 -0.248384 0.650949
1464889011.5745151043 -20.7968 3.99969 -0.0288375 0.0546679 -0.68804 -0.270867 0.671002
1464889011.7366483212 -21.0136 4.06215 -0.0499585 0.0346867 -0.697825 -0.278876 0.658836
1464889011.8927738667 -21.2284 4.13241 -0.066989 0.00704662 -0.726535 -0.270324 0.631682
1464889012.0519735813 -21.4368 4.20612 -0.0849523 -0.0221237 -0.755387 -0.28105 0.591534
1464889012.2110731602 -21.6483 4.27623 -0.100038 -0.0462875 -0.771103 -0.276577 0.571632
1464889012.3703868389 -21.8585 4.33388 -0.106035 0.00309129 -0.803251 -0.285316 0.522851
1464889012.5316214561 -22.0714 4.39503 -0.108042 -0.0400703 -0.796041 -0.301072 0.523516
1464889012.6886794567 -22.2846 4.44545 -0.10376 -0.043259 -0.800006 -0.295743 0.520246
1464889012.8478572369 -22.501 4.49792 -0.097642 -0.0271695 -0.811644 -0.276199 0.514013
1464889013.0073850155 -22.7164 4.54996 -0.104393 0.0203588 -0.816257 -0.282467 0.503511
1464889013.1661410332 -22.9325 4.6043 -0.104868 -0.0408775 -0.812788 -0.273256 0.51287
1464889013.3267798424 -23.1486 4.64338 -0.0911747 -0.0491499 -0.780241 -0.287999 0.55305
1464889013.4845092297 -23.3749 4.68317 -0.0795499 -0.0490691 -0.789772 -0.239417 0.562611
1464889013.6437215805 -23.6011 4.73044 -0.0686225 -0.0471213 -0.781794 -0.24101 0.573141
1464889013.8027722836 -23.8254 4.77069 -0.0587621 0.00309553 -0.762708 -0.275581 0.585083
1464889013.9620006084 -24.0503 4.81379 -0.0570128 0.0046564 -0.781013 -0.253275 0.570832
1464889014.1212642193 -24.278 4.86489 -0.0536133 -0.00227933 -0.796262 -0.248718 0.551454
1464889014.2803077698 -24.504 4.91295 -0.0429451 -0.041408 -0.791679 -0.247638 0.556961
1464889014.4395239353 -24.7297 4.96001 -0.0304587 -0.00887775 -0.788118 -0.285735 0.545111
1464889014.5989093781 -24.9554 5.013 -0.0217255 -0.0301423 -0.798012 -0.277568 0.534064
1464889014.7580628395 -25.1846 5.06795 -0.0172749 -0.0229001 -0.802671 -0.279646 0.526301
1464889014.9193303585 -25.4125 5.11748 -0.0126718 -0.00461616 -0.801696 -0.286416 0.524623
1464889015.0762090683 -25.6448 5.1666 -0.00667125 0.00295037 -0.804993 -0.268992 0.528792
1464889015.2414138317 -25.8792 5.20702 -0.00374013 -0.012073 -0.805996 -0.247141 0.537724
1464889015.3959956169 -26.1192 5.25466 -0.0010158 -0.00518482 -0.797362 -0.250744 0.548921
1464889015.5539011955 -26.3587 5.30689 -0.00326654 0.0363974 -0.799972 -0.23512 0.550853
1464889015.7153909206 -26.6004 5.36913 -0.00539462 0.00385743 -0.80359 -0.223568 0.551585
1464889015.8721439838 -26.8423 5.42533 -0.0091684 0.0174917 -0.813 -0.241126 0.5297
1464889016.0314524174 -27.0877 5.48374 -0.0146583 -0.000887416 -0.808691 -0.245199 0.534692
1464889016.1909501553 -27.3336 5.54352 -0.0221901 -0.0268782 -0.810991 -0.253533 0.526586
1464889016.3526453972 -27.5727 5.5952 -0.0293057 0.00591036 -0.807544 -0.265933 0.526419
1464889016.5087792873 -27.8118 5.65031 -0.043338 -0.00302867 -0.815418 -0.253165 0.520568
1464889016.6678273678 -28.0525 5.71287 -0.0678597 -0.00954313 -0.827738 -0.256702 0.498862
1464889016.8270020485 -28.2903 5.76879 -0.0904908 0.00915989 -0.83317 -0.261673 0.487104
1464889016.9862251282 -28.5294 5.82504 -0.116357 0.00473812 -0.836726 -0.264931 0.479248
1464889017.1474888325 -28.7661 5.88199 -0.142855 -0.00642963 -0.833099 -0.289338 0.471368
1464889017.3070104122 -28.9959 5.93652 -0.175703 -0.00751686 -0.840518 -0.278616 0.464592
1464889017.4637601376 -29.223 5.99051 -0.204301 -0.0497433 -0.851348 -0.265807 0.449532
1464889017.6228430271 -29.453 6.04354 -0.231323 -0.0529674 -0.852804 -0.294816 0.427788
1464889017.7820885181 -29.6867 6.09537 -0.258036 -0.0100486 -0.859181 -0.285683 0.424373
1464889017.9411430359 -29.9302 6.15418 -0.284436 -0.0157941 -0.85953 -0.286354 0.423038
1464889018.1031508446 -30.1658 6.2143 -0.304103 -0.0160462 -0.853166 -0.308737 0.420156
1464889018.2596063614 -30.4067 6.27737 -0.327861 -0.0287812 -0.861611 -0.303209 0.406033
1464889018.4203257561 -30.649 6.33529 -0.351252 -0.0239925 -0.857278 -0.309368 0.41084
1464889018.5779590607 -30.8911 6.39567 -0.378621 -0.027813 -0.860957 -0.300228 0.409686
1464889018.7369670868 -31.129 6.46363 -0.40497 -0.00609977 -0.858621 -0.327337 0.394441
1464889018.8994677067 -31.3665 6.53429 -0.433126 -0.0425343 -0.866017 -0.311721 0.388633
1464889019.0555176735 -31.6036 6.5976 -0.460651 -0.0454572 -0.866299 -0.322864 0.378442
1464889019.2147839069 -31.8454 6.65853 -0.491927 -0.0315324 -0.871849 -0.316535 0.372412
1464889019.3738224506 -32.0905 6.72606 -0.52566 -0.041852 -0.877221 -0.312818 0.361768
1464889019.5330584049 -32.333 6.79695 -0.563735 -0.0190042 -0.875045 -0.326923 0.35645
1464889019.6922078133 -32.5742 6.87193 -0.605709 -0.0160994 -0.874738 -0.33711 0.347753
1464889019.8550674915 -32.8175 6.94095 -0.653831 -0.0328929 -0.882787 -0.325512 0.337116
1464889020.0105485916 -33.0611 7.00735 -0.701366 -0.0379892 -0.886556 -0.324503 0.327526
1464889020.1699821949 -33.3063 7.07164 -0.747413 -0.0299469 -0.89021 -0.319511 0.323329
1464889020.3288319111 -33.5539 7.14168 -0.789664 -0.0576339 -0.890777 -0.31548 0.321974
1464889020.4880094528 -33.8053 7.21091 -0.832258 -0.056747 -0.889273 -0.314412 0.32729
1464889020.6470422745 -34.0548 7.2748 -0.872758 -0.0425013 -0.89172 -0.312501 0.324609
1464889020.8064012527 -34.3007 7.33814 -0.913832 -0.037652 -0.897455 -0.308971 0.31256
1464889020.9684381485 -34.5454 7.40169 -0.947824 -0.035148 -0.898372 -0.311705 0.307461
1464889021.1247172356 -34.7873 7.46524 -0.983393 -0.0395074 -0.900541 -0.314046 0.29806
1464889021.2843658924 -35.027 7.52551 -1.01855 -0.031196 -0.90556 -0.311429 0.286355
1464889021.4430685043 -35.2645 7.58601 -1.05113 -0.0336518 -0.908611 -0.311943 0.275653
1464889021.6022212505 -35.4994 7.64416 -1.08442 -0.0366189 -0.913093 -0.307607 0.265139
1464889021.7613196373 -35.7327 7.70499 -1.11669 -0.0405653 -0.915688 -0.31031 0.252145
1464889021.9205408096 -35.9656 7.7651 -1.1465 -0.043315 -0.917696 -0.310273 0.244311
1464889022.0838158131 -36.2007 7.82372 -1.17403 -0.0589488 -0.91698 -0.308592 0.245852
1464889022.2388563156 -36.4388 7.88305 -1.19629 -0.0571294 -0.913127 -0.311483 0.256737
1464889022.3980360031 -36.6772 7.9396 -1.21592 -0.0555249 -0.908072 -0.31091 0.275057
1464889022.5573151112 -36.9145 7.99534 -1.23311 -0.0526924 -0.903719 -0.309819 0.290737
1464889022.7164449692 -37.1504 8.0522 -1.24602 -0.0488952 -0.898254 -0.311444 0.306188
1464889022.8790674210 -37.3828 8.11216 -1.25936 -0.0508157 -0.891236 -0.320126 0.317231
1464889023.0348684788 -37.6134 8.1663 -1.27172 -0.0460153 -0.885955 -0.323213 0.329394
1464889023.1940150261 -37.8432 8.21845 -1.28302 -0.0400679 -0.881683 -0.32332 0.341312
1464889023.3530962467 -38.0735 8.27112 -1.29569 -0.0402236 -0.876054 -0.323465 0.355362
1464889023.5123195648 -38.3063 8.31959 -1.30733 -0.0327054 -0.867774 -0.3227 0.376515
1464889023.6740877628 -38.5366 8.36605 -1.31823 -0.032319 -0.859452 -0.318632 0.398461
1464889023.8306751251 -38.7661 8.41381 -1.32939 -0.0405479 -0.8552 -0.30371 0.41803
1464889023.9897799492 -38.9924 8.46271 -1.33824 -0.0424241 -0.848827 -0.29855 0.434236
1464889024.1489777565 -39.2152 8.51426 -1.34792 -0.042812 -0.844254 -0.297738 0.443569
1464889024.3080065250 -39.4343 8.56421 -1.35754 -0.0363589 -0.842684 -0.29915 0.446174
1464889024.4703533649 -39.6493 8.61549 -1.36713 -0.0482609 -0.841964 -0.301181 0.445036
1464889024.6279187202 -39.8616 8.66375 -1.37281 -0.0351411 -0.841184 -0.302347 0.446945
1464889024.7856526375 -40.0695 8.71014 -1.37438 -0.0472934 -0.839345 -0.302387 0.44925
1464889024.9448556900 -40.2738 8.7513 -1.37172 -0.0418359 -0.83554 -0.30055 0.458031
1464889025.1040627956 -40.4736 8.79102 -1.36481 -0.038289 -0.82905 -0.304822 0.467219
1464889025.2654659748 -40.6666 8.82729 -1.3535 -0.0300637 -0.821859 -0.309228 0.477516
1464889025.4221804142 -40.8535 8.86234 -1.33761 -0.0413307 -0.817982 -0.304306 0.48641
1464889025.5815269947 -41.0346 8.89169 -1.31446 -0.0517452 -0.812295 -0.301723 0.49645
1464889025.7415027618 -41.2115 8.91242 -1.27808 -0.0483319 -0.800257 -0.298851 0.517631
1464889025.8998563290 -41.3816 8.92716 -1.23284 -0.0401258 -0.787965 -0.294207 0.539392
1464889026.0616023540 -41.5464 8.93898 -1.17757 -0.041955 -0.770512 -0.286391 0.567918
1464889026.2191996574 -41.7022 8.94189 -1.10662 -0.0382369 -0.742055 -0.279952 0.607881
1464889026.3773496151 -41.8459 8.9359 -1.02187 -0.0310529 -0.705121 -0.274164 0.653203
1464889026.5365149975 -41.9794 8.92866 -0.93189 -0.0278939 -0.672993 -0.268856 0.68849
1464889026.6992621422 -42.1017 8.91778 -0.841009 -0.0133699 -0.654606 -0.269878 0.70603
1464889026.8574242592 -42.2135 8.89928 -0.744633 0.0203654 -0.633498 -0.27936 0.721265
1464889027.0139656067 -42.3149 8.88527 -0.642452 -0.0015759 -0.607372 -0.298911 0.736036
1464889027.1732130051 -42.4062 8.85977 -0.541124 0.0248257 -0.592641 -0.284705 0.753062
1464889027.3325407505 -42.4842 8.83444 -0.440711 0.0227947 -0.567699 -0.308529 0.762894
1464889027.4960954189 -42.5573 8.80135 -0.338634 0.0359742 -0.560818 -0.279262 0.77859
1464889027.6533031464 -42.6246 8.78115 -0.233124 -0.00173513 -0.552708 -0.295832 0.779098
1464889027.8098127842 -42.6905 8.74644 -0.127159 -0.00408782 -0.550708 -0.278897 0.786715
1464889027.9707343578 -42.7538 8.71132 -0.0146482 0.00217573 -0.53664 -0.300046 0.78866
1464889028.1280565262 -42.8125 8.68613 0.10461 -0.0220564 -0.536681 -0.297962 0.789117
1464889028.2874372005 -42.866 8.65663 0.219982 -0.0395923 -0.530228 -0.295652 0.79365
1464889028.4468264580 -42.9183 8.61979 0.324603 -0.0324737 -0.519467 -0.338752 0.783803
1464889028.6057074070 -42.9724 8.58038 0.428961 -0.0308687 -0.523839 -0.343003 0.779095
1464889028.7649071217 -43.031 8.54649 0.540093 -0.0573744 -0.542158 -0.317993 0.775663
1464889028.9240076542 -43.0927 8.50982 0.651562 -0.0532057 -0.543629 -0.336275 0.767174
1464889029.0833096504 -43.1568 8.47134 0.759463 -0.0151869 -0.542434 -0.369756 0.754198
1464889029.2424781322 -43.2242 8.4416 0.869467 -0.0240529 -0.54858 -0.377751 0.74551
1464889029.4016511440 -43.2952 8.41079 0.976218 -0.0322707 -0.563386 -0.361418 0.742248
1464889029.5606977940 -43.3689 8.37308 1.0849 -0.0312391 -0.560881 -0.355289 0.747132
1464889029.7199363708 -43.4497 8.32758 1.19189 -0.00729685 -0.561434 -0.345434 0.75194
1464889029.8790142536 -43.5384 8.28053 1.30441 0.0136315 -0.565674 -0.304545 0.766211
1464889030.0454347134 -43.6225 8.23634 1.41693 0.039707 -0.54285 -0.305765 0.781182
1464889030.1974687576 -43.7053 8.19642 1.53021 0.0440761 -0.529796 -0.31297 0.787034
1464889030.3565971851 -43.787 8.16277 1.64092 0.0499674 -0.526529 -0.305884 0.791648
1464889030.5157685280 -43.8657 8.13338 1.75141 0.0244341 -0.518027 -0.317155 0.794017
1464889030.6750092506 -43.9425 8.09313 1.85299 0.0466319 -0.513785 -0.307675 0.799491
1464889030.8341119289 -44.0206 8.05244 1.94877 0.0546142 -0.520637 -0.290738 0.80089
1464889030.9932720661 -44.1024 8.01816 2.05251 0.0360506 -0.517441 -0.288111 0.804952
1464889031.1523194313 -44.1857 7.9753 2.15911 0.050384 -0.507312 -0.26823 0.817404
1464889031.3115937710 -44.2584 7.93269 2.2665 0.072691 -0.484085 -0.272848 0.82821
1464889031.4714226723 -44.3307 7.90288 2.38164 0.0722457 -0.4556 -0.280833 0.84163
1464889031.6322538853 -44.4067 7.87011 2.49913 0.0399601 -0.458124 -0.247174 0.852895
1464889031.7894396782 -44.4807 7.81572 2.61179 0.0825434 -0.437985 -0.229363 0.865302
1464889031.9540293217 -44.5432 7.76976 2.73169 0.0868093 -0.404629 -0.236162 0.879185
1464889032.1074802876 -44.6015 7.73018 2.85993 0.119712 -0.382374 -0.176351 0.899088
1464889032.2665457726 -44.6632 7.68745 2.99335 0.0924005 -0.330009 -0.193126 0.919379
1464889032.4279530048 -44.7251 7.64166 3.13401 0.105802 -0.295319 -0.165226 0.935036
1464889032.5869567394 -44.7885 7.59893 3.28375 0.100118 -0.256685 -0.167168 0.946649
1464889032.7445590496 -44.8425 7.554 3.43292 0.0860734 -0.217698 -0.16162 0.958686
1464889032.9033644199 -44.8966 7.49892 3.58449 0.0984356 -0.176332 -0.150659 0.967739
1464889033.0624678135 -44.9561 7.44106 3.73775 0.1167 -0.150473 -0.143808 0.971112
1464889033.2237594128 -45.0203 7.38746 3.89725 0.117581 -0.137972 -0.135411 0.974065
1464889033.3808581829 -45.0798 7.32775 4.06192 0.121705 -0.120743 -0.121801 0.977637
1464889033.5400726795 -45.1338 7.26353 4.23013 0.137831 -0.10871 -0.0966025 0.979721
1464889033.6995115280 -45.1802 7.19688 4.40113 0.147713 -0.102388 -0.0775724 0.980653
1464889033.8584601879 -45.2191 7.12675 4.57903 0.152584 -0.0824961 -0.0667471 0.982577
1464889034.0199913979 -45.2528 7.05653 4.76131 0.156834 -0.0614863 -0.0649304 0.983568
1464889034.1771886349 -45.2811 6.98565 4.94625 0.141921 -0.0428723 -0.0666084 0.986703
1464889034.3359501362 -45.3018 6.91352 5.13174 0.141884 -0.0298613 -0.0724164 0.986779
1464889034.4950721264 -45.3127 6.83635 5.31865 0.137052 -0.00649676 -0.0888722 0.986548
1464889034.6542141438 -45.3255 6.75614 5.50902 0.138989 0.00573148 -0.0738978 0.987516
1464889034.8161635399 -45.3391 6.67659 5.69638 0.121658 0.0354102 -0.090457 0.987807
1464889034.9724428654 -45.3546 6.59498 5.89069 0.111121 0.0328033 -0.0859072 0.989543
1464889035.1317825317 -45.3623 6.51134 6.08423 0.11927 0.0437203 -0.0951258 0.987327
1464889035.2914912701 -45.3692 6.42355 6.28 0.127196 0.0531264 -0.0943 0.985955
1464889035.4500818253 -45.3813 6.33307 6.47803 0.137275 0.0563732 -0.0916682 0.98467
1464889035.6114339828 -45.396 6.23938 6.6772 0.147119 0.0395298 -0.082297 0.984896
1464889035.7684602737 -45.4032 6.148 6.87703 0.141941 -0.00711952 0.00732755 0.989822
1464889035.9276342392 -45.3975 6.05278 7.07379 0.11188 0.0225373 -0.0127063 0.993385
1464889036.0868530273 -45.3885 5.94857 7.27165 0.143112 0.0824574 -0.0166833 0.986124
1464889036.2459220886 -45.3899 5.84443 7.46599 0.176349 0.0972941 -0.0212369 0.979277
1464889036.4073269367 -45.3939 5.74414 7.66 0.169778 0.0839086 -0.00577074 0.981887
1464889036.5643334389 -45.3902 5.64879 7.85698 0.118926 0.0712431 0.00361841 0.990337
1464889036.7234678268 -45.3848 5.55139 8.05814 0.062515 0.041877 0.03047 0.996699
1464889036.8855693340 -45.3872 5.4504 8.25303 0.084732 0.037934 0.0341629 0.995095
1464889037.0436494350 -45.3855 5.34735 8.44963 0.109273 0.0352364 0.0437691 0.992422
1464889037.2028422356 -45.3707 5.25238 8.64493 0.103094 0.016335 0.0737866 0.991797
1464889037.3602218628 -45.3389 5.15791 8.84657 0.10462 0.030067 0.105995 0.98839
1464889037.5192873478 -45.3092 5.06755 9.04983 0.124631 0.0669284 0.140955 0.979857
1464889037.6784663200 -45.2844 4.98107 9.25863 0.153969 0.109278 0.144946 0.971258
1464889037.8376667500 -45.2667 4.90508 9.46475 0.190964 0.129321 0.125182 0.964955
1464889038.0414075851 -45.2585 4.82808 9.73223 0.158055 0.151472 0.139331 0.965744
1464889038.1982588768 -45.2635 4.76029 9.94661 0.118744 0.19973 0.123262 0.964787
1464889038.3548936844 -45.2802 4.67986 10.168 0.124787 0.209337 0.116906 0.962777
1464889038.5146489143 -45.2972 4.58726 10.3964 0.142804 0.221611 0.078166 0.96145
1464889038.6740911007 -45.316 4.49496 10.6243 0.149971 0.21471 0.0865895 0.961203
1464889038.8325381279 -45.3374 4.40045 10.8536 0.151846 0.245704 0.0479856 0.956175
1464889038.9916789532 -45.3614 4.30011 11.0826 0.157618 0.253699 0.028508 0.953929
1464889039.1513118744 -45.3775 4.19758 11.3145 0.176841 0.277466 0.0177617 0.944153
1464889039.3098065853 -45.3887 4.09485 11.5507 0.223113 0.28881 0.0523491 0.929553
1464889039.4691951275 -45.4104 3.99714 11.788 0.200251 0.326949 0.069626 0.920954
1464889039.6288595200 -45.4473 3.90708 12.0273 0.218642 0.339829 0.110645 0.908003
1464889039.7875397205 -45.4909 3.82479 12.2634 0.222012 0.273474 0.121027 0.928049
1464889039.9467773438 -45.5177 3.73638 12.4895 0.243629 0.253989 0.112598 0.929223
1464889040.1070227623 -45.5256 3.64538 12.7136 0.235389 0.291499 0.0953327 0.922243
1464889040.2650187016 -45.538 3.55661 12.9412 0.228019 0.313097 0.0836484 0.91814
1464889040.4245159626 -45.5596 3.46825 13.1727 0.231813 0.280863 0.127043 0.922626
1464889040.5859959126 -45.5796 3.37735 13.4002 0.222274 0.295486 0.11977 0.921378
1464889040.7426066399 -45.5999 3.28477 13.6258 0.234258 0.338791 0.098801 0.90586
1464889040.9021847248 -45.6217 3.19409 13.8544 0.22426 0.365923 0.0870227 0.899019
1464889041.0609345436 -45.6468 3.10481 14.085 0.221644 0.387691 0.0697409 0.892023
1464889041.2199409008 -45.6715 3.01783 14.3186 0.201874 0.384519 0.0704562 0.898013
1464889041.3820121288 -45.6986 2.927 14.5499 0.226815 0.387349 0.0600786 0.891575
1464889041.5392711163 -45.7273 2.83844 14.7805 0.273183 0.38273 0.0759037 0.879277
1464889041.6979539394 -45.7532 2.75429 15.0137 0.285533 0.387714 0.0653241 0.874003
1464889041.8567254543 -45.7771 2.67092 15.2502 0.290316 0.374785 0.066852 0.877943
1464889042.0160079002 -45.8009 2.58516 15.4826 0.281411 0.378769 0.0663694 0.879168
1464889042.1776363850 -45.8271 2.49101 15.7109 0.283447 0.379442 0.0608848 0.878621
1464889042.3342490196 -45.8573 2.39639 15.9408 0.281691 0.373994 0.0449802 0.882471
1464889042.4934670925 -45.8838 2.30805 16.1725 0.286516 0.361559 0.0691848 0.884532
1464889042.6525845528 -45.9049 2.22723 16.4053 0.258205 0.3671 0.0769014 0.890311
1464889042.8117656708 -45.9282 2.13968 16.6343 0.212636 0.383346 0.0671453 0.896283
1464889042.9736797810 -45.9573 2.0488 16.857 0.222303 0.378895 0.0673157 0.895817
1464889043.1301529408 -45.986 1.96157 17.0837 0.234689 0.359903 0.0778509 0.899628
1464889043.2892413139 -46.0231 1.87071 17.311 0.236702 0.330026 0.0724233 0.910939
1464889043.4482996464 -46.0614 1.77943 17.5349 0.241529 0.308851 0.0624449 0.91781
1464889043.6075854301 -46.0954 1.6899 17.754 0.243764 0.326071 0.0410489 0.912454
1464889043.7670910358 -46.1296 1.60531 17.9763 0.2384 0.334202 0.0723571 0.908977
1464889043.9258890152 -46.1615 1.51115 18.1929 0.234789 0.336825 0.0413254 0.910887
1464889044.0852775574 -46.1936 1.4227 18.4077 0.218187 0.338189 0.0509426 0.914017
1464889044.2445480824 -46.2246 1.33503 18.6208 0.205852 0.342308 0.0523864 0.915263
1464889044.4034645557 -46.252 1.25252 18.837 0.206381 0.331975 0.0646473 0.918161
1464889044.5663201809 -46.274 1.1687 19.0489 0.186471 0.338774 0.0706221 0.919496
1464889044.7224769592 -46.3025 1.08099 19.2606 0.207034 0.327784 0.0786827 0.918425
1464889044.8809258938 -46.3311 0.992851 19.4761 0.208279 0.322383 0.0753411 0.920333
1464889045.0401895046 -46.3609 0.903948 19.6881 0.210464 0.318771 0.0657967 0.921825
1464889045.1993012428 -46.388 0.819289 19.8988 0.210969 0.325613 0.0789019 0.918282
1464889045.3608918190 -46.4167 0.736492 20.1133 0.199067 0.316855 0.0778546 0.924075
1464889045.5176961422 -46.4501 0.647745 20.3266 0.203244 0.310155 0.0713082 0.925965
1464889045.6767501831 -46.4807 0.560031 20.5407 0.206494 0.302325 0.0763731 0.92743
1464889045.8359601498 -46.5093 0.470902 20.7554 0.195734 0.304296 0.0785485 0.928936
1464889045.9951303005 -46.5369 0.375919 20.9718 0.21008 0.296037 0.102693 0.926112
1464889046.1565196514 -46.5665 0.280738 21.1929 0.221837 0.282277 0.0898714 0.928995
1464889046.3134701252 -46.5931 0.195781 21.4165 0.18267 0.290901 0.0808133 0.93567
1464889046.4724972248 -46.6236 0.105697 21.6392 0.169324 0.291424 0.0748281 0.938511
1464889046.6318976879 -46.6573 0.0108643 21.8617 0.180853 0.283269 0.0582317 0.940032
1464889046.7935225964 -46.6907 -0.081852 22.0836 0.176727 0.29158 0.0371919 0.939343
1464889046.9503397942 -46.7194 -0.172545 22.3045 0.189513 0.293083 0.0280683 0.936696
1464889047.1094410419 -46.7415 -0.260266 22.5218 0.181629 0.302177 0.0258626 0.935431
1464889047.2684805393 -46.7627 -0.349953 22.7409 0.164502 0.298078 0.0710723 0.93757
1464889047.4277322292 -46.782 -0.438694 22.9604 0.152548 0.305852 0.0851124 0.935916
1464889047.5869581699 -46.793 -0.529315 23.1752 0.148671 0.347235 0.0967394 0.920851
1464889047.7475492954 -46.7989 -0.613401 23.3887 0.138101 0.388934 0.139651 0.900086
1464889047.9052867889 -46.8062 -0.694397 23.6044 0.121249 0.436445 0.16014 0.877023
1464889048.0644276142 -46.8154 -0.784403 23.8086 0.14386 0.487475 0.189921 0.840002
1464889048.2234878540 -46.8333 -0.878584 24.0183 0.161107 0.517167 0.179129 0.821277
1464889048.3826935291 -46.8473 -0.969781 24.2336 0.157051 0.542228 0.170133 0.807699
1464889048.5446176529 -46.8628 -1.05822 24.4535 0.145406 0.537927 0.170507 0.812662
1464889048.7023899555 -46.8716 -1.14851 24.6656 0.129836 0.546074 0.17889 0.80805
1464889048.8609457016 -46.876 -1.2394 24.8742 0.132634 0.539217 0.185691 0.810661
1464889049.0224263668 -46.8726 -1.32706 25.0801 0.129141 0.538346 0.198522 0.808762
1464889049.1784915924 -46.8603 -1.41669 25.2768 0.137807 0.546189 0.200284 0.801607
1464889049.3403625488 -46.8396 -1.51439 25.4655 0.171845 0.549449 0.192313 0.794727
1464889049.4970290661 -46.8098 -1.61623 25.6453 0.202402 0.550299 0.180184 0.789771
1464889049.6561052799 -46.7677 -1.70987 25.8191 0.219667 0.554847 0.175113 0.783088
1464889049.8171577454 -46.7108 -1.79354 25.9857 0.21876 0.575174 0.1839 0.766485
1464889049.9744365215 -46.6436 -1.87641 26.1415 0.217828 0.595917 0.20129 0.746268
1464889050.1335973740 -46.5703 -1.96463 26.2911 0.222737 0.606763 0.207209 0.734364
1464889050.2926957607 -46.4924 -2.05322 26.4373 0.236505 0.619614 0.19974 0.721282
1464889050.4519879818 -46.4053 -2.13813 26.5807 0.236535 0.630098 0.195656 0.713264
1464889050.6110684872 -46.3148 -2.22015 26.7184 0.245287 0.64288 0.184827 0.701697
1464889050.7702553272 -46.2188 -2.29979 26.8528 0.246968 0.652074 0.171751 0.695922
1464889050.9343047142 -46.1188 -2.37336 26.9835 0.252971 0.658495 0.15238 0.692222
1464889051.0887284279 -46.0079 -2.43834 27.111 0.245912 0.668644 0.155464 0.684305
1464889051.2485795021 -45.8876 -2.51088 27.2304 0.24932 0.669631 0.163832 0.680141
1464889051.4097826481 -45.7606 -2.59171 27.3467 0.2606 0.659954 0.153818 0.687669
1464889051.5661416054 -45.63 -2.67133 27.4506 0.272284 0.655547 0.15309 0.687519
1464889051.7252659798 -45.49 -2.74349 27.5493 0.267854 0.6757 0.140274 0.672314
1464889051.8850550652 -45.3394 -2.81293 27.6455 0.274028 0.683864 0.133109 0.662963
1464889052.0436217785 -45.1863 -2.88263 27.7308 0.277069 0.694165 0.125647 0.652366
1464889052.2027730942 -45.0233 -2.94763 27.8078 0.253769 0.714441 0.119295 0.641049
1464889052.3619830608 -44.8438 -3.00779 27.8843 0.237027 0.71356 0.129735 0.646389
1464889052.5214576721 -44.6568 -3.07099 27.9455 0.233007 0.725819 0.137591 0.632426
1464889052.6804904938 -44.4657 -3.13218 27.9904 0.233414 0.756253 0.13471 0.596198
1464889052.8402028084 -44.2636 -3.18658 28.0306 0.217387 0.77316 0.128306 0.581811
1464889052.9988353252 -44.0538 -3.24066 28.0665 0.212285 0.756912 0.155889 0.598095
1464889053.1579570770 -43.8449 -3.29915 28.0905 0.204853 0.760578 0.137926 0.600444
1464889053.3190879822 -43.6348 -3.35969 28.1108 0.242521 0.740076 0.148137 0.609529
1464889053.4779341221 -43.4102 -3.41189 28.1254 0.188399 0.769724 0.134776 0.594867
1464889053.6360645294 -43.1785 -3.4638 28.1421 0.173888 0.768541 0.148044 0.597655
1464889053.7945992947 -42.9491 -3.52172 28.1611 0.193915 0.757044 0.149968 0.605632
1464889053.9537529945 -42.7177 -3.57486 28.1777 0.21233 0.767066 0.104824 0.59627
1464889054.1129279137 -42.4757 -3.62245 28.2015 0.221034 0.750866 0.135977 0.607334
1464889054.2719719410 -42.2383 -3.67681 28.228 0.254722 0.737433 0.143867 0.608779
1464889054.4310855865 -42.0004 -3.73957 28.2514 0.255835 0.740897 0.118406 0.60959
1464889054.5904171467 -41.754 -3.80376 28.2767 0.24934 0.756749 0.0916932 0.597288
1464889054.7495663166 -41.5055 -3.86519 28.3077 0.240154 0.771257 0.0812518 0.583855
1464889054.9116621017 -41.2599 -3.93217 28.3401 0.257424 0.763699 0.0869686 0.585605
1464889055.0679609776 -41.0092 -3.99237 28.3777 0.255991 0.764183 0.0991538 0.583663
1464889055.2273716927 -40.7546 -4.05408 28.4193 0.227174 0.78181 0.0874696 0.574033
1464889055.3862521648 -40.5068 -4.1246 28.4678 0.252596 0.772669 0.0804313 0.576809
1464889055.5457894802 -40.247 -4.19049 28.5147 0.240383 0.775973 0.0786716 0.577834
1464889055.7073647976 -39.9819 -4.25781 28.557 0.252315 0.771683 0.0910314 0.576677
1464889055.8638036251 -39.7147 -4.32421 28.5948 0.258006 0.763238 0.116773 0.580746
1464889056.0255668163 -39.4491 -4.38499 28.6285 0.252561 0.770229 0.127003 0.571691
1464889056.1821308136 -39.1789 -4.44664 28.6682 0.250679 0.759603 0.139031 0.583809
1464889056.3411564827 -38.9029 -4.51352 28.7037 0.268339 0.742899 0.182189 0.585579
1464889056.5025973320 -38.627 -4.58485 28.7335 0.248578 0.742523 0.184571 0.593972
1464889056.6608784199 -38.3451 -4.65124 28.7586 0.229554 0.750268 0.173423 0.595254
1464889056.8190395832 -38.0631 -4.71408 28.7821 0.234089 0.761888 0.157092 0.583139
1464889056.9779787064 -37.7776 -4.77285 28.8002 0.232284 0.770715 0.144966 0.575351
1464889057.1373322010 -37.494 -4.83756 28.8155 0.23 0.774187 0.126959 0.575861
1464889057.3016176224 -37.2148 -4.90325 28.8228 0.227731 0.779545 0.130324 0.568739
1464889057.4567434788 -36.9285 -4.96586 28.8288 0.215761 0.792904 0.093292 0.562181
1464889057.6146550179 -36.634 -5.02789 28.8306 0.223063 0.79207 0.076969 0.562977
1464889057.7738387585 -36.3379 -5.09569 28.8268 0.234896 0.785552 0.0653085 0.568742
1464889057.9330472946 -36.0398 -5.16695 28.834 0.245728 0.755784 0.0490641 0.60498
1464889058.0948369503 -35.7422 -5.23769 28.8471 0.237319 0.739432 0.0267167 0.629449
1464889058.2513699532 -35.4469 -5.29836 28.8692 0.240519 0.716719 0.0253038 0.654083
1464889058.4104633331 -35.1481 -5.36415 28.8797 0.246239 0.715446 0.0126741 0.653714
1464889058.5734150410 -34.8495 -5.43507 28.8811 0.253745 0.706683 0.00682375 0.660429
1464889058.7289400101 -34.5535 -5.50552 28.8926 0.260812 0.700758 -0.00835896 0.663962
1464889058.8906531334 -34.2599 -5.57052 28.9075 0.273195 0.681916 -0.00928413 0.678431
1464889059.0472493172 -33.9626 -5.62378 28.926 0.261519 0.683289 0.0110266 0.681617
1464889059.2063665390 -33.6717 -5.68665 28.9344 0.262625 0.672788 0.0155647 0.691478
1464889059.3653681278 -33.3896 -5.74692 28.9393 0.285483 0.675155 0.0160459 0.680006
1464889059.5246472359 -33.1024 -5.80229 28.9411 0.250474 0.691843 0.0010941 0.677211
1464889059.6874051094 -32.8129 -5.84527 28.9407 0.26297 0.683798 0.0647222 0.677553
1464889059.8429617882 -32.5349 -5.90037 28.9346 0.261047 0.707306 0.0440728 0.655462
1464889060.0420367718 -32.1805 -5.96756 28.9323 0.244967 0.731808 0.0502932 0.63397
1464889060.2012610435 -31.8865 -6.01825 28.9239 0.238618 0.748435 0.054452 0.616394
1464889060.3603336811 -31.598 -6.07635 28.9105 0.259163 0.752663 0.0491811 0.603253
1464889060.5195519924 -31.3138 -6.13105 28.8963 0.264246 0.767858 0.0559367 0.580895
1464889060.6790249348 -31.0224 -6.17738 28.8769 0.259696 0.800074 0.0638115 0.536999
1464889060.8378760815 -30.7385 -6.22136 28.8472 0.242126 0.848975 0.0970405 0.459565
1464889060.9970374107 -30.458 -6.2625 28.8197 0.1925 0.896939 0.124842 0.377967
1464889061.1572029591 -30.1674 -6.31604 28.8144 0.170539 0.911306 0.116741 0.356103
1464889061.3154418468 -29.8612 -6.38008 28.8217 0.196216 0.892937 0.107878 0.390545
1464889061.4744684696 -29.5484 -6.45631 28.8357 0.219864 0.860781 0.0741205 0.453014
1464889061.6338007450 -29.2293 -6.54045 28.8547 0.233185 0.820234 0.0674339 0.51797
1464889061.7958121300 -28.9163 -6.63638 28.8819 0.241306 0.766698 0.0417448 0.593466
1464889061.9520375729 -28.5954 -6.71409 28.9098 0.237462 0.738746 0.00657577 0.630731
1464889062.1112840176 -28.2839 -6.78498 28.9264 0.24696 0.709247 0.00632402 0.660257
1464889062.2703504562 -27.9736 -6.85258 28.943 0.25534 0.674185 0.00681233 0.692986
1464889062.4295220375 -27.6557 -6.91547 28.9607 0.261878 0.650703 0.00892575 0.71269
1464889062.5889575481 -27.3396 -6.97704 28.9752 0.248536 0.641806 0.0167217 0.725283
1464889062.7479135990 -27.0158 -7.0362 28.9844 0.253819 0.631866 0.0277519 0.731813
1464889062.9469261169 -26.6136 -7.11432 28.9918 0.253239 0.630157 0.0369705 0.733079
1464889063.1059737206 -26.2883 -7.16564 28.9941 0.246785 0.631777 0.0660357 0.731843
1464889063.2680418491 -25.9665 -7.2216 28.9946 0.23715 0.641513 0.0780176 0.725351
1464889063.4243993759 -25.6449 -7.2815 29.0002 0.232021 0.643451 0.0942817 0.723359
1464889063.5835695267 -25.3148 -7.34584 29.005 0.223541 0.646884 0.0937109 0.723042
1464889063.7426958084 -24.9861 -7.40658 29.0014 0.226678 0.649528 0.103544 0.718338
1464889063.9038503170 -24.6587 -7.46324 28.9902 0.231309 0.665589 0.110883 0.700852
1464889064.0624740124 -24.3323 -7.52058 28.9813 0.238741 0.686858 0.129863 0.674065
1464889064.2201478481 -24.0128 -7.5826 28.9706 0.221463 0.723246 0.121721 0.642692
1464889064.3794085979 -23.6863 -7.6456 28.9569 0.232518 0.734017 0.128962 0.624919
1464889064.5386292934 -23.3615 -7.7081 28.943 0.250931 0.755486 0.1088 0.595347
1464889064.6993358135 -23.0356 -7.77091 28.9336 0.24134 0.77201 0.118702 0.575904
1464889064.8595128059 -22.7118 -7.84162 28.9269 0.233968 0.785037 0.108252 0.563256
1464889065.0159502029 -22.3832 -7.91402 28.9264 0.232028 0.792682 0.101984 0.554452
1464889065.1752557755 -22.0444 -7.98201 28.9267 0.227002 0.798475 0.0885747 0.550511
1464889065.3343567848 -21.7114 -8.04867 28.9319 0.226725 0.794358 0.102048 0.554236
1464889065.4936230183 -21.374 -8.11108 28.9312 0.224237 0.80073 0.106657 0.545136
1464889065.6552689075 -21.0405 -8.18372 28.9367 0.229011 0.806838 0.0930327 0.536574
1464889065.8118398190 -20.7001 -8.25131 28.9429 0.232914 0.803215 0.110611 0.536994
1464889065.9710094929 -20.3583 -8.32506 28.9506 0.20947 0.813089 0.0949249 0.534788
1464889066.1303222179 -20.0219 -8.4031 28.9595 0.208861 0.812909 0.0715461 0.538922
1464889066.2894017696 -19.681 -8.48104 28.9757 0.234543 0.79695 0.0706636 0.552148
1464889066.4508609772 -19.3381 -8.55967 28.988 0.25218 0.77961 0.0467625 0.571338
1464889066.6078314781 -18.9868 -8.63599 29.0074 0.227793 0.77775 0.0274327 0.585203
1464889066.7670581341 -18.6288 -8.71896 29.0212 0.235582 0.73926 0.0338721 0.629959
1464889066.9261181355 -18.2728 -8.81465 29.0412 0.248834 0.709757 0.0271055 0.658476
1464889067.1250295639 -17.8304 -8.93191 29.0596 0.268978 0.687138 0.0292263 0.674269
1464889067.2843103409 -17.4861 -9.03562 29.0762 0.267326 0.671706 0.00925805 0.690841
1464889067.4832339287 -17.0671 -9.1644 29.0883 0.287009 0.64951 0.000659211 0.704103
1464889067.7221517563 -16.562 -9.30959 29.1031 0.258754 0.673829 -0.00717224 0.692062
1464889068.0006287098 -15.9549 -9.44642 29.0991 0.259465 0.657614 0.013685 0.707132
1464889068.2002503872 -15.5162 -9.53671 29.139 0.263488 0.628567 0.00718866 0.731728
1464889068.3985409737 -15.0832 -9.61388 29.1491 0.270301 0.592374 0.00867721 0.758917
1464889068.6372807026 -14.572 -9.71977 29.1651 0.251566 0.609306 0.00713433 0.751938
1464889068.9158608913 -13.9508 -9.82887 29.1307 0.264299 0.609269 0.0133265 0.747502
1464889069.1944506168 -13.3255 -9.93395 29.1325 0.276101 0.615961 0.0124648 0.737703
1464889069.3933091164 -12.8884 -10.0152 29.1118 0.284061 0.618829 0.0147457 0.732218
1464889069.5523259640 -12.5351 -10.0819 29.1059 0.259413 0.647446 0.020676 0.716304
1464889069.7116672993 -12.187 -10.1533 29.0885 0.2661 0.681862 -0.00554968 0.68134
1464889069.8712449074 -11.8392 -10.2208 29.0771 0.283113 0.683199 -0.0115237 0.673018
1464889070.0697963238 -11.3908 -10.2935 29.069 0.273061 0.689319 0.00739287 0.670986
1464889070.2315468788 -11.0323 -10.3515 29.0697 0.256708 0.687219 0.0286386 0.678978
1464889070.3881115913 -10.6747 -10.4152 29.074 0.241928 0.69488 0.0355673 0.676275
1464889070.5471873283 -10.3133 -10.4687 29.058 0.228454 0.70848 0.0628269 0.664768
1464889070.7065372467 -9.96718 -10.5387 29.0454 0.264781 0.716971 0.00469197 0.644842
1464889070.8656063080 -9.61397 -10.6053 29.0592 0.258806 0.714642 0.0161708 0.64965
1464889071.0248079300 -9.25677 -10.6731 29.064 0.232543 0.719581 0.0084125 0.65426
1464889071.1839690208 -8.8927 -10.7408 29.0779 0.212203 0.705313 0.000251863 0.67639
1464889071.3828334808 -8.44028 -10.8274 29.0836 0.22365 0.698834 0.0185387 0.679167
1464889071.5818409920 -7.98967 -10.9139 29.0844 0.210384 0.71237 0.0305635 0.66883
1464889071.7817111015 -7.53837 -11.0038 29.095 0.203064 0.716911 0.0324466 0.666147
1464889071.9399735928 -7.17595 -11.077 29.0974 0.202281 0.710067 0.0372311 0.673425
1464889072.0995025635 -6.81164 -11.143 29.0994 0.211991 0.709828 0.0343284 0.670839
1464889072.2583515644 -6.45238 -11.2154 29.1011 0.215085 0.710962 0.0529979 0.66743
1464889072.4175245762 -6.0902 -11.2838 29.1049 0.205319 0.724722 0.0572966 0.65524
1464889072.5767331123 -5.72675 -11.3625 29.1062 0.20273 0.73782 0.0464508 0.642156
1464889072.7359440327 -5.35839 -11.4273 29.1107 0.18936 0.736758 0.057715 0.646529
1464889072.8953900337 -4.99758 -11.4957 29.108 0.185036 0.763627 0.0689814 0.614717
1464889073.0542864799 -4.63841 -11.5659 29.1143 0.184035 0.777157 0.082628 0.596096
1464889073.2154746056 -4.27611 -11.6563 29.1315 0.181567 0.770083 0.0452355 0.609885
1464889073.3729050159 -3.89986 -11.7575 29.1526 0.201286 0.72199 0.0127236 0.661856
1464889073.5316989422 -3.52979 -11.8604 29.1657 0.201911 0.699892 0.00837015 0.685065
1464889073.6909632683 -3.15761 -11.9561 29.1794 0.239079 0.665664 0.014049 0.706778
1464889073.8904905319 -2.69467 -12.0634 29.2067 0.237668 0.650014 0.0283369 0.721243
1464889074.0890102386 -2.23738 -12.1694 29.2291 0.22959 0.627598 0.0360387 0.743041
1464889074.2480261326 -1.87636 -12.2461 29.2559 0.220916 0.602861 0.0578995 0.764463
1464889074.4097368717 -1.51984 -12.3142 29.2887 0.217348 0.578936 0.0766562 0.782123
1464889074.5663824081 -1.16409 -12.3766 29.3103 0.182262 0.577299 0.0759681 0.792297
1464889074.7255232334 -0.812655 -12.4331 29.3233 0.179923 0.569291 0.107155 0.795018
1464889074.8848967552 -0.468816 -12.4843 29.3354 0.177529 0.57548 0.125001 0.788468
1464889075.0438358784 -0.133194 -12.5429 29.3368 0.184064 0.57864 0.147112 0.780803
1464889075.2056372166 0.194274 -12.6038 29.3367 0.202926 0.565651 0.165617 0.78194
1464889075.3622000217 0.512407 -12.6569 29.33 0.212238 0.554613 0.202709 0.778633
1464889075.5214207172 0.819753 -12.7135 29.3132 0.218091 0.566397 0.202048 0.76864
1464889075.6805417538 1.12384 -12.7678 29.2876 0.220011 0.589217 0.178631 0.756644
1464889075.8397681713 1.42358 -12.8132 29.2615 0.227748 0.615514 0.166329 0.73594
1464889076.0008182526 1.72032 -12.8527 29.2285 0.22605 0.633336 0.18198 0.717406
1464889076.1581287384 2.01087 -12.8931 29.1846 0.23405 0.66987 0.162741 0.685573
1464889076.3171558380 2.29857 -12.9279 29.1359 0.249209 0.705097 0.173815 0.640719
1464889076.4763758183 2.57614 -12.96 29.0898 0.240972 0.71515 0.2046 0.623403
1464889076.6356351376 2.85344 -12.9942 29.0442 0.212677 0.7542 0.169602 0.59765
1464889076.7968416214 3.12966 -13.0334 28.9969 0.231619 0.758132 0.175424 0.583794
1464889076.9541246891 3.40541 -13.0667 28.9466 0.182063 0.785344 0.149339 0.572526
1464889077.1157608032 3.67978 -13.0944 28.8942 0.159273 0.801617 0.159593 0.55369
1464889077.2723026276 3.95296 -13.1257 28.8474 0.15817 0.808439 0.147563 0.547388
1464889077.4315707684 4.22713 -13.1569 28.8009 0.162272 0.804367 0.156361 0.549739
1464889077.5939416885 4.49784 -13.1971 28.751 0.153216 0.804438 0.136247 0.557532
1464889077.7498373985 4.76612 -13.2353 28.7059 0.154242 0.797115 0.130065 0.569123
1464889077.9089345932 5.03315 -13.2738 28.6617 0.141025 0.801867 0.109575 0.570188
1464889078.0681736469 5.30176 -13.3117 28.615 0.123767 0.807658 0.100084 0.567763
1464889078.2282278538 5.56714 -13.3456 28.5682 0.131459 0.809762 0.098239 0.56334
1464889078.3889815807 5.82769 -13.3789 28.5173 0.137312 0.814289 0.10994 0.553166
1464889078.5456516743 6.08568 -13.4097 28.4706 0.12851 0.825347 0.110386 0.538612
1464889078.7049846649 6.3395 -13.4406 28.4241 0.138155 0.833691 0.116766 0.521765
1464889078.8640346527 6.58859 -13.4768 28.38 0.140559 0.851991 0.0983027 0.494662
1464889079.0246138573 6.83717 -13.511 28.3399 0.126293 0.859665 0.0925451 0.486273
1464889079.1888816357 7.08319 -13.5346 28.3056 0.134642 0.861408 0.12144 0.474446
1464889079.3414833546 7.32274 -13.5659 28.2659 0.130015 0.868446 0.12009 0.463116
1464889079.5007371902 7.55965 -13.6002 28.2239 0.137729 0.873027 0.109689 0.454779
1464889079.6599020958 7.79375 -13.6349 28.1792 0.135566 0.87878 0.102015 0.446049
1464889079.8593323231 8.08033 -13.6786 28.1241 0.113732 0.891608 0.0890834 0.429144
1464889080.0177986622 8.31255 -13.7132 28.0833 0.0917282 0.898876 0.0761682 0.42167
1464889080.2172014713 8.60986 -13.7605 28.0364 0.0924465 0.899696 0.0660527 0.421472
1464889080.3765504360 8.85103 -13.801 28.0104 0.0800835 0.897598 0.0627708 0.428911
1464889080.5389208794 9.09438 -13.8422 27.9969 0.0816185 0.899596 0.0575212 0.425154
1464889080.6948268414 9.33749 -13.8858 27.992 0.103451 0.89601 0.0749333 0.425263
1464889080.8535706997 9.58593 -13.9358 27.9943 0.0992411 0.892995 0.0763375 0.432301
1464889081.0128052235 9.83261 -13.9874 28.0072 0.0973124 0.899376 0.0876656 0.417094
1464889081.1749825478 10.0709 -14.0436 28.028 0.115503 0.904491 0.100748 0.398001
1464889081.3310792446 10.3091 -14.0977 28.0594 0.13675 0.896054 0.132484 0.401042
1464889081.4902977943 10.5396 -14.1508 28.0981 0.142475 0.903783 0.145327 0.376506
1464889081.6494872570 10.7652 -14.2025 28.1449 0.137179 0.910278 0.168382 0.352453
1464889081.8086690903 10.983 -14.2541 28.1881 0.0939316 0.930538 0.182305 0.303381
1464889081.9697179794 11.2074 -14.3132 28.2266 0.102112 0.941608 0.181208 0.264785
1464889082.1270072460 11.437 -14.3723 28.2627 0.0933263 0.948128 0.182211 0.243192
1464889082.2861111164 11.6726 -14.4283 28.296 0.0810813 0.950147 0.187887 0.235256
1464889082.4458384514 11.9133 -14.4793 28.3208 0.0707585 0.952877 0.181466 0.23257
1464889082.6045424938 12.1568 -14.5246 28.3342 0.0819319 0.942279 0.200287 0.255506
1464889082.7719008923 12.399 -14.5643 28.3347 0.0768473 0.937989 0.213874 0.261778
1464889082.9228935242 12.6337 -14.6014 28.3222 0.088099 0.939092 0.206933 0.259852
1464889083.0820431709 12.8609 -14.6288 28.2959 0.0891129 0.938355 0.230205 0.241982
1464889083.2412116528 13.0783 -14.6517 28.2569 0.101425 0.941074 0.240681 0.214862
1464889083.4004621506 13.2838 -14.672 28.206 0.102758 0.948862 0.238138 0.179978
1464889083.5628829002 13.4685 -14.685 28.1433 0.0941004 0.964376 0.235527 0.075167
1464889083.7190332413 13.6203 -14.6812 28.0674 -0.072406 -0.960384 -0.267042 0.0332853
1464889083.8777263165 13.7437 -14.6714 27.9927 -0.0411071 -0.93228 -0.309789 0.182197
1464889084.0371141434 13.8528 -14.6608 27.9281 0.0227703 -0.867684 -0.340122 0.361833
1464889084.1962578297 13.9725 -14.6557 27.8515 0.0798029 -0.791773 -0.357128 0.489067
1464889084.3604230881 14.0978 -14.6385 27.7562 0.0676245 -0.738752 -0.348862 0.572685
1464889084.5145559311 14.2253 -14.6153 27.6486 0.0608821 -0.685104 -0.36756 0.62596
1464889084.6767165661 14.3464 -14.5911 27.5194 0.0803113 -0.691419 -0.306426 0.649302
1464889084.8329422474 14.4573 -14.5633 27.3956 0.0639026 -0.639381 -0.338967 0.687175
1464889084.9939360619 14.5557 -14.5344 27.252 0.103851 -0.639918 -0.290183 0.703928
1464889085.1526412964 14.6476 -14.5013 27.113 0.114866 -0.592826 -0.2912 0.742001
1464889085.3104057312 14.7313 -14.4593 26.97 0.129042 -0.53039 -0.296065 0.783824
1464889085.5092940331 14.8141 -14.3903 26.7658 0.136442 -0.490305 -0.297748 0.80767
1464889085.6685380936 14.8653 -14.3296 26.59 0.168753 -0.46084 -0.291752 0.820993
1464889085.8277113438 14.9071 -14.2652 26.4118 0.149287 -0.463223 -0.278891 0.827863
1464889085.9869344234 14.9398 -14.1926 26.2228 0.124763 -0.495777 -0.263029 0.818202
1464889086.1460833549 14.9644 -14.1064 26.0195 0.114367 -0.546732 -0.278773 0.781211
1464889086.3051657677 14.9807 -14.0273 25.8109 0.128308 -0.601035 -0.279194 0.737797
1464889086.4643971920 14.9922 -13.955 25.6048 0.123526 -0.651676 -0.254161 0.70389
1464889086.6234920025 14.9995 -13.884 25.4004 0.114387 -0.698432 -0.219787 0.671418
1464889086.7827839851 14.9936 -13.8065 25.1994 0.0893445 -0.732564 -0.212867 0.640355
1464889086.9441754818 14.9823 -13.7269 24.9988 0.0956922 -0.75625 -0.211965 0.611556
1464889087.1011757851 14.9666 -13.6503 24.8028 0.0934504 -0.77729 -0.19915 0.58943
1464889087.2602472305 14.9445 -13.5665 24.6086 0.0607071 -0.806299 -0.200191 0.553282
1464889087.4194214344 14.9187 -13.4745 24.4116 0.0235414 -0.833179 -0.192331 0.517945
1464889087.5785570145 14.8914 -13.3857 24.2109 0.0162855 -0.844158 -0.19821 0.497841
1464889087.7399110794 14.8638 -13.2981 24.0032 0.00664251 -0.85795 -0.204014 0.47144
1464889087.8969361782 14.8432 -13.2112 23.7905 -0.027324 -0.874309 -0.211829 0.43585
1464889088.0561060905 14.8304 -13.1204 23.5745 -0.046453 -0.891456 -0.226655 0.389585
1464889088.2158370018 14.8267 -13.0277 23.36 -0.0360381 -0.903941 -0.240531 0.351763
1464889088.3743197918 14.8322 -12.9409 23.1462 -0.0276687 -0.91524 -0.235671 0.325622
1464889088.5356273651 14.843 -12.8586 22.9373 -0.0325675 -0.923032 -0.217602 0.315596
1464889088.7344636917 14.8574 -12.7516 22.6877 -0.00321469 -0.908461 -0.229224 0.349491
1464889088.9315993786 14.8857 -12.6499 22.4456 0.00882298 -0.895552 -0.244707 0.37152
1464889089.0907156467 14.9177 -12.5738 22.2493 0.0277295 -0.879077 -0.236563 0.412908
1464889089.2498440742 14.9494 -12.4987 22.0582 0.0889979 -0.841029 -0.251285 0.470749
1464889089.4089310169 14.9774 -12.4257 21.8753 0.151765 -0.777944 -0.286888 0.53802
1464889089.5682268143 15.0137 -12.3608 21.6933 0.165798 -0.726937 -0.264303 0.611733
1464889089.7290337086 15.0534 -12.292 21.5221 0.133706 -0.675508 -0.2476 0.681547
1464889089.8864939213 15.0975 -12.2387 21.3711 0.136611 -0.565054 -0.250315 0.774205
1464889090.0456557274 15.1573 -12.1838 21.211 0.11705 -0.47108 -0.233493 0.842534
1464889090.2049205303 15.2303 -12.1256 21.0254 0.112226 -0.404284 -0.213586 0.882236
1464889090.3640391827 15.2957 -12.0572 20.8181 0.114737 -0.369656 -0.202704 0.8995
1464889090.5629899502 15.3687 -11.9685 20.5562 0.141799 -0.349494 -0.206858 0.90275
1464889090.7240331173 15.4225 -11.8905 20.3375 0.154529 -0.367739 -0.204473 0.893912
1464889090.8814432621 15.4639 -11.8035 20.1072 0.136898 -0.423861 -0.196521 0.873487
1464889091.0405633450 15.501 -11.7167 19.8629 0.166611 -0.499295 -0.205288 0.825107
1464889091.1997463703 15.5441 -11.6362 19.6216 0.14553 -0.578797 -0.194729 0.778393
1464889091.3589222431 15.5878 -11.5493 19.3837 0.135907 -0.636609 -0.172277 0.739309
1464889091.5201101303 15.6289 -11.4606 19.1412 0.105751 -0.685532 -0.170227 0.699918
1464889091.6772401333 15.6705 -11.3736 18.8979 0.129749 -0.71452 -0.191639 0.660228
1464889091.8363664150 15.7087 -11.2825 18.6632 0.0884541 -0.752465 -0.185547 0.625735
1464889091.9956192970 15.7431 -11.1866 18.4306 0.0577158 -0.785119 -0.179487 0.589951
1464889092.1546993256 15.7752 -11.0958 18.1988 0.0629301 -0.799329 -0.195307 0.564772
1464889092.3156807423 15.7972 -11.0149 17.9651 0.0447526 -0.810017 -0.195246 0.551135
1464889092.4730653763 15.8229 -10.9349 17.7296 0.00409728 -0.821646 -0.19221 0.536597
1464889092.6321682930 15.8523 -10.8471 17.4942 0.0231596 -0.827214 -0.196763 0.525799
1464889092.7914505005 15.8804 -10.7505 17.2559 0.0213806 -0.839043 -0.222432 0.496059
1464889092.9505805969 15.8978 -10.6605 17.0264 0.0256273 -0.84877 -0.20493 0.486761
1464889093.1097097397 15.9047 -10.5657 16.799 -0.0294381 -0.851551 -0.196052 0.485343
1464889093.2688112259 15.9107 -10.4622 16.5689 -0.038897 -0.847271 -0.2188 0.482438
1464889093.4279663563 15.9227 -10.3672 16.3379 -0.0219907 -0.845802 -0.233751 0.479057
1464889093.5872182846 15.9321 -10.2812 16.1073 -0.0164999 -0.848716 -0.213846 0.483404
1464889093.7463676929 15.9367 -10.1856 15.8737 -0.0195545 -0.846707 -0.225065 0.481717
1464889093.9076366425 15.9414 -10.077 15.6347 -0.0262085 -0.845687 -0.239532 0.476183
1464889094.0648076534 15.9449 -9.97387 15.3938 -0.0507451 -0.850307 -0.228765 0.471243
1464889094.2240459919 15.9504 -9.86877 15.1508 -0.0743394 -0.847087 -0.242799 0.466869
1464889094.3837857246 15.9605 -9.77157 14.9058 -0.0680898 -0.850656 -0.244346 0.460481
1464889094.5423574448 15.9784 -9.67704 14.6646 -0.0748133 -0.858197 -0.237038 0.449126
1464889094.7015743256 15.9959 -9.57804 14.4298 -0.0605023 -0.863448 -0.240111 0.439482
1464889094.8605380058 16.0104 -9.47517 14.1959 -0.0220027 -0.86635 -0.243601 0.435444
1464889095.0198035240 16.0228 -9.37126 13.9639 -0.0363067 -0.869942 -0.244037 0.426999
1464889095.1789083481 16.0338 -9.27276 13.7317 -0.0358697 -0.874044 -0.231132 0.425838
1464889095.3426578045 16.0371 -9.16577 13.5006 -0.0239352 -0.864041 -0.241493 0.441068
1464889095.4995701313 16.0465 -9.06362 13.2658 -0.0141355 -0.859395 -0.240332 0.451089
1464889095.6565899849 16.0577 -8.96761 13.0321 -0.00211498 -0.851335 -0.235326 0.468877
1464889095.8157062531 16.0635 -8.8677 12.7938 0.0182053 -0.839363 -0.243 0.48589
1464889095.9748127460 16.0711 -8.76404 12.5552 0.0177322 -0.833127 -0.247369 0.494361
1464889096.1340126991 16.0822 -8.65871 12.3173 0.00800589 -0.831684 -0.24 0.500637
1464889096.2930858135 16.097 -8.5526 12.0767 0.00721277 -0.830836 -0.243042 0.500589
1464889096.4523212910 16.1184 -8.44549 11.8345 0.00862353 -0.830178 -0.250379 0.498037
1464889096.6115412712 16.1419 -8.34276 11.5933 0.00502747 -0.828556 -0.256554 0.497644
1464889096.7705953121 16.1643 -8.24186 11.3476 0.0176218 -0.824239 -0.26139 0.501991
1464889096.9304561615 16.1895 -8.13941 11.0963 0.0247151 -0.82815 -0.26366 0.494004
1464889097.0889174938 16.2176 -8.04114 10.8452 0.0306434 -0.840102 -0.243314 0.483826
1464889097.2481102943 16.2431 -7.938 10.5944 0.0125428 -0.845962 -0.23738 0.477327
1464889097.4072363377 16.2744 -7.83672 10.3433 0.0168818 -0.850936 -0.237371 0.468271
1464889097.5666089058 16.3086 -7.74223 10.0923 0.0410363 -0.855505 -0.225938 0.464089
1464889097.7256929874 16.3399 -7.64284 9.83362 0.0580442 -0.863694 -0.226407 0.446547
1464889097.8872470856 16.3696 -7.54254 9.55223 0.0465202 -0.889886 -0.219068 0.397426
1464889098.0440292358 16.3998 -7.45435 9.26567 -0.0151942 -0.916852 -0.194677 0.348214
1464889098.2033715248 16.4368 -7.36962 8.98727 -0.0488263 -0.934458 -0.174434 0.306556
1464889098.3625466824 16.474 -7.2889 8.71828 -0.0827105 -0.942478 -0.167946 0.276928
1464889098.5216176510 16.5013 -7.21197 8.45394 -0.0761524 -0.942779 -0.163412 0.280473
1464889098.6828811169 16.5297 -7.14039 8.19207 -0.0739884 -0.941862 -0.156453 0.288002
1464889098.8398666382 16.558 -7.06373 7.93271 -0.0915222 -0.940552 -0.156727 0.287092
1464889098.9989721775 16.5876 -6.98018 7.68006 -0.0809716 -0.943571 -0.143958 0.287042
1464889099.1583111286 16.6139 -6.88863 7.42949 -0.0787491 -0.94203 -0.132662 0.297957
1464889099.3173682690 16.6465 -6.79065 7.17878 -0.0736013 -0.94301 -0.136287 0.294519
1464889099.4796321392 16.6773 -6.6888 6.92679 -0.0625904 -0.944161 -0.149008 0.287122
1464889099.6357402802 16.7025 -6.58608 6.67086 -0.0577641 -0.940785 -0.153915 0.296474
1464889099.7949013710 16.727 -6.47563 6.41137 -0.0461966 -0.938869 -0.168594 0.296592
1464889099.9541859627 16.7469 -6.36116 6.15302 -0.0566365 -0.935127 -0.18604 0.296174
1464889100.1133034229 16.7619 -6.24849 5.89572 -0.0715534 -0.931047 -0.189786 0.303335
1464889100.2756595612 16.7893 -6.14151 5.64182 -0.0635752 -0.929773 -0.193899 0.306406
1464889100.4341695309 16.8164 -6.03628 5.38686 -0.0518945 -0.923625 -0.197475 0.324388
1464889100.5916292667 16.8469 -5.93532 5.13289 -0.0664652 -0.923419 -0.191582 0.325845
1464889100.7499752045 16.8756 -5.82486 4.88026 -0.0798426 -0.921203 -0.210413 0.31739
1464889100.9097836018 16.898 -5.71478 4.63334 -0.0739426 -0.914578 -0.219737 0.331355
1464889101.0702600479 16.9207 -5.61013 4.38527 -0.0669426 -0.908698 -0.225456 0.344901
1464889101.2274994850 16.9488 -5.50533 4.13717 -0.0765092 -0.911969 -0.219101 0.33831
1464889101.3866944313 16.9802 -5.4023 3.88918 -0.0760815 -0.911562 -0.223847 0.336391
1464889101.5458676815 17.0141 -5.30615 3.64441 -0.050011 -0.911851 -0.207636 0.350589
1464889101.7050125599 17.0457 -5.20605 3.40239 -0.0310874 -0.90196 -0.221165 0.369577
1464889101.8709266186 17.0756 -5.10351 3.16135 -0.0241597 -0.895136 -0.228841 0.381811
1464889102.0235910416 17.1044 -5.00313 2.92584 -0.00923666 -0.887797 -0.232495 0.397085
1464889102.1826710701 17.1296 -4.90326 2.69307 -0.00685743 -0.880198 -0.236227 0.411583
1464889102.3417592049 17.1504 -4.80141 2.46151 -0.0283652 -0.87572 -0.243326 0.416055
1464889102.5009117126 17.1688 -4.6967 2.23143 -0.0281568 -0.865202 -0.258865 0.428512
1464889102.6623351574 17.1852 -4.59715 2.00619 -0.0329707 -0.861981 -0.259935 0.433976
1464889102.8205435276 17.1925 -4.49613 1.78776 -0.0185777 -0.84359 -0.271106 0.463155
1464889102.9783556461 17.1915 -4.39998 1.57332 -0.0210064 -0.826016 -0.27642 0.490763
1464889103.1375732422 17.1859 -4.30429 1.36246 -0.0310822 -0.818641 -0.264726 0.508706
1464889103.2966990471 17.171 -4.20476 1.15253 -0.0400712 -0.804481 -0.260337 0.532381
1464889103.4588036537 17.1454 -4.10271 0.947867 -0.0512318 -0.788999 -0.261438 0.55363
1464889103.6156463623 17.1098 -3.99748 0.747715 -0.0590267 -0.776265 -0.262058 0.57031
1464889103.7742664814 17.0586 -3.89028 0.556982 -0.0549943 -0.749053 -0.280311 0.597763
1464889103.9339232445 16.9932 -3.78518 0.375424 -0.0559396 -0.720874 -0.287762 0.628016
1464889104.0924904346 16.9123 -3.67924 0.206794 -0.0641319 -0.68818 -0.288481 0.662627
1464889104.2543647289 16.8192 -3.56292 0.0581738 -0.095092 -0.652032 -0.293533 0.692568
1464889104.4109957218 16.7167 -3.44774 -0.0641562 -0.110368 -0.578252 -0.300874 0.750278
1464889104.5730268955 16.6069 -3.35301 -0.176854 -0.0995354 -0.49622 -0.278064 0.816418
1464889104.7292115688 16.4908 -3.26392 -0.283855 -0.0893789 -0.407105 -0.263984 0.869821
1464889104.8884453773 16.3686 -3.17593 -0.392474 -0.117319 -0.334383 -0.222205 0.908322
1464889105.0498516560 16.2496 -3.09725 -0.487575 -0.0809106 -0.221165 -0.237189 0.942486
1464889105.2067313194 16.1232 -3.01659 -0.585396 -0.091002 -0.162126 -0.134484 0.973318
1464889105.3658189774 15.9804 -2.94085 -0.684454 -0.0808789 -0.120477 -0.123726 0.98165
1464889105.5250678062 15.8236 -2.85731 -0.78295 -0.0812698 -0.0727363 -0.126885 0.985903
1464889105.6843385696 15.6584 -2.77504 -0.87801 -0.0768523 -0.0382951 -0.123127 0.988669
1464889105.8453443050 15.4846 -2.69457 -0.971377 -0.0668284 -0.00842406 -0.111393 0.991491
1464889106.0026512146 15.2928 -2.61187 -1.06066 -0.057919 -6.0257e-05 -0.0966276 0.993634
1464889106.1618220806 15.0773 -2.53236 -1.1391 -0.0447456 -0.0251811 -0.101966 0.993462
1464889106.3209905624 14.8508 -2.45261 -1.2093 -0.0590446 -0.0367958 -0.119024 0.990451
1464889106.4802250862 14.6243 -2.37993 -1.26779 -0.0427597 -0.0419975 -0.100511 0.993129
1464889106.6421344280 14.4024 -2.30323 -1.31498 -0.0551048 -0.0286696 -0.0990986 0.993137
1464889106.7992749214 14.1674 -2.23349 -1.35475 -0.0429421 -0.0358104 -0.0892976 0.994434
1464889106.9588246346 13.9236 -2.18316 -1.39182 -0.0308795 -0.0509516 -0.0997665 0.993226
1464889107.1168937683 13.6497 -2.12706 -1.42201 -0.0178948 -0.113292 -0.066948 0.991142
1464889107.2759842873 13.3633 -2.06933 -1.45178 0.00189419 -0.178669 -0.105384 0.978247
1464889107.4378111362 13.0787 -2.00555 -1.48664 -0.00265559 -0.252223 -0.11446 0.960872
1464889107.5944652557 12.8026 -1.94391 -1.51829 0.00648259 -0.315602 -0.121938 0.941002
1464889107.7535321712 12.5311 -1.88293 -1.54853 0.0191319 -0.363127 -0.146216 0.919996
1464889107.9126477242 12.2657 -1.82286 -1.58424 0.0291052 -0.423497 -0.153209 0.892373
1464889108.0716974735 12.0062 -1.76247 -1.61074 0.0369208 -0.466121 -0.16525 0.868367
1464889108.2333083153 11.7498 -1.70507 -1.62737 0.0388195 -0.491451 -0.180223 0.851169
1464889108.3901095390 11.4981 -1.65111 -1.63326 0.045969 -0.496691 -0.187042 0.846286
1464889108.5493860245 11.2495 -1.59984 -1.63199 0.0431029 -0.499286 -0.178986 0.846652
1464889108.7090318203 11.0063 -1.5488 -1.62499 0.0447101 -0.475052 -0.183078 0.85954
1464889108.8688139915 10.765 -1.49469 -1.61753 0.0401432 -0.444204 -0.186938 0.875286
1464889109.0269072056 10.5274 -1.44396 -1.61103 0.0246314 -0.417558 -0.164037 0.893381
1464889109.1872806549 10.2918 -1.39432 -1.60553 0.0273776 -0.37924 -0.167145 0.909665
1464889109.3452432156 10.0584 -1.34577 -1.59946 0.0275363 -0.344629 -0.151732 0.925986
1464889109.5044231415 9.82556 -1.29626 -1.59729 0.0258342 -0.322485 -0.12771 0.937564
1464889109.6635479927 9.58853 -1.24562 -1.59446 0.0439611 -0.300777 -0.144319 0.941686
1464889109.8256628513 9.34951 -1.19195 -1.59243 0.0335129 -0.292795 -0.135229 0.945971
1464889109.9830462933 9.11092 -1.14083 -1.58862 0.0294919 -0.287429 -0.133185 0.948038
1464889110.1415696144 8.87553 -1.09289 -1.58255 0.0321627 -0.283244 -0.127554 0.949983
1464889110.3002228737 8.64337 -1.04936 -1.57266 0.0527826 -0.272875 -0.128922 0.95191
1464889110.4593365192 8.41532 -1.00294 -1.55775 0.0411027 -0.2509 -0.128936 0.958507
1464889110.6186847687 8.18637 -0.96431 -1.54193 0.0523359 -0.241903 -0.116769 0.961826
1464889110.7777700424 7.95564 -0.924203 -1.52493 0.0649787 -0.231175 -0.134628 0.961359
1464889110.9369249344 7.7263 -0.889961 -1.50713 0.0871388 -0.228806 -0.140075 0.959392
1464889111.0976238251 7.50097 -0.86183 -1.48658 0.0922647 -0.225558 -0.135516 0.960336
1464889111.2554147243 7.28099 -0.84772 -1.46822 0.0920409 -0.230384 -0.121057 0.961144
1464889111.4235205650 7.06795 -0.833187 -1.45222 0.109333 -0.236182 -0.108667 0.959404
1464889111.5736217499 6.86185 -0.806448 -1.42763 0.117658 -0.239515 -0.105572 0.957937
1464889111.7327587605 6.65874 -0.76749 -1.39507 0.100735 -0.250127 -0.100334 0.957717
1464889111.8922345638 6.46054 -0.732431 -1.36042 0.101614 -0.251848 -0.101673 0.957032
1464889112.0511264801 6.27089 -0.706668 -1.33029 0.107133 -0.233315 -0.120087 0.958992
1464889112.2151355743 6.0848 -0.689668 -1.3098 0.147843 -0.243648 -0.112388 0.951917
1464889112.3694095612 5.90278 -0.666763 -1.28133 0.146199 -0.242045 -0.138488 0.949137
1464889112.5294845104 5.73647 -0.643389 -1.2557 0.137815 -0.256608 -0.137934 0.946643
1464889112.7274751663 5.54076 -0.624817 -1.21906 0.141371 -0.235524 -0.147831 0.950099
1464889112.9264450073 5.34451 -0.5992 -1.17614 0.135482 -0.224484 -0.140769 0.954691
1464889113.1256411076 5.15643 -0.573491 -1.13961 0.129479 -0.22886 -0.147033 0.95354
1464889113.3642377853 4.94165 -0.559717 -1.0894 0.142289 -0.195773 -0.141766 0.959859
1464889113.5632615089 4.77054 -0.541309 -1.04208 0.145325 -0.181975 -0.145301 0.961589
1464889113.8049039841 4.58185 -0.524762 -0.982866 0.135874 -0.151331 -0.142675 0.968649
1464889114.0409758091 4.4008 -0.512244 -0.917688 0.136495 -0.121833 -0.132534 0.974146
1464889114.2402551174 4.25092 -0.495198 -0.858786 0.110507 -0.113433 -0.127129 0.979163
1464889114.4387216568 4.09546 -0.488492 -0.8072 0.121137 -0.128275 -0.12732 0.976044
1464889114.6017508507 3.96466 -0.47741 -0.763646 0.0972371 -0.137181 -0.154953 0.973507
1464889114.7571656704 3.83534 -0.471705 -0.728579 0.120653 -0.16139 -0.155896 0.967002
1464889114.9559972286 3.68854 -0.466442 -0.676738 0.115067 -0.141115 -0.155617 0.970891
1464889115.1557121277 3.55917 -0.449052 -0.632452 0.107529 -0.161037 -0.172787 0.965738
1464889115.3550865650 3.45045 -0.432909 -0.587381 0.141964 -0.165733 -0.114203 0.969194
1464889115.5131757259 3.36938 -0.426897 -0.54402 0.108128 -0.10899 -0.116772 0.981221
1464889115.7518861294 3.24496 -0.424176 -0.485625 0.110417 -0.0887976 -0.114465 0.983271
1464889116.0303483009 3.12208 -0.416483 -0.436659 0.105913 -0.0802788 -0.101498 0.985919
1464889116.2704491615 3.02314 -0.398476 -0.408192 0.132828 -0.0200305 -0.119695 0.983681
1464889116.4681215286 2.93651 -0.369705 -0.378724 0.107009 0.0160252 -0.11409 0.987561
1464889116.6272506714 2.86084 -0.340765 -0.35661 0.091497 0.00651333 -0.109785 0.989714
1464889116.7889134884 2.77821 -0.303884 -0.343104 0.0593091 -0.018428 -0.113374 0.991609
1464889116.9485290051 2.69894 -0.273391 -0.341247 0.0171164 -0.0482064 -0.119222 0.991549
1464889117.1048023701 2.62264 -0.253625 -0.350176 -0.00649552 -0.0922616 -0.131553 0.986985
1464889117.2639291286 2.55695 -0.250852 -0.366819 -0.040546 -0.162283 -0.11805 0.978818
1464889117.4231710434 2.50997 -0.267136 -0.382223 -0.0795826 -0.232427 -0.0890822 0.965251
1464889117.5851979256 2.47995 -0.296813 -0.387502 -0.0601544 -0.276136 -0.0815028 0.955766
1464889117.7416758537 2.46047 -0.3311 -0.386208 -0.0589418 -0.327551 -0.0496806 0.941684
1464889118.1394193172 2.47113 -0.393336 -0.371014 -0.0246842 -0.308201 -0.0540603 0.949463
1464889118.3384335041 2.50084 -0.427213 -0.37168 0.0233169 -0.271579 -0.0232082 0.961854
1464889118.5381975174 2.5408 -0.450852 -0.375994 0.0866835 -0.230432 -0.00866969 0.969181
1464889118.7361986637 2.58377 -0.451055 -0.375909 0.129494 -0.177144 0.0177138 0.975468
1464889118.9351892471 2.62406 -0.424526 -0.366488 0.12425 -0.118539 0.0361967 0.98448
1464889119.1342580318 2.65836 -0.38253 -0.355219 0.108393 -0.0606974 0.0370499 0.991561
1464889119.3764393330 2.67407 -0.323009 -0.350102 0.0726739 -0.0414838 0.0077863 0.996462
1464889119.6912775040 2.6573 -0.263382 -0.342586 0.0299335 -0.0685895 -0.0252952 0.996875
1464889120.0495254993 2.62722 -0.23859 -0.286421 -0.0123583 -0.0850464 -0.0473239 0.995176
1464889120.2881112099 2.6203 -0.253352 -0.228543 0.00542667 -0.0459202 -0.0328727 0.998389
1464889120.4473900795 2.62053 -0.269205 -0.187421 0.0244278 0.00665606 -0.0118622 0.999609
1464889120.7279002666 2.60966 -0.29646 -0.160064 0.0586976 0.0307103 0.0203162 0.997596
1464889121.1662459373 2.54345 -0.295337 -0.208205 0.0910573 0.0335934 0.00767533 0.995249
1464889121.3656165600 2.48194 -0.277847 -0.253122 0.0864161 0.00381874 0.0115255 0.996185
1464889121.5218586922 2.4252 -0.268575 -0.279144 0.0889961 -0.0184466 -0.0132449 0.995773
1464889121.6814613342 2.36698 -0.264949 -0.289446 0.0825704 -0.0461687 0.00797652 0.995483
1464889121.9595241547 2.2889 -0.253151 -0.271062 0.0663325 -0.01249 -0.00824422 0.997685
1464889122.2778315544 2.21584 -0.239004 -0.265093 0.048653 0.0172727 -0.00200715 0.998664
1464889122.6360611916 2.13251 -0.226185 -0.276933 0.0371619 0.0140851 0.00939058 0.999166
1464889123.0340185165 2.05841 -0.227623 -0.251312 0.0512491 0.0288218 0.0316803 0.997767
1464889123.7115883827 2.0551 -0.212925 -0.275545 0.055948 0.045996 0.138618 0.987694
1464889124.2276611328 2.1344 -0.217854 -0.284947 0.0530818 0.0252675 0.173066 0.983154
1464889124.5460450649 2.19329 -0.217982 -0.305049 0.0504996 -0.0115311 0.136714 0.989255
1464889124.7450902462 2.2305 -0.222393 -0.314014 0.0696472 -0.0712182 0.0702037 0.992547
1464889124.9838316441 2.28581 -0.227056 -0.311471 0.0707965 -0.114077 0.0131519 0.990859
1464889125.1827461720 2.35034 -0.235394 -0.30397 0.0507159 -0.105373 0.017518 0.992984
1464889125.4613051414 2.43124 -0.260343 -0.296927 0.0569268 -0.127532 0.0295247 0.989759
1464889125.7397143841 2.50287 -0.288627 -0.267063 0.0580552 -0.143762 0.0158083 0.987782
1464889125.9785985947 2.57005 -0.316012 -0.239513 0.0578462 -0.139179 0.0291151 0.988147
1464889126.2571496964 2.65686 -0.325534 -0.228496 0.0400893 -0.149175 0.0319671 0.98748
1464889126.5356445312 2.73667 -0.339475 -0.218832 0.00803891 -0.17306 0.0166039 0.984739
1464889126.8142025471 2.81565 -0.36032 -0.20417 0.00737396 -0.194251 0.0491099 0.979694
1464889127.0927016735 2.89701 -0.38023 -0.196148 0.0112503 -0.217135 0.0623003 0.974087
1464889127.2916300297 2.95984 -0.381539 -0.194166 0.00881997 -0.209816 0.0478915 0.976528
1464889127.4907557964 3.02158 -0.387547 -0.18829 0.0122994 -0.195499 0.0272577 0.980248
1464889127.7692434788 3.0988 -0.411528 -0.17936 0.0298386 -0.208671 0.00606615 0.977512
1464889128.0080256462 3.15977 -0.43536 -0.162858 0.0545688 -0.211608 -0.024777 0.975516
1464889128.2467153072 3.22953 -0.449528 -0.15851 0.0504066 -0.188079 -0.00891999 0.980819
1464889128.4481804371 3.28788 -0.461948 -0.157953 0.0572515 -0.15317 -0.0208055 0.986321
1464889128.7268137932 3.35049 -0.499231 -0.151486 0.0453005 -0.132853 -0.0140475 0.99
1464889129.0455098152 3.38655 -0.56603 -0.151402 0.0368753 -0.112545 -0.00221176 0.99296
1464889129.4405515194 3.37984 -0.647093 -0.201412 0.0468995 -0.100218 0.0209664 0.993638
1464889129.7219998837 3.34437 -0.677641 -0.251907 0.101721 -0.0808718 0.0137831 0.991425
1464889130.0772333145 3.26849 -0.671799 -0.31118 0.0780315 -0.0846478 -0.0358437 0.992704
1464889130.4800240993 3.1722 -0.668645 -0.356889 0.0532875 -0.0822224 -0.057418 0.993531
1464889130.8730692863 3.05949 -0.649336 -0.332738 0.0660122 -0.0702814 -0.0779217 0.992286
1464889131.1514790058 2.97786 -0.638043 -0.323056 0.0567227 -0.0909836 -0.0529684 0.992824
1464889131.5097794533 2.8552 -0.606418 -0.326077 0.0683151 -0.0533697 -0.0700391 0.99377
1464889131.8679025173 2.73793 -0.583534 -0.314958 0.0608972 -0.0517868 -0.0836623 0.993283
1464889132.1090202332 2.65663 -0.574333 -0.296837 0.0615551 -0.0820455 -0.0780123 0.991662
1464889132.3851661682 2.5718 -0.551413 -0.2955 0.0644106 -0.0801004 -0.0304201 0.994238
1464889132.6636176109 2.47845 -0.514366 -0.316835 0.0663049 -0.090388 -0.0288228 0.993279
1464889132.9823327065 2.39094 -0.486041 -0.344643 0.0567163 -0.0970466 -0.00480115 0.993651
1464889133.2208156586 2.32941 -0.463681 -0.345229 0.0462849 -0.130003 0.00852196 0.990396
1464889133.5788807869 2.26643 -0.422242 -0.314782 0.029129 -0.106331 0.0460123 0.992838
1464889133.8575861454 2.24591 -0.382438 -0.295421 0.0970205 -0.0886565 0.0547782 0.989811
1464889134.1364266872 2.24772 -0.326768 -0.287695 0.0540926 -0.0752134 0.0419691 0.994814
1464889134.5340552330 2.27077 -0.271847 -0.294728 0.071176 -0.0449499 -0.0126147 0.996371
