1463226057.02432 -1.53097167627786e-06 -3.02490577001012e-06 -2.34251337807093e-07 4.55322198532359e-07 1.97350225097938e-06 -1.52397795010836e-06 0.999999999996788
1463226057.40328    0.041517325231397 -0.00162868179987753   0.0561924302283323 -0.00588772671908031 0.00288134118567204 0.0175992533073572 0.999823633862531
1463226057.44871   0.0472254124928009 -0.00355458465647385   0.0651670106697226 -0.00389706547166023 0.00494172520702334 0.0182425764316323 0.999813782980523
1463226057.68532  0.0809551376187693 -0.0162836709021933   0.115713711880404 -0.00581797513902847 0.00465346427693959 0.00896384053393528 0.999932070691998
1463226057.87493  0.103804326580361 -0.037101612241758  0.153214396797586 0.0161718409485316 -0.000552301224462424 -0.0015727511488942 0.999867837755329
1463226058.11281  0.123434398885525 -0.054786252301605  0.184483622377918 0.0413074601252494 -0.0118564582275411 -0.00170856528188845 0.999074671353937
1463226058.39685   0.149912679426764 -0.0480891552627325   0.219336214105409 0.023528043003233 -0.0304511166557078 -0.00963745675141451 0.999212830238995
1463226058.63572   0.180128364387263 -0.0474363496228799   0.250339571565634 0.0165153991122501 -0.0509391210076633 -0.00295830741843136 0.998560812349627
1463226058.82401   0.212252566595337 -0.0524888711191253   0.279180893975582 0.0297639244827746 -0.0671714730114317 -0.00851819143453837 0.997261020208623
1463226059.06037   0.251235560587465 -0.0551219651176909   0.308193979071044 0.0367149028044757 -0.0762237223756732 -0.00835756390924738 0.996379501588003
1463226059.34503   0.272462331212327 -0.0547426628318872   0.338699799161814 0.02056009202126 -0.0913408838378209 0.0200189694890834 0.995406131393814
1463226059.63143   0.275059946260131 -0.0579760390372707   0.382850742442377 -0.00334591526431701 -0.0863348757940904 0.0321058146057038 0.995743094749428
1463226059.81923   0.272725083601316 -0.0750901309645936   0.425429335452424 -0.0122634846807545 -0.0749404778605939 0.0100625322896282 0.997061822138142
1463226059.96412   0.268895651821582 -0.0912511244631684   0.458771357172124 -0.0221101854873957 -0.0858830818450687 -0.00667318456601865 0.996037501582272
1463226060.10367  0.263193272290035 -0.109861518902319  0.490973517110476 -0.0172327923039865 -0.0944306835119188 -0.00679717648904544 0.995359068513798
1463226060.2953 0.256203111449519 -0.13155007694009 0.524919621492563 -0.0200275459979673 -0.0913452870138169 -0.0069457635222216 0.995593638142971
1463226060.53122  0.242678350472553 -0.150761691490379  0.558784415834581 -0.0383924351016422 -0.0964307147773449 -0.0195408957315655 0.994407004987648
1463226060.72015  0.230840750873271 -0.170417499816581  0.591855873772492 -0.0306818880092654 -0.115258150535969 -0.016878772097606 0.992718130959484
1463226060.86308   0.22341016624709 -0.188531014427816  0.621265162181114 -0.0231456354668632 -0.124288666753407 -0.0160403618349008 0.991846416370852
1463226061.00468   0.21386576372154 -0.208634863937804  0.648578721912216 -0.00780724693319668 -0.134910783122638 -0.0234217582681411 0.990550124290634
1463226061.19459  0.198360339588802 -0.233691032390813  0.673700190206875 -0.00261137068987816 -0.124872175002618 -0.00446793412687105 0.992159341143283
1463226061.38409  0.171316004782813 -0.255293465308313  0.693611838237667 -0.0100202168717011 -0.113324886531514 0.0280236566704922 0.993112148759282
1463226061.57364  0.132191112522208 -0.272526033628914  0.708199307170307 -0.0314042133245436 -0.0967644492309314 0.0511203488916869 0.993497421576772
1463226061.71789 0.0985441584300221 -0.286256545579117  0.715018354232406 -0.0528157310639856 -0.073626169718957 0.0811271605984913 0.992576480427538
1463226061.85881 0.0618611032719603 -0.299443074051885  0.718856083137402 -0.0742898570526893 -0.0597849397938105 0.103347437561619 0.990063677377566
1463226062.00047 0.0287210930381227 -0.309761498245406  0.718581749743254 -0.0871879947791844 -0.0368518895152107 0.136751622592146 0.986072606618782
1463226062.14401 -0.000394750219325403    -0.315293717752217     0.711132808655693 -0.0934898245593578 -0.0089826160494237 0.153787863084893 0.983630143133359
1463226062.2849 -0.0307183907370941  -0.311397318651418   0.697982614770237 -0.111592538850201 -0.00917004770837626 0.153315432069737 0.981813319214637
1463226062.42742 -0.054012369431176 -0.304379753534351  0.676057140501763 -0.11947253859003 0.00392136918061363 0.155624843404925 0.980556904774933
1463226062.5732 -0.0736979846723299  -0.294992138170575   0.647194487192402 -0.117290260843019 -0.0154127001922564 0.148501556705288 0.981810944652924
1463226062.71171 -0.0870965049384018  -0.280830237675837   0.612845287599992 -0.114669159591056 -0.0345165715181971 0.134808515527428 0.983608791273544
1463226062.85409 -0.0952427765386695  -0.261892773360893    0.57547218135804 -0.111204320063031 -0.0690409674058402 0.111562269994476 0.985099387845036
1463226062.99627 -0.0985556393304899  -0.239342661793369   0.537922547300661 -0.118912710891215 -0.0971319064602408 0.095515176583942 0.983515130019889
1463226063.14093 -0.0990799901265898  -0.218297168254386   0.505001884491883 -0.115392545118302 -0.120083809868133 0.0673301373613092 0.983733242165569
1463226063.28075 -0.0968361389165263  -0.198220248134548   0.476294334560275 -0.10763775850002 -0.138946956945773 0.047463454942858 0.983287890978775
1463226063.42392 -0.0936273716366404  -0.175654870091009   0.452488564237664 -0.105154661941325 -0.158727043038769 0.020055040046311 0.981501919635879
1463226063.6154 -0.0798075664985188  -0.143095307454863   0.430633036505723 -0.106257456719556 -0.164636194128587 0.00372224912467144 0.980607169735058
1463226063.80231 -0.0608152584897683  -0.111342731538753   0.416050687794807 -0.112578813976658 -0.15279790769545 0.0159791754851843 0.981694186596985
1463226063.99222 -0.0385392598745683 -0.0857667703178366   0.404004033250328 -0.11202354123219 -0.146919988862521 0.0310673724870482 0.982293266519316
1463226064.18169 -0.00781054064330883  -0.0615325964502279    0.397355874966278 -0.113963733890698 -0.136210703920276 0.0393486053639866 0.983316123508174
1463226064.32726  0.0196733150206784 -0.0474023568521421   0.400735988754596 -0.127411634550906 -0.11977418850801 0.0438290128522503 0.983615492344804
1463226064.46628   0.051139420648288 -0.0411094608321455   0.414052415448604 -0.135611546344235 -0.100187064279418 0.0614685211912118 0.983765054040731
1463226064.60864  0.0813938721776987 -0.0465499305212274   0.436388515569487 -0.13178454308475 -0.0785489700161913 0.0965818077118233 0.983430143900651
1463226064.7508   0.106954922238906 -0.0610893836043886   0.465393000660622 -0.129356367440544 -0.0682344320506653 0.121340108334616 0.981777760287252
1463226064.84637   0.124500866873373 -0.0757261230733135   0.486957472745201 -0.111441083687719 -0.0596962767335446 0.130158350776098 0.983400245644623
1463226064.9878    0.14463401058059 -0.0973355971620701   0.515236216515513 -0.0988378466654163 -0.0647661754463767 0.13278685091107 0.984075238388668
1463226065.13017  0.159036756027037 -0.121945384140973   0.53565058909905 -0.0832049948897661 -0.0777219630667501 0.126429739661888 0.985419578764027
1463226065.27612  0.168998188318069 -0.145516518874424  0.551104036674191 -0.0733554460536562 -0.0877921009260739 0.125251533894086 0.985506762435669
1463226065.46201  0.176616080735853 -0.175315792209147   0.57311846622313 -0.0639844180895968 -0.0885168434314907 0.125241637524016 0.98609598665696
1463226065.60424  0.176958781956334 -0.201188588145167  0.593494956854221 -0.0583626074407712 -0.0782907172789725 0.129172492775593 0.986802329117031
1463226065.74879  0.171870162855854 -0.228841377740482  0.617315260403524 -0.054771616843855 -0.0697568193472497 0.125141322537673 0.988166840941542
1463226065.88903  0.162518295215786 -0.259562516949298  0.643510089108033 -0.0452482481261764 -0.0619138506709261 0.119266707571984 0.989896319622186
1463226066.03144  0.150629249467483 -0.291792682623389   0.67128234943695 -0.0466165239734597 -0.0454958327710731 0.125834915500837 0.989910401467727
1463226066.12604   0.14002060893389 -0.316420569167273  0.689064224626314 -0.0507744884014116 -0.0421210467205619 0.129653484569972 0.98936229091754
1463226066.22084  0.129197640702855 -0.343342802604286  0.705166712409275 -0.0530488853324614 -0.038556329017832 0.139626993492282 0.988030125019454
1463226066.31685 0.119384125888478 -0.37172209114341 0.718216598056903 -0.053155698146112 -0.0308646876240635 0.144881194193742 0.987537990348454
1463226066.41039  0.111719207032912 -0.399696940973391   0.72641810978977 -0.0463523710021442 -0.018162193613384 0.154436353633227 0.986747690700162
1463226066.55439 0.0989696669064741 -0.434224527866329  0.732218863331221 -0.0466452493668986 -0.0080473672898973 0.169435556953374 0.984403907261192
1463226066.74234 0.0743097464553698 -0.463628802605451  0.730274946567266 -0.0583855444280064 -0.00200678519453026 0.183450769844103 0.981291453167016
1463226066.8848 0.0470344483159456  -0.47324299569111  0.720730383508061 -0.0829206810856927 -0.0107795809167222 0.168596844826892 0.982131898065612
1463226067.02694 0.0149155011803225 -0.475287897889328  0.706135809128007 -0.0937510716851268 -0.0356697655846542 0.152169339493964 0.983251186879018
1463226067.16916 -0.0116497317111253  -0.468602788697951   0.684856693565281 -0.0980868534237809 -0.0439274157003064 0.136554271356259 0.98478539911479
1463226067.31144 -0.0335295784556742   -0.45185859125959   0.660645187723577 -0.105992560939174 -0.0615871222842605 0.120139750488843 0.985159400171758
1463226067.45377 -0.0484988258000842   -0.42942103856197   0.637757464180696 -0.10540767559875 -0.0749044327468441 0.102681433800537 0.986273324708931
1463226067.64382 -0.0524103548974288  -0.394871848222126   0.613081437560963 -0.0956621396158635 -0.086287747017455 0.10045390092569 0.986565858697522
1463226067.78561 -0.0427695302105531  -0.366320627271942   0.598890619051112 -0.0896288182780769 -0.0811637022468864 0.0848472879015855 0.989029861079735
1463226067.92781 -0.0285766601385823  -0.333692940606371   0.587581045722271 -0.0867669741612473 -0.0829354413135764 0.0693836329712326 0.990342928608438
1463226068.07001 -0.00652751511028386   -0.300776078205788    0.576636694150795 -0.092773347817154 -0.0753339633450629 0.0615358482557202 0.990924436716025
1463226068.21235 0.0227103323117804 -0.272974646318898  0.560417934650379 -0.078109363739079 -0.0704600279564854 0.0614999412724128 0.992548270352701
1463226068.35471 0.0559513816361048 -0.249111192437737  0.538922877892234 -0.0435860529460208 -0.0708967732237771 0.0466656735636381 0.995437701941159
1463226068.49689 0.0847649348325832 -0.227852047372528  0.514558168456793 -0.0171880141459309 -0.0645232577402301 0.0505583450674085 0.996486414922126
1463226068.6865  0.114774502024313 -0.204277122042502  0.490762995132175 0.00629248552850623 -0.0612236129189611 0.0584237415693281 0.996392864420487
1463226068.87625  0.137188604445913 -0.187648057639199  0.479178017516735 0.0302077957774111 -0.0389277219978024 0.071388266057759 0.996230815124487
1463226069.11326   0.13465988116749 -0.186280401714277  0.450445616138446 0.0728349892481284 -0.0321615662600049 0.084960695500444 0.993198055886644
1463226069.25655  0.119917636183317 -0.194587767751789  0.414794498877572 0.100000603826917 -0.0159007576647292 0.0955545025774473 0.990260764736802
1463226069.3978 0.0908287397282058  -0.19981572313687  0.372720301638481 0.120567446957206 -0.0241734769600142 0.110141943026941 0.986279821415878
1463226069.54191 0.0538626642133406 -0.203819690083488  0.329882480347065 0.0999912455329678 -0.0334973979117357 0.102418690357929 0.989136030591989
1463226069.68625 0.0112157024526845 -0.218649264430186  0.284273050449401 0.0945944910212418 -0.0554815197405606 0.080479596522203 0.990705161881845
1463226069.8246 -0.0293173606738686  -0.238750141844389   0.241750307511875 0.100944280633763 -0.075355449631706 0.0656988215738668 0.989856289196538
1463226069.96721 -0.0714158088944468  -0.257320458303293    0.20360983830069 0.0999776994315197 -0.103554678535213 0.0495187143295086 0.988346490407591
1463226070.10908 -0.113114670667072 -0.284818379876179  0.163107477858949 0.111006323355233 -0.131627605352946 0.0576620649191273 0.98337523659764
1463226070.20419  -0.14350779498499 -0.305789443131354  0.134199005824402 0.120080852948191 -0.155931574648891 0.0699402192224036 0.977943913789474
1463226070.29882   -0.1757935712872 -0.328321153014064  0.103809172451445 0.129369964014297 -0.184682311277518 0.0873837975341533 0.970319498021473
1463226070.39415 -0.205680213996618 -0.351294360867447 0.0732842401024155 0.151186544613034 -0.204433150135766 0.100355687598808 0.961913952399126
1463226070.49139 -0.234596490294414 -0.371637751687002 0.0447331189285798 0.16425968647833 -0.227374763046985 0.103840569542866 0.954220419318504
1463226070.58335 -0.264076067826397 -0.391566734369273 0.0154770524818008 0.184837744975214 -0.24698814153811 0.10273082948741 0.9456628588693
1463226070.67818  -0.295266548602372  -0.408592817857376 -0.0128693581189708 0.211237335644968 -0.271741262919623 0.109015603531077 0.932550841639864
1463226070.82051  -0.341775778220404  -0.416116704567845 -0.0477946542226034 0.227158611654286 -0.289892703779403 0.12068653307622 0.921843775365874
1463226071.01002  -0.419091643624162  -0.407238918953579 -0.0868159539840914 0.218115239013953 -0.301819897700231 0.122221363420439 0.919995885961322
1463226071.15323 -0.493411159906749 -0.400667455524299  -0.11515074633948 0.22415765451199 -0.322673425740325 0.106270875227343 0.913423071376622
1463226071.2473 -0.542711583216017 -0.392389037481617  -0.13116600513268 0.211781174680167 -0.343839292526923 0.0914171323716754 0.910256108397309
1463226071.38943 -0.613717454894094 -0.375508455858523 -0.148665941973433 0.19765771659676 -0.36562538924522 0.0657182340057288 0.907155232321461
1463226071.53174 -0.685724202886078 -0.352266405747863 -0.158884712214287 0.195724914368687 -0.384278106509078 0.0435621909045992 0.901179466186819
1463226071.67607 -0.764330247277057 -0.325243281983044 -0.165284848412294 0.177870004876407 -0.40390870888693 0.0203229427943578 0.897110357897365
1463226071.81631 -0.842826942909469  -0.31204967813973 -0.171122468437284 0.16809667710885 -0.418481583746 -0.00376056153438712 0.892525926451074
1463226071.95885 -0.913941432518387 -0.303080947887103 -0.177379684087818 0.176778416695263 -0.430872063354178 -0.0276715474697501 0.8844958687706
1463226072.10078 -0.980527505347742 -0.294232007806303 -0.185366627400039 0.19533475669818 -0.454138962972995 -0.064251003678964 0.866875967864908
1463226072.2903  -1.07467478308524 -0.277458398690957  -0.18647724651482 0.196343110908732 -0.461658471436159 -0.099920728497156 0.859265201533559
1463226072.43282  -1.15538335350921 -0.274202767154005 -0.190850696210858 0.201633279487621 -0.460411785379679 -0.108289075409617 0.857693700940781
1463226072.57656  -1.23343615060835 -0.292181416717207 -0.205256190151866 0.198691429230019 -0.463592018176862 -0.108056748503264 0.856695917893939
1463226072.66976  -1.27981929983391 -0.317327823476861 -0.219722896227904 0.187641154725852 -0.469766810617387 -0.102847241527211 0.856465052180041
1463226072.76488  -1.32577521363983 -0.350225280804578  -0.23659354236955 0.200040707341474 -0.475741769548685 -0.09949836315238 0.850737068572309
1463226072.85941  -1.37332849708436 -0.384285950985651 -0.249846126580967 0.207723864787796 -0.476022776760178 -0.073626951649838 0.851370767641164
1463226072.95433  -1.42654979540889 -0.413234394706436 -0.258483760035514 0.205363293666848 -0.47517444080935 -0.0506154177818315 0.854092060552372
1463226073.05226  -1.48367575016578 -0.440997295568166 -0.265570951240389 0.196774076716938 -0.475098178945418 -0.0465381163477766 0.856385361167358
1463226073.14473  -1.53965588350422 -0.477123703894764 -0.275187662051182 0.205782031408824 -0.471459148360032 -0.0388858303383621 0.856660912599488
1463226073.2389   -1.5918815550769 -0.517337655213881 -0.287090392648783 0.20737143039069 -0.476729695698816 -0.0188427432989963 0.854032106025062
1463226073.33671  -1.64147764201654 -0.558415476701949 -0.300828932139238 0.212359055047872 -0.481709203097292 -0.00738075638498055 0.85017962797619
1463226073.42873   -1.6931742554372 -0.595949619932719 -0.316932495676369 0.212844794275344 -0.490233234631739 -0.0109097971864585 0.84513279757547
1463226073.52601  -1.74486489518742 -0.633976624246162  -0.33177392638814 0.233224347027172 -0.487757950973989 -0.0112150954272511 0.841173470129654
1463226073.66567   -1.8197033422794 -0.684068450893836 -0.347937594893996 0.264759701221526 -0.471300177822729 0.000390994862486814 0.841295602102121
1463226073.8101  -1.89072859544055  -0.73659344711546 -0.366594143667779 0.266661735908406 -0.457336607303628 0.0138205962194895 0.848259239467782
1463226073.95014   -1.9607764011751 -0.793208865745799 -0.389384269685433 0.249961581899648 -0.468035184857128 0.0299463884918763 0.847092372251264
1463226074.13975  -2.05736180777395 -0.850111295180698 -0.412773497131057 0.254515041139757 -0.47816322197376 0.0381567158741879 0.839717864534867
1463226074.33069  -2.18179525758635 -0.863532317427973   -0.4157296538182 0.231850047437956 -0.490220732750152 0.042351722020564 0.839127833126047
1463226074.4749  -2.28240870767309 -0.870504169584693 -0.414796175491564 0.21928195688238 -0.492475718722168 0.0517855919968221 0.840655305292518
1463226074.61415  -2.38027870462849 -0.879636016958072 -0.420128343720157 0.22629496423347 -0.512944019918979 0.0446337941512553 0.826853581966961
1463226074.75629  -2.47567015722414 -0.873910985569801 -0.417718414887702 0.231586312969807 -0.50674242211285 0.0142404248482493 0.830287364456665
1463226074.89985  -2.58136702942563 -0.854693847240572 -0.412760354412242 0.217333946754142 -0.513359337433012 -0.0172652685289656 0.830018106285176
1463226075.04073  -2.68980003060827 -0.841833481223149 -0.420623059445723 0.215632861249534 -0.529392080523684 -0.0467193395771147 0.819184837223946
1463226075.13681  -2.75723047513848 -0.835969733675744 -0.428082488986737 0.196847083487448 -0.545233559861177 -0.0533589135702375 0.813095576956484
1463226075.2777  -2.84522529602991 -0.831653806401768 -0.436691482793746 0.220332596017721 -0.544957636557556 -0.0763854051907752 0.80538189162877
1463226075.41998   -2.9342128054053 -0.824677538416724  -0.43895085968379 0.255008093987767 -0.541974458685607 -0.0964924410162426 0.794936328871625
1463226075.51539  -2.99679511427552 -0.817440791579045 -0.438707589473554 0.233258593188031 -0.556311685395932 -0.119577458252202 0.788548647119391
1463226075.65714   -3.0789435068076  -0.83008592201422 -0.451360784534808 0.214981292639118 -0.573132081775168 -0.143772981254412 0.777580857863987
1463226075.75202  -3.13223917157384 -0.857102834256216 -0.471347383202332 0.230299046712266 -0.586698061874204 -0.14920960330207 0.761895155227353
1463226075.84685  -3.18688479689222 -0.886450960858257  -0.49042343675964 0.233187177545321 -0.589627301576949 -0.136861559500077 0.761073123290226
1463226075.9435  -3.24740109777914 -0.914810125463329 -0.509950786451066 0.244838338345631 -0.595142634563828 -0.115530912979737 0.756645254228588
1463226076.0365   -3.3116681343014 -0.942167944155263 -0.529650837887624 0.254251404323735 -0.595181858551473 -0.0926631538084351 0.756656010732022
1463226076.13156  -3.37431994165902 -0.969773622274342 -0.549717840068192 0.256204484998943 -0.594353840348056 -0.0764353111341283 0.758459239209183
1463226076.2262  -3.42924968249559  -1.00061110048473 -0.570965506052248 0.25073706371037 -0.59343879747113 -0.0580732860376051 0.762619703382175
1463226076.32393  -3.48084559400704  -1.03469670199269 -0.595650786088414 0.248202351580969 -0.598866155221909 -0.0417891216215676 0.760268761763564
1463226076.41995  -3.53426007497155  -1.06701190789833 -0.621638451089946 0.250751150613248 -0.6044205383454 -0.0265580263624739 0.755707843368136
1463226076.51068  -3.59112060800337  -1.09383775028157 -0.646524133043687 0.259943549733168 -0.612631903660238 -0.0128884366566415 0.746287739260334
1463226076.60564 -3.65062083856574 -1.11829975314873  -0.6703060520849 0.266091153106578 -0.626732675744327 0.000805942893685572 0.732394020899147
1463226076.70049 -3.70781477860237 -1.14691267447668 -0.69462015544335 0.279127622627474 -0.632877294917222 0.0185143533050547 0.721949664856415
1463226076.79565  -3.76125636533756  -1.17591436852435 -0.722291908907605 0.279398615657784 -0.647351442500581 0.0195067684920484 0.708866707811793
1463226076.89228  -3.80711718792399  -1.20882468888722 -0.754308080917271 0.302797790397368 -0.657396359665089 0.0191899792562219 0.689764647634036
1463226077.03236   -3.8795804353912  -1.24970733398367 -0.802888569159127 0.322046810673707 -0.6740137835311 0.0197603582878474 0.664530510650429
1463226077.22206  -3.98324851165494  -1.27474775498257 -0.855389041607284 0.3366758333288 -0.67905054916928 0.0356904365778233 0.651356989416819
1463226077.41174  -4.1030040549536 -1.27998758409959 -0.90151776145586 0.322183600673441 -0.680438997603157 0.0388432141896576 0.657032497452998
1463226077.55388  -4.19517717979411  -1.27203147157537 -0.933438335435279 0.315528904148609 -0.692003198967661 0.00521068358467495 0.649265686789223
1463226077.69624  -4.28906884558662  -1.24661032805001 -0.955702827480254 0.304020373611075 -0.702579139902107 -0.0297051433568471 0.64270659640457
1463226077.84392  -4.39220536989849  -1.21216022091242 -0.979465366810061 0.28574920441772 -0.716063886576105 -0.0777564301059564 0.632102713246305
1463226078.02898 -4.50091082545457 -1.19193157090584 -1.02343615070517 0.304791244333041 -0.728253214607173 -0.103203555042027 0.605060806050866
1463226078.17173 -4.57377116369276 -1.17867726719201 -1.05972711999303 0.330738480167375 -0.731720282606129 -0.137982146377893 0.579791697974653
1463226078.40746 -4.71280312190227 -1.14127743627857 -1.11701772089097 0.317195888153672 -0.741597169998885 -0.178059001188236 0.563662485964691
1463226078.59717  -4.8148719727017 -1.14143792797087 -1.18683819438784 0.320562395203135 -0.750668742208457 -0.152120328620583 0.557311040508949
1463226078.73963 -4.87747298216204 -1.15512183330061 -1.24813683975267 0.322399471816979 -0.768891394589274 -0.137322357399457 0.534796385605727
1463226078.88194 -4.94704660665853 -1.15977696117966  -1.3073705770376 0.314321357705086 -0.782724708121093 -0.125943696484725 0.52218990865675
1463226079.02768 -5.02794922128276 -1.16248836787247 -1.37151934196509 0.306339071202333 -0.798916362294893 -0.110697980453907 0.505603576565489
1463226079.16733 -5.10014908417165 -1.18010408435067 -1.44094241117462 0.305191950596859 -0.815616779846575 -0.0995010532943294 0.481379976854986
1463226079.35598  -5.1863139571567 -1.21272226816056 -1.53268776224841 0.305661328791165 -0.824738120718737 -0.0983500009621572 0.465516338731186
1463226079.54566 -5.27796503489333 -1.23807161959991 -1.62731222464889 0.326104839173724 -0.823618849981592 -0.063390393630008 0.459662138769241
1463226079.78279 -5.38259031226574 -1.27519470048074 -1.75577080965438 0.303842411042818 -0.837727452103253 -0.0307774516979835 0.452708795707858
1463226079.97877 -5.44789949451739 -1.31514361636069 -1.86226789853707 0.299905393928564 -0.85042368332677 0.00862486062351808 0.432159606289976
1463226080.21144 -5.54262747625607 -1.32186128181856 -1.97835028449753 0.304858690578204 -0.856450552610719 0.0463101391758476 0.414015701056434
1463226080.39943 -5.63132780263672 -1.29444284095112  -2.0757825552303 0.27566825286501 -0.876660140794637 0.00737845317432631 0.394232888446708
1463226080.5414   -5.694110708306 -1.25273353719096 -2.14830996095229 0.27403664798135 -0.885424097089454 -0.0557550496164002 0.371240431928883
1463226080.68591 -5.76183157175223 -1.19602287047209 -2.21256888429219 0.263628126749673 -0.88860419689798 -0.0987569945762094 0.362118555260607
1463226080.87349 -5.84599227072385 -1.13128539166617 -2.30730745804363 0.273670828419167 -0.883379241016876 -0.148638217787882 0.350217181796747
1463226081.11047 -5.93411396944442 -1.07542705948769 -2.41457040371957 0.259951244546693 -0.884626209650244 -0.185915568637944 0.339554444819235
1463226081.25299 -5.99678721642771 -1.02635265766275 -2.47168004874003 0.256767972832987 -0.881791954442026 -0.227931767191735 0.323357799833874
1463226081.39702  -6.06617605987365 -0.980717922259538  -2.53146891655594 0.241018072280494 -0.881294920936008 -0.256204274482265 0.315577123542894
1463226081.53721   -6.1185462491449 -0.962109995547577  -2.60169525716693 0.249551524762665 -0.888488743137496 -0.252026690875602 0.291194671814021
1463226081.67943  -6.16340123768433 -0.954981118726888  -2.67300360976812 0.270092290068526 -0.891060776602522 -0.251445951038933 0.26426460404711
1463226081.82161  -6.21668033463747 -0.947590206541457  -2.75156077026359 0.272059273045399 -0.896570992446498 -0.233702082295631 0.259860624535918
1463226081.96397  -6.27107682783431 -0.939409133720507  -2.83537761153125 0.274253862139704 -0.901353517052561 -0.212093786911631 0.259543603180503
1463226082.15366  -6.34494454940689 -0.944940269735848  -2.96856161928274 0.250213723358039 -0.907289872800239 -0.203795875376023 0.269602337781322
1463226082.34583  -6.39808479302198 -0.964935806178035  -3.08998950418668 0.236539643112126 -0.915041642639121 -0.191132617628204 0.264983229566096
1463226082.4856   -6.4467514201032 -0.974211803539411  -3.18879278241946 0.234614155933016 -0.927964081666437 -0.144390877083301 0.250978356811738
1463226082.6278  -6.48790216418133 -0.986622783740501  -3.27910673069517 0.231928258185079 -0.936099727767225 -0.120866046084493 0.235197750059952
1463226082.7701  -6.51419037080918 -0.998464506486731  -3.36763877456238 0.231387970802409 -0.945328133539361 -0.103441853598703 0.20521722596068
1463226082.9598  -6.55504274976262 -0.998516242233535  -3.48024211476956 0.237342272147913 -0.949621876861768 -0.0744110822972339 0.190656569959059
1463226083.24451  -6.65499244021833 -0.917726495336805  -3.64554048552366 0.222387310360124 -0.950753299784118 -0.0983618475960602 0.192189994739297
1463226083.48136  -6.73175573699146 -0.848774242320866  -3.76998150591956 0.21129248090739 -0.950129703012309 -0.133762780358376 0.186323786877947
1463226083.76865  -6.84044985305926 -0.740537782402298  -3.91512793027345 0.237669450343641 -0.938188572555326 -0.17233892707449 0.183343199805081
1463226083.95546  -6.88917060791502 -0.708231092852412  -4.02214621698672 0.251408775037727 -0.931560948938923 -0.193572531268358 0.177531691211467
1463226084.14682  -6.93801256975221 -0.655894899026517  -4.13308731395933 0.256647199290097 -0.931230177660233 -0.199188779193803 0.165125411595923
1463226084.33491  -6.98696676885155 -0.608554427508361  -4.24629165813783 0.262496265958384 -0.930274421211742 -0.192346714965547 0.169375183657544
1463226084.52456  -7.02394615783053 -0.565470353157042  -4.35296921369073 0.254060294786823 -0.926068874245551 -0.22996868697181 0.158000663855797
1463226084.6668  -7.06099074735898 -0.528927951478319  -4.43777105405092 0.249113057292439 -0.930947700279306 -0.217558575888007 0.154749249073031
1463226084.76175  -7.08604467987491 -0.515415264912894  -4.50501294274931 0.245660221947642 -0.938437175537363 -0.193602306307295 0.146645388316807
1463226084.85654  -7.10536584287448 -0.511845285852623  -4.57507369584077 0.252783306409668 -0.942372222357598 -0.180854931177956 0.123801003218938
1463226084.99904  -7.13131877904778 -0.513740383287151  -4.67757541529534 0.256807657464707 -0.944641169306131 -0.174873283287489 0.105461951014042
1463226085.19191  -7.16934111843578 -0.502215422231065  -4.80879987410273 0.245260728805392 -0.950959854244607 -0.155856771652369 0.10597734310231
1463226085.37811  -7.21050901285302 -0.487261967568318  -4.95258596494488 0.245749395116 -0.95538673455571 -0.116978288362719 0.114714873869202
1463226085.61509  -7.24477735438564 -0.482657172127806  -5.12983243551011 0.219649638624061 -0.961542055618707 -0.11387099698566 0.119265701584161
1463226085.80496  -7.27080078294517 -0.472541079917477  -5.26730651818254 0.211372710152431 -0.966751050623256 -0.0910492787546582 0.111463053788707
1463226085.99484  -7.28977416745374 -0.447929536111988   -5.3972739653845 0.211263785868461 -0.970436262875563 -0.0861382826773786 0.0787481347971368
1463226086.23164  -7.30969864715184 -0.424322820007725    -5.553491924644 0.201395313137307 -0.975043802181725 -0.082891066460325 0.0431112836088279
1463226086.46884  -7.35383224718822 -0.317672814256434  -5.69155444629233 0.20732392245998 -0.96880837000875 -0.133531039608909 0.0244252909452821
1463226086.7534  -7.40431199945742 -0.197984240209677  -5.86404356440246 0.206883689714667 -0.965568288521891 -0.157680711558908 0.00371649475012409
1463226086.99033   -7.45415955818518 -0.0883057862679342   -5.98382834158574 0.219843689026172 -0.955679046546778 -0.195092276262892 -0.0168913033650138
1463226087.13264   -7.47710344124902 -0.0360879809254755   -6.06394246060785 0.228766000691358 -0.948580740613278 -0.212675114046298 -0.0512834410959444
1463226087.27727   -7.49275011632249 0.00194762641179125   -6.14232103620621 0.236519765663236 -0.937711204904654 -0.242377821215834 -0.0775183102856087
1463226087.41713  -7.50635502568582 0.0477647302176265  -6.21238612485038 0.244565692915795 -0.92578616754436 -0.271155304701823 -0.097889706119715
1463226087.60709 -7.52602947143386  0.12455025382258 -6.31241325521916 0.26235897408335 -0.91966375428366 -0.265910602161113 -0.121152381046062
1463226087.75209 -7.52682387979534 0.170984730243698 -6.40093743069619 0.262788371866369 -0.919221787957029 -0.258622063850008 -0.138160067482857
1463226087.89161 -7.52161868184292 0.201047548400497 -6.48316156008747 0.255669454476457 -0.915899655774773 -0.268896096341274 -0.153152995307918
1463226088.03565 -7.52272230227913 0.237235493370246 -6.56793570270163 0.235036609658563 -0.921200912426238 -0.266819401617554 -0.157968598100145
1463226088.17607 -7.52812727331543  0.27881022399878 -6.66600944587896 0.224258928207472 -0.929030458477239 -0.247524518551473 -0.159191560883951
1463226088.31822 -7.52353841616628 0.297058674612221 -6.76526217496277 0.215829149514382 -0.933666896825532 -0.224002031987523 -0.177502094797611
1463226088.46065 -7.51499789753021 0.303761159264739 -6.86367703145634 0.217070482633233 -0.93484976962907 -0.212172328949156 -0.184171704184281
1463226088.65004  -7.5052832716025 0.328433237079359 -6.99138912117856 0.202690231346025 -0.940471618937953 -0.202114654843672 -0.183247020130054
1463226088.83977 -7.49173658062132 0.361548106521966 -7.12793270885552 0.19709257743225 -0.944397888005301 -0.196163164931319 -0.175462696252984
1463226089.0312  -7.4718404334448 0.376391359480616 -7.26752773728796 0.174984889028343 -0.94608596156895 -0.219477574860277 -0.161651588508575
1463226089.22141 -7.45805911328342 0.395638630060938 -7.40351970118251 0.15493265306219 -0.957405744234685 -0.193581462241755 -0.147974090292472
1463226089.4584  -7.4597104502196 0.421792356224979 -7.56346904059767 0.135874498729624 -0.961086365602529 -0.181726398853079 -0.157564699116861
1463226089.69557 -7.43330738999658 0.440460988562261 -7.71459429750821 0.131798710462794 -0.961284224889316 -0.165472342602 -0.176580414353058
1463226089.88307 -7.41905740537086 0.484349150758858 -7.82546957055746 0.129720677470225 -0.964221022049466 -0.127680888054953 -0.192738053585813
1463226090.16934 -7.39321196006405  0.59688052337744 -7.99296619496301 0.140665213944769 -0.962369503574339 -0.0991255159416667 -0.210314926396705
1463226090.35718 -7.39733730886195 0.698950117200522 -8.09109857960299 0.161765903778916 -0.949564461400711 -0.150672391532411 -0.222389200388129
1463226090.54679 -7.40195219795659 0.807311441943372 -8.18990092207022 0.148090705365113 -0.940567381421637 -0.196244759913027 -0.234286444756811
1463226090.73971 -7.39423116561653 0.887850738676312 -8.28460861488674 0.165413119202013 -0.920791295126967 -0.237985993916682 -0.261045125435723
1463226090.97743 -7.38434501684748 0.991956587800549 -8.40499988420843 0.175560430339837 -0.900840032996729 -0.272004777000085 -0.289273523742628
1463226091.21059 -7.36770333437575  1.09662155236496  -8.5281882470868 0.193822828675649 -0.890973244853035 -0.284136345972311 -0.296421869870843
1463226091.40057 -7.35243602007643  1.15621379445728 -8.63458453939616 0.192271149827186 -0.881328626274582 -0.315273917411147 -0.294777906996638
1463226091.54265 -7.33986868762908  1.20478474420563 -8.72323691691352 0.188947403356481 -0.881399379596869 -0.306475011444239 -0.305789273473338
1463226091.68497 -7.32463465612867  1.24573845996737 -8.82105490756342 0.18062246885413 -0.892522331212541 -0.268302724196232 -0.31431363352685
1463226091.83285 -7.29633335329007  1.26603017248512 -8.91412532445572 0.166984064126052 -0.887608294586972 -0.242233378682287 -0.354387962493814
1463226091.96958 -7.26559238010156  1.29067698369544 -8.99723113568254 0.165337015736308 -0.871038231786067 -0.225384574825004 -0.403928042385479
1463226092.20736 -7.21325841987718  1.35763479755316  -9.1412008286955 0.144911866498556 -0.869726324580686 -0.210820376157373 -0.422056205115078
1463226092.39621 -7.16178762119554  1.39185260837828 -9.26608059615275 0.116682633441387 -0.875754386110369 -0.19356924106938 -0.426579848531852
1463226092.63331 -7.08885787876283  1.42596340493044 -9.41840471542511 0.0906636264588559 -0.868890221541845 -0.162963586019862 -0.458533269652093
1463226092.91797 -7.01627639337367  1.48847062623047 -9.58513826679135 0.059605129046374 -0.860731910639851 -0.130051998370432 -0.48854302197196
1463226093.20236 -6.94728375485189  1.58904706293271 -9.70794437187311 0.0598288242894158 -0.832074831015821 -0.1573621122991 -0.52849706998895
1463226093.44061 -6.88639366623679   1.7108391896913 -9.79907125386441 0.086141961763154 -0.812328536209566 -0.181490915131943 -0.547506127278763
1463226093.72574 -6.80330501075087  1.82138230401269 -9.89744168724406 0.0888033741456663 -0.781458406607558 -0.217877253969189 -0.577898106663767
1463226094.00833 -6.72133708095516  1.94685941996582 -10.0070836628852 0.0780881862936554 -0.751668896043348 -0.221007668410946 -0.616483346397856
1463226094.15403 -6.67472981514329  1.98323115425958 -10.0611894746889 0.0832836084561465 -0.725526535247193 -0.206844467986804 -0.651068700889532
1463226094.29474 -6.63485217193252  2.03597983932989 -10.1063458371911 0.0910479753971458 -0.697505610974762 -0.235092556349729 -0.670766486032027
1463226094.48269 -6.57215650587617  2.11493846478733 -10.1717396961896 0.0973126368393914 -0.677188397412614 -0.239711907724836 -0.688828227075531
1463226094.57741 -6.52866105647012  2.14284043702102 -10.2131702586752 0.0831884896471094 -0.690229686107165 -0.220855166192095 -0.684021674490582
1463226094.76739 -6.43769073665592  2.18209543590918 -10.2980737887455 0.074202468584906 -0.68322488325461 -0.221583711229826 -0.691808074161647
1463226095.0042 -6.34579708750465  2.25979000082065 -10.4076355655382 0.0626803465222897 -0.682985024266846 -0.206639856627211 -0.697784064335198
1463226095.19389 -6.27061349690225  2.31883537218908 -10.4929642693212 0.0483671656268454 -0.652257393180328 -0.202538857838286 -0.728833946380375
1463226095.33913 -6.21230780655652  2.35087218763647 -10.5579049127014 0.0444966963668742 -0.624768977392066 -0.194971386405029 -0.754764815942163
1463226095.47836 -6.15428364636861  2.39644852817674  -10.616971453374 0.0374421791824071 -0.607093622001881 -0.1900647887076 -0.770656079867177
1463226095.71577 -6.05805885603332  2.48520806880935 -10.7144136402071 0.0457744608348813 -0.600566044485719 -0.176896459325243 -0.778416834108979
1463226095.90523 -5.96917753224764  2.52622023348906  -10.792004246015 0.0336250105068788 -0.584047399108426 -0.176976341169572 -0.791477964904473
1463226096.04738 -5.90811660328636  2.56159998888902 -10.8452915129344 0.00464155277290812 -0.573967780416319 -0.169589989721049 -0.801110902695897
1463226096.18972 -5.85293816791975  2.61286481882301 -10.8971428580964 -0.0132128764742708 -0.555387209567826 -0.157637462750328 -0.816407311139102
1463226096.33506  -5.7962511632207  2.65546168639516 -10.9508021444788 -0.0223695084326124 -0.521650712697974 -0.160193214199762 -0.837686261770198
1463226096.42675 -5.75520823093542  2.67472413591547 -10.9846852082743 -0.0432967450024102 -0.504648416751138 -0.149783412701121 -0.849129140132625
1463226096.57138 -5.69899986878948  2.71242456651471 -11.0315452778103 -0.0388559975185909 -0.46656950330711 -0.1495121774302 -0.870889900527428
1463226096.71133 -5.63891536220073  2.76665795758848 -11.0689473046123 -0.0432386004769635 -0.435872279592439 -0.141186464296692 -0.887813134398835
1463226096.85469 -5.56975062611232  2.81710161687054 -11.1120312801262 -0.0535451107177897 -0.423246742920981 -0.126732347571972 -0.895507692766454
1463226096.99585 -5.49901026801005  2.84704056937867 -11.1585313796373 -0.0786875396265006 -0.402234439899118 -0.123916547737205 -0.903692655532546
1463226097.13857 -5.43450101776027   2.8852405500921 -11.2061430247623 -0.0731604962567969 -0.371760442618607 -0.128569434361285 -0.916466920101046
1463226097.28346 -5.37115242125404   2.9398499445044 -11.2568419893503 -0.07590336516598 -0.372649070743877 -0.118608053495235 -0.917225969364298
1463226097.42263 -5.30727561993817  2.99023270671242 -11.3061260299514 -0.0915846631733866 -0.345143826718834 -0.11437536338898 -0.927041673604232
1463226097.51951  -5.2631340906973  3.01153491953627 -11.3384694052459 -0.10502534590636 -0.31452567758164 -0.105206596081927 -0.9375365843528
1463226097.65971 -5.19822854672503  3.04343984156563 -11.3848478865131 -0.110133453595825 -0.28157965705029 -0.0984031142317023 -0.948103552489916
1463226097.80369 -5.13615604882444  3.09386864021744 -11.4244064885219 -0.112396122356966 -0.255914470358569 -0.0969282158818633 -0.955238094145208
1463226097.94428 -5.06706285191727  3.15628298653032 -11.4611765091733 -0.09535453815504 -0.239657966885093 -0.0801247827111806 -0.96283518327761
1463226098.039 -5.02018247305613   3.1902435010325 -11.4882392659058 -0.0691239015806408 -0.221370304622203 -0.0859032946817872 -0.96893637480722
1463226098.13392 -4.96665295502984  3.21083780498244 -11.5188887297327 -0.0905617351380294 -0.225603881547301 -0.0871803794792767 -0.966075070682103
1463226098.2761 -4.88935840601017  3.24401928934212  -11.563632659183 -0.109945332532421 -0.230315986130352 -0.0858612449266615 -0.963065115662894
1463226098.4185  -4.8176739172021  3.30121962476996 -11.6083376679013 -0.109580967850091 -0.221618886724199 -0.0744130812156367 -0.966095116371136
1463226098.56116 -4.74990154454204  3.35355631692865 -11.6484801695713 -0.0967357613895119 -0.204666977203986 -0.0824711750358744 -0.970542181565941
1463226098.70636 -4.67609427860466  3.38752890076126  -11.693393215074 -0.0987937744557782 -0.191841979424657 -0.0808276828152016 -0.973089580023307
1463226098.84831 -4.60142232288567   3.4234061950426  -11.732784843985 -0.0999098541300119 -0.195494471967419 -0.0893782658157267 -0.971499592422803
1463226098.98746 -4.52943019682488  3.47871577462721 -11.7591980523327 -0.0981081065773116 -0.193424349655274 -0.0863797468595112 -0.972368427971999
1463226099.12976  -4.4510048611455  3.53149561565947 -11.7763169675183 -0.0897183629399083 -0.165464790649194 -0.0669810396497762 -0.979839557649229
1463226099.27188 -4.36577477596421  3.56141398063002  -11.801817433983 -0.114011480231122 -0.165063521390053 -0.0707174771272103 -0.97711537430878
1463226099.41657 -4.28063064346497  3.58797044131879 -11.8357532525234 -0.114953130053272 -0.165382613240961 -0.0796542778437369 -0.976263061448982
1463226099.5574 -4.20046294948641  3.63356646083518 -11.8657665711192 -0.116306465948498 -0.167581186558859 -0.0654935540596857 -0.976780398179001
1463226099.69862 -4.11964396108192  3.68521623612284 -11.8950177028959 -0.122314597315334 -0.155848936190514 -0.0570063868790159 -0.978519555362525
1463226099.84101 -4.03660427016365  3.71907962833202 -11.9283363389124 -0.137393060659638 -0.139131534598547 -0.0533661570134764 -0.979243389688408
1463226099.98332 -3.96020614753288  3.74965231075734 -11.9582663577989 -0.137588973716689 -0.108402323209984 -0.0482262401738744 -0.983357737750082
1463226100.12818  -3.8784487724229  3.80090804649843 -11.9792572867913 -0.140305199643417 -0.100850685217617 -0.0431309266653579 -0.984013878666935
1463226100.26783 -3.80215597361432  3.84854439942838 -11.9892249074135 -0.137234014299267 -0.084219900384805 -0.0240044674053202 -0.986659829547686
1463226100.36581 -3.74474311434815  3.87746756851955 -11.9971026221778 -0.110052044711419 -0.0646702404194034 -0.0242647289960562 -0.991522834021325
1463226100.50748 -3.65476355196496  3.89931127767249 -12.0206098073928 -0.125665138683661 -0.0713909259118818 -0.0288126707123151 -0.989081108212812
1463226100.64718 -3.56705763413241  3.92581916869594 -12.0408956020599 -0.154648759582466 -0.0797813403780029 -0.0169340327855973 -0.984597347863943
1463226100.78928 -3.48280531408629  3.96884097247363 -12.0538778072818 -0.172487507712827 -0.0742207311713764 -0.00347738905977535 -0.982205299574753
1463226100.88434 -3.42815435187472  3.99452246222465 -12.0611196660073 -0.177204060401238 -0.0485817285130969 -0.0102883491738654 -0.982920488393273
1463226101.02637  -3.3463182692474   4.0132505351411 -12.0727109352801 -0.206796890531435 -0.0201991040949536 -0.00551888757251692 -0.978159794788282
1463226101.12128 -3.29250429457383  4.02994836515976 -12.0777819611604 -0.189098949899241 -0.00105461505711038 -0.00713879233454602 -0.98193152132829
1463226101.26403 -3.20657167908981  4.07699130052394 -12.0791771839699 -0.18815666013939 0.0176287298760715 -0.00414158802323772 -0.981972070059425
1463226101.40575  -3.1297378213478  4.12258617648219 -12.0669204167074 -0.176675744219151 0.0412704007978553 0.00827066583978751 -0.983368715950004
1463226101.54977 -3.03614601324013  4.15117107969032 -12.0635784275239 -0.189157896503968 0.0536004342989885 0.00454272531510316 -0.980472155280233
1463226101.69299 -2.94437089444503  4.17092838564905 -12.0651361773018 -0.186825355566241 0.0649930967706657 0.0041997717904351 -0.980231883692127
1463226101.83277 -2.85299083300533  4.20744718659881  -12.062481276167 -0.191152792381999 0.0655019743647905 0.00657979596709142 -0.979350196611973
1463226101.9749 -2.76316019094247  4.25259904692343 -12.0566685906481 -0.182658637032449 0.0777321029942309 0.0115192725469033 -0.980031044835587
1463226102.11708  -2.6746744481093  4.27710213101178 -12.0562582911647 -0.189607014860764 0.105175982440531 0.00830191058287342 -0.976175327958013
1463226102.21204 -2.62083315758767  4.28748516850557 -12.0566989439106 -0.191729941840223 0.13064681978236 0.0111129957562192 -0.972649751559122
1463226102.35513 -2.53306999676155  4.31187093931626 -12.0513947472114 -0.198910089630726 0.13357795667766 0.00900881339514691 -0.970829823920819
1463226102.44903  -2.4708779022062  4.33763304158025 -12.0413750605023 -0.210183506252202 0.125237588029446 0.0181571490000075 -0.969437341030501
1463226102.59129 -2.37261460961229  4.37397784962324  -12.022054003281 -0.206111100389823 0.124446373401151 0.0270291812238112 -0.970206543889376
1463226102.7355 -2.27380234427916  4.38775078341457 -12.0127765191828 -0.206039901758848 0.126699082301683 0.0225659431205673 -0.970044163756576
1463226102.82863 -2.20797970466622  4.39527475102816 -12.0089767320144 -0.214399837342141 0.11821947721709 0.0108816140274421 -0.969504231775364
1463226102.9706 -2.11778184241839  4.42580830972432 -12.0004252406838 -0.219948452810703 0.113721097455908 0.0135276903593418 -0.968765808486831
1463226103.11446 -2.02553777870779  4.46375113571341 -11.9950578849539 -0.21391929531846 0.123300328329824 0.027010762251201 -0.968661954887679
1463226103.20778 -1.96987291208923  4.47864969003318 -11.9954133471171 -0.22351337191507 0.154145376074891 0.0392462681591268 -0.961634393127382
1463226103.30269 -1.91321150196408  4.48619354485916 -11.9970656781001 -0.254134693254059 0.16737493032136 0.0415253943295504 -0.951670548041895
1463226103.44707 -1.82889040876546  4.50790412865059 -11.9947425077212 -0.244053000875974 0.182322735368202 0.0380952972153163 -0.95170652055209
1463226103.58747 -1.74563091270766  4.54319155250977 -11.9793141698435 -0.248803581799813 0.183246474941584 0.0364660280848899 -0.950361897332158
1463226103.72938 -1.65651836257208  4.57877128330015 -11.9550690635665 -0.24385346292987 0.191619728351469 0.0444041320803138 -0.949655538275755
1463226103.82643 -1.59143749135918  4.59262059744073 -11.9412862380492 -0.226109388209599 0.193216331303434 0.0467084483460784 -0.953603856291607
1463226103.96675  -1.4915279176862  4.60051298740154 -11.9282269969468 -0.245079538219071 0.188768555720533 0.0337579908822242 -0.9503488045813
1463226104.1087 -1.39775660604263  4.62557245355441 -11.9098388213956 -0.247381610739365 0.176864092821695 0.0275829265019959 -0.952239787818143
1463226104.25102 -1.30403344100714  4.66371371236671 -11.8856068711446 -0.243467051193956 0.175365049487594 0.0280664585909868 -0.9535109691573
1463226104.39327 -1.20825113433005  4.68526938374294 -11.8671229437502 -0.238934501848315 0.181494439423782 0.0186025851719247 -0.953742111951478
1463226104.5355 -1.11757796139249  4.69408290558711 -11.8510853301212 -0.239714047054157 0.189240345165 0.0185571356662043 -0.952040387863149
1463226104.67768 -1.02294376973064  4.71850542700869 -11.8295909769148 -0.232832438408795 0.188441505565063 0.0173861026803862 -0.953926924894446
1463226104.77273 -0.957418859040045   4.74563313803736  -11.8036553279955 -0.224103510332999 0.17001830271595 0.0170755645131878 -0.959468508339159
1463226104.87018 -0.891875243112352   4.76808738255452  -11.7737425292901 -0.212083409950671 0.16160963610239 0.0282374912760352 -0.963382373115153
1463226104.96235 -0.825397649296902   4.78304046863398  -11.7488744648038 -0.190266251518941 0.156211281612251 0.0372232274330955 -0.968509793636313
1463226105.05717 -0.759814806193781   4.78420063739375  -11.7292332218578 -0.204952829460465 0.146550294121073 0.0278163239875843 -0.967338410851649
1463226105.19941 -0.665167166415776   4.79580594737721  -11.6948580510772 -0.181038121274412 0.132165116389169 0.00616664413122838 -0.974535557666024
1463226105.29433 -0.606335684528666   4.81109739027632  -11.6685027569221 -0.172071480024296 0.120780986610338 0.0038076076340368 -0.977644547450548
1463226105.38902 -0.547144317300211   4.82319927597431  -11.6356948249371 -0.17599500884004 0.109469314567749 0.00755894761910234 -0.978256146590633
1463226105.53148 -0.462622009412822     4.839178973629  -11.6038872978627 -0.170579048315045 0.127242890732728 0.001980363304581 -0.977091660590292
1463226105.67354 -0.381770640955843   4.83684001389365  -11.5696763469137 -0.170135534876981 0.133502866813407 -0.00823971403323584 -0.976300666514868
1463226105.81761 -0.304259485443788   4.83879472871752   -11.525879199502 -0.15753728560619 0.115470416098665 -0.0188965772851241 -0.980556732686458
1463226105.95889 -0.229444522188357    4.8516423283274  -11.4676067180813 -0.155677845241551 0.0944319834940011 -0.0222170603561842 -0.98303276202956
1463226106.05526 -0.178468863352175    4.8555583019489   -11.423857943485 -0.147593926354805 0.0710178765912572 -0.0235119650010936 -0.986214825283735
1463226106.19564 -0.104520861093391   4.84539997492531  -11.3622731063626 -0.133257036351554 0.0529180793900722 -0.0389472907805776 -0.988901080835348
1463226106.33746 -0.0425297434015316    4.82729046809526   -11.3062769944697 -0.133122181226213 0.053656974306631 -0.0583539488991906 -0.987924202872722
1463226106.52921 0.0409247667256254   4.81932663356842  -11.2092246271207 -0.112881176270811 0.025195105899422 -0.0589688948569079 -0.991537047276495
1463226106.66936 0.100891018134881  4.80792222926003 -11.1356904710379 -0.133594560484886 0.00719841833521005 -0.0683051804532017 -0.988653163908141
1463226106.90692 0.194733212003204   4.7702244672613 -11.0294569987326 -0.12433141424568 0.0178672368538685 -0.0598533347857995 -0.990272709708743
1463226107.14473  0.26584991071458   4.7550397858193 -10.9005836516504 -0.112481009960191 0.025110104020926 -0.0402741953297138 -0.992519770213641
1463226107.38076 0.319901930540139  4.70787823807008 -10.7682739715731 -0.127007980338918 0.0408430001265225 -0.0267534852071733 -0.990699285000329
1463226107.57031 0.351378734014883   4.6625805349984 -10.6779788567536 -0.124949780116057 0.0727909088290808 -0.0263773876190433 -0.98913763929151
1463226107.76008  0.37634625761731  4.62744998087211 -10.5722815928475 -0.153430094512288 0.0926466014028473 -0.0100014472385174 -0.983755957745409
1463226107.95213 0.402675486996001  4.57817867808183 -10.4701130070998 -0.168615490625368 0.126318706188311 0.000668872298293401 -0.977554066738984
1463226108.13931 0.421042861551265  4.53207853875792 -10.3770281442432 -0.165654970201309 0.154131105048567 -0.00201425501020947 -0.974062614045352
1463226108.32908 0.433078278334805  4.49500837387326 -10.2544824394248 -0.16326228404507 0.149288849035087 -0.000215891409441772 -0.97522213856796
1463226108.51861  0.43596745673198   4.4445143932215 -10.1306625904282 -0.183344727685387 0.138603404785148 -0.000611194360917555 -0.973228356272765
1463226108.75586 0.441838130787589  4.36473746445083 -9.99461891724356 -0.184287997602915 0.140009379284785 -0.00885251959550091 -0.972808789304768
1463226108.99297 0.422811460866362   4.3100478742511 -9.85396202047785 -0.20890320313879 0.152534856295707 -0.00274332669006897 -0.96596327233072
1463226109.18259 0.40582058473951  4.2574960447762 -9.7443891136565 -0.209319745503618 0.17465421060808 0.00791867385600665 -0.962090663848024
1463226109.37519 0.381070817340751  4.19911753625394 -9.64974473535081 -0.214845046018543 0.199533175762914 0.00733245973446875 -0.956020058892856
1463226109.56206 0.350856023381004  4.15495483673632 -9.54091371617291 -0.2375804338232 0.192654386491808 0.0196806248437862 -0.951867899361883
1463226109.70419 0.337866062444305  4.11723269471165 -9.45801926400364 -0.259241906315187 0.161133656034208 0.0167703586543878 -0.952128318019016
1463226109.89396 0.327317726467297  4.05233618568265 -9.34046760086677 -0.23971229586374 0.142207039177573 0.0135192097862093 -0.960277253811023
1463226110.27317 0.284709279499711  3.98217690353606 -9.11820631559447 -0.209108886070706 0.133050567728635 0.0144641934455993 -0.968690769699663
1463226110.55947 0.278473117144252  3.88758980423914 -8.97597253733925 -0.200786656686647 0.115893069011355 0.00516177424739782 -0.972741934501822
1463226110.65553 0.286560417223733  3.85718974557511 -8.92259013649644 -0.198888795949884 0.0698719043517927 0.042534620793753 -0.976602257759929
1463226110.84233 0.301980515393325  3.81233454070133 -8.81431540119526 -0.19722383390992 0.0177288871002101 0.0790268917987739 -0.977007265209776
1463226111.03396 0.301280555909908  3.75615462716525 -8.71646608588754 -0.213026507497116 0.0275886658080835 0.123276289084679 -0.968845461965953
1463226111.36387 0.297464822436257  3.68018872653426 -8.53086449429883 -0.204732163511052 0.0286537307295946 0.206748155983234 -0.956304818003597
1463226111.64833 0.313841436576868  3.63369243633733 -8.38176387752373 -0.191199392636733 0.0425557456797668 0.263541417051944 -0.944551598518173
1463226111.838 0.314325827107143  3.58849869619057 -8.28985854979956 -0.192743610415951 0.0784518293518943 0.258677222391819 -0.94328219835361
1463226111.98022 0.312602994297095  3.56813139610332 -8.21366282919741 -0.19679846083024 0.0916124003113269 0.250202947589373 -0.943544391611563
1463226112.07509 0.315171600277883   3.5410980803611 -8.14782896095941 -0.203172100036773 0.0844204574253405 0.260987073371637 -0.939936184891108
1463226112.21947 0.324265649236593  3.50035688391073  -8.0839453430802 -0.203013569219125 0.0844581686202782 0.236022316986628 -0.946544121713555
1463226112.31222  0.33569439981438  3.46771476091252 -8.04046842392526 -0.211158292988319 0.0801996583804345 0.224720728332578 -0.947882262918553
1463226112.45762 0.352352999322699  3.43655285057445 -7.96980815712453 -0.214311231567199 0.0872744614313106 0.20125328174547 -0.951814572799085
1463226112.64429  0.37785240616531  3.42244638284446 -7.85675111667961 -0.208444064592196 0.0959879957707185 0.210373720089227 -0.950305358555882
1463226112.78777 0.410011868742637  3.39551448000506 -7.76995001999547 -0.208693425689541 0.0990484968764111 0.205745771573872 -0.950949592155105
1463226112.93077 0.439594818428823  3.36389893738287 -7.70594542868625 -0.20347210474126 0.104071389834955 0.21394329633228 -0.949734970591512
1463226113.07102 0.456525467753626  3.33267748770228 -7.64175400662927 -0.210410380745034 0.126752840419485 0.20426006314864 -0.947596441383586
1463226113.21318 0.465813516222424  3.31748246718474  -7.5590712882148 -0.206190708090136 0.134454229825528 0.203712872812886 -0.947580348798788
1463226113.35552 0.476075117572561  3.29767002610348 -7.47061111880288 -0.20725094721044 0.127632898510734 0.229710625732553 -0.942332168889338
1463226113.45031 0.489155301658941  3.26870613439113 -7.41297237569317 -0.210696635761039 0.113961239389375 0.234799505663423 -0.94206632236591
1463226113.54517 0.505870308843929  3.23762549636714 -7.36411880334796 -0.223389435110218 0.0949795981459225 0.22855675579375 -0.942781971400712
1463226113.68931 0.529425923704811  3.20034302619533 -7.28772314474433 -0.208624610089579 0.082331113766739 0.212874064891895 -0.950990006397176
1463226113.82972 0.546611774239154  3.19057183667895 -7.20699147779831 -0.190475697808257 0.0630408059513652 0.219111288879174 -0.954848212238556
1463226113.97218 0.562714061661025  3.16833216520529 -7.11406716916855 -0.203197553808721 0.0348444659494276 0.226909948288635 -0.951844783925667
1463226114.11583 0.573872272772831  3.12791703765486 -7.02889154568452 -0.197783605614129 0.0407793224793892 0.26102871941477 -0.943971768565714
1463226114.25663 0.573142697301628  3.08647920860942 -6.96041156242802 -0.196906891316224 0.0644640323646456 0.292624534452026 -0.933511085376176
1463226114.39865 0.569499008056945   3.0627284891003 -6.88721736867015 -0.18903559952284 0.0818301650322659 0.313155989444134 -0.927093680530235
1463226114.49352 0.569845615431317  3.05269324005715 -6.82609284890044 -0.163960283879626 0.07395901848876 0.336335516671435 -0.924405489555125
1463226114.63578 0.572444942486405  3.03243524866869 -6.73764588894907 -0.14735251412898 0.0628372236205596 0.347832418999828 -0.923770170659487
1463226114.73119 0.580970897497739  3.00304904463466 -6.67920893041223 -0.149359219670692 0.0466609187526456 0.331947000709753 -0.930228880910672
1463226114.8729 0.588847477201723  2.96965071638007 -6.60620276396264 -0.122122895485107 0.0568104841220705 0.328846132167954 -0.934729259545419
1463226114.96817 0.590625733721359  2.95314916824242 -6.55756542514487 -0.103584338004421 0.0666380509452283 0.319923425374251 -0.939403351592495
1463226115.1099 0.587397137172551  2.93375042377115 -6.47648279423348 -0.104731276173182 0.0752546932651252 0.31029669242492 -0.941851396772794
1463226115.20493 0.585075129982126  2.91625167999035 -6.41814637918317 -0.115665408141942 0.0758919803666427 0.320199611028347 -0.937194819540037
1463226115.29983 0.585361472155307  2.89024779407181 -6.35992751993993 -0.119928858550728 0.0800497992650071 0.325601092160506 -0.934447979990453
1463226115.39461 0.581613122925867  2.85477612779672 -6.31047136794156 -0.155061128813456 0.0929834934290944 0.312929052051576 -0.932408453770621
1463226115.48938 0.574536128190783  2.82156963139989 -6.26851903786656 -0.169021287329906 0.107387732075689 0.296994395889529 -0.933645547431784
1463226115.58493 0.563585907404771  2.79590669755106 -6.22624545546365 -0.164845068825534 0.128526174401217 0.290922299677853 -0.9336334084253
1463226115.67894  0.55024195071539  2.77585862350794 -6.18119096790927 -0.179808418976594 0.152023529440494 0.291829560305801 -0.927034673943384
1463226115.77566  0.53797572778821   2.7587339423168 -6.12947240746636 -0.197762414999654 0.169622661896036 0.286755829750721 -0.921894394108557
1463226115.86872 0.529100822742729  2.73627868320648   -6.073780210539 -0.211926890010775 0.175325553451385 0.288724908436014 -0.917052817915054
1463226115.96589 0.523712105069463  2.70481811045125 -6.02185951235532 -0.215695882522256 0.181625416781159 0.27968899407004 -0.917748092255225
1463226116.0584 0.520495730654357  2.66959714631784 -5.97171077871375 -0.22447455094144 0.189428722461341 0.27715851933068 -0.914828448534876
1463226116.15607 0.518720387879436  2.63997648319325 -5.92954518614443 -0.227936005108805 0.199729806817186 0.25807509974365 -0.917360575093629
1463226116.24976 0.514521222257709  2.61652407788209 -5.87994927709805 -0.230921621001826 0.209615992266365 0.252904000753552 -0.915847098124421
1463226116.34304 0.508191561419841  2.59918840652467 -5.82670312123169 -0.251064630818853 0.219374967433768 0.2450906237363 -0.910369024611326
1463226116.43771 0.504061469004235  2.58349132616164 -5.77083255567399 -0.253784944171865 0.226339763385716 0.259272962827182 -0.903958541288812
1463226116.53273 0.500922449384054  2.56009759287226  -5.7223496267646 -0.265091149132401 0.255693678208017 0.246860133555663 -0.89633001736916
1463226116.62737  0.50062817371254  2.53188832712575 -5.67742259609276 -0.266151840694514 0.275202376833785 0.247509744667903 -0.890036951915137
1463226116.72228 0.500015252601946  2.50528935168086 -5.63873505377146 -0.277307687626933 0.294659446966007 0.256218307121678 -0.877854450232151
1463226116.81723 0.496839709326825  2.48449619221656 -5.59767690036194 -0.280848880684202 0.313552771619182 0.257160993813369 -0.869871708293401
1463226116.91202 0.490536687070856  2.47179821121654 -5.55275376045872 -0.287640196713393 0.32781134935594 0.272165105188422 -0.857746461366
1463226117.00704 0.482781698892504  2.45890432433498  -5.5022979574211 -0.306639490841085 0.34291573365578 0.276743200703874 -0.843678981089498
1463226117.1016 0.477312631879035  2.44143077529513 -5.44938804921961 -0.319298173524061 0.353511839914775 0.280962549536817 -0.833149507100641
1463226117.19633 0.476148115871949  2.41735731731666 -5.39877856033369 -0.317638007758555 0.366966646410751 0.279425449523834 -0.828470273822559
1463226117.29223 0.480311556393541  2.39222905802759 -5.35250751039228 -0.316640620975993 0.382098248738032 0.267290910051403 -0.826011631191208
1463226117.38629 0.486581062879969  2.37203141939526 -5.30595347035982 -0.310184120174892 0.398016300927957 0.260075287219394 -0.82324339096327
1463226117.48312 0.492656739683691  2.35793472220009 -5.25258962927279 -0.308536321156223 0.404964848998856 0.269307593054106 -0.817485308691307
1463226117.57572 0.501259062073623  2.34556606197404 -5.19996523597418 -0.323164060177818 0.402702222692116 0.271860546867458 -0.812088513097645
1463226117.67053 0.513902115157575  2.32962385169274 -5.14580474669523 -0.337805581687413 0.405118190655263 0.270529094949999 -0.805345049880217
1463226117.7683  0.53070704789219  2.30968286157131 -5.09431598143017 -0.341041363833662 0.416879140787673 0.271747312537573 -0.797531170713229
1463226117.86126 0.549805870146843  2.28602078640939 -5.04555294512603 -0.339107851065256 0.417413032549498 0.27439308989814 -0.79717040701464
1463226117.95609  0.56674161128777  2.26256345591212 -5.00052139235227 -0.341493380457253 0.424001280392416 0.274006373385975 -0.792796123018607
1463226118.05023 0.580785181125847  2.24576608467688 -4.95257219150812 -0.336961989218157 0.432166219695783 0.264723561601723 -0.793479938189301
1463226118.14695 0.592593140611306  2.23463719047341 -4.89689824529865 -0.330813686900078 0.437720681885729 0.257553570408539 -0.795379825981828
1463226118.23969  0.60521390642414   2.2275093676682 -4.83846885914014 -0.330700947764807 0.427683877633094 0.265820069217844 -0.798162311037799
1463226118.33453 0.620642342259901  2.21346944482799 -4.77333862013522 -0.339367933531009 0.406444932635291 0.275349641770304 -0.802380518957778
1463226118.42927 0.641700082418479  2.19262806428696 -4.71246811614527 -0.331111573814554 0.396954104382358 0.273130840134849 -0.811290397371546
1463226118.52416 0.667222479756404   2.1700383510267 -4.65369055061552 -0.315530931511464 0.380260770334098 0.27194726265287 -0.825764290908754
1463226118.62108 0.693703036982663  2.14892073925336 -4.59854880902569 -0.309611779365783 0.374198611151056 0.250741447363505 -0.837403530004877
1463226118.71383 0.719736542912786  2.13550622740704 -4.53951327131475 -0.300978367809832 0.362688257168467 0.245614708668742 -0.847078901347565
1463226118.80862 0.746101959573493  2.12819008428454 -4.47831890745348 -0.307946522061889 0.351134597427889 0.240330243091186 -0.850949357068252
1463226118.90356 0.778031039146219  2.12182867455425 -4.41385806299474 -0.311409368327665 0.332600071407858 0.248911839138663 -0.85466033847012
1463226118.99864 0.813789637624397  2.10978931532268 -4.35293853236356 -0.315175065132837 0.324001851514171 0.245876780010287 -0.857456755519294
1463226119.09761  0.85040565480053  2.09719940961947 -4.29591244941184 -0.306158799726216 0.315286694146995 0.244148260066418 -0.864437803980485
1463226119.18804 0.888356614825607  2.08494185621404 -4.24137564014256 -0.285456305232908 0.307693282838074 0.246909528540841 -0.873427287308363
1463226119.28282 0.923752171574825  2.07683676983921 -4.18677360651966 -0.276015970293595 0.303846496777286 0.237337885567807 -0.880433540145569
1463226119.37763 0.957916572272449  2.07478070988984 -4.12731956343958 -0.272581034745866 0.293064019310808 0.230838045197526 -0.886863493989719
1463226119.47309 0.992198228015789  2.07586817542604 -4.06464269722298 -0.268196468313229 0.275887689207973 0.241277058272354 -0.890922004711543
1463226119.57023  1.02992956948729  2.07032444469795 -4.00367311202293 -0.270730277114902 0.264361426579108 0.251976990292365 -0.890688357144938
1463226119.66223  1.07530879464765  2.05520012888826 -3.95098725433776 -0.262416089350831 0.244404400295192 0.235438408223611 -0.903312261125297
1463226119.75719  1.12013409618619  2.04038729645463 -3.90113640420467 -0.241729829453081 0.231147502563563 0.243340295822274 -0.910452097608842
1463226119.85203  1.1623880132542 2.02719183093719 -3.8486146291009 -0.247344149805285 0.2275557355688 0.220888720519359 -0.915558535493042
1463226119.9942  1.22291092583563  2.02258665148097 -3.76601921471485 -0.241124797338482 0.20576108176028 0.223017548275688 -0.92183750330653
1463226120.14124  1.28513279558164  2.01718763383002 -3.68551369456097 -0.237683888196414 0.204299537277224 0.235369655227677 -0.91998325732491
1463226120.28223  1.34701486139565  1.99808865295509 -3.61235005595206 -0.22617823490351 0.196055690644355 0.24348399066856 -0.922562257254225
1463226120.421 1.39993695093818 1.97954657877203  -3.539826276039 -0.214839151222636 0.199665165620548 0.233669147018037 -0.927025722659042
1463226120.56318  1.44290120062464  1.97389962916186 -3.45751412724724 -0.199428363226948 0.193474336390059 0.239394707431123 -0.930315098852541
1463226120.7055  1.47884796501747  1.96036823242636 -3.37215802086661 -0.208617343665177 0.181162659629014 0.259508168793529 -0.925372576321374
1463226120.8477  1.51182450030323  1.93011756705173 -3.29348907210998 -0.21547088716957 0.185740504203155 0.249467572992005 -0.925655817194596
1463226120.99001  1.54041415782081  1.90198846652893 -3.21588105521908 -0.197629688530075 0.19100120387028 0.243163679516801 -0.930232482391074
1463226121.13409  1.56235514896326  1.88336436687268 -3.13660845941402 -0.204745747259059 0.19844238432046 0.241909597175848 -0.927458649147637
1463226121.27458  1.58315080704654    1.858995333254 -3.05003125765565 -0.22081366168283 0.194576093612336 0.246783608063935 -0.923298067473191
1463226121.41677  1.59859203200121  1.81919240644232 -2.97467527298366 -0.232604605789991 0.213824946187505 0.24703210399713 -0.916050833386414
1463226121.55886  1.60358084472614   1.7807867691891 -2.90582328133839 -0.240301614567769 0.247643088022138 0.233236673855186 -0.90913623234362
1463226121.70359  1.59742224362001  1.75616005763481 -2.82356915504964 -0.245007425895307 0.26279062956486 0.233877036120324 -0.903445614436549
1463226121.84343 1.58709153816986 1.73268491381394 -2.7344954307983 -0.244213782752925 0.252662640911475 0.272201485599084 -0.895783215649187
1463226121.98591  1.57771592746889  1.68532636855398 -2.65362142969479 -0.252509765960724 0.255707113203238 0.257999582841663 -0.896821557281745
1463226122.12808  1.57186051525929  1.63620607251615 -2.58247596125035 -0.254293372587749 0.257847701693155 0.241980948597962 -0.900163687284228
1463226122.27061 1.55975484309101 1.60106329786179 -2.5085707142573 -0.250940565911176 0.260773518910555 0.244729894857033 -0.899518361557145
1463226122.41463  1.54319427984313  1.57543021506257 -2.42611447868151 -0.26684517769772 0.257009371369483 0.25483437833786 -0.893196100408467
1463226122.55474  1.52749434250816  1.53811185303893 -2.34482119876758 -0.272963728368805 0.268004712098322 0.257375821895892 -0.88736799784053
1463226122.69713  1.51295904591648  1.49578263057894 -2.27983583016088 -0.261661886945829 0.283200379163757 0.263336756280583 -0.88429879280313
1463226122.83937  1.49060917595372  1.45920996183653 -2.22106610985143 -0.256515161155777 0.311483657391819 0.262906520594985 -0.87638921986962
1463226122.98172  1.45975852103322  1.43390192486787 -2.15087498895498 -0.259925250648972 0.313473607733639 0.264227066279679 -0.87427525343839
1463226123.07636  1.43652499638176  1.41287702756431 -2.10252139772185 -0.268631614834027 0.307436713967928 0.276727012328172 -0.869909123451518
1463226123.17119  1.41330668504605  1.38227937167467 -2.05136951344799 -0.274477013315705 0.298179146215182 0.280483093929353 -0.870103901809142
1463226123.26612  1.39311491064044   1.3452926469791 -2.00771246548315 -0.286768779553177 0.292446886435398 0.271682603218079 -0.870877172049234
1463226123.40836  1.35923764435057  1.30108333476871 -1.94860838213207 -0.280107565503703 0.300066534436826 0.277639470449372 -0.868571327587582
1463226123.6002  1.30052644956872   1.2565078178369 -1.86019048287378 -0.287026511024948 0.2980089636325 0.289729194442587 -0.863054710578176
1463226123.74029   1.2535289446233  1.21154876626861 -1.79358487186746 -0.308820881678076 0.299808728089903 0.274842994952332 -0.859770735560547
1463226123.88328  1.20705763737961  1.15382182538764 -1.73398471422246 -0.31959486748838 0.305431697533113 0.263963451685949 -0.857259526042823
1463226124.02514  1.15721852346525  1.10622443743563 -1.68027667249302 -0.315578047831661 0.3302336620893 0.259400759148785 -0.850921541802112
1463226124.16784 1.09887764712382 1.07229161421899 -1.6172669738052 -0.319164427084268 0.323006001896548 0.275886128300655 -0.847164703841026
1463226124.31235  1.03380913239242  1.03326233680204 -1.55296283756807 -0.342354315010564 0.310796659079933 0.285700451018207 -0.839389189819831
1463226124.40425 0.994230462882528 0.997289464827143 -1.50935216839961 -0.339921800086173 0.295599706461812 0.278349396406707 -0.848289807133086
1463226124.54642 0.938611274902445 0.945968664088116    -1.45621740558 -0.330379549450037 0.31015812589666 0.274521320521013 -0.84810927056887
1463226124.68961 0.880410465099223 0.905826329354343 -1.39709906603566 -0.319589382182439 0.31782066150048 0.267636953838432 -0.851600325774791
1463226124.83104 0.819811006887324 0.866476780158693 -1.32984726000757 -0.327879838627 0.317018847208208 0.254385073900121 -0.852808358374577
1463226124.97594 0.763466439108001 0.814477706867371 -1.26623367636474 -0.325365881224654 0.313531790772442 0.250628560090739 -0.85616597945537
1463226125.11543 0.707599741127981 0.760070122307471 -1.21264260764402 -0.317849671962378 0.329838511375492 0.241388127686911 -0.855517337205282
1463226125.25759 0.647118192636692 0.718056844414264 -1.15566512118046 -0.30345335017621 0.337012255810484 0.233919391197426 -0.860011931383623
1463226125.39988 0.582556353682813 0.680319543194742 -1.09391177091251 -0.299377737879366 0.328639973392645 0.240433750854461 -0.86287910474224
1463226125.49481 0.540526348660718 0.649465982389987 -1.05344462177657 -0.304376670047211 0.311479348737319 0.246977329207088 -0.865642915351868
1463226125.58973 0.501342382216125 0.613118632824971 -1.01459392985969 -0.303656977810891 0.297746164083577 0.239381619475349 -0.872832230074962
1463226125.73462  0.445725495897595  0.563855087509872 -0.961960255602875 -0.285471419775842 0.299503044618656 0.245751362151797 -0.876590133845834
1463226125.87687  0.389118219254022  0.524987804137097 -0.904395249126244 -0.278430749579682 0.298848695576615 0.23491618845686 -0.882031835730181
1463226126.01723  0.330054783933999  0.488085487764571 -0.838698898315489 -0.283927817680573 0.290558507237864 0.225339609341768 -0.88554096950991
1463226126.15852  0.276260265177529  0.441054566390405 -0.780408024337013 -0.275437455422923 0.298776809730248 0.215106537987792 -0.88802916812032
1463226126.30118  0.227762113630347  0.393787416922715 -0.729094141620984 -0.257720428184683 0.303723776217558 0.21220409456804 -0.89235725519828
1463226126.44313 0.177298541094696 0.354515745691879 -0.67510077215709 -0.240373102300483 0.304340221502245 0.199819237392484 -0.899816688906297
1463226126.53802  0.141926386493872  0.329671419293546 -0.637967883809901 -0.242048449473038 0.290432013934682 0.199881117203258 -0.903941000494568
1463226126.63294  0.108545216232038  0.301241744957518 -0.600123817017354 -0.24941998935022 0.270967053600319 0.197848616365792 -0.908417552548298
1463226126.77823 0.0634222660280059  0.255470876233099 -0.550466062979738 -0.238805718591468 0.254468131441437 0.18965224741019 -0.91774169781098
1463226126.91752 0.0263214096219232  0.215195887230624 -0.505218124324573 -0.223596557333021 0.244018428445272 0.183264412577138 -0.925674749148251
1463226127.06218 -0.00830640868613208    0.186122724627311   -0.455234673505688 -0.21076334886827 0.233912784584291 0.175505877471742 -0.932770768707258
1463226127.20192 -0.0430533484020805    0.16029668917429  -0.399875423818688 -0.205517220188591 0.223539675225003 0.16682070682216 -0.938063717229064
1463226127.34419 -0.0711955992139543   0.122691399467245  -0.343699647245513 -0.205364308492175 0.203852181123831 0.154691566924948 -0.944637659725088
1463226127.48636 -0.0937465440531929  0.0820086120988286  -0.296224429782257 -0.20722826170483 0.182859881564208 0.148036358996077 -0.949580932664669
1463226127.63088 -0.117983368498283 0.0503033260012676 -0.256061559988894 -0.19908649779472 0.181108695514218 0.125887539286746 -0.954838485953148
1463226127.77089 -0.145777426948766  0.028373000319941 -0.216079048832334 -0.172206136180619 0.173971322422508 0.119270266345697 -0.962212881436396
1463226127.91395 -0.176593534381033 0.0054713313363511 -0.173901989543979 -0.143676066898555 0.162532054656356 0.115161406299277 -0.96937008903149
1463226128.00797   -0.19601054215033 -0.0128561362798772  -0.144694156469946 -0.136700597668456 0.13683270618804 0.124188020238525 -0.973225098702032
1463226128.1037  -0.215594174891292 -0.0307031777603565  -0.116989202283739 -0.110033016146704 0.120614986786265 0.129391335972292 -0.978060653791734
1463226128.24506  -0.243490068107325 -0.0568239154280114 -0.0852514367652958 -0.0948485434777304 0.115099189451209 0.0855129115104654 -0.985110893429177
1463226128.4349  -0.274349585022457 -0.0684805471560498 -0.0489050491456343 -0.0731065738542704 0.119002740605167 0.0612446540303852 -0.98830302485647
1463226128.62445   -0.29915694762392 -0.0647331719007704 -0.0210744268531522 -0.0492085176800872 0.134010966133551 0.0687626975010998 -0.987365825910565
1463226128.81419  -0.317852737225975 -0.0599561073248995  0.0001740771181982 -0.032514211461046 0.160610510666897 0.0817721699534582 -0.983087179317017
1463226129.09873  -0.331450925696081 -0.0561028414758016  0.0252409527150017 -0.0163208440530436 0.195521129468911 0.0861512336632864 -0.976771766032829
1463226129.62023  -0.307388684535441 -0.0517025634663908  0.0520193480247065 -0.0232420455126618 0.215898455115303 0.0700989824246694 -0.973618917781613
1463226129.8099  -0.283111798286848 -0.0422015657568118  0.0469033432624494 -0.0357318683485963 0.219669357282691 0.072316727641319 -0.972233972847369
1463226129.95216  -0.257795619457739 -0.0292169605293734  0.0358940322883236 -0.0429692891687778 0.224888904717457 0.0788445922315357 -0.970238192919221
1463226130.0946  -0.227015148305682 -0.0165831357296824  0.0237827305068377 -0.0453418366357061 0.223088509234605 0.0857852436504401 -0.969956971658958
1463226130.23806   -0.193495414589567 -0.00908258211322232    0.011529358716846 -0.0482579073460282 0.217685404993557 0.102908272830556 -0.969378216288361
1463226130.42644   -0.147975361327898 -0.00651766309831471 -0.00124003979628806 -0.0523915229755364 0.20364236300714 0.122877776838012 -0.969889668090407
1463226130.5687   -0.115381777715141 -0.00702888865460779 -0.00661203140970607 -0.0619283217773022 0.175317730303955 0.139001759212122 -0.972680362369289
1463226130.71357  -0.0854543879788999 -0.00982096805931743 -0.00740853306321039 -0.0811584058405384 0.160302990501251 0.123708939299098 -0.975916165833557
1463226130.90053  -0.0452984647280632  -0.0100079426534405 -0.00752666571885659 -0.0952902134031525 0.137404308970788 0.134568065416618 -0.976694049780109
1463226131.13949 -0.00792791374448232 -0.00829957555841113 -0.00696148016086837 -0.105544877519129 0.129868195133371 0.129785670846786 -0.977317865571444
1463226131.42415  0.00764567498379692  -0.0189532005857532 -0.00599936530458015 -0.135835711111133 0.133516957384657 0.0922529236241775 -0.97734910843591
1463226131.70804 -0.00437067290045217   -0.027657099874825   0.0179599892488099 -0.130109831324688 0.111189184813927 0.0319970813646072 -0.984725638823943
1463226131.84907 -0.0193499275743421 -0.0363179806054641  0.0361488388830928 -0.107394919971436 0.0832461840134076 -0.0246412047514888 -0.990418706931533
1463226131.99207  -0.040425616919983 -0.0496792350310388  0.0571926043715725 -0.0761596994553832 0.0636283316407076 -0.059956645315098 -0.993255423480811
1463226132.13628 -0.0554188056331494  -0.068104781389655  0.0759939115605318 -0.0285957306722739 0.0324710734837753 -0.0889185373222289 -0.995098692238416
1463226132.27612 -0.0663293040205464 -0.0850633296986644  0.0953048488448931 0.0276697415744977 0.0152842269579902 -0.0851113834860823 -0.995869886184225
1463226132.41801 -0.0727746974444869  -0.105527981824022   0.117381839422828 0.0586294074747583 0.0122679008662062 -0.0836474824032299 -0.994693515548934
1463226132.56036 -0.0739600926476246  -0.127249025485867   0.142510747612818 0.0816946095810835 -0.00301152690144224 -0.108193846305657 -0.990762844021063
1463226132.70309 -0.0726584865973202  -0.153892493255507   0.171069612541136 0.0976625682763417 -0.019217953149851 -0.123238647633525 -0.98737274054121
1463226132.79742 -0.070657081823408 -0.172704771382273  0.190831585280729 0.113330839567698 -0.0205486332868942 -0.119771862237738 -0.986097650077834
1463226132.89215 -0.0665709660901759  -0.192026030510644   0.210126399539825 0.117514943330355 -0.0216483537638673 -0.136712967279124 -0.983377420653492
1463226132.98698 -0.0618920708149075  -0.211050761769372   0.227675685765819 0.123272446432392 -0.0290607366514799 -0.145071470964019 -0.981281634317173
1463226133.12976 -0.0591286191813725  -0.235645558168089   0.248926343244994 0.142699555157782 -0.0331900491410726 -0.145031489385285 -0.978519864224774
1463226133.27158 -0.0627080785885402  -0.256505094766234   0.264073615288279 0.163505303352287 -0.0383889913505478 -0.150672747059491 -0.974212515015236
1463226133.4138 -0.077688015149705 -0.276108517381476  0.273283370430358 0.161450389341492 -0.0200514782576339 -0.149313769135983 -0.975313851202561
1463226133.5561 -0.102743764548724 -0.289114838533935   0.27282949074184 0.167051518045992 -0.00457032280229888 -0.140835516710826 -0.97582696196652
1463226133.8406  -0.16954398722312 -0.301692666814063   0.25472323101366 0.142960665604276 0.0183921788874892 -0.127903040598757 -0.981256739111302
1463226133.93614 -0.192767933721878 -0.297815056377351  0.243983971636817 0.12626079085525 0.0284624507144628 -0.133640621316495 -0.982541747675932
1463226134.03253 -0.215585969237898 -0.290117427649642  0.230426062854854 0.117019075451923 0.0412805879958567 -0.133132986063683 -0.983299576455142
1463226134.12519  -0.23638680517818 -0.278747504366402   0.21447582917222 0.0942259856320176 0.0491571612415818 -0.132144663074609 -0.985516527081734
1463226134.21991 -0.256199761776198   -0.2630384477156  0.196742066239598 0.0794521024446414 0.0579586215548482 -0.138588197931107 -0.985454957366797
1463226134.31476 -0.274504280550315 -0.243319307101221  0.177763141038479 0.0717351658902141 0.0713583141803272 -0.138604306763115 -0.985165419165107
1463226134.4096 -0.289516123967622 -0.223286695106544  0.159234212367091 0.0511278340242235 0.0838710747294977 -0.130690529214752 -0.986545271634951
1463226134.50468 -0.299853992511879 -0.198738504512113  0.139288210272213 0.0486726799388688 0.100585262207917 -0.119239387145678 -0.986557420430892
1463226134.59931 -0.304960287433829 -0.173365408685811  0.118515232398892 0.0473437864274972 0.114082413106806 -0.103215431256305 -0.986960153023926
1463226134.69412 -0.304913612892162 -0.152027598227319 0.0970494466044328 0.021279832057186 0.13114469005738 -0.0993751532713886 -0.986140364212752
1463226134.78918 -0.298175947777319 -0.130664893512289 0.0745667615106905 -0.00172726715626659 0.141973063105592 -0.0986419668460851 -0.984941840048093
1463226134.88391 -0.286256756605852  -0.10651647925435 0.0512346650189154 -0.00474423546748535 0.146697996953697 -0.0958421762199788 -0.984515854202979
1463226134.98526   -0.27056100530743 -0.0834022830132759   0.026701542911286 -0.00935657936460833 0.149100923676611 -0.0958643401752958 -0.984119605161959
1463226135.12088   -0.247434199214441  -0.0532315712828336 -0.00790547181228315 -0.0200442987311838 0.153850637786391 -0.0885091065954021 -0.983917855001514
1463226135.26314  -0.226673898423652 -0.0272706200853851 -0.0387307711863854 -0.0264712209632425 0.156848417449577 -0.0753177736702085 -0.984390715810365
1463226135.40533   -0.208061050596875 -0.00206302172198723  -0.0653668613359984 -0.0288256293513454 0.162863634974622 -0.0678050884830685 -0.983893789730962
1463226135.59525  -0.182990249062869  0.0247360357348606 -0.0951960430245895 -0.0455915955349659 0.165617870377897 -0.0532848114074498 -0.983693476801254
1463226135.7381 -0.159233485470717 0.0437172223300452  -0.11891073266065 -0.0633533885070905 0.155260830017019 -0.045995316099907 -0.98476639550909
1463226135.92888 -0.130647452120809 0.0749628830330035  -0.15366142371516 -0.0542073552913377 0.162065981267009 -0.0455961148596336 -0.984234308819799
1463226136.11686 -0.101778013893711  0.105117856341003 -0.176753091127717 -0.037698408811143 0.153948285754141 -0.0515826198527956 -0.986011150350538
1463226136.30639 -0.0716022951983647   0.124174007258219  -0.179143001936783 -0.0152368466867739 0.136602673844586 -0.0630494939219156 -0.988500030003917
1463226136.49912 -0.0420755409670446   0.129157154914516  -0.160426839904673 0.00581440077365011 0.127411568912528 -0.0733096854920823 -0.989119899134551
1463226136.68566 -0.0140490762811779   0.116634210676801  -0.130089223119046 -0.00864499968688554 0.121100222350768 -0.0871785823824227 -0.988766855684797
1463226136.92309   0.005749761190398  0.0920003362827551 -0.0966738672398142 0.000876797841761054 0.128723309170798 -0.0862334652336096 -0.987923747247462
1463226137.11244 0.00683087459782939  0.0630476970778771  -0.067738734728169 0.0105148897338134 0.118119011990041 -0.0974367803638466 -0.988151511628004
1463226137.39696 -0.0162908330554873 0.00246499353480149 -0.0142504614819199 0.00446633162349002 0.121104425155594 -0.104030439656422 -0.987163328793394
1463226137.53948 -0.0340298178499724 -0.0253515694874011  0.0197917386108969 0.0010599798474311 0.129752702963134 -0.102311706227577 -0.986253226755323
1463226137.68145  -0.050081069265617 -0.0563299367412368  0.0524028163239053 -0.0181999732839908 0.126881733157225 -0.0905547441561718 -0.987608032102965
1463226137.82722 -0.0645794174707778 -0.0777583362928311   0.081657348191793 0.00495221520000507 0.130820696737471 -0.0759811661016117 -0.988477760633781
1463226137.96655 -0.0772486238118015  -0.096387750635421   0.110503012803439 0.0293652344934621 0.139370627869456 -0.0751345870872912 -0.986948987999704
1463226138.10823 -0.0860527430870835  -0.115731710398722   0.141696644154923 0.0346381436611451 0.141137768599016 -0.0769950097458035 -0.986383342191485
1463226138.25065 -0.0921435440259428  -0.138206487078231   0.172460664768857 0.0477272373628517 0.144800354522003 -0.0602366221768224 -0.986471751999387
1463226138.39287 -0.0948548685609973  -0.166637196132285   0.198186780612971 0.0465500796897746 0.147331418361111 -0.0578344192908763 -0.986296975149912
1463226138.53509 -0.099648720371729 -0.188186641217848  0.215586048341124 0.037482399715065 0.147038488487303 -0.0605412126656461 -0.986564500772221
1463226138.72478 -0.116079747342148 -0.203071633808609  0.219385277242027 0.0171753171927337 0.171272741891449 -0.0607359378655703 -0.983199777367704
1463226138.91437 -0.134777207775094 -0.200867957798691  0.197811912193476 -0.0039374239881852 0.182114306826313 -0.0611283635169508 -0.98136751480536
1463226139.05692 -0.147442220822719 -0.185822471074853  0.167341752669134 -0.0118217396129958 0.196327595831233 -0.061739461653356 -0.978521313238707
1463226139.19894 -0.156979994213746   -0.1628528008634  0.127021064487155 -0.0178258041137429 0.205523839651014 -0.0606257390758732 -0.976609805298056
1463226139.34138 -0.162376525598569 -0.134575411841731 0.0821607078510572 -0.0161026761508837 0.211995155096109 -0.0570833905060228 -0.975469243269563
1463226139.48361 -0.161932816365275 -0.103512248852387 0.0381952829938783 -0.0112229199970373 0.21074111391375 -0.0573046806680773 -0.975796291521269
1463226139.62596   -0.161915407249058  -0.0734926056589452 -0.00242948300855476 -0.00466909865407366 0.215197377995074 -0.0591027876580518 -0.974769279631263
1463226139.768  -0.160893169607305 -0.0470164229281929  -0.040312263898169 -0.0166993049714166 0.222298069818676 -0.0504031603501962 -0.973531829369269
1463226140.09982  -0.14412416709138 0.0159635787023422 -0.116234224910981 -0.0315564655462625 0.235559112484549 -0.00879757356026545 -0.971307725032171
1463226140.28963  -0.12243691450968 0.0480526754631283 -0.160086309867845 -0.0332946854745351 0.232629867509387 -0.0152368526324571 -0.971875839283791
1463226140.47917 -0.0978334645099427  0.0787206443088691  -0.207027964628794 -0.0317712898043409 0.227636777191006 -0.0241756491975184 -0.972927346105627
1463226140.95353 -0.0588999480369373   0.143110531516015  -0.302406354873466 -0.0139530858303546 0.211523941690218 -0.0311110560649301 -0.976777884515292
1463226141.19056 -0.0476807503059258   0.173398139662244  -0.329801877005032 -0.0133749406232131 0.188145499053156 -0.0385225415524403 -0.981294245342194
1463226141.42762 -0.0328377214072528   0.199488621240815  -0.355324221215093 -0.0126282593822845 0.159104262470562 -0.0492814757804278 -0.98595014928422
