1464885044.40291 -9.44286050017879e-06  2.50670076588122e-05  4.55134584424432e-06 1.3983353213386e-05 4.82700941416498e-06 5.58367037051707e-06 0.999999999874994
1464885045.42482  -0.012894860692823 -0.0133467823114034 0.00214808177393679 0.0410512912803121 -0.0103275513742107 0.0409976844082493 0.998262151461225
1464885045.4713 -0.0148202275554881 -0.0132288168906829 0.00365127920007929 0.0399275475368793 -0.00936821471842931 0.0494593408508522 0.997933765889941
1464885045.89142  -0.0397907854250443 -0.00538042705789512    0.025815173648938 0.0271355061630154 -0.0261204707010359 0.117457615197584 0.992363388052849
1464885046.21454  -0.067193491153765 0.00435987260827478   0.048349743906833 -0.0150519502452743 -0.0316396716186148 0.084992978287416 0.995765315531484
1464885046.72907 -0.0721913618870995 -0.0061098906665078  0.0979122284147271 -0.0350320156052353 -0.0453459495961489 0.0867019234108067 0.994584978377778
1464885046.91123 -0.0602863273901942 -0.0362840990389968   0.110885633349148 -0.0153214845174918 -0.0637206236765804 0.0659766070106146 0.995666621695141
1464885047.10012 -0.0539500126248144 -0.0714118914286766   0.115285418880647 0.0144163814482938 -0.0787960791985139 0.0754447527604401 0.993927278592249
1464885047.4223  -0.05753429625611 -0.102410625018229  0.113301080860769 0.0291219706589985 -0.0983241333592551 0.0556729083361797 0.993169070652867
1464885047.70071 -0.0823160036393012 -0.0776665687080736    0.12166879153346 0.0515572360884301 -0.105576012419818 0.0911976318704438 0.988877418565959
1464885047.93311  -0.110578867198431 -0.0499455771007563   0.124008662331522 0.00820244982162364 -0.115466059584682 0.10092852842634 0.988136499199682
1464885048.07265  -0.125238777896203 -0.0337020979430925   0.122519456328588 -0.0297067504347448 -0.0840511288405673 0.0523310727106471 0.994642838182725
1464885048.2583  -0.154230680494396 -0.0160927431154003   0.117633705400991 -0.0212571642412015 -0.104531004209021 0.0315782982184596 0.993792842200578
1464885048.39758     -0.17674590780337 -0.000939252540689831     0.113766899815857 0.00522104982374715 -0.108282050180456 0.0249985557954967 0.993792136442825
1464885048.58338 -0.204888979676574 0.0254647776950854  0.110267441010201 0.0155844089695288 -0.149207721675921 0.0290350385776699 0.988256620784371
1464885048.76912 -0.219675730173793 0.0571417985184654   0.10885404469786 0.00396966552024273 -0.164880778802753 0.0432273662470839 0.985357785448715
1464885048.95499 -0.221144869760033 0.0871370788273774  0.111474920409243 0.00829915600376809 -0.16828193533015 0.0304256923616564 0.98523428254171
1464885049.14079 -0.202500917593017  0.115985200360679  0.113949101659791 -0.00364571582666187 -0.179987549800403 0.0169497969481996 0.983516087848274
1464885049.28011 -0.176310202855952  0.131764706116914  0.115497480102288 -0.0143522826253149 -0.187815737021141 0.0143711464324898 0.981994262234187
1464885049.41946 -0.141345210352209  0.138324162139275  0.120114996838434 -0.0213543893425867 -0.186541570209172 0.00564324030658699 0.982198751006406
1464885049.56148 -0.107361143961675  0.140047006476934  0.127325185934567 -0.02667432290859 -0.195610054309491 -0.00159649737410083 0.980317621154767
1464885049.69816 -0.0738825120018036    0.13713467019379   0.136956915056187 -0.0282573283186132 -0.200041138560314 -0.00702794360865847 0.979354723421713
1464885049.84203 -0.0436984116613481   0.129014585979193   0.146368012842296 -0.0341701418436987 -0.1962561566973 -0.0073430929885312 0.979929589996214
1464885049.93045 -0.024871136312515  0.117662050296271  0.152692363581153 -0.0389639270711787 -0.172744445928258 -0.00748075379258027 0.984167265819599
1464885050.02328 -0.00962904299231541    0.100002949318727    0.157250802618212 -0.0278066008658743 -0.146886886386071 0.00470387150966413 0.988751186673833
1464885050.11622 0.00121331483620728  0.0789896811084919   0.159139010141613 -0.0209438799745498 -0.128979518419845 0.0273126425339732 0.991049775378416
1464885050.20912 0.00970194771903065  0.0574315126360674   0.158358616087364 -0.0127337490504148 -0.108061007550988 0.0530125910078539 0.992648142836534
1464885050.30205 0.0153244528834609 0.0357407273501189   0.15416655618871 0.00557428602729394 -0.0809471915039459 0.0662369114041182 0.994499447506409
1464885050.44163  0.0130297481700834 0.00853421550519547    0.14018718740803 0.00843203402651404 -0.0530090239303854 0.0864496126160347 0.994809232296656
1464885050.58076 -0.00386001729277064  -0.0163109429487859    0.120036254688072 0.012378515199733 -0.0457369517655946 0.102295965621862 0.993624898551829
1464885050.72192 -0.0271722973648378 -0.0389462968265134  0.0944552391418607 0.016826502472172 -0.0369504542387182 0.122349779065141 0.991656222845809
1464885050.85942 -0.0524018839926811 -0.0587652818630565   0.063695541482111 0.0128738009233772 -0.0198528459959783 0.132774601262394 0.990863782270428
1464885051.00269 -0.0791967773475562 -0.0800416435326126  0.0284410096497781 0.0134761988641993 -0.0086456685058455 0.144243081087338 0.989412744024804
1464885051.13813   -0.101930293750268  -0.0952243247523987 -0.00854454770385021 0.024295754889117 -0.012079047206657 0.162565512633151 0.986324625574799
1464885051.32382  -0.120354924084559 -0.0987223833457233 -0.0610469882231659 0.0338620694149559 -0.0213214346401035 0.171395348189104 0.984389349444091
1464885051.46566 -0.133390503341138 -0.092793905327492 -0.103029459370162 0.0470566791165926 -0.0537708418761697 0.162036570158963 0.984194348411718
1464885051.60264  -0.143871977029348 -0.0801359982227484  -0.144153934552926 0.0583045079461685 -0.0956796274349956 0.150870328958825 0.982183352071756
1464885051.74507  -0.149696721729171 -0.0663487177633689  -0.186291877063076 0.0627389443157028 -0.130409824125681 0.142884653532529 0.979102179766009
1464885051.93117  -0.147139801138945 -0.0483861239079039  -0.240688470247923 0.0516542246099579 -0.161972466481175 0.132473074010527 0.976497642518481
1464885052.25288   -0.13646208369414 -0.0239054554245652  -0.303097358181261 0.0438659180504534 -0.177300940459107 0.130855522267692 0.974431624095789
1464885052.62659 -0.111102732266919 0.0109047358756382 -0.320802475186783 0.047742392134106 -0.183368713664166 0.128996620964899 0.973373746626701
1464885052.85958 -0.0608969594493598  0.0280843551447244  -0.318680341292985 0.0500698928562486 -0.166684458765001 0.125668281414053 0.976686633512521
1464885053.08899 0.00947334744964941  0.0512413491975273   -0.30954819121559 0.0480373710068816 -0.172481650373796 0.119447559817362 0.976562733123048
1464885053.27706 0.0713839627653171 0.0598527134136733 -0.299384081726519 0.0500503484247282 -0.169437564745525 0.119454668989929 0.976993580496912
1464885053.50698  0.136803861326981 0.0633537814703715 -0.263965858301226 0.0515432588994762 -0.173360880601326 0.113940927039558 0.976886258826748
1464885053.69271  0.190041885136538 0.0652861246100194 -0.211432430202717 0.0612885171061506 -0.151755705360018 0.106544618976147 0.980745720219487
1464885053.87873  0.235388720682952 0.0559165576059362 -0.150635528699341 0.0566733587715249 -0.140446405235381 0.0945986469960919 0.98392785998188
1464885054.0645   0.274689339664931  0.0331190862132025 -0.0935855169369446 0.0640618051446177 -0.124708859491605 0.0995888137903473 0.985101950893281
1464885054.25388     0.30373960258505 -0.00126400196206976  -0.0430122342784721 0.0715312390335718 -0.0983939785723815 0.123349388647402 0.984879096713567
1464885054.43602    0.31804942160262 -0.0388541737412717 0.00617657580302706 0.0866086364191948 -0.0770093043197112 0.144370642590838 0.98271340110111
1464885054.7177   0.307805688655534 -0.0804117527573996  0.0655785296413013 0.0928024829518616 -0.083749991225626 0.135154529550952 0.982907366576087
1464885055.03982  0.251066393331392 -0.117656209966065  0.109965660929998 0.0918814929135383 -0.0824993474024708 0.143537858615893 0.981910653818416
1464885055.22568  0.195688841324891 -0.142292368843426  0.132624869502019 0.0995365082787926 -0.0675804169426102 0.144465122199072 0.98216862057059
1464885055.41143  0.134894136762997 -0.166973150949323  0.146201338703666 0.0923501768923189 -0.0575186260429627 0.157940689149406 0.981436595607224
1464885055.59729 0.0792524868396256 -0.182480271362366  0.147581256788857 0.0933935130439312 -0.0501799814632209 0.166926866771915 0.980252540079022
1464885055.73667 0.0402356350264391 -0.185050589805241  0.139281604059782 0.0930777279317113 -0.0426310543786674 0.162470916730311 0.981387961502711
1464885055.87595 3.86629890444194e-05   -0.186425601112088    0.125751640697519 0.0966656605564878 -0.036444481199667 0.16050458780444 0.981613889038349
1464885056.01533 -0.0431278134172724  -0.188688508274236   0.106659647517591 0.0930225781889879 -0.0438121589175542 0.156967052522319 0.982236549462762
1464885056.20331 -0.0938376538592252  -0.195113002506244  0.0759481555054872 0.0959559015738907 -0.0473427710955987 0.161092439410169 0.981121986779938
1464885056.38816 -0.139422760817818 -0.195081101700508 0.0413700847472182 0.111016180602434 -0.0436001191047739 0.172673397623878 0.977731218183977
1464885056.57275  -0.194901160270296  -0.186613713821875 0.00759775278248879 0.0982540144944385 -0.0618564302128876 0.160882249626687 0.980120825425162
1464885056.71194  -0.238148828700945  -0.177173881669256 -0.0178176960704426 0.0882988968127859 -0.0743709248050664 0.149694293756814 0.981969392996509
1464885056.89782  -0.287908306230961  -0.166437048648646 -0.0600074818118901 0.0776305177309645 -0.089352927268415 0.148408520485334 0.981816921911994
1464885057.08367 -0.325832338275028 -0.148027218448413 -0.103148189142304 0.0692798250293798 -0.112130561797031 0.155333799776996 0.979029342564267
1464885057.27279 -0.345667792927553 -0.115361973321425 -0.141729907987192 0.0697139823821759 -0.131957712071901 0.139695264029346 0.978883218822827
1464885057.40888  -0.348319130534299 -0.0780133641821892  -0.168515527420809 0.0519124225946613 -0.147692780327298 0.121153821084915 0.980211045977381
1464885057.59545  -0.330449388093366 -0.0228839480421987  -0.200627103172151 0.0392622345531548 -0.144731954227451 0.108355285356541 0.982736114375929
1464885057.7804 -0.298250001952698 0.0208267329734843 -0.225146222481351 0.0317419328155397 -0.122700968830853 0.106011499658928 0.986254776358102
1464885058.01272 -0.252392845898676 0.0551384195688068 -0.230566854137441 0.0407672755250654 -0.116832368939002 0.121643227583487 0.984830519428311
1464885058.19846 -0.203666306074566 0.0755715326509433 -0.209403526089518 0.0362006639907881 -0.101715232239658 0.11774313542948 0.987157574815842
1464885058.33784 -0.162401792070982  0.085268430874623 -0.181469304900329 0.0283166406540444 -0.0773764842806046 0.116789842608695 0.989732883259862
1464885058.5236 -0.113021804157573 0.0854773652863042  -0.14032309080663 0.0254034136369251 -0.0580418856965136 0.107515233434883 0.992182584336082
1464885058.80242 -0.0708411150480247  0.0561664162125326 -0.0861554298128887 0.0224829390295839 -0.0582786285652263 0.126611486758016 0.989983661646026
1464885059.03459 -0.0415241251467213  0.0103990719881992  -0.030099731884387 0.0286342584277315 -0.0602679611742287 0.137838493267188 0.988204635626664
1464885059.22038 -0.0149192806691406 -0.0335858224328539  0.0208922536541679 0.0490779268848368 -0.0683988315904757 0.14556103108102 0.9857610984211
1464885059.36616 0.00299923930175011 -0.0677338420144799  0.0568927507095962 0.0593748448273655 -0.0857961640851835 0.137223030297186 0.985029687870397
1464885059.49907  0.0197984852267107 -0.0978861295592507  0.0911360793498676 0.0632184207860104 -0.0925710948976683 0.13343112229445 0.984698004093648
1464885059.68483 0.0345158965325595 -0.126578649096296  0.138892539933852 0.0583614888375617 -0.101785496048567 0.123217589299226 0.985419238244362
1464885059.87065 0.0421192651441974 -0.143455722048079  0.196602884654801 0.0503420911794978 -0.106086866574715 0.130755611995709 0.984435991076952
1464885060.00997 0.0426149652482934 -0.154412043677395  0.244545554030685 0.0451779081322336 -0.104541236459889 0.128082114137306 0.985203054468647
1464885060.14941 0.0396631035372618 -0.166820047707232  0.289393280718505 0.0334853500510028 -0.105566056785211 0.128322543373441 0.98552923033716
1464885060.29115 0.0406290273577462 -0.174820294552216  0.320878254527624 0.0247418235898376 -0.100545169448421 0.125162488895202 0.986718228492611
1464885060.4775   0.04451365522253 -0.180527485417798  0.337858324825116 0.0341392247224507 -0.0897457627442542 0.131022274511617 0.986718488215663
1464885060.75546 0.0413114599948836 -0.174040552259849  0.318911824741112 0.0476201569036213 -0.0794191889553548 0.143933650090954 0.98524515601633
1464885060.89258 0.0358550390855261 -0.166094840161495  0.292290319517927 0.0567881006949969 -0.0796943742654351 0.145603798687375 0.984491468798842
1464885061.03183 0.0306664523950829  -0.15592103252648  0.258083459999316 0.0684651626483197 -0.0816344260185438 0.141723698754032 0.98415584904203
1464885061.17118 0.0266622058643128 -0.140327295910585  0.218552079797942 0.0724279128965188 -0.0884375661747545 0.13867616372998 0.983718412929064
1464885061.35704 0.0251345858668484 -0.117267754404595  0.167112520785071 0.0749735483729824 -0.082009202716925 0.141983892749919 0.983612744891849
1464885061.58929  0.0184127434769973 -0.0850162742759983   0.113817467760087 0.0785942262449786 -0.077396099060166 0.139237321243765 0.984096417951048
1464885061.77519 0.00615927400819886 -0.0544124496489218  0.0709210336237254 0.065055438098417 -0.0534876869674521 0.131750836294692 0.987698625316622
1464885061.96089 -0.0128182814605075 -0.0290197738749455  0.0271287414168374 0.0567069365558827 -0.0266694437881624 0.129084674076448 0.989651560415611
1464885062.1931  -0.0301900537249967 -0.00717834644012137  -0.0329484352277072 0.0395849802204225 -0.00604217668930563 0.133807812504601 0.990197955337486
1464885062.42537 -0.0470530637875987  0.0153894043718844  -0.100262782053422 0.0500861852172297 0.0149136660855834 0.128932535724218 0.990275394951322
1464885062.65761 -0.0677508493040466  0.0387555650692347  -0.179322807242757 0.0679650953142746 -0.00452711781498937 0.128868279779036 0.989319572984384
1464885062.79819 -0.0747749435791352  0.0444127638801356  -0.233833245885124 0.0957779750164326 -0.0338845429439513 0.12815566996053 0.986536639719072
1464885063.07827 -0.0552117747138983  0.0669562089914802  -0.338338921834032 0.128096077306328 -0.0206739743423211 0.129042882576009 0.983113379127809
1464885063.26213 -0.0344952254293194  0.0903681010386122  -0.407518850051526 0.14674813178494 0.0184267948237419 0.0936477111435345 0.984558553488685
1464885063.5433 -0.0274218488124055   0.133169946892517  -0.524393782601793 0.151428873033849 0.0168581253518325 0.116292148688085 0.98145872871702
1464885063.77461 -0.0260610564202297   0.168300875351592  -0.605851333979278 0.143564701592182 -0.012170705188343 0.0885291883961216 0.985598109370087
1464885064.00718 -0.0273278471648037   0.204252027854211  -0.687479257837176 0.144956434643382 -0.0419776328302825 0.0194147746724198 0.988356502949145
1464885064.23988 -0.0243891654846843   0.232338630905109   -0.77627880718732 0.17852189791793 -0.0555850483255003 -0.03805699776061 0.981627169187916
1464885064.56206 -0.0236959962890872   0.290050626593523   -0.89135084348661 0.183193540576177 -0.0858688739048792 -0.0465019931816635 0.978214816804369
1464885064.84059 -0.0139796545030249   0.351399904999098  -0.989621402290219 0.139230136895146 -0.0817295819405635 -0.0623886965191879 0.984907556556765
1464885065.17162 0.0391047046046751  0.409495552569774  -1.09926695493818 0.108396608497329 -0.0947960307634742 -0.0682310970929646 0.987222571261039
1464885065.39862 0.112817900692669 0.462216728623488  -1.1914145631612 0.0967503323419062 -0.0456906830069982 -0.0442317899494709 0.99327502910118
1464885065.58392 0.183285248732493 0.504161464362449  -1.2613641411174 0.0979866386261048 -0.00157782537603691 -0.0171840250143952 0.995038109020024
1464885065.86259 0.281889604839399 0.571098074856426 -1.34384279067332 0.115821952226642 0.013800761413131 0.0239699581370028 0.992884814806701
1464885066.23424 0.410855464904864 0.657579043742021 -1.47285425982558 0.100151166307648 0.0417224215117999 0.0345047596406279 0.99349806491636
1464885066.83833 0.543846890587746 0.795268879962663 -1.73056479110905 0.0866771395645676 0.0367371021334053 0.0272456546416732 0.995185979155098
1464885067.30246 0.658348300081753 0.903495484061173 -1.88741507688505 0.101290123769316 -0.000568522165240529 0.000398973421219936 0.994856687382436
1464885067.58122 0.713397487762043 0.950003875837579 -1.98260514050093 0.101414909238537 -0.0509131134599925 -0.00486605101715125 0.993528657165684
1464885067.8133 0.748672420797035 0.990499662264204 -2.06920331556666 0.142190624152491 -0.0882765427927228 -0.00313497051069572 0.985890080260262
1464885068.04743 0.776857555155448  1.03198093085892 -2.17133322600335 0.154795747101683 -0.12158628070713 -0.00449213335229548 0.980425863470045
1464885068.37086 0.800277237693988  1.08083713856118 -2.29554605664447 0.169217804178707 -0.149582416470705 -0.0234137651758625 0.973879988002634
1464885068.69605 0.799308363465183  1.14415240484085 -2.42861389530841 0.163575117538952 -0.173721545729241 -0.0327576665161484 0.970562177686715
1464885069.02119 0.805184597337271  1.19901005452701 -2.54988778214176 0.171136634789337 -0.216916046164778 -0.0252590701608568 0.960740162855613
1464885069.25337 0.831559941284751   1.2491673391548 -2.64184465553494 0.168192117975219 -0.259201687081551 -0.0410553028180309 0.950179119416759
1464885069.62823 0.905758471085097  1.30336440857486 -2.75848623772825 0.153929961178463 -0.246066341672176 -0.0596153720365547 0.955093152506399
1464885070.0499 0.983003712868358  1.34867149113162 -2.85748784788801 0.131734113856928 -0.217573800033303 -0.0708187668069003 0.964516701282745
1464885070.64809  1.07694196288401    1.386129977336 -2.89891450717903 0.114921121861452 -0.211390718677825 -0.0849557202234925 0.966896905263579
1464885071.94747  1.09658356218689  1.39429318268047 -2.90902632916254 0.148836977825122 -0.222723253109342 -0.0428461994728809 0.962499927141299
1464885072.22675  1.10951256721971  1.39284479380124 -2.90716813770842 0.196684735185602 -0.204092138344241 0.0039757881224996 0.958981598947472
1464885073.24812  1.07580906987901  1.41315589505224 -2.94726987108448 0.221007465391811 -0.235041161259872 -0.0150792527364587 0.94640581617592
1464885074.13078  1.05214382294993  1.43680172517668 -2.96905211877933 0.205548711832931 -0.282738073882936 -0.0275206707721368 0.936510288956316
1464885074.54871  1.04799165735531   1.4480333563014 -3.01624174483055 0.231105346591543 -0.332449712983861 -0.0347006098993746 0.913708583075787
1464885074.69024  1.05103404654758  1.46888184417394 -3.05297858742257 0.24568256023503 -0.375285768574127 -0.0500007632538036 0.89235676451525
1464885074.78098  1.05482751440848  1.48517594485125 -3.08601166585987 0.249919182857039 -0.417746401076085 -0.0644001640258215 0.871137741864911
1464885074.87574  1.06152089801636  1.50036827697002 -3.12507121000896 0.269644762616069 -0.462646846686633 -0.0631431333323752 0.842177262788309
1464885075.01319  1.07672062133397  1.52723598492543 -3.16869209978631 0.248283839740386 -0.499410292827226 -0.0736069953912051 0.826756617494819
1464885075.1553  1.09707320984161  1.54512174182234 -3.19147221136074 0.238665901965011 -0.454415169302187 -0.0670383327159297 0.855599966744951
1464885075.5246  1.15716523801751  1.58295668032341 -3.24695840093433 0.252353069976065 -0.436504900223921 -0.0720915009745697 0.860572028154177
1464885075.89888  1.23972040531413  1.61692507624709 -3.30208341697971 0.275029836965674 -0.438317826183387 -0.0732631582884464 0.852565881129492
1464885076.26745  1.34134986000837  1.65870108413628 -3.32958990164354 0.295711655701597 -0.443391358996913 -0.0659044568141946 0.843572950029289
1464885076.59251  1.43651873662257  1.70145704441424 -3.35205863439504 0.28379341494125 -0.436500375832273 -0.0713009476860636 0.850790746537206
1464885076.82477  1.48796204585826  1.72704617944402 -3.37563949220928 0.286075434402318 -0.401643024363143 -0.0623135015743147 0.867733112387386
1464885076.96441  1.51756915439764   1.7440843054115 -3.39409526027994 0.277457578593843 -0.373217673671348 -0.0543405521064613 0.883613583268701
1464885077.10508  1.54909575687201  1.76005965411291 -3.41407742463321 0.267159481432533 -0.348585766276033 -0.04824727591522 0.897098643069541
1464885077.24537  1.58188662533007  1.77586941531897 -3.43180302053744 0.2676469401707 -0.327341094927557 -0.0413211682102776 0.905265421877268
1464885077.42851  1.62064709697444  1.80114753965553 -3.45844423021521 0.263379005392116 -0.31636723542887 -0.0425969932918242 0.91034541138419
1464885077.61445  1.67208164899491  1.83073893576826 -3.48244669934831 0.257563310096208 -0.30220156078794 -0.0456497996716006 0.916652307987909
1464885077.80037  1.72089631411044  1.85424368431258 -3.50672040004645 0.25862843925033 -0.272170252686362 -0.0466481202692004 0.92566659053837
1464885077.94231  1.74970878923059  1.87012496874396 -3.52497513147738 0.254865828485551 -0.247857662427674 -0.0466924411559724 0.933504046367855
1464885078.08157  1.77726557229144  1.88609835589901 -3.54787614071204 0.252997924743106 -0.217904047631118 -0.0398830522712822 0.941763886673928
1464885078.26475  1.80798049787434   1.9104159497057 -3.58062006607946 0.246529852522782 -0.185892907362398 -0.0336379588210111 0.950544763035285
1464885078.45356  1.83387685136606  1.93520620402277 -3.61691121863116 0.23123915172074 -0.162202246410839 -0.0258809588779869 0.958931208136593
1464885078.63919 1.86059461502275 1.95717336067002 -3.6456103882069 0.216215901183382 -0.139507245292779 -0.0236079839392148 0.966038858266376
1464885078.91817  1.89222969945664  1.98599311557888 -3.69026993693529 0.229100701120397 -0.133452122949009 -0.0239860875809225 0.963912894005006
1464885079.1032  1.91723670684057   2.0145113118637 -3.73411307496362 0.23870140158446 -0.153446088034859 -0.0418627228628053 0.957978836604925
1464885079.24017  1.94553324551687  2.04112377092315 -3.77061902058036 0.244840916765065 -0.175720620654821 -0.0524833318066418 0.952061284181224
1464885079.42595  1.98138324203158  2.07699871805814 -3.82199610919243 0.221966340103431 -0.181550281233836 -0.0445437788859229 0.956967236120216
1464885079.61175  2.01522325279151  2.10306962944211 -3.87286764587636 0.231613735066194 -0.170445749726644 -0.0346351407705514 0.957133079123594
1464885079.80045  2.04421676407902  2.13258829586552 -3.92484418640438 0.240044247703007 -0.156468445753056 -0.0318727200360491 0.957538779551943
1464885079.98406  2.07228948067588  2.16286745921662 -3.98182327111076 0.238906948950262 -0.151139908997969 -0.0405445132452345 0.95835084394864
1464885080.21558  2.10964474980699  2.19492688817868 -4.04935063879334 0.233699088391815 -0.14286998848554 -0.0342580395350888 0.961144780562319
1464885080.40143  2.13709680001957  2.23265147773823 -4.10545857687954 0.228087267209539 -0.159558173816325 -0.050662531888699 0.959140602606266
1464885080.59015  2.16487905513345  2.27256608766104 -4.16686939401909 0.23400862669995 -0.190010810460344 -0.0709214087991438 0.950844891826291
1464885080.7743  2.19071288545303  2.30889356269306 -4.22960428783173 0.223364671389312 -0.196698222779486 -0.0751749965877634 0.951717790428742
1464885080.96433  2.20764494985518   2.3404209960487 -4.28807261477028 0.220923673092586 -0.178875506680849 -0.0660470028056291 0.956469590314999
1464885081.0985  2.21516707418965  2.36378019097116 -4.33527762293467 0.222618857071992 -0.149878632622892 -0.0554396323653376 0.961719131099225
1464885081.28389  2.21923904985957  2.39304249581102 -4.40240174897782 0.205892535195336 -0.132357044841217 -0.0492360280864006 0.96833139480759
1464885081.47028  2.22291122669873  2.42255351368225 -4.46672855409654 0.198331450843028 -0.102464758733435 -0.0461341046589171 0.973672046025518
1464885081.60914   2.2206216373153  2.44832778168505 -4.51745699030979 0.189662028658965 -0.085518513189969 -0.0500726569370669 0.976835517277093
1464885081.79579 2.21588281892251 2.47567184722376 -4.5949837064492 0.190461698099358 -0.0661136798888761 -0.0356689338771662 0.978816147212911
1464885081.98075  2.20920528678295  2.49427621530205 -4.66824605929545 0.174058364671341 -0.0253596021800628 -0.0369666069095249 0.983714412946565
1464885082.12304  2.19937779495734  2.50681902093464 -4.71615117397181 0.169449622863579 0.0112292008699709 -0.0435633190903887 0.984511537560145
1464885082.2594  2.17790533224848  2.52066707325403 -4.76377366584868 0.17016045902932 0.044658049387036 -0.034181331591549 0.983810303553742
1464885082.39873 2.15108257659531 2.53258602424973 -4.8115650960234 0.163018656842858 0.0823506892957551 -0.024241970732321 0.982881278867737
1464885082.53814  2.12005397690353  2.53901927818533 -4.85750342167224 0.151754761014693 0.100286033030267 -0.0164820431177865 0.983179305286217
1464885082.72388  2.07469327168215  2.54640058373282 -4.91435455169643 0.148018489329007 0.119863617362049 -0.0244878540037914 0.981388600431008
1464885082.91155   2.0260010918255  2.56589175845536 -4.97212151230198 0.126049730273341 0.144051958724612 -0.0210162567413191 0.981284268516623
1464885083.0523 1.98950174062313  2.5775449050834 -5.0194126884868 0.109716954882309 0.162805221378003 -0.00453846876957822 0.98052845547931
1464885083.18836 1.95638216222411 2.58010086848437 -5.0668288674822 0.0974843935620957 0.183700589896566 0.00621530076031919 0.978116688498843
1464885083.375  1.90771431140574  2.58843698715483 -5.12025389956122 0.0859363623564496 0.216516618523809 0.00365287751481787 0.972482468743688
1464885083.51793  1.86279963613071  2.59511662432088 -5.15746645811872 0.0724126780559994 0.238359953503398 0.00649693178719315 0.968451716142818
1464885083.65283   1.8160933059403  2.59522016038693 -5.19670759084944 0.0629630743963459 0.247758133570189 0.0222626147204797 0.966517425863695
1464885083.83868  1.75837877284745   2.5945013469988 -5.25101111837248 0.06499157540784 0.251675223847898 0.0384544413634323 0.964861095063193
1464885084.02501  1.70413207362946  2.60796428743082 -5.30669527390227 0.0653114873141248 0.250447089614043 0.0303351894965859 0.965448310996958
1464885084.21289  1.65194430918663  2.62212491731694 -5.36885101871377 0.0567516070450659 0.244116774425043 0.0246775778525219 0.967769224915448
1464885084.39603  1.61014895315764  2.62471451231885 -5.43067408627832 0.0428316376962622 0.267248711914507 0.0252336683427116 0.962344449131528
1464885084.5354  1.58077580731406   2.6279418678295 -5.47204392432957 0.0366498814104439 0.305285197052937 0.030749887217273 0.951058451983407
1464885084.67778  1.54131558166008   2.6322527411876 -5.51372472271266 0.0298536312352432 0.331267505546666 0.0252113674687096 0.942727419470399
1464885084.81426  1.49008771854496  2.63256863888335 -5.55648696901346 0.0314268006277032 0.339161554133215 0.0259649972822692 0.939844463364221
1464885084.9534  1.43375708817425  2.63017122886376 -5.59589112184676 0.026372465475285 0.327718989071322 0.0352717386991338 0.943748198258394
1464885085.1412  1.36916771891976  2.62620496648612 -5.64990910419548 0.0271455708398806 0.354608967200834 0.0306830423562331 0.93411677496783
1464885085.32494 1.29747457388973  2.6336950471634 -5.7000780886286 0.020904453365139 0.352531989781861 0.0455540784086357 0.934456540428867
1464885085.46526  1.24769063636812  2.64201229054319 -5.74713719607951 0.0062525243850138 0.380554623082893 0.0570286028858933 0.922977152069289
1464885085.60574   1.2037642041675  2.64948520784175 -5.79824826925288 -0.0194569133245385 0.408933894545867 0.0699802727671244 0.909668763802995
1464885085.69663  1.17991862438964  2.65050654111882 -5.83593144039058 -0.0256551691931128 0.454347575717669 0.0706898061488339 0.887644660908739
1464885085.78952  1.15332713468978   2.6520783032208 -5.87190560448134 -0.0365628085161985 0.490121713284942 0.0737117311494758 0.867761746040345
1464885085.9291  1.10416779237003  2.65388180896449 -5.91564489313664 -0.0460422380504389 0.530881152907575 0.0819721947293189 0.842214861596546
1464885086.07087  1.04606659979767  2.65689554757538 -5.94646019719896 -0.0639206287538996 0.5500044755855 0.106940930206353 0.825816485365983
1464885086.25406 0.982878918056445  2.65158484703535 -5.97020212118671 -0.0581120058573271 0.567461020737122 0.142242837319555 0.808936313902711
1464885086.48703  0.91124414480797  2.64357880905927 -5.98428228272343 -0.0502557921104569 0.560287187001088 0.145613390736549 0.813848489511386
1464885086.67458 0.844850556251679  2.64606860069936 -6.00934230067382 -0.064628844685592 0.577005200952036 0.16532530218339 0.797217445222366
1464885086.8579 0.779914000220185  2.64776228412321 -6.03826043445368 -0.095190658970064 0.591478113757016 0.182511733531359 0.779603647063471
1464885087.04358  0.72580113149241  2.65115028598185 -6.06198905727774 -0.123725556764607 0.612847564912522 0.18531906400018 0.758133690916171
1464885087.27593 0.657369955111574  2.65179689894596 -6.08407666295661 -0.122150705033916 0.635722293025201 0.204976683358811 0.734112342008851
1464885087.51002 0.598902552130394  2.65432470562735 -6.10922191407591 -0.105816596392532 0.65151137916702 0.249007762287913 0.708753063530701
1464885087.74342 0.532207826154324  2.66211917801101 -6.15906074332026 -0.0904630473719246 0.651195225497539 0.269486683019237 0.70366053109769
1464885087.93338 0.462659928535019  2.67039805556063 -6.21469092762073 -0.0790883369262865 0.653078334274165 0.274987774726881 0.701152941956799
1464885088.11206 0.389405036064157  2.68001808479987 -6.27029679961402 -0.0756996014624693 0.660902560138042 0.290534176296926 0.687798857766478
1464885088.29785 0.322620126722591  2.69045039623761 -6.32531560431495 -0.0487075486502846 0.664884962349619 0.303440667892149 0.680793156997772
1464885088.44037 0.272839792977712  2.70275070901949 -6.37296674557604 -0.0254087422365685 0.67228154857445 0.283843647975817 0.683245708927671
1464885088.57651 0.213990611404301  2.71975436059269  -6.4213627426809 -0.0316386330541102 0.663458802017314 0.29402882637042 0.687290669358643
1464885088.7624 0.135985255940376  2.72599038680555 -6.48697483210072 -0.0290071958697493 0.658356324546237 0.310072542754721 0.685259476948233
1464885088.94868 0.0647082253530273   2.72155904204842  -6.53533034676051 0.00764765259854961 0.651101177849667 0.322185725499778 0.687171832874929
1464885089.09073 -0.00119395290297852     2.72264316450364    -6.57172450178039 0.0168418785732291 0.661228652312154 0.305682663013579 0.684873075847272
1464885089.22682 -0.080713825954799   2.71854526578015  -6.60104838721002 0.0126765438864368 0.653788292931805 0.295952967240534 0.696284435013404
1464885089.36805 -0.159045284170957   2.70158008534849  -6.62168957449761 0.0211688854851842 0.633619624911201 0.304208845439876 0.711009864608672
1464885089.55481 -0.246798477061125   2.67947262831627  -6.65117474063743 0.0486208307259983 0.640806847864218 0.316583116895233 0.697694581207807
1464885089.69128 -0.322504613549605   2.67719308606078  -6.67826309611168 0.055056789148931 0.660215788249529 0.308744008521948 0.682466849097056
1464885089.8306 -0.410447402577357   2.68280981955043  -6.70402164357331 0.0439504808143881 0.663096391182244 0.301279646080553 0.683814379853806
1464885090.02385 -0.526195648263847   2.66698723895106  -6.74173226827759 0.030665116206789 0.660674906666508 0.307880896528455 0.683942740221768
1464885090.20311 -0.629281472476052   2.63294621577732  -6.77612675775589 0.0513070819261301 0.683840804599099 0.285266902319812 0.669591018271857
1464885090.38816 -0.743809462695685    2.6187880148074  -6.79056475827644 0.0440123877898281 0.69144905514091 0.269969769206549 0.668638495437066
1464885090.52747 -0.838489326218337   2.59637948196405  -6.78655868603019 0.0290130562628783 0.674926296408896 0.275798078403958 0.683789556026372
1464885090.71555 -0.950709713301111   2.55304581400636  -6.78001945869847 0.0308399536735063 0.670196453196154 0.296006011671714 0.679901502009605
1464885090.90219 -1.05777393469965  2.52773835343987 -6.78245390926952 0.0534406867259014 0.687795674416446 0.292402766035593 0.662255106187204
1464885091.0392 -1.15415600866291  2.52515052954495 -6.79053933069815 0.0331064503201519 0.699262127641553 0.282765991357914 0.655728475761716
1464885091.22416 -1.27386973005449  2.48919714747825 -6.80541545489905 0.031891647908617 0.713226781501541 0.288100835742868 0.638191498992965
1464885091.36353 -1.35573787886125  2.45068246407091 -6.81751354173938 0.0373305375296752 0.737320811529757 0.278074726015031 0.614523310057895
1464885091.54931 -1.46816346263214  2.42263699326854 -6.82068928149361 0.0454341001599952 0.761312478687023 0.258813451163635 0.592751760718466
1464885091.73783 -1.58950582132497  2.37838832685574 -6.80592896432541 0.0586836201153566 0.778614208231855 0.243838809017929 0.575203253369064
1464885091.9208 -1.70103796479304  2.32908326701001 -6.78749147647225 0.0622511970252262 0.773697782893545 0.266258426216621 0.571509387222282
1464885092.1094 -1.80158881059517  2.29631298798678 -6.78080149254635 0.0776898825667967 0.788121343299283 0.25295600532506 0.555735809313094
1464885092.24602 -1.89738031337676  2.28902190442981 -6.77937872230458 0.0577393096835408 0.791831750528389 0.249648545509705 0.554386376724125
1464885092.4325 -2.01917758031884  2.25621041050175 -6.77656947954416 0.0604801093652184 0.779661020505771 0.260807030762828 0.566083511665681
1464885092.61785 -2.12918799331059  2.20781975105796 -6.77316632856427 0.0761298880908968 0.78838679191165 0.24625059856621 0.558579581782495
1464885092.75875 -2.20929929203436  2.18355567265021 -6.77006186053707 0.0755760527117661 0.807772231238715 0.205432350874838 0.547347998909445
1464885092.9428  -2.3309612376231  2.14337061898155 -6.74767357919487 0.0377027360753513 0.796734801376787 0.196200378322138 0.570348640319038
1464885093.12863 -2.44413371967533  2.09222824062206 -6.71645107356351 0.0287441654657733 0.791867393673143 0.228092684593273 0.565768089435957
1464885093.36081 -2.58612188009688  2.05318578267146 -6.68370917846855 0.0451478122532293 0.806235111657947 0.222041404804862 0.54648351698009
1464885093.54702 -2.70861527653507  2.02705320926937 -6.65431212558161 0.038536393246869 0.805822286669533 0.234698640379698 0.542293220413209
1464885093.73491   -2.829857432638  1.96978680060556 -6.63214467992715 0.0229061145399711 0.813683645528279 0.247617165646271 0.52543313008774
1464885093.91952 -2.94440276500489  1.92551475597258 -6.61338847284962 0.0130465993532798 0.833569659207535 0.229050122753788 0.502521094841225
1464885094.10385 -3.06716458079434  1.88647677253126 -6.57444312872872 -0.00727444069977439 0.836615360220454 0.211600145977994 0.505219951880165
1464885094.33624 -3.20348900203821   1.8073803138866 -6.51276885341022 5.19192675989975e-05 0.839620297655994 0.227120225970123 0.493410737645352
1464885094.5685 -3.33982675533766  1.75891152807871 -6.45814319108314 0.01403959590381 0.853447683084009 0.219981614230199 0.472269024377071
1464885094.7078 -3.44467966280733  1.73426166242387 -6.42636066798965 -0.00859200662888967 0.862486057466588 0.226520758535137 0.45247356171438
1464885094.89681 -3.56108031147435  1.67056734952306 -6.38516912057738 -0.0204368325203332 0.872651307001307 0.23760139569472 0.4261544426958
1464885095.07948 -3.66701091451076  1.61245561354889 -6.34738098988165 -0.0178430800726336 0.895229266691852 0.218163075643979 0.388137935504184
1464885095.26525 -3.78248047638203  1.56585347628388 -6.29589316458615 -0.0525431302237473 0.906081324344605 0.202222503012703 0.367915632197783
1464885095.54397 -3.91601585276113  1.47095307827922 -6.20701042257721 -0.0490391957547929 0.908250020676908 0.21574560181022 0.355149113077402
1464885095.82541 -4.06735857948862  1.42108735351341  -6.1185967951868 -0.04461044350768 0.915227015264517 0.207314859706097 0.342622193976242
1464885096.00838  -4.1756870926573  1.37315262994306 -6.05475816716244 -0.0487829247377515 0.901493434203863 0.241667397680728 0.355705894299744
1464885096.29406 -4.31588753239902   1.2905307834558 -5.98333919472551 -0.0457092981685356 0.915913972456617 0.221359938411032 0.331680618647433
1464885096.52196 -4.43544224885538  1.23297958482891 -5.89222201090684 -0.0558620501598847 0.911089055957166 0.218859414436758 0.344814037097411
1464885096.79803 -4.54267504204843  1.14287084159476 -5.79055144741414 -0.0440622748172742 0.901623203745895 0.235053803595236 0.360393984162232
1464885097.07974 -4.68588437992504  1.09353206247258 -5.68170315712411 -0.0455980419342318 0.898762513155296 0.244842184912829 0.360831079600486
1464885097.35536 -4.81698182189431  0.99654203671657 -5.59283425592834 -0.0464567940954589 0.904841026932037 0.248252648865631 0.342746414414718
1464885097.58766 -4.93323376219737 0.939555020804379 -5.51747243584758 -0.0662973606310302 0.920684085639338 0.217692962425014 0.317104475740153
1464885097.81982 -5.03965573096957 0.859848533311719 -5.41255840554128 -0.0726760618322937 0.917414791738418 0.222563975538239 0.321766323173694
1464885098.05241 -5.13450406002657 0.784136244406589 -5.31947304981201 -0.0650772773134376 0.928621451090367 0.221775395603095 0.290246141158468
1464885098.28461 -5.25749996893587 0.740470377093844 -5.21281158366752 -0.0818951030663697 0.927670890443835 0.231718607628631 0.281116342455467
1464885098.51666 -5.36830878013645 0.649955032357573 -5.10738729214128 -0.0884213099949854 0.934780381618844 0.243152335721516 0.243401420933548
1464885098.74899 -5.46990365442202 0.581282257553478 -5.00213263422858 -0.106591058938022 0.946478599558737 0.218448787956192 0.212359915643874
1464885098.98127 -5.54294249886557 0.502738444719452 -4.87158257700455 -0.117904914267907 0.941107850785622 0.223964365235685 0.22417494839014
1464885099.25996 -5.61963469135885  0.41303254828389 -4.74592668836016 -0.114233055887352 0.953080449194792 0.204312724966174 0.19194993285278
1464885099.446 -5.69350600882083 0.377966655797117 -4.63352449649284 -0.136251533416474 0.945428823569614 0.225586223808863 0.191600404052528
1464885099.67799 -5.77037792812557  0.28929558332646  -4.5100653742466 -0.13008792865668 0.952714252696619 0.228362190975721 0.152523418724163
1464885099.91026 -5.84195009437711 0.217242394288898 -4.38815211225451 -0.136476627535612 0.96075668587776 0.210103004502405 0.119069089929973
1464885100.14227 -5.89409884651113 0.147075226952453 -4.23437593163839 -0.146544713135711 0.961497948729069 0.205320955744345 0.109039656886813
1464885100.42116  -5.93542664871077 0.0593191728347863  -4.07302464993668 -0.123009508572254 0.966346231110661 0.211364898378891 0.0798028956386624
1464885100.60822  -5.98758784369919 0.0329686954576171  -3.95176921588004 -0.127854555318236 0.963739329556955 0.226936579299584 0.057961248479403
1464885100.88574   -6.05800850595194 -0.0696906818040844   -3.78935322026104 -0.127970825646509 0.963747997281966 0.233100310585445 0.0218520187469871
1464885101.07141  -6.10101401845579 -0.124572435074503  -3.68858936589787 -0.142302220976414 0.966678346768304 0.212553471420883 -0.0102016460147419
1464885101.3039  -6.13329493781422 -0.176756447372077  -3.54263645540366 -0.157986228343994 0.962034869940408 0.222551651506372 -0.000151934749732547
1464885101.63143  -6.14906127048165 -0.270962113835525  -3.36779398356538 -0.125864829701376 0.968427470469316 0.214889235626295 -0.011353215253511
1464885101.86349  -6.20584376309334 -0.316761074475276  -3.22226391508943 -0.14617327711842 0.96447676100135 0.219143746781821 -0.0198486470881785
1464885102.18683  -6.24587385868484 -0.423030377533865  -3.04652695626412 -0.139769227012187 0.965324586597546 0.215287248964238 -0.047585776489447
1464885102.37208  -6.28184806627277 -0.465032290550174  -2.94043924074642 -0.167483786054443 0.965585320085209 0.184948958294247 -0.0734033641646448
1464885102.56015  -6.29512557608781 -0.517554678132429  -2.82268710525302 -0.180982723090131 0.96733685126068 0.1615448862554 -0.0735385603658647
1464885102.74671   -6.3003659004056 -0.575087359395941   -2.7161467944168 -0.164205648312716 0.971350679794004 0.137332819868471 -0.103218498889014
1464885102.88585  -6.31179049911293 -0.609576382264957   -2.6381094698222 -0.161009516696302 0.973657781026069 0.0911109428852114 -0.133286372398614
1464885103.11529  -6.33524288982036 -0.647327667561364   -2.4855102608135 -0.159006377715593 0.974051530626914 0.0884134723496472 -0.134624089360747
1464885103.34778  -6.34013885332203 -0.719558867075615  -2.33833597943589 -0.158245416033883 0.969188158400452 0.0968371242892041 -0.162034790338375
1464885103.67271  -6.34105064767513 -0.785930915063556  -2.13728387794749 -0.124647231364009 0.971908755967277 0.122912155456935 -0.157318275570126
1464885103.90488  -6.31788842434436 -0.841814064014946  -1.99742460429269 -0.0642018266532356 0.966363382962991 0.165656947272865 -0.185950835822124
1464885104.23005  -6.31069407930879 -0.891196699775552  -1.79767523129946 -0.0605398776339614 0.955426775820653 0.216244339004585 -0.191658511706332
1464885104.42102  -6.30420600124372 -0.929423683974035   -1.6751686568276 -0.0599320841096226 0.941901255995814 0.268919838757123 -0.192125712934597
1464885104.55618  -6.29402849346361 -0.972064211520561  -1.59563592504602 -0.0632047658151452 0.937741167946305 0.273409891546355 -0.204679482903299
1464885104.74152 -6.28939182607368 -1.01397988613749 -1.48182162079112 -0.0768452234391162 0.934071521556975 0.259452019608336 -0.233001832121522
1464885104.83519 -6.28275920999888 -1.02906672051839 -1.41623316088363 -0.0903597437198517 0.929773182395748 0.270781863621176 -0.232452421683253
1464885104.97325 -6.26296099228963 -1.06932195688552 -1.31912156517667 -0.107566588189693 0.924270903808948 0.266751438647333 -0.250990827435977
1464885105.16183 -6.22519477258744  -1.1146390131877 -1.22234396981511 -0.104847619485211 0.920799939210961 0.27435624543918 -0.256638070492066
1464885105.34481 -6.20551690666799 -1.13837847454083 -1.11394809892455 -0.107649376884126 0.92017379479635 0.26165651810742 -0.27060610776264
1464885105.48419 -6.19417487285759 -1.14677551369188 -1.01438662047851 -0.107157125693039 0.912580872607929 0.290036943549559 -0.267566950013988
1464885105.67  -6.16414923668863  -1.19082463780604 -0.897349826091823 -0.0958661936667654 0.907279435078468 0.299240873091026 -0.279479157482741
1464885105.85567  -6.13461976246344  -1.23804773088816 -0.797903165218937 -0.0888103234688515 0.910103521284684 0.273015907486723 -0.298808669970901
1464885106.04416  -6.11290677248522  -1.26288665638085 -0.683861630039712 -0.104921777796327 0.907734838913517 0.263254805246155 -0.309363524484575
1464885106.22736 -6.06122368595828 -1.30471539677887 -0.57203858894484 -0.107749344071309 0.905349414922511 0.263153294329238 -0.315409035120017
1464885106.36672  -6.02198180923837  -1.33367076452173 -0.492645238489589 -0.102480511033496 0.895739685062675 0.273897901872702 -0.334855343113807
1464885106.55257  -5.98113756866396  -1.35204119808851 -0.387112455725542 -0.0850765152249962 0.897071818585292 0.261751362798012 -0.345702708885296
1464885106.69187  -5.95721487328794  -1.35937559750373 -0.297519313609386 -0.0764985387986695 0.896283232672234 0.262437337070869 -0.349214811403281
1464885106.83189  -5.92682969840416  -1.38759507278845 -0.202196117098176 -0.0725121828800228 0.889962417537791 0.27636314503151 -0.355432540396285
1464885106.97369  -5.88880109683427  -1.42212580157822 -0.130001307133535 -0.0866012429830199 0.87694258724809 0.280169956002911 -0.380758084796303
1464885107.10997   -5.85950895057306   -1.44754059513459 -0.0590886416065501 -0.0950479981481316 0.876582612537786 0.25695934699437 -0.395652240530354
1464885107.2493  -5.82238201574521  -1.46037576419658 0.0223221468625727 -0.109446400541743 0.875483526457491 0.24988819812046 -0.398880895443892
1464885107.38861  -5.77157912620429  -1.48018331437438 0.0949181175166478 -0.123175660994201 0.872370002622981 0.257005224229796 -0.397173324608808
1464885107.52796 -5.71522831036564 -1.49929186632021  0.15817101016947 -0.109164944796363 0.872778713644733 0.274843294197669 -0.388331682290829
1464885107.71368 -5.65627120892432 -1.52240105077967 0.237943863634603 -0.0964028416596654 0.873434060483282 0.261264007664173 -0.399450312813601
1464885107.85301 -5.62077259195163 -1.52641356050512 0.313098323786878 -0.0928462315083828 0.875485714865585 0.256802017106446 -0.39869419906872
1464885107.99267 -5.58154242446339 -1.53498662304763 0.399491156769605 -0.0878999608133707 0.869376170176727 0.260639568736347 -0.410518802038087
1464885108.13474 -5.54148278487073 -1.56136397458178 0.482308136401648 -0.081601507289484 0.865180134423638 0.264803804258166 -0.417951521419869
1464885108.32087 -5.47654196702057   -1.595555447817 0.570108516438038 -0.0788049689257234 0.863273152278928 0.241332008693631 -0.436243169581962
1464885108.45989 -5.43813874266907 -1.60811835324859  0.64873275498202 -0.0969001822778917 0.854028587923419 0.234454009132809 -0.454177105637873
1464885108.59628 -5.38626939137726 -1.62072181082683  0.73033731479014 -0.114151775507147 0.844289968510072 0.250357214309589 -0.459853331470992
1464885108.73617 -5.33320867688416 -1.64161997719826 0.797186889294086 -0.104915343077286 0.848209249902701 0.240565144311816 -0.460067658620673
1464885108.9215 -5.25105419229929 -1.66636984013569 0.882212247690185 -0.100150782038208 0.839361694783563 0.23128593956578 -0.481610403071171
1464885109.06198 -5.20736236966089 -1.67180163994235 0.955068745432248 -0.103863405777282 0.833923460337665 0.216654995219208 -0.496834648837382
1464885109.20027 -5.15851891465811 -1.66932005888766  1.04201392780966 -0.106959857014415 0.821318067293269 0.235661903138281 -0.508389308241576
1464885109.33957 -5.09808634759951 -1.68134736418007  1.11898213085401 -0.0912684196500481 0.814003931044194 0.243771691907929 -0.519271641863417
1464885109.47886 -5.03737267505638 -1.70700488550276  1.18792977732224 -0.0929254549119289 0.801972399040393 0.228232679541792 -0.544164474213432
1464885109.57174 -5.00065388012209 -1.71967476620341  1.23779556143625 -0.0996002079829936 0.786707213203683 0.215845202401827 -0.569721342292136
1464885109.6646 -4.96435985350181 -1.72554100392954  1.28752834252927 -0.112321084306707 0.774423656872917 0.210605449655622 -0.58591579452264
1464885109.75807  -4.9243340151582 -1.73011591050034  1.33708089710643 -0.128547304818655 0.761208051113336 0.205087616716613 -0.601645213405372
1464885109.85044 -4.87828212338012 -1.73651131023766  1.38026284687803 -0.141990798887563 0.753582186253026 0.223335701152767 -0.601725573815824
1464885109.99252 -4.80683512678278 -1.74807006201507  1.43513061347819 -0.143611730998436 0.745853826546127 0.228181962640867 -0.609106503061242
1464885110.12914 -4.73686537732646  -1.7593630648572  1.48611552227695 -0.143491958252194 0.737249436588224 0.227553208646234 -0.619752259699068
1464885110.26874 -4.67513811728793 -1.75892031357886   1.5440162140812 -0.143509195747948 0.726027322982006 0.212398370338963 -0.638103729260934
1464885110.36138 -4.63791965484479 -1.75308229875892  1.58874219271965 -0.14219676475442 0.719804455402 0.202533943874308 -0.64856890740732
1464885110.45695 -4.58932768496134 -1.74527584553847  1.63561085160146 -0.132697057426121 0.714079232274694 0.204494729600338 -0.656250140228646
1464885110.54728 -4.53918863908987 -1.74460794974948  1.67660652554325 -0.120914751284706 0.710617553573013 0.202558651447521 -0.662851648711403
1464885110.64007 -4.48934039818314 -1.74783339046918  1.71638986072004 -0.110867563212469 0.699217313191802 0.199742628143744 -0.677426316924872
1464885110.73303 -4.43829387100309  -1.7554323223418  1.75014215626486 -0.108028460314724 0.688666716871835 0.196613788699268 -0.689500560498915
1464885110.82883 -4.39111938788009 -1.76090127527061  1.78484296008624 -0.116347448964824 0.672016016110511 0.179850838467366 -0.708880399724044
1464885110.91885 -4.34539418399369 -1.75908119766086  1.82046810697515 -0.126593725906573 0.651938589005102 0.175701244459897 -0.726690565111707
1464885111.01169 -4.29900141011606 -1.75279816546097  1.85241680827369 -0.135209746103409 0.640459564659937 0.175075988749235 -0.735444266248459
1464885111.10458 -4.24417021264614 -1.74583670478619  1.87826165461976 -0.141142327267779 0.632728723351374 0.185186723906092 -0.738538477933618
1464885111.24584 -4.16168317775792 -1.73791797114649  1.90758590593301 -0.138398293152518 0.624294655809172 0.186205859813688 -0.745942003745346
1464885111.38644 -4.07964133630594 -1.73215398541783  1.93213564792965 -0.124401174482063 0.611661891449058 0.186007688086343 -0.758811714662616
1464885111.52271 -4.00282919870081 -1.72387066889258  1.96045397713622 -0.118623702301678 0.588593841671068 0.159739112609131 -0.783561818047552
1464885111.61858 -3.95131633463587 -1.71063417079305  1.98463525119032 -0.118870560854506 0.572759971310521 0.139919619225907 -0.798898181987031
1464885111.70856 -3.89697320984852 -1.69093209293729  2.00774902877739 -0.109740067413054 0.560369251009722 0.1413212195532 -0.808685187839482
1464885111.8013 -3.83934362961166 -1.67336067364258  2.02469707243679 -0.0980262991858732 0.547126561737539 0.135307339433975 -0.820204422082983
1464885111.94077 -3.75353138402574 -1.65648047070257  2.03722113787422 -0.0791987472938493 0.524718345877044 0.129567998007915 -0.837621841775491
1464885112.08296 -3.67128295027641 -1.64860927238445  2.04016214444725 -0.0823717152865524 0.500495973940458 0.101439162736627 -0.855820528413193
1464885112.21948 -3.59461780351695 -1.62883780601072  2.04193646419173 -0.0907071326067247 0.467323310961913 0.0853603518051091 -0.875268387105104
1464885112.31546 -3.54185349837518 -1.60825811932555  2.03867249104461 -0.0972891156925786 0.446439127535304 0.0857575953671891 -0.885365782154534
1464885112.45457 -3.46464619220994 -1.57896975231252  2.01740086418303 -0.0959832067874434 0.436145886027565 0.0893906981701124 -0.890265855346979
1464885112.59099 -3.39116660530735 -1.55178749144859  1.99113113016442 -0.077342980730423 0.420958957654851 0.0821595217208225 -0.900034128404296
1464885112.73037 -3.32503155787318 -1.52643150332074  1.96526257642235 -0.0597516062064151 0.398357913579844 0.0604890752236502 -0.913280783780462
1464885112.86965 -3.26110731439349 -1.49609344556652  1.94496818037098 -0.0452422382612696 0.363109730530133 0.0297678559944692 -0.930171133835563
1464885112.96259 -3.21828906879896 -1.47381520515339  1.93370855167944 -0.0419482950312333 0.340064124065272 0.0162993804936642 -0.939324790614628
1464885113.05543 -3.17394822859335 -1.44860399212361  1.92040032417525 -0.0342027511493127 0.31262193646948 0.000684805176400573 -0.949261411674235
1464885113.1483 -3.12849630166725 -1.42253610877087  1.90570654116853 -0.0215681854641791 0.284086149736512 -0.00143810009068802 -0.958555060897284
1464885113.28775 -3.06445445374395 -1.39006635920013  1.87566975259863 0.000811566677078619 0.252616671142658 -0.0140636404587337 -0.96746388709728
1464885113.42704 -3.00846291094665 -1.36392229389163  1.84254259227147 0.0178880164455664 0.22009532716513 -0.0210795381340579 -0.975086518673996
1464885113.56767 -2.96101905344065 -1.34098559162711  1.81308353343429 0.0263828703246028 0.184058343544878 -0.0373997481814345 -0.981849137678959
1464885113.65931 -2.93115128344697 -1.32330169906781  1.79178964065521 0.0297681305502345 0.15908873134471 -0.0413537722277798 -0.985948527807212
1464885113.7522 -2.90279081985999 -1.30339887350102  1.76754655874836 0.0293707024194032 0.139180609276945 -0.0473102191006805 -0.988700087493338
1464885113.84673 -2.87489228100002 -1.28148261733527  1.73755816252179 0.0385031864364495 0.121220652790231 -0.0449218706675187 -0.990860779073973
1464885113.98445 -2.84213551374126 -1.25516181448062  1.69081281325294 0.052892812164359 0.117633138791629 -0.0506643789022768 -0.990352419994934
1464885114.12383 -2.81278489240932 -1.23437652667035   1.6513491982862 0.0635534737417838 0.0927427668184847 -0.0645363364525926 -0.991561796589341
1464885114.3096 -2.77999518302346  -1.2034664971918  1.60626693362742 0.0862220752955159 0.0753574685111307 -0.0928926413424759 -0.989069240678198
1464885114.449 -2.75045818133946 -1.17964508402604  1.58014135628952 0.10521483490862 0.0485614042751223 -0.106394204608739 -0.987548430081104
1464885114.54197 -2.72879618124298 -1.16427216667345   1.5666440748613 0.110548976686884 0.023590539139728 -0.113641890323958 -0.987070377926608
1464885114.63754  -2.7070103437296 -1.15063558246013    1.555133095819 0.11738381331646 0.00367718207511228 -0.118448062847745 -0.985990656705676
1464885114.77418 -2.67630292562135 -1.13163845782724  1.53899513101164 0.126979264683285 -0.0149432363963543 -0.136847475505912 -0.98230633433474
1464885114.9135 -2.64233895418335 -1.11237960375035  1.52346727698077 0.139740854658101 -0.0402937802819789 -0.153654938849645 -0.977363322709177
1464885115.00643  -2.6204577092806 -1.09861633378431  1.51164089312211 0.151384839817847 -0.0608058397689078 -0.160834238838916 -0.973405171416522
1464885115.10218 -2.59709045260006 -1.08734880206599  1.50052668402369 0.160561766502138 -0.0904087737466098 -0.167813744792693 -0.968444484638123
1464885115.19207  -2.5759686577704 -1.07888844069592  1.48844914553069 0.165923715019387 -0.112919242673063 -0.175742649326385 -0.963759869799553
1464885115.23865  -2.5652892626992 -1.07317578306391  1.48224679210423 0.167821589395674 -0.128730504248193 -0.178471356802501 -0.960943466708521
1464885115.33432 -2.54279503031099 -1.06193244117178  1.46993717450343 0.173921909699031 -0.15518649589561 -0.182195641449839 -0.955234562322242
1464885115.42442 -2.52060730955896 -1.05036388295669  1.45774020518558 0.184123097174429 -0.178465680454211 -0.185862019406005 -0.948527277272105
1464885115.4709 -2.50948245210897 -1.04415687676483  1.45174493818291 0.183647618245665 -0.189424577506328 -0.188147587716678 -0.94604036223918
1464885115.56665 -2.48854703194889 -1.03046701207069  1.44015791188364 0.192291230064482 -0.200098091178195 -0.198723834646849 -0.939943442069992
1464885115.6567 -2.46727989452808 -1.01601066867136  1.42858577705267 0.206780118781927 -0.207910008062409 -0.209713069235729 -0.932757117161671
1464885115.75253 -2.44242111832455 -1.00313495510018  1.41525096840653 0.208482337601093 -0.230688805783279 -0.221744825565894 -0.924200747743378
1464885115.84346  -2.41585632422264 -0.994040375772801   1.40271458978767 0.207352719676071 -0.252551333319815 -0.235059513884497 -0.915406848681888
1464885115.93533 -2.39204721969339 -0.98626101819662  1.38904566276926 0.211256891650941 -0.269436918281841 -0.244591007548002 -0.907165647400418
1464885116.03311  -2.36922257395513 -0.977258938340129    1.3759669860055 0.216046093709078 -0.293726544352529 -0.246613731769571 -0.897903374444297
1464885116.1216  -2.35152562011848 -0.969472992494864   1.36441422283557 0.222326403287036 -0.308519035151613 -0.254401243701918 -0.889194569570398
1464885116.21409 -2.33521123328155 -0.96132257686539    1.355158439512 0.227888049671394 -0.323859704674109 -0.26407677244866 -0.879457438855608
1464885116.30692  -2.32105599442478 -0.952426619877334   1.34811482214263 0.239822263638376 -0.340858319964727 -0.275350563843346 -0.866304192859149
1464885116.39983  -2.30772374763633 -0.943150392773027    1.3395936279673 0.250088151768909 -0.356237809393731 -0.291702284751813 -0.851739582603591
1464885116.49583  -2.29175624677942 -0.934512907631412   1.33322048068349 0.257864598746108 -0.378988961808425 -0.302486443674575 -0.835688438913684
1464885116.58565  -2.27382648252249 -0.925530090527476   1.32816221747189 0.266590791793472 -0.406920577492316 -0.314491437168726 -0.815131970475824
1464885116.68038  -2.25282358513459 -0.919226686619267   1.32267899520331 0.272645141759911 -0.434624926656361 -0.331060728333324 -0.791937241174501
1464885116.77165  -2.23059882269325 -0.913645737829877   1.32028572840542 0.274277894531407 -0.462313844582389 -0.343395942433476 -0.770140748434397
1464885116.86427  -2.20795765928901 -0.909312709403022   1.31475207438119 0.279740859700206 -0.492685130722934 -0.351278609837557 -0.745392347458243
1464885116.96063  -2.18663751390271 -0.905334683837254    1.3133179181574 0.276811150298544 -0.517391466352684 -0.364243287319997 -0.723193255816271
1464885117.05209  -2.16513651816576 -0.902008835941407   1.31092293218758 0.271162482997552 -0.545614645719979 -0.369914117581291 -0.701383712246384
1464885117.14307 -2.14672013567039 -0.89808963917141  1.30528320354784 0.273408545805473 -0.567218152987779 -0.371497944031926 -0.682276052329056
1464885117.23594  -2.13042937369527 -0.893093583922525   1.29893491699057 0.274040637803915 -0.585098690955805 -0.374790200242559 -0.664901162937747
1464885117.32885  -2.11500733674103 -0.887457440255584   1.29002469429317 0.277694214527065 -0.606162297172936 -0.376536678620171 -0.643174410527903
1464885117.42852  -2.09906938528438 -0.882041881582712   1.28025220994005 0.285504197499367 -0.63242423251697 -0.376034656174046 -0.614104942735059
1464885117.5165  -2.08351025593663 -0.875389801454512   1.26720476346926 0.281218215669417 -0.654455952991592 -0.377745159193529 -0.591533866718916
1464885117.60753 -2.06547382560851 -0.86879837875881  1.25517737303285 0.275977206745203 -0.674370714063759 -0.37526286237283 -0.572921029020581
1464885117.70304  -2.04901247927087 -0.861951778404208   1.24183146893847 0.280857808577271 -0.690797328243033 -0.376336200225429 -0.549808154771595
1464885117.79338  -2.03148821313037 -0.855754540866149    1.2302328302132 0.275087405050978 -0.70603850534384 -0.381605792825863 -0.529352026005285
1464885117.88892    -2.016030056712 -0.849926751884193   1.21998740686405 0.271955670127726 -0.711975098580002 -0.390622523590836 -0.516280559919607
1464885117.9791  -1.99998513068324 -0.844530140244601   1.20876690225679 0.273196800252831 -0.714896990326687 -0.392244008830606 -0.510323857065251
1464885118.07393  -1.98182058342763 -0.840576132247639   1.19812248282697 0.272981256278249 -0.717250391250405 -0.386476906394165 -0.511535639810059
1464885118.16489  -1.96521605898598 -0.837528038676249   1.18478067992648 0.275261082943513 -0.720126658155315 -0.378337732471618 -0.512356802061861
1464885118.25782  -1.94727023445979 -0.834448659564375   1.17321167823132 0.273721966446517 -0.725360139574597 -0.367389971642912 -0.513764110985961
1464885118.39718   -1.9200254546199 -0.829228743415108   1.16185680622315 0.273080442814439 -0.723643857346537 -0.355881917045708 -0.524513775411826
1464885118.53651  -1.89610990643062 -0.819713861069087   1.13882181944772 0.267003353547121 -0.73130870592731 -0.346718202295674 -0.523147468718306
1464885118.6759  -1.86931504029906 -0.812287871695192   1.11498880055949 0.254995679429341 -0.748355200011186 -0.332359587202073 -0.514275026501826
1464885118.81736  -1.84003123363344 -0.808391332733012   1.08862200552793 0.249511181673446 -0.752563787250228 -0.314392764668381 -0.522062358213734
1464885118.95467  -1.81577409759103 -0.808498130366156   1.06173231428745 0.240157647149704 -0.769455356694314 -0.294385515974201 -0.513419834594016
1464885119.09526  -1.79426381819021 -0.806675105741725   1.03054412028575 0.217697973817715 -0.791239295393991 -0.279305798629203 -0.498534091584703
1464885119.23329  -1.77926667245486 -0.800985331051784  0.997239281781003 0.214175673179841 -0.803372206103361 -0.260617679950534 -0.490714075991082
1464885119.37262  -1.76983805186331 -0.790844854248337  0.962202143964733 0.206505692698064 -0.81334571988472 -0.249347421837813 -0.483373563666172
1464885119.51495  -1.75726537533766 -0.774056510382612  0.909351545271709 0.206877537330437 -0.813851185796752 -0.23638951526417 -0.48884346062772
1464885119.6543   -1.7408052653562 -0.765687977527894  0.861722255756301 0.200089391898905 -0.80841358060654 -0.218179446143401 -0.508752835098733
1464885119.79074  -1.72269318703122 -0.760785213085189  0.821833390425475 0.20212197103154 -0.796916989450169 -0.199588638705993 -0.533136376597484
1464885119.93 -1.70529468610449 -0.74789359068503   0.7826789540128 0.191309774667253 -0.798977492254359 -0.192951689770978 -0.536474773313924
1464885120.06935  -1.68641253945667 -0.728579584259194  0.741732530475276 0.177006822096947 -0.806623812572448 -0.179460185699096 -0.534621970808416
1464885120.30476  -1.64766836355114 -0.690693148655165  0.679305433120462 0.177332345730361 -0.794217879044887 -0.168458841180471 -0.556230904023987
1464885120.48747  -1.60784070600367 -0.667768025104475  0.627057628853626 0.171658910259264 -0.782316797044466 -0.158722602168428 -0.577339400311093
1464885120.67685  -1.57739783335706 -0.650174882446211   0.58550468210514 0.155094468145012 -0.774076316027597 -0.150693616458691 -0.595015123231805
1464885120.85886  -1.54440932114269 -0.611414350953483  0.532195517922618 0.143178666892264 -0.757581706438346 -0.147088867092144 -0.619624638466279
1464885120.99834   -1.5211295506953 -0.587622858398719  0.496280779293763 0.137531002545153 -0.73580187649607 -0.145164111398228 -0.646999383806314
1464885121.1404  -1.49706226262982 -0.572007638427317  0.466293383801792 0.128274269999797 -0.706274841915807 -0.142749182472517 -0.681428081484942
1464885121.27727  -1.47365050090834 -0.555922739986809  0.442139148199322 0.118432152269213 -0.674849643972269 -0.145342402472044 -0.713741808627628
1464885121.4164  -1.44919126762765 -0.532226171834287  0.418704093412515 0.108791681653678 -0.65590664633562 -0.145319462973941 -0.732688948310734
1464885121.55572  -1.41873704541908 -0.499360645786168   0.39231702169472 0.108610409012354 -0.633413740423847 -0.13716338562357 -0.753775177450624
1464885121.74453  -1.36796335814951 -0.466328928951045  0.355016133876422 0.107589713951998 -0.617711133224302 -0.132262229580504 -0.767700535344916
1464885121.92722   -1.3198856180292 -0.448074256641338  0.316876126792115 0.0918010364774467 -0.599820412687258 -0.132241081598204 -0.783773142282313
1464885122.06999  -1.28598484430248 -0.423910407094226  0.288507223611365 0.0786980614655124 -0.576952296888592 -0.13112050752742 -0.80233414157837
1464885122.2533  -1.23433796084777 -0.388713727926524    0.2510522964912 0.0603035189271112 -0.554947890336834 -0.124684490534001 -0.82027440679079
1464885122.39178  -1.19853982509858 -0.375695580305015  0.227104663335316 0.0392957005626018 -0.50682196832025 -0.126851871416171 -0.851760496303684
1464885122.53404  -1.16205602195714 -0.364421479864807  0.204602757080779 0.0310610567884063 -0.475744689781678 -0.127360006914073 -0.869759523968878
1464885122.67056  -1.12354405878999 -0.342948651152778  0.185793265995552 0.0222372781922079 -0.438940971272856 -0.122247652881926 -0.88988304768745
1464885122.81278  -1.07470819195795 -0.309332543818291  0.170088364641317 0.0184049216641844 -0.415851658441013 -0.107339220437909 -0.902888115320041
1464885122.90524  -1.03908487027197 -0.286327182740494  0.156858584191639 0.0260503457656167 -0.405838621247035 -0.0989989268162053 -0.908193594713725
1464885123.04285 -0.982051689500106 -0.267598551165884  0.140308467084534 0.018734865423643 -0.388839215406984 -0.0993123733950207 -0.915745664401359
1464885123.1392 -0.946977702044762 -0.259444958982152  0.128683874677349 0.0165247164409452 -0.367483931431073 -0.0982512742150926 -0.924677879589222
1464885123.27442 -0.893509417295419 -0.241137801897332  0.111747163689367 0.00581951096855373 -0.350054320816929 -0.0966012110447272 -0.931716862461004
1464885123.36844 -0.857272040035259 -0.223285335156167   0.10256315202536 -0.00385410779307681 -0.335707031570334 -0.0887431262572418 -0.937768944009901
1464885123.46283 -0.820020244185546 -0.203839815013455  0.092561378950659 -0.00862085048791321 -0.315753114885466 -0.0810296361026121 -0.945335839503649
1464885123.59976 -0.766275064123592 -0.189054563314185 0.0749785966519074 -0.0229547302605279 -0.282941983064951 -0.0845616919799667 -0.955126292606075
1464885123.69261 -0.731906234125653 -0.185489345692255 0.0644127694802506 -0.0464006308904899 -0.26631675085221 -0.0767010821820029 -0.959707931435703
1464885123.78554 -0.701227580974983 -0.176838172867607 0.0556080474288465 -0.0371549648398123 -0.237999782223991 -0.0727031051220581 -0.967827397191615
1464885123.92468 -0.653011309415838  -0.15778497025199 0.0477412771326085 -0.0515868282748519 -0.205800749273437 -0.0647342913465914 -0.975086828067577
1464885124.01755 -0.619796932923216 -0.139140551030857 0.0453587047651084 -0.057509470217969 -0.182921529197934 -0.0516545919573833 -0.980083760767851
1464885124.15694 -0.562801729709299 -0.115949306420849 0.0457300445658105 -0.0490759863665965 -0.16426036915519 -0.0456769788688311 -0.984136013104166
1464885124.29626  -0.50603327586915 -0.118500004046865 0.0439398655198512 -0.0539664140960041 -0.149950364199056 -0.039528617392862 -0.986427900473825
1464885124.43564 -0.453030593328714 -0.130536025429008   0.04184043157302 -0.0638951558989187 -0.128936884100763 -0.0445148618001643 -0.98859046932992
1464885124.52851 -0.415734882991156 -0.137852153840948 0.0414899677189401 -0.0860439024501038 -0.127950296234135 -0.054504347556796 -0.986536590625083
1464885124.66791 -0.355665724795622 -0.142631523052051 0.0432090273104699 -0.102790800121044 -0.134084911730431 -0.0521001302890123 -0.984246343290432
1464885124.80755 -0.300672928645603 -0.147492990865495 0.0409084625601982 -0.0986906224450427 -0.111135264011871 -0.0698014913264399 -0.986426310447479
1464885124.94659 -0.248954393624748  -0.15907636056598 0.0357272118588203 -0.0950532936109234 -0.0904838144492314 -0.0841633078743546 -0.987772285652963
1464885125.08619 -0.196470705891463 -0.171209867832524 0.0347325004768241 -0.106118426930734 -0.086413806508631 -0.0938182270589581 -0.986138770043014
1464885125.22529 -0.142286122016838 -0.177740163996458 0.0415563863685393 -0.136472456331241 -0.0871183165666423 -0.0940821474546917 -0.982310652040293
1464885125.36467 -0.0859922634635702  -0.173820786041556  0.0555104461926294 -0.169411667504835 -0.0791431535331029 -0.0934244422018159 -0.977909976307301
1464885125.50395 -0.0301812754760045  -0.164844367290721  0.0760086432018005 -0.183875090651802 -0.0592538874312228 -0.100408200385148 -0.976010820205133
1464885125.64355 0.0226214630609597 -0.158983415272694  0.101031306972268 -0.180952190747277 -0.0364852690396016 -0.0947613817978673 -0.978235866407804
1464885125.78269 0.0758483536247738 -0.154624593065773  0.128189572745956 -0.182794528197407 -0.0188314412456717 -0.0901638443798755 -0.978826858258569
1464885125.92198  0.126318941072274 -0.147037439142273  0.158392812613472 -0.193483107257594 0.0168879425121812 -0.0795474963918072 -0.977727610544699
1464885126.06136  0.172351144931185 -0.139127600083994  0.188634656612149 -0.184551504411257 0.0425589730536378 -0.0833436291747256 -0.978357457940679
1464885126.20065  0.202320652354248 -0.140573448387961  0.216627398729106 -0.183778863257222 0.0750312255343341 -0.0735602261258627 -0.977335427449047
1464885126.43428  0.22226939016979  -0.1515874360483 0.264420838313947 -0.192371632677093 0.104057092795219 -0.0450910003987121 -0.974747186742901
1464885126.71673  0.200932209093715 -0.192021735745828  0.316284515798747 -0.209347387048383 0.0986449488742799 -0.0214190427227492 -0.972617124158549
1464885126.89746    0.1618745143982 -0.231769868018713  0.347343224258792 -0.238386985274587 0.0917177721255417 -0.0246927782936 -0.966514232811998
1464885127.12965 0.106824155485437 -0.26554756772032 0.375365599673344 -0.257672104753381 0.0914378696767894 -0.059966450820974 -0.960025118003102
1464885127.36185  0.041478670815376 -0.260656071403243  0.378661560720333 -0.245846339250575 0.110849782964745 -0.0645336630649555 -0.960784736257388
1464885127.54771 -0.0133961407096956  -0.238128187820773   0.372918039921958 -0.226084395674043 0.132273593813519 -0.0643371321813301 -0.962938355158336
1464885127.73375 -0.0616436769166294  -0.210536380141856   0.363614673109198 -0.217338798410325 0.136354030182724 -0.0505031289773332 -0.965205086560356
1464885127.87612 -0.0902049345460721  -0.183407523298651   0.355671346813494 -0.193141410136118 0.137788689081871 -0.0511171587426973 -0.970101906468493
1464885128.05877 -0.119778433119828  -0.14734576950921  0.345560606246272 -0.177197187034844 0.145181305085855 -0.0531973339400784 -0.971953491285552
1464885128.29388 -0.134876677599177 -0.103018231317914  0.337490351024752 -0.178288948362987 0.144816517395113 -0.0451439869845289 -0.972215638436408
1464885128.47673  -0.134117195774352 -0.0658585111632726   0.330896928037965 -0.152497390955468 0.149915516798342 -0.0365015576289625 -0.976185187280324
1464885128.70892  -0.121335703962982 -0.0318094761805706   0.316356641765957 -0.123884877695035 0.135214198671851 -0.0137123805086122 -0.982945384127116
1464885128.89503  -0.103224320169048 -0.0218620165966538   0.297820507705766 -0.0915171379888135 0.0898887795148055 -0.0202515497435225 -0.991531389066761
1464885129.083 -0.0832189115795008 -0.0287254688625265   0.273672453754137 -0.0967730940160759 0.0434199443101314 -0.0441875177905162 -0.99337663551252
1464885129.26737 -0.0626134772461931 -0.0452422597957313   0.252123292538737 -0.0917793790609848 0.00684078485805941 -0.0628539238137495 -0.993770161306386
1464885129.4522 -0.0424489923941984 -0.0755597135384762   0.237109532588999 -0.0990579410861766 -0.0121490502401176 -0.0868977079709283 -0.991205686644013
1464885129.63796 -0.0223614361682611  -0.111391461295091   0.226845194513041 -0.116096007337621 -0.0126831641659168 -0.0999087288944547 -0.988118970730599
1464885129.82672 -0.0071244276059259    -0.1457432238387   0.219754837409226 -0.149119103082645 -0.0120582433923513 -0.0679433633540684 -0.986408531612666
1464885130.05604 -0.000957582159501381     -0.18514949595584     0.206537311877114 -0.16277712597084 -0.000589405483142426 -0.0485253398666156 -0.985468696231737
1464885130.2883 0.000295682149967817   -0.228643192714495    0.190759648598292 -0.189547080725772 -0.010373204059536 -0.0397210058677721 -0.98101301852663
1464885130.47401 -0.00398916279782391    -0.26060183395005    0.172757668074858 -0.228025175310542 -0.0105614272726338 -0.0336163694198942 -0.973017428099614
1464885130.66501 -0.0180641019136275  -0.276423876346366   0.157153148663992 -0.266328879887625 0.000485729388842845 -0.0610266850186494 -0.96194824991805
1464885130.89463 -0.0568689818689719   -0.26130695296029   0.161138167390174 -0.264136851233844 0.0215737562994434 -0.10729882895619 -0.958255319924723
1464885131.07865 -0.0941680647705507   -0.23448710164211   0.172316109524435 -0.25585178727233 0.0460854020398963 -0.126802552197495 -0.957254987672865
1464885131.26418 -0.129304148489524 -0.200799762478688  0.188648522034074 -0.247192218758486 0.073051684867727 -0.1103209664289 -0.959889963844522
1464885131.44953 -0.155617191336875 -0.163142386405921  0.205744922275015 -0.222893851415913 0.083743702337578 -0.095450302498227 -0.966537409039491
1464885131.63547 -0.170676240293931 -0.125467507562261  0.221072130559616 -0.193001288404472 0.0922230175420189 -0.0881229023708911 -0.972871919518386
1464885131.86781  -0.163902299787516 -0.0912561223468999    0.24638721308827 -0.153250792694297 0.0778279183700974 -0.0833116145379198 -0.981588602492833
1464885132.05571  -0.136590731012992 -0.0854856398677514   0.277019116634655 -0.121227901049409 0.0553030451115835 -0.0821532364907555 -0.987672119148169
1464885132.2391  -0.10565901496777 -0.100344723731631  0.319330056428645 -0.104430684961228 0.0433213904468992 -0.0713598664077043 -0.991022330038305
1464885132.37847 -0.0866186019361938  -0.120337224892122   0.358114711146707 -0.111792894431171 0.0351038612212106 -0.0840825269109292 -0.989545449360632
1464885132.52031 -0.0717434345864632  -0.145946235653632   0.399705071636454 -0.124237852340123 0.0444583578589243 -0.0891229841761003 -0.987241360637787
1464885132.65729 -0.0591927260140233  -0.172726920521133   0.442051291500453 -0.135319044024423 0.0478732565295236 -0.0898760030621888 -0.985555280898611
1464885132.79658 -0.0507589256276188  -0.199815271164453    0.48022091188859 -0.156123017064554 0.0464845649838666 -0.0881891517625044 -0.982693982006775
1464885133.35397 -0.0677272693118663  -0.202319175198538   0.444389794316819 -0.152286872215606 0.0263980454409912 -0.0969139408049745 -0.983218968401919
1464885133.49351 -0.0812212915841975  -0.187349246061051   0.396312044650052 -0.13753022970531 0.0236617301410356 -0.104553066468922 -0.984679752374285
1464885133.63263 -0.0937068891988771  -0.168787232841251   0.344724520702782 -0.127839668420333 0.0265642959058587 -0.111512201968788 -0.985147900659225
1464885133.82147  -0.10885513277578 -0.142745667407153  0.277008299453878 -0.123063649587207 0.0419000974573678 -0.111091833986563 -0.985270685854828
1464885134.0042 -0.113882747050881 -0.113482153627289  0.209802601678971 -0.119587221522082 0.0573590696675304 -0.10682786905976 -0.985391617565146
1464885134.19009   -0.11115014096148 -0.0826110643939161   0.141320695091669 -0.12412540510187 0.0772774100270174 -0.0877254581672008 -0.98535543317991
1464885134.38298 -0.106707653983503 -0.050789342020967 0.0702318958890495 -0.117856577431072 0.109925109385427 -0.0834740079791787 -0.983391268760674
1464885134.65454  -0.0955883459327091 -0.00966753448929579  -0.0219626427711862 -0.108429088443538 0.114982935350394 -0.0850554543391578 -0.983761976824003
1464885134.97966 -0.0858249135357459  0.0326159031404307  -0.115898469228037 -0.118239812168856 0.0968539093051739 -0.0680542262586964 -0.985904300304502
1464885135.35202 -0.0980197497493783  0.0675393298012041  -0.224351920254778 -0.112804649051522 0.0948119954144159 -0.0675363641923732 -0.986774866010264
1464885135.67652 -0.115959760715565 0.0685854271881255 -0.288115099454195 -0.135826098801945 0.112906355716099 -0.0681387167236388 -0.981916768879323
1464885136.14095 -0.177289721436231 0.0453566239371689 -0.308975482978021 -0.111984025506879 0.119245869131439 -0.0892831169552022 -0.982480801722418
1464885136.41962  -0.244118787518861 0.00553439811535998  -0.270358039884066 -0.119400675211265 0.103987689654593 -0.110033431407457 -0.981235284288175
1464885136.65188  -0.289259839661732 -0.0390066621298127  -0.220172135736187 -0.128188193138543 0.0828559172849742 -0.122856024192606 -0.98061668425044
1464885136.97703  -0.333045725410529 -0.0890723466903919  -0.115899284095314 -0.137495366988083 0.0862610768357278 -0.111505512217231 -0.980418569502397
1464885137.25571  -0.354539959803557  -0.137377089460093 -0.0111192871541374 -0.120971935540195 0.100621017710567 -0.107982556695731 -0.981621601767199
1464885137.488 -0.356494163567766 -0.171868772729158 0.0733495427100352 -0.128131258836551 0.110157745583374 -0.0879799370176912 -0.981685887786573
1464885137.67383 -0.349198127168829 -0.186330686263775  0.149990478413195 -0.127802045313997 0.111638814857933 -0.0802648737397736 -0.98222246068506
1464885137.86177 -0.329827779364737 -0.196944268239676   0.23095429717491 -0.124698184812188 0.0955975086959717 -0.0719932637112632 -0.984950988128785
1464885138.04553 -0.301926596365648 -0.204724106703235  0.297403558001653 -0.113785167478398 0.105126052090046 -0.0700477928070597 -0.985441401381499
1464885138.18489 -0.275041463352678 -0.208148952081142  0.341297148276136 -0.117787495760355 0.115251021849583 -0.080897347461049 -0.983005049315057
1464885138.27784 -0.252236190486389 -0.206828327445585  0.368926243904357 -0.117571594301449 0.109690424372526 -0.0847743715597826 -0.983340346442184
1464885138.41702 -0.214506096957493 -0.200666003455061  0.408478643511741 -0.110463076729559 0.120762757120958 -0.07919273408847 -0.983332484991509
1464885138.50974 -0.187042947439117 -0.196365962030315  0.431583887664422 -0.109171989327793 0.132160739746278 -0.0784232112729659 -0.982071695727743
1464885138.69565 -0.131568575289117 -0.190886527503424  0.468805128352818 -0.112698865917315 0.166605752885348 -0.06725292242448 -0.977250496623985
1464885138.79107 -0.106672425648992 -0.188841318176042  0.484595033155642 -0.108453403408092 0.184004724305179 -0.0535222525534776 -0.975456554237132
1464885138.88127 -0.0823135120842884  -0.187630852206977   0.499834970947876 -0.104098003006702 0.19272728493695 -0.0450074111433272 -0.974676424436861
1464885138.97442 -0.0594701254466872  -0.187192952395081   0.514635151716035 -0.103430713377754 0.201409071623802 -0.0490326106353141 -0.972796112498448
1464885139.11373 -0.0269503440698137  -0.184562624696725   0.542317324882686 -0.105945546787514 0.203707138745201 -0.0556540229803598 -0.971690059878272
1464885139.20665 -0.00552882723283691   -0.179647955612369    0.564127516416668 -0.107299891779451 0.202313490899488 -0.0535095598916783 -0.971953039824651
1464885139.39239 0.0358863806466967 -0.165476765995858  0.604099114461475 -0.097474908110855 0.195831377168948 -0.0440398229219963 -0.974786750013506
1464885139.48793 0.0538641024702793 -0.160406566517557  0.619113247723702 -0.0987193228726669 0.188492081032775 -0.0411056991617053 -0.976235397932242
1464885139.6246 0.0774744877290761 -0.153569673299814   0.63138713894433 -0.106869014760757 0.180279255751874 -0.0452245863529461 -0.976746200616527
1464885139.81037 0.102035842991557 -0.13843264017283 0.628894960832453 -0.112589071223628 0.180650553545663 -0.0425848202245413 -0.976153477497822
1464885139.99627  0.119857492883414 -0.114733216826292  0.603586921576327 -0.116722307209311 0.187447901295435 -0.0241840127631728 -0.975015036205259
1464885140.13547   0.126470497288754 -0.0943859525899961   0.568567056474271 -0.110411655589101 0.21419882897181 -0.0190706591296563 -0.970342433338633
1464885140.27484   0.130397343439254 -0.0749597761495969    0.52326902886085 -0.105769430838905 0.247693277698141 -0.0173125538332173 -0.962892072437476
1464885140.4143   0.132419882196734 -0.0608379392229741   0.474038019821883 -0.112288511200249 0.270108709985494 -0.021834312708097 -0.956010375378306
1464885140.55359    0.12807899240584 -0.0461674813845767   0.428409677899917 -0.113925918623805 0.280684375476604 -0.0245211987907993 -0.952699258548517
1464885140.88094  0.0993013879693997 -0.0102350388567026   0.328389794929837 -0.119685924736362 0.287380307678806 -0.0139235441259029 -0.95020733163737
1464885141.01824  0.079681642907835 0.0027202735616448  0.280405999895362 -0.108445944913601 0.281315650111805 -0.0302734827069622 -0.952987144865428
