1461161170.97319 -4.41172896191645e-06 -1.01191285033384e-05 -4.06902663209425e-06 -9.0941387624322e-06 5.92285779649596e-06 6.9293668183642e-06 0.9999999999171
1461161171.17307 -0.0360887479872098 -0.0193635072898094  0.0388648395191704 0.0373271496513127 0.00571587970609819 0.000952896763884015 0.99928629761738
1461161171.19314 -0.0399856708599985 -0.0215594622248504  0.0435859811683204 0.0414338073683593 0.00409724244404362 0.00428067943683114 0.999123680029092
1461161171.33307 -0.0718722471033139 -0.0362964753204868  0.0785427381303646 0.060543428707359 -0.0063164448470708 0.0142108869855705 0.998044411063924
1461161171.45316  -0.103549041085765 -0.0544562577883377   0.109287093742088 0.0785749685888528 -0.016444326850274 0.0242701097134834 0.996477054527698
1461161171.573 -0.133231546696461 -0.074935882154384  0.137685323245991 0.0933706585171849 -0.0123378186868565 0.0512182355188389 0.994236586888882
1461161171.69309  -0.167515686059034 -0.0945073076423652   0.164793074128296 0.106677230718464 -0.0154086023834697 0.0620654486573546 0.992235064640325
1461161171.81305 -0.205772887905143  -0.11303097092031  0.193098579486058 0.129395097218666 -0.0169502926668747 0.0534267170252624 0.99000766779969
1461161171.93335 -0.244962218110668 -0.130230992924969  0.222461225416248 0.141551158425387 -0.0158154110579241 0.0733757137682958 0.987081124807122
1461161172.05313 -0.286093916952719 -0.149103215967493  0.249742607913857 0.148554451324639 -0.0233816827804423 0.0955195719562215 0.984002481335942
1461161172.15304 -0.324058605995568 -0.164167523237374  0.269192299540678 0.15215084059264 -0.046148362007242 0.116560358907568 0.980374486164517
1461161172.27304 -0.371140706185892 -0.182029999221124   0.28659669032176 0.160576177886254 -0.0636556760360809 0.116081795073485 0.978104423288408
1461161172.41301 -0.424800756088791 -0.200341438380762   0.30249660017148 0.170060584826244 -0.0722924269391389 0.125283569464349 0.974760088287409
1461161172.53307 -0.474127241503676  -0.21118088299351  0.308993102946119 0.184448958500912 -0.0910718843446212 0.138571832537565 0.968752982352586
1461161172.65305 -0.528891755055371 -0.213996562209071  0.312129093909082 0.180539533858799 -0.108427109697106 0.160035979558084 0.964384531109694
1461161172.77298 -0.587718838427961 -0.219693268670622  0.313118109518677 0.181546626352857 -0.118305386498806 0.170533755260513 0.961229887332896
1461161172.89299 -0.647537020747097 -0.222929729894935  0.310943563453669 0.165240464483486 -0.121004547640663 0.177765144413261 0.962524307110887
1461161173.01298 -0.707633048922563 -0.226691623270462  0.305211715412032 0.170017206406265 -0.123023726698334 0.176940032534219 0.961588028774201
1461161173.13503 -0.771600503554316 -0.227308487743132   0.29621065223854 0.176092401252744 -0.135769249407167 0.17559743529972 0.959022271823036
1461161173.23497 -0.826358591957951 -0.219449276711146  0.287459068122182 0.172087703362739 -0.145054029580494 0.177578192664083 0.958024601116254
1461161173.35296  -0.89274727247191 -0.210865632225886  0.277457124800758 0.160697297175716 -0.149185211593572 0.183384770639376 0.958274583415288
1461161173.4347 -0.938006401424688 -0.203755246530845   0.26848643077153 0.130351493290021 -0.157150058999531 0.200939457449758 0.958089599981809
1461161173.53469 -0.993229414510926 -0.205074360835147  0.254366806137502 0.125955854398799 -0.166711704891309 0.210108613639383 0.955089891407839
1461161173.63495  -1.04866728511337 -0.207582359216545  0.239507735653455 0.130318892852635 -0.170711939969694 0.206244886757217 0.954639966900585
1461161173.713  -1.09759632686097 -0.204932627240825  0.226557634754854 0.12706253713035 -0.187124298407752 0.199041378622928 0.953531403887302
1461161173.79299  -1.14619123021932 -0.197115433477678  0.212909737810861 0.119778463257676 -0.205790579489355 0.200605362141324 0.950295136162031
1461161173.89294  -1.20365040706305 -0.183259533044652  0.196554729549909 0.121218959104585 -0.211360262989268 0.195030165491649 0.950050544829594
1461161173.99295  -1.26286017236743 -0.164393324828074  0.181359469627578 0.108446866339556 -0.223131562973511 0.188665355621193 0.950187858465081
1461161174.09293  -1.31849908521464 -0.148626725476764  0.168001540805994 0.111630297173112 -0.22264928100757 0.168220628386217 0.953765062583654
1461161174.19302  -1.37344614260116 -0.127869831806193   0.15748277179418 0.095372383988643 -0.232552942135125 0.150053930182367 0.956194046997494
1461161174.27289  -1.41751338815533 -0.109443149847181  0.151494134955914 0.0737841338077285 -0.243819855001121 0.12916516596721 0.958344478674625
1461161174.35278   -1.45904679459214 -0.0862361434617394    0.14510272762691 0.0602190870320449 -0.25484457303878 0.105462217309451 0.959325609931207
1461161174.43497   -1.49732354013189 -0.0631506754320767   0.139366817860405 0.0423821115255572 -0.267777284801602 0.0963521442990294 0.957713603670688
1461161174.53294  -1.53469790908636 -0.035968999505798  0.133853587828092 0.0291821974258919 -0.263123998065964 0.0880450674120324 0.960292781967869
1461161174.65293     -1.5663286131775 -0.00598722168451939    0.129902770606801 0.0230228766142404 -0.246738867894442 0.0741571853853683 0.965966143339556
1461161174.77284  -1.58457646217479 0.0229442386146086  0.126913000824614 0.0138982032668778 -0.228543483716835 0.0484118418100205 0.972229916001913
1461161174.8928  -1.59318506791249 0.0532059314944307  0.122984686356019 -0.00200677497408628 -0.219918664573408 0.00993190234593791 0.975465586856985
1461161175.07359  -1.58768237585598 0.0888025290549876  0.115038109538519 -0.0192189870253431 -0.208314663963865 -0.0125110324484912 0.977792976750403
1461161175.21276 -1.56759097423563  0.11142553104725  0.11140221574308 -0.0404799640605719 -0.18353092188988 -0.0192444348958986 0.981991560526588
1461161175.35298 -1.53618087681065 0.124057060748942 0.110107949184636 -0.0545922062022216 -0.159710272471263 -0.0190404307754091 0.985469320620899
1461161175.49278 -1.49347380292189 0.129068024172978 0.114460753479643 -0.0645312787683591 -0.132983316670742 -0.0101565600430884 0.988963091240447
1461161175.61276 -1.44642805687853 0.133180206890469 0.119899538966771 -0.0627788717768894 -0.106292354680426 -0.0205650788480339 0.992138007601203
1461161175.73279  -1.3950040144557 0.140370981273137 0.123979594539506 -0.0700191980356079 -0.0882632180419994 -0.0227599613571718 0.993372488247153
1461161175.83628 -1.34631852664105 0.149564088763402 0.125203570013115 -0.0875695249928053 -0.0617593475418132 -0.0195037936281436 0.994050785079844
1461161175.93271 -1.29827795939791  0.15691966579904 0.124547835869469 -0.108615284637959 -0.053305880213687 -0.00478501987552856 0.99264208386631
1461161176.05274 -1.24198727875478 0.151453602244846 0.128487911996606 -0.0937057324050804 -0.0546919240735858 -0.0235509942552663 0.993817578746293
1461161176.13271 -1.19889817735894 0.143309979190119 0.133318392921864 -0.0775747279751585 -0.0352615950797087 -0.0392290256021947 0.995590209394567
1461161176.25279 -1.13538876817651 0.135497803813268 0.144409279491687 -0.0861157716586206 -0.0316455498617619 -0.0171988065150887 0.995633885572424
1461161176.33282 -1.09076345109109 0.129013441196329 0.154797747377952 -0.0755265783111171 -0.00783800863029603 -0.0327558346444905 0.996574812488289
1461161176.41273 -1.04639863449969 0.123088761480841  0.16745217168856 -0.0621062597735237 0.011930225418519 -0.0335248266499689 0.997434994481593
1461161176.51272 -0.993204395971535  0.116019400382359  0.186119790872073 -0.0429156412289087 0.0200809680535413 -0.0371386587800446 0.998186216336393
1461161176.61286 -0.942328077031711  0.106849025780105   0.20540096762691 -0.0203189900543951 0.0291479493669892 -0.0417333918932566 0.998496800040918
1461161176.73472 -0.887186852276767 0.0974037489926582  0.227737178021654 -0.0119685754947787 0.0476302126888152 -0.0512627455274326 0.997476940565963
1461161176.8129 -0.850425136822866 0.0902840859333483  0.243946208132284 -0.00471682502801412 0.0784113310468107 -0.0509667875178454 0.995606248119824
1461161176.89268 -0.814636974508095 0.0868068642345337  0.262705695754011 -0.0169722541267128 0.111450507914793 -0.0452961331722331 0.992592054771262
1461161177.01339 -0.768548902496561 0.0818862022524153  0.298853074664743 -0.00944701930750348 0.130138851526577 -0.0364136746074819 0.990781851595561
1461161177.13282  -0.72593797333772 0.0823276604642871  0.342635026904376 -0.00839924985560176 0.138979294673137 -0.0190773438633149 0.990075887599098
1461161177.25317 -0.686383884319237 0.0822129445113233   0.38881476773623 -0.0147664941238893 0.154811249327944 -0.0181753435821411 0.987666484507033
1461161177.37285 -0.656466309239037 0.0749412243920786   0.43398596154357 -0.0109421341636475 0.166426818725642 -0.0116751177687166 0.985923970361759
1461161177.51273 -0.634334404104982 0.0671622502861345  0.491837125233293 -0.0155752999812772 0.15902275371253 -0.0135983275986518 0.987058386985642
1461161177.63503   -0.6145889682901 0.0687432871439776  0.546802418732862 -0.0165701794054383 0.165719423643972 -0.00228794487437864 0.986031068014509
1461161177.7348 -0.598509830339937 0.0754985056016832  0.595690672238304 -0.0227662116048189 0.178617138001095 -0.02395230226561 0.983363566966785
1461161177.85272 -0.577422280103881 0.0843053496338898  0.654744979063395 -0.027387977670633 0.193511566067417 -0.0267075842617881 0.980351915089754
1461161177.93434 -0.558739881949887 0.0876847415271412  0.692332196205279 -0.0350640114706412 0.228271278506717 -0.0323826800488399 0.972426912699021
1461161178.01287 -0.542212898461082 0.0878424729444937  0.730347416609123 -0.0305105744568223 0.254035504604595 -0.0169797488064089 0.966564408292109
1461161178.11319 -0.528183534401199  0.088695831553181  0.777954680733473 -0.0408940052971538 0.257637058991703 -0.0108114221644181 0.965315461036259
1461161178.2127 -0.513489204059402   0.08829336287948  0.827797878043398 -0.0373814713705314 0.258166904953803 -0.0150911643332033 0.965258893532619
1461161178.29305 -0.501472221363551 0.0891392899429558  0.868413417479755 -0.0316697446212325 0.257243458177092 -0.00934387623412658 0.96578233700852
1461161178.37282 -0.487987510874894 0.0899120720066304  0.907115358624264 -0.0185983956019655 0.266076120412514 -0.00240806332919291 0.963769577782086
1461161178.45318 -0.474073325420094 0.0908006258615309  0.947838158188955 -0.0116250139168362 0.263528344989338 -2.15989075776619e-05 0.964581603583699
1461161178.5347 -0.459939510620746 0.0915515839057799  0.986487729327841 -0.0209732059897794 0.269857136311747 -0.0102257418052388 0.962617621289298
1461161178.61286 -0.44880451782309 0.088403074332443   1.0236902217367 -0.0206873718541271 0.258399907172709 -0.00846858361270009 0.965779376312468
1461161178.67276 -0.441381942883243 0.0830723367643804   1.04953509433975 -0.0107878879701657 0.249108171415204 -0.0155291160905261 0.968291065207546
1461161178.73469 -0.434852083973888 0.0789095093452023   1.07531216536483 0.000491586121052461 0.229652133853976 -0.00701379350210944 0.973247379888644
1461161178.79267 -0.424889015204837 0.0771160425148634   1.09892267977541 -0.00420668038149457 0.240284297212474 -0.00565066982732673 0.970676995855871
1461161178.85272 -0.416834492466257 0.0745867944881241   1.12251568442495 -0.00161456476865109 0.235094258388829 -0.0120287872683648 0.971896800658417
1461161178.91259 -0.408154224297015 0.0719701694610289   1.14523757386137 0.0103500279648113 0.236466798472289 -0.00647132727812042 0.971562891461306
1461161178.95263 -0.404029653087567 0.0706818742100646   1.16116357854815 0.0164732040951139 0.225257015042594 -0.00866716304778327 0.97412154837353
1461161179.01261 -0.396813485887048 0.0690178667124995   1.18293741638645 0.0233376195651824 0.220151246286247 -0.00992541142203788 0.975136026654613
1461161179.07266 -0.387894706142293 0.0658648002610208   1.20512006760607 0.0407267311688594 0.230648366027533 -0.0154116659059996 0.972062315477321
1461161179.13494 -0.380769404072703  0.065549547863905   1.22661915956953 0.0427849409422492 0.234865587250313 -0.0197746781103968 0.970884425078374
1461161179.19299  -0.37371802279932 0.0673140457013088   1.24724117876527 0.0300240041943734 0.242055569589788 -0.0244747773939774 0.969488857942274
1461161179.25273 -0.36680936094075 0.067541228649718  1.26747104472531 0.0279582888294132 0.247482532425542 -0.0215273230453023 0.968249608619841
1461161179.33436 -0.359083650249041 0.0686808627462646   1.29512837726093 0.0190847724723642 0.239559582879767 -0.024626163689632 0.9703816413
1461161179.39256 -0.352294943513488 0.0694560694633329    1.3137046004391 0.0181474009888824 0.241829522315646 -0.0212723221549611 0.969915791336583
1461161179.47261 -0.344290140975994 0.0710348439910642   1.33786454366485 0.0152216122794405 0.235397829441364 -0.0269993381685744 0.97140475608902
1461161179.57254  -0.33530738350139 0.0743194134216189   1.36516026341434 0.013339181399285 0.228016689005135 -0.0327972763900522 0.973013255015638
1461161179.67267 -0.332390529759359 0.0766479778012127   1.39188495507363 0.0155352466079896 0.201810025505778 -0.0363776557624267 0.978625585134282
1461161179.77312 -0.330943573853213 0.0774965603980368   1.41765930360307 0.0312272396269331 0.171326675783129 -0.0292961544558832 0.984283376373126
1461161179.8726 -0.331111685522014 0.0855459321186487   1.44332974239787 0.00214785704379551 0.138936282710575 -0.037466838167485 0.989589981807828
1461161179.97255 -0.334468543235739 0.0898025655973484   1.46736822324978 -0.00760093559891342 0.0972063228324468 -0.0456010679456475 0.994189971374501
1461161180.13463 -0.335687022961051 0.0874606500809206   1.50010867297728 0.00893971402952761 0.051425089791669 -0.045698070956863 0.997590711646721
1461161180.27254 -0.335338097734068 0.0913722808589574   1.52585721774593 0.00286331697096629 0.0107896346940474 -0.023013927424552 0.999672818647977
1461161180.41258 -0.338175311425211   0.09827519028321   1.55002049989294 0.0123940191601238 -0.0389387422817947 -0.0147059605600036 0.99905650358855
1461161180.61261 -0.33828997194137 0.109491651721004  1.58240134728835 -0.00314425281745082 -0.078675498567182 -0.0258025066496328 0.996561342943835
1461161180.7929 -0.343364004761671  0.108779949370919   1.60341471581904 -0.010950984853867 -0.126211890903551 -0.0280157055186877 0.991547152065685
1461161180.97297 -0.348576096535269  0.115797591939395   1.62517808645365 -0.018805967168288 -0.181170607338102 -0.0430253392868611 0.982330070197823
1461161181.13441 -0.354099314183985  0.125623886050497   1.64510450605736 -0.0376060082362027 -0.235251945995772 -0.0430345936869813 0.970252716458932
1461161181.25276 -0.361837644384393  0.135187978835238   1.65768008694856 -0.0658994492963483 -0.277391601998262 -0.0586240216429065 0.956699736495045
1461161181.39266 -0.370966347159556  0.140746768567424   1.67170601113707 -0.0771009870235143 -0.317606353743794 -0.0601993148819469 0.943163657245823
1461161181.55256 -0.386180519063669  0.146880681481503   1.68925448570379 -0.0782467784041318 -0.362214897283557 -0.0674683015560751 0.926350818070765
1461161181.67244 -0.403817551307465  0.154005439245015   1.70302429370036 -0.0809743212787217 -0.401766952361336 -0.0704548835819767 0.909429812939506
1461161181.83419 -0.429547514519516  0.159673308677457   1.72155104113472 -0.0717439432623202 -0.439596293311537 -0.0671368389578342 0.892804878104214
1461161181.97253 -0.454841934326485    0.1632142939511   1.73149452266595 -0.0771179108112228 -0.470939070785206 -0.0713526393721374 0.875886990595653
1461161182.07257 -0.475614895222655   0.16579440176872   1.73478643277586 -0.0827331708468417 -0.502584427608765 -0.0767253262496169 0.857133210113042
1461161182.15239 -0.493907200924617  0.166879502728964   1.73531475206822 -0.0797365166688246 -0.530201323753009 -0.0765662718987392 0.840634433156058
1461161182.25242 -0.518030301884688  0.169952877340766   1.73649211334412 -0.0805831324589165 -0.561287721229032 -0.0808699944027583 0.819708787781324
1461161182.35236 -0.544527312989578  0.172703165429965   1.73909962380128 -0.0785636784748738 -0.58692200457885 -0.0758782770600808 0.802242354925265
1461161182.45247 -0.571370905623965  0.172651448746173   1.74253146530923 -0.069968461103313 -0.608219713725452 -0.0658166208389166 0.787934874661548
1461161182.53428 -0.593044677523198  0.174601450112272   1.74217419473799 -0.0698027560625949 -0.633558388332169 -0.0689808687673013 0.767445752847795
1461161182.6525 -0.625282627450372  0.177467587329218   1.74344475135747 -0.0722795060139698 -0.656089120033258 -0.0721876092445115 0.747737713811416
1461161182.73443 -0.647168477730916  0.178359324006476   1.74125230971352 -0.0613904861509601 -0.675208849483012 -0.0766555647782894 0.731059602343405
1461161182.85367 -0.684754478518994  0.182514804019424   1.73932058237541 -0.0550064398870303 -0.693661607040601 -0.0790997779639796 0.713828474925772
1461161182.99236 -0.739080077233508  0.189368572414796   1.73777320763422 -0.0519242847819454 -0.707404923954466 -0.0760808707491312 0.700780881104011
1461161183.13442 -0.798169812277411  0.189415712895222   1.73798185887264 -0.0374234366270154 -0.707302745318854 -0.0695584580941982 0.702484116377726
1461161183.27237 -0.861033563222664  0.188055377024172   1.73587758435627 -0.0366399833653956 -0.714626862503705 -0.0732314233617009 0.694696421208224
1461161183.39249 -0.914779869964583  0.185939721092909   1.73606637968478 -0.0367424491923412 -0.720139049877119 -0.0664568420708385 0.689661677499483
1461161183.51244 -0.971183042905585  0.186105806141864   1.74187173515566 -0.0335697222833559 -0.714182045522834 -0.0519497988381938 0.697221842743979
1461161183.59234 -1.00869123613136 0.186550650385726  1.74231798593038 -0.0303910550346662 -0.720993632943326 -0.0336618882610989 0.691456030639521
1461161183.69239 -1.05630249462203 0.187173644198911  1.74143807961705 -0.028359626975353 -0.728328696549606 -0.0212666479149289 0.684310434690743
1461161183.81232 -1.10945532475653 0.186698643476082  1.73524190794885 -0.0366707775878777 -0.755000832191858 -0.0299588244909821 0.654011824278293
1461161183.9125 -1.15387073671825 0.177317371353499  1.73085596596296 -0.0335949988886012 -0.764999494175472 -0.0115570760597079 0.643050218842897
1461161183.99233  -1.190707980045 0.16657901871086 1.72511463180785 -0.0243289986598276 -0.781343949523025 0.00445309023317379 0.623610377042706
1461161184.0723 -1.22693148294494 0.155009898882736   1.7225982369105 -0.00980019328801147 -0.78233603625836 0.0358949299512822 0.621744189025413
1461161184.15308 -1.26493041939778 0.148243116380482  1.71775234024364 -0.0064944258647983 -0.786010695823856 0.0639222652781052 0.614864987200361
1461161184.25246 -1.31268061650412 0.146062330112573  1.71115965638891 0.000603435243821631 -0.791412557235819 0.078442207389669 0.606228191537811
1461161184.35282 -1.36088987887979 0.145785687475396   1.7074720464083 0.0118836792741663 -0.791469852793893 0.0815275156909078 0.605629849388709
1461161184.47255 -1.41445062896142 0.142871850575247  1.70706856592897 0.0183953301388205 -0.794709846498413 0.0816413368530417 0.601192617905776
1461161184.57241 -1.45428527254455 0.137434199892859  1.70404163854998 0.0371295346023404 -0.810434756816468 0.0812929320572036 0.578971814341242
1461161184.67241 -1.4935422263521 0.13220167003369 1.70609133300244 0.0543692033134121 -0.812867519214354 0.107348962183731 0.569882958383073
1461161184.77244 -1.53392048132871 0.131661520544993  1.70893298913444 0.0597292082713588 -0.817331930868676 0.123401701528758 0.559618581286903
1461161184.8526 -1.56723087869265 0.132991723703185  1.71154004684574 0.0576628585365181 -0.821721415907186 0.125877523762908 0.552814397783023
1461161184.93431 -1.59980594420482 0.132035184531038  1.71387285965332 0.0570563392854089 -0.8265189280008 0.137301121200231 0.542917524050307
1461161185.03408 -1.63932535278927 0.132687207154972  1.71672681683376 0.0514250659532754 -0.829831700090817 0.134404332871318 0.539138467762691
1461161185.11263 -1.66885061834028 0.131117490239631  1.71696295523526 0.0494605263680065 -0.835809585127192 0.136912566085537 0.529368437847201
1461161185.21236 -1.70444332590917 0.128690037785385  1.71855046994168 0.0523247877839627 -0.839314795937972 0.147174424481942 0.52072303452159
1461161185.29226 -1.73467582990005 0.129306362393169  1.72270066569275 0.0573080394189979 -0.833745510816049 0.156517820866773 0.526389953896494
1461161185.37228 -1.76664089023761 0.135572521866349  1.72805086891503 0.0594662648502389 -0.826431013977793 0.149263950536165 0.539625625365156
1461161185.45231 -1.79915685516575 0.142880281051531  1.73152509314742 0.0615976349145494 -0.817175502217216 0.143869292780695 0.554735573533695
1461161185.55239 -1.84260664862775 0.151330258251206  1.73294085683539 0.0684477403688285 -0.812210584529106 0.13345385705108 0.563754327039252
1461161185.65236 -1.88556048284025 0.159073636106813  1.73095674799582 0.0602010176589155 -0.80942743501234 0.114738034149887 0.572746233895601
1461161185.7524 -1.92565766693695 0.163218718044141    1.731830992758 0.0528553874143187 -0.803443426558783 0.110807930080434 0.582586106058198
1461161185.85237 -1.96485967157652 0.166146155628491  1.73448481344859 0.0510271458354961 -0.793453998991673 0.0985454571778463 0.598427752315695
1461161185.93386 -1.99681389352893 0.166976146531898  1.73634805390704 0.0472708646107539 -0.781674712137673 0.106761265592202 0.612659890912233
1461161186.03409 -2.03298177063749 0.170854426196328  1.73855247963229 0.0471878618897776 -0.776835520666575 0.119605126524669 0.616436933700425
1461161186.13418 -2.07596271448973  0.17445627704682   1.7348964363374 0.0455893545813418 -0.779175536764142 0.122903250287927 0.612945254264874
1461161186.23412 -2.11695555256559 0.177144533100125  1.73095654556104 0.0457845817303628 -0.778634043127325 0.129364295351745 0.612288884471307
1461161186.334 -2.15842594526252 0.180817847156854  1.72138629098615 0.0331818566586637 -0.789395293164142 0.119871934449049 0.601152854813503
1461161186.43405  -2.1958736692261 0.180591813955715  1.70997348376962 0.0312917946277913 -0.806207298971214 0.117179458011667 0.579067862425988
1461161186.55223 -2.24017095625806  0.17839054736445  1.69944323462207 0.0304006692616903 -0.814024526569452 0.121530967694357 0.567159671823636
1461161186.65221 -2.27647241167863 0.182248293654585  1.69015382949927 0.0322394008476795 -0.824772571667175 0.120601247121224 0.551512615677379
1461161186.75239 -2.31538398795372 0.189946021162231  1.67782223320232 0.0375411007770354 -0.833651969173128 0.110199273745435 0.539880709149895
1461161186.87218 -2.36110225774895 0.195815546473854  1.66322987277814 0.0427839335309712 -0.84092097740806 0.105887169251199 0.52897008627583
1461161186.97219  -2.3982585334358 0.198285750137809  1.65041826474934 0.0423177226525512 -0.850403753964732 0.0937484690376385 0.515978575277398
1461161187.07226  -2.4351875316066 0.199814647694343  1.64222551732913 0.0358227036532823 -0.853062205823514 0.0892492045475611 0.51287053569699
1461161187.19232 -2.47874162932632 0.201804448972468  1.63514762443309 0.0327520763975933 -0.85501270581755 0.0922590300390165 0.50928267765403
1461161187.3122 -2.52174513091062 0.208211922785778  1.63088973043046 0.0238795283419498 -0.857823247871534 0.0949414228060377 0.504534607111211
1461161187.39216 -2.54910202098125 0.210396063208195  1.62690315822272 -0.0234116105810864 0.864503439653429 -0.103757915510232 -0.491243314749791
1461161187.47216 -2.57500969855652 0.211921881851702  1.62215217269053 -0.0233052321323922 0.874453586274643 -0.109640249896707 -0.47198178694655
1461161187.57231 -2.60398867874978 0.212102126644325  1.61342351766969 -0.0188233378978506 0.890075031621553 -0.108702936443617 -0.442262130012067
1461161187.67226 -2.62828401771514 0.210345218156589  1.60196902995369 -0.0126165661672245 0.907172599219612 -0.107234895645913 -0.406668630016002
1461161187.77214 -2.64873237242006 0.208913284442111  1.59237961465526 -0.00795162321118958 0.920199950843588 -0.107425440691384 -0.376335750159385
1461161187.89221 -2.67209269887753 0.209682792697466  1.57924476432057 -0.0110361932340793 0.933400067431186 -0.106838310996921 -0.342385881516283
1461161188.01219 -2.69481908400561 0.210574103818484  1.56427493907369 -0.020440934436308 0.944467265911188 -0.113774962895647 -0.307602031267203
1461161188.13395 -2.71763015366267 0.213092287999312   1.5483420122296 -0.0215072680367202 0.95385651512878 -0.120690751214839 -0.274096567908418
1461161188.23437 -2.73648195189289 0.215438167942172  1.53437693185016 -0.0168129107621837 0.960386463377788 -0.132871003656037 -0.244377706388787
1461161188.33429 -2.75411058330952 0.215179865787445  1.51898843464977 -0.0213462437416059 0.96726680310389 -0.127820437012797 -0.218177004684642
1461161188.41229 -2.76768297763927  0.20982577610503  1.50624755514868 -0.0050640312456445 0.970556127735114 -0.149060818496724 -0.189145528343791
1461161188.51231 -2.78473352481098 0.205060810571507  1.48976751362564 -0.00695060307031713 0.974851503214143 -0.148406043374883 -0.16610804341722
1461161188.61214 -2.80163834836335 0.201892979719864  1.47160161108267 0.0056014747683759 0.97694151080011 -0.159496317021245 -0.141826770437307
1461161188.69208 -2.81224016955184 0.203533192558332  1.45471729884394 0.0150244852242226 0.981276377931721 -0.158504247157629 -0.108385140078993
1461161188.77216 -2.82338830984333 0.206474775665876  1.43618154105637 0.0290658945630754 0.983452973340369 -0.159665273514339 -0.0805134984634726
1461161188.85214 -2.83206189531386 0.207196833538968  1.41703877721155 0.0301968342701471 0.985218671773855 -0.162296869964578 -0.0457388892292205
1461161188.91218 -2.83782613031181 0.200607686243322  1.40634961432213 0.044034657178475 0.979147130393211 -0.197418109570446 -0.0189191972225249
1461161188.99211 -2.84407295334718 0.194289801136714  1.39168008834454 0.0449787323917054 0.977650932989314 -0.204833596403612 0.0147906944367757
1461161189.07217  -2.8519674997447 0.187414137962962  1.37637008371361 0.0599565031282221 0.974241767026148 -0.213768016772546 0.0395149607052366
1461161189.15216 -2.85681286294665   0.1848917003421  1.35900002006805 0.0678778808256761 0.974656856405616 -0.204626317451572 0.0597049056807512
1461161189.23389 -2.86012071873295 0.183943288103093  1.34036702693755 0.0687082623621412 0.97427249477501 -0.198759705224795 0.0810361659199546
1461161189.31212 -2.86041417193147 0.184317373504173   1.3206272086794 0.0680849968535058 0.972508360150047 -0.19635202045323 0.105060966613
1461161189.37209  -2.8593553883996 0.186747577064842  1.30469079534973 0.0598232511812734 0.973805431436447 -0.185387995361943 0.117283636960395
1461161189.4339 -2.85751606014878 0.188901796733652  1.28797483965491 0.056353664259486 0.972848733397457 -0.182231683232882 0.131077153148835
1461161189.49211 -2.85740460342904 0.191866488535201  1.26908816482814 0.0515780692979631 0.974350949445777 -0.176030396811634 0.130358081759233
1461161189.55201 -2.85743821038969 0.196543876194014  1.24901906686246 0.0423762049448165 0.978064448896268 -0.160060752026084 0.126391244635694
1461161189.63426 -2.85698721149363 0.198475990140338  1.22619562513283 0.0394086286722972 0.978724103443195 -0.152155100289893 0.131889782702287
1461161189.71222 -2.86035602798056 0.198103711987408  1.20321213317344 0.0414904666129408 0.981091175822579 -0.15147423922189 0.113111452804129
1461161189.83277  -2.8562046167193 0.197624200470435  1.17081346312459 0.0444635604611776 0.981264891092203 -0.136756972721398 0.128217532783158
1461161189.93394 -2.85037324561703  0.18927912248193  1.15061082240312 0.0638970591774666 0.973418400068761 -0.160023973263796 0.150884433315414
1461161190.07221 -2.84179761642796 0.185666422863728  1.11965968093679 0.0684673749986532 0.97034618574609 -0.164067392865562 0.163775422353621
1461161190.19201 -2.84073089632407 0.183735849544283  1.08799517355188 0.083083931427249 0.967126972625009 -0.172654582971196 0.16719113056266
1461161190.29205 -2.83778647396154 0.182245688687331  1.05917646172331 0.0888544043058859 0.966034507593726 -0.173798337427592 0.169340966340098
1461161190.39213  -2.8327788012029 0.178749739162518  1.03136789990751 0.0963925459444312 0.960633559088277 -0.184368948847814 0.18411880115972
1461161190.49211 -2.82853828022691  0.17828088440576  1.00176761385004 0.0980402820558757 0.962266852916819 -0.168401523852885 0.18992507374223
1461161190.57205 -2.82197993720126 0.172849304808139 0.981045607174476 0.1117892041022 0.958304145396932 -0.175523403557772 0.195826130954855
1461161190.69215 -2.81797235785489 0.166499529868961 0.950315884856721 0.113832569761457 0.955276144101686 -0.178514103090164 0.206451809315471
1461161190.79224 -2.81271707882964 0.162943531520262 0.926185725706615 0.117443293700819 0.951951528608122 -0.183959742942868 0.214835222721408
1461161190.87206 -2.80968414513466 0.163636064302664 0.904031233017659 0.117023284579234 0.953329705891477 -0.179734600162905 0.212517049281787
1461161190.97211 -2.80516322570062 0.167114409426676 0.872052125249759 0.115643831893196 0.956643419791951 -0.17104412387955 0.205435584064925
1461161191.0721 -2.79857898333735 0.168149549432986 0.838738146381269 0.115079334499509 0.957889979933603 -0.169204416078529 0.201428395946242
1461161191.17221 -2.79194752534052 0.169489699568475 0.802376333459345 0.107703091024241 0.958396854542224 -0.167979312307403 0.204104051954213
1461161191.25232  -2.7876627117512 0.169448953167421 0.774011960281134 0.109028322147273 0.959258663506963 -0.165751661979854 0.20115175367742
1461161191.33415 -2.78324557243351  0.16652550856745 0.746773482149437 0.108752016432222 0.960627653297226 -0.168312659108188 0.19245352536787
1461161191.41214 -2.77740941994528 0.165632406312679 0.719059465541842 0.10494917870282 0.961222963889913 -0.163851253380198 0.195419677479091
1461161191.47195 -2.77190333461416 0.167301265152479 0.698763784964469 0.102002324973616 0.963091246115818 -0.150781132140915 0.198282191700015
1461161191.5345 -2.76622246254737 0.169704730451568 0.679012971200011 0.0971701750146131 0.964942692423996 -0.139939510522503 0.199650922411795
1461161191.63417 -2.75488997854741  0.17310604269476 0.646524338894285 0.088195859192303 0.967505253597694 -0.123139486994061 0.202464173188822
1461161191.75204 -2.74232056281709 0.179129422546098 0.609037138080294 0.0798157957564787 0.966799904473962 -0.107880016935655 0.217460997429104
1461161191.85386 -2.73290497546902 0.184197085397892 0.575972920240782 0.0753700667130821 0.96630310156935 -0.0882916718580188 0.229743878311558
1461161191.91198 -2.72880012670502 0.186040271303813 0.555637395462526 0.0697513377526684 0.967364051524427 -0.0809410921115695 0.229760924240276
1461161192.03198 -2.71431904276007  0.18842730090084 0.519357164448441 0.0631754270792085 0.960612396235101 -0.0718648811667059 0.260898693878895
1461161192.15192 -2.69905932204025 0.195208232834609 0.489646161107235 0.0471919098478177 0.951190036055831 -0.0416096098629286 0.302124277938859
1461161192.25193 -2.68514355212903 0.198834441638731 0.471065076860597 0.0301644764274276 0.938104650197087 -0.0229535569693988 0.344271555407809
1461161192.39197 -2.67011708288569 0.200226262234373 0.442169824185705 0.0210902277998725 0.926620803278795 -0.02179911549968 0.374771780935735
1461161192.51224 -2.65686069895817 0.205432150160356 0.419569851515309 0.0135387467743222 0.911942083009612 -0.0146943678063965 0.409832179222962
1461161192.6125 -2.64707160667178 0.211352595577369 0.399921160937721 0.00505592494743272 0.898539449106981 -0.00886130738132486 0.43877417113242
1461161192.71209 -2.63918698945855 0.218132027253002 0.377058563292833 -0.00634514996388391 0.890913635867516 0.00134467766093722 0.454126440916235
1461161192.81193 -2.63171722213864 0.222331601799625  0.35540169784379 -0.0168987037452019 0.883249937767982 0.0113461889612964 0.468460505529167
1461161192.8919 -2.62382706803962 0.224715301621452 0.340674143711958 -0.0217083509152393 0.867142457968869 0.0172121852470153 0.497289096770954
1461161192.97206 -2.61825382107617 0.227143089887995 0.327263454989727 -0.0322916502108659 0.852286188043153 0.0266384419781304 0.521398021099533
1461161193.07198 -2.61407236216124 0.230858205391121 0.311421816108687 -0.053134443485865 0.834051840101673 0.0404708225515217 0.547627949853242
1461161193.17194 -2.61020995871293 0.233119490322826 0.290957169610306 -0.0488793718405276 0.819160277208073 0.0447420386957901 0.569723965816967
1461161193.25196 -2.60702385348879 0.235481484504592 0.274444787263445 -0.0505377075560221 0.805399460695113 0.0492381554582107 0.588517844142449
1461161193.33393 -2.60350813616861 0.236944146015516 0.258408348754067 -0.0495547611496247 0.786913565805196 0.0496835076355859 0.613060286324419
1461161193.41224  -2.6018920081329 0.239004303957571 0.242782400289319 -0.0568341459210309 0.76942303706494 0.0509252239577519 0.634164561810296
1461161193.49196 -2.60089309061474 0.240857740741621 0.229428612103053 -0.0644210258735799 0.748549133199632 0.0561810009834233 0.657546820948878
1461161193.57201 -2.59943842220056 0.240276340260617 0.217211099836585 -0.0768127592883942 0.726805285716539 0.0594205836018508 0.679943432139335
1461161193.65198 -2.59654750010691 0.236549652340276 0.204788621516368 -0.0734887754258289 0.711395894874799 0.0587376490869745 0.696466201061783
1461161193.75204 -2.59191445443194 0.234238002118193 0.187998127992253 -0.0780029653528851 0.689991482978469 0.0587168333238508 0.717202638239535
1461161193.83374  -2.5867493768459  0.23474005647002 0.177230851640548 -0.0903890305030051 0.666584770570093 0.057650636941851 0.737679449943498
1461161193.93366 -2.57758755729156 0.236370226165145 0.163667581459496 -0.103305331301216 0.64115398063167 0.0510688406740692 0.758710455415712
1461161194.012 -2.56823219730819 0.239026255597905 0.152201823964148 -0.110807123455137 0.622544098586499 0.0470288916892412 0.773271562940991
1461161194.09192 -2.55703792120287 0.240020308212566 0.141990542189565 -0.123032539702361 0.605402768821886 0.0380245169964036 0.78543275828321
1461161194.17194 -2.54686616855943 0.240520411970869 0.135047837016742 -0.13509082525145 0.577234822974872 0.0328960931266586 0.804654133858177
1461161194.25197 -2.53788496104207 0.238446640256008 0.125779638320308 -0.136060121145871 0.562074034173131 0.0268539889074192 0.81537677598879
1461161194.33385 -2.52814287215384  0.23837248959838 0.117593919696324 -0.141460401729181 0.54304731143011 0.0292390526093259 0.827184169392559
1461161194.41256 -2.51956739187577 0.239305887512395 0.109855676904431 -0.149158065266594 0.521684825273268 0.0325265398633316 0.83936811879535
1461161194.51192 -2.51042071011876 0.238559305643357 0.101872551519575 -0.153339297800328 0.497746209491196 0.0339641344495208 0.852984295434766
1461161194.61195  -2.50243128114333  0.237367673039045 0.0959060099271781 -0.155547186735401 0.471313672680744 0.0344493160082766 0.867457053270911
1461161194.71242  -2.49406149746497  0.236527041834687 0.0912444782536367 -0.15485081743119 0.442321500519197 0.030840909379787 0.882848657940853
1461161194.81188  -2.48771646252247  0.234855739980857 0.0897216494053341 -0.143511754437639 0.401702070805473 0.029435885359963 0.903976410810537
1461161194.95187  -2.48615246544735  0.232384586246385 0.0880173049725623 -0.145382015777235 0.345944595685409 0.028475227505745 0.9264856003323
1461161195.1119  -2.48437606051891  0.224295253358567 0.0868987406113917 -0.141321732845464 0.304489512455185 0.0248229331929586 0.941646497693299
1461161195.21181  -2.48122692842043  0.213867557990298 0.0883618936059072 -0.124313833114776 0.301304374635421 0.0185018565641817 0.945208667980541
1461161195.3119  -2.48138696534393  0.199798277252451 0.0915578455998725 -0.0969515754650739 0.294525932822974 0.0249664251801536 0.950384945442277
1461161195.41196  -2.48748205434408  0.188242804434725 0.0971525403144755 -0.0797897688147314 0.279133522549748 0.0268149241685566 0.956555816052203
1461161195.51197 -2.49521327797606 0.176528966548527 0.102808437491068 -0.0562912387379717 0.284233809520941 0.0244067331521161 0.956789814611025
1461161195.5919 -2.50692887050209  0.16797994227822 0.109281144868886 -0.0396414698564601 0.277568280852804 0.0277806892338648 0.959485610438077
1461161195.6718 -2.51894778128586 0.160759658756716 0.116699831187538 -0.0277399310217622 0.279373000203766 0.0257142367602705 0.959437335635784
1461161195.75188 -2.53162211761283 0.155602827100373 0.125873101235694 -0.0199248346298949 0.281335934932123 0.0227610405831136 0.959132434918356
1461161195.83374 -2.54515439566266 0.152182891621947 0.135976654842674 -0.0192757312583198 0.284364533644457 0.0156567528648493 0.958394555639459
1461161195.91196 -2.55886644577006 0.150698336079245 0.146571875203244 -0.022052197374721 0.285286367178922 0.0138841131078436 0.958088002584318
1461161195.99183 -2.57539699293394 0.149734744015076 0.158273494005525 -0.0259146160082356 0.273237783485844 0.0117784507333301 0.961525254193155
1461161196.07182 -2.59264038020978 0.148964825388123 0.169221929970188 -0.0282441734451344 0.265418172311039 0.00568337338560354 0.963702837881278
1461161196.15185 -2.60931392897267 0.150921865668596 0.180269030131889 -0.0356990930420255 0.258368499406461 0.00339254063268565 0.9653806419949
1461161196.25181 -2.62878318844634 0.156042906186051 0.192843669394307 -0.0451985345719486 0.258088225464416 0.00541895419735178 0.965048286504144
1461161196.33181 -2.64375567388596 0.164077329727393 0.202482378411548 -0.060673658064237 0.252958750106924 0.00928046122336624 0.965528068468715
1461161196.43385 -2.66225140445709 0.175095088470898 0.212291692509774 -0.0775799957006895 0.247573957791742 0.00876928189516498 0.965718167679089
1461161196.51195   -2.677456630788 0.182300952427629 0.220234935128413 -0.0836939550669293 0.235916449587747 0.00944944097158695 0.968116448969075
1461161196.61179 -2.70031725366789 0.191963823866757  0.22836420301035 -0.0960562175757439 0.217466752495337 0.00495060631476138 0.971317098645591
1461161196.71179 -2.71974622558328 0.202147218221965 0.234691609961446 -0.111456033661674 0.200393568373365 0.00457279998310124 0.973344265825464
1461161196.8336  -2.7424350973217 0.210929416331804 0.238467692584534 -0.118234818121596 0.176247612901034 0.00368969842169272 0.977212204618832
1461161196.95189 -2.76411231225744 0.215384023982165 0.239184954457405 -0.114736106059889 0.14958332390303 9.75901693925095e-05 0.982069470889149
1461161197.09174 -2.78765467603215 0.216965129734867 0.234475383359305 -0.110822965084355 0.118493917900571 -0.00473175791642505 0.986739617273729
1461161197.25181 -2.81230211783207 0.220603550799908 0.222412607198044 -0.101915376616122 0.0892366813234159 -0.00316163982355796 0.990777510215691
1461161197.37175 -2.83442929269634 0.222902104171891 0.209657433760902 -0.101067863148967 0.0571666116811501 -0.0114548728390825 0.993169699213402
1461161197.53181 -2.86058213225231 0.219846526384871  0.19047696402338 -0.089577700497947 0.0360143091134554 -0.0117032264591039 0.995259684506023
1461161197.67189 -2.87989114550111 0.213753466782586 0.172332648004675 -0.0746711456562144 0.00147551726684731 -0.00237123660422504 0.997204302082653
1461161197.83175 -2.89551959801476 0.202010948667275 0.154728361259347 -0.0492845275732248 -0.0405925596526671 0.00320504444015973 0.99795441134997
1461161197.99175 -2.89973546390061 0.186018377315108 0.143239631133157 -0.0219657653400652 -0.0751507092082382 0.00460799499723717 0.996919576716512
1461161198.21173 -2.88644420230421  0.17243190021261 0.138932829411666 -0.00265179758605715 -0.100912805842848 0.0237325267588951 0.994608636982469
1461161198.41176 -2.86477354224003 0.172727009931165 0.146805795758223 -0.00729243053968349 -0.12225783438316 0.0452503617825461 0.991439482342373
1461161198.59174 -2.84212149588255 0.179559989999855 0.159501516627039 -0.0266536921864985 -0.134133180320728 0.0447065827390977 0.989595468911245
1461161198.81177 -2.82004559101882  0.19581703748496 0.184600000970411 -0.0570545150124233 -0.12858483764904 0.0335652061355294 0.989486785551251
1461161199.03165 -2.81056320538274 0.211851312469207 0.226675460499642 -0.0760457573763035 -0.101971632350067 0.0157654500350963 0.991751117753904
1461161199.23347 -2.81380531613913 0.215884046545412 0.277302271922096 -0.0757356071566311 -0.086183906701889 -0.00556302217918791 0.993380845808117
1461161199.39163 -2.81836995459153 0.214088248918078 0.320244309941755 -0.0631870748586401 -0.0799531424795766 -0.00416051619891969 0.994785192231673
1461161199.53339 -2.82440029681266 0.213681856044859 0.356705361963644 -0.0559514293042691 -0.0786907398205155 0.0120762708649899 0.995254424108381
1461161199.65186  -2.8286426039388 0.215989294146007 0.391864710007798 -0.0552302696565634 -0.0727061984417032 0.0240270708469421 0.995533086285099
1461161199.77163 -2.83403653864098 0.221128655249936 0.427936008470882 -0.0548881661748265 -0.0835615487781439 0.0325029150777878 0.994458806231414
1461161199.85164 -2.83848414173496 0.223862177772074 0.454167493846798 -0.0531248369623509 -0.0883758909998727 0.0439062674800507 0.993700001642182
1461161199.93352 -2.84087423231624 0.227196533776411 0.481778515714643 -0.0596136336240191 -0.0970258792225461 0.0431951480569438 0.992555475845845
1461161200.01152 -2.84947127006489 0.230659044091702 0.504842841849509 -0.0653766043256045 -0.102351515445804 0.0429788758677574 0.991666719781371
1461161200.09164 -2.85533495991835 0.232759195715287 0.527786334820099 -0.0744653880926029 -0.111942626296616 0.0475167434452367 0.989780740106815
1461161200.17164 -2.85997413368681 0.231247810162216 0.549993449769701 -0.0706310824310489 -0.115320135095907 0.0492835708227789 0.989587614253047
1461161200.25203  -2.8662760021854 0.227312866889979 0.571795290132665 -0.0557229987733679 -0.130862225074497 0.0527926307667903 0.988424485528852
1461161200.31164 -2.86884172338482 0.226765202296402 0.588411192843007 -0.0533999609625787 -0.13171420130422 0.0535345657164502 0.988399647722285
1461161200.39161 -2.87234937092561 0.228250926046398 0.610412957303865 -0.0548948882981933 -0.142561687380819 0.0404898873972647 0.987432673931959
1461161200.45161 -2.87207660244479 0.229771860948652 0.627052179780403 -0.0523088401993295 -0.13788890493371 0.0332116574013235 0.988507673690923
1461161200.53333 -2.87334151183104 0.232729797160007 0.649038769525534 -0.0510722409808374 -0.140216728844595 0.0228782828207568 0.988538051532914
1461161200.5916  -2.8687263182429 0.236430193782608 0.667869894755863 -0.0561569347133904 -0.139169498474479 0.0179225481507153 0.988512534895609
1461161200.67161  -2.8766896660312 0.239493753148582 0.691308587955288 -0.054173970183337 -0.139226172916894 0.012960333053557 0.988692714394433
1461161200.73341 -2.87845882558692 0.243044001199997 0.709546479293993 -0.060561593614644 -0.142586732157124 0.00506633983892731 0.98791479865029
1461161200.79168 -2.88016920511692 0.246255777709004 0.725961278776304 -0.0702651719816333 -0.149582824295098 -0.00192314311804954 0.986247476956388
1461161200.85178 -2.87472948409456 0.247488727589352 0.743888570274845 -0.0701457073801437 -0.144564485999035 -0.00437776985740944 0.986996212887896
1461161200.97159 -2.87757999259566 0.251176126835918 0.774264279956649 -0.0798929314168902 -0.153228789210309 -0.00621822165700548 0.984936237218523
1461161201.07158 -2.87901354270672 0.250748147280876 0.798471157401256 -0.0780934904561973 -0.172040832215365 0.000784484856510673 0.981989176815367
1461161201.21158 -2.87697569484469 0.252627940247461 0.833402301218177 -0.0797289745061148 -0.189721015332355 0.00444318970599281 0.978585451062246
1461161201.35153 -2.87763379330385 0.253559937462425 0.868746443258473 -0.0829974114691054 -0.207888640235366 0.000413801489167082 0.974624836395444
1461161201.49163 -2.87277579959596 0.254112716219976 0.902970657501045 -0.0945729265513948 -0.23870884707866 0.0104337517473265 0.966418741909715
1461161201.59188 -2.87236010375854  0.25603025107443 0.924485829090348 -0.111168079982395 -0.258066239767576 -0.00640974486920315 0.959688693825223
1461161201.69151  -2.8734518074592 0.254259715362967 0.944059975340452 -0.115007397671328 -0.274125598885602 -0.00432083923332581 0.954782585128572
1461161201.81159 -2.87621440694472 0.255654948940407 0.965794240192917 -0.119732132622421 -0.294898482225438 -0.0150416460637008 0.947878077857334
1461161201.91158 -2.88330371403844  0.25594340232376 0.982118974440873 -0.116413232369707 -0.315213854201647 -0.0213117996433898 0.94161244291085
1461161202.01148  -2.8963604179255 0.256947102822474 0.997088387504273 -0.112358550617944 -0.330098242710184 -0.0287821783423851 0.936793623202331
1461161202.11181  -2.8988838575814 0.261813466776134  1.01537309170987 -0.119422634022493 -0.340466845711637 -0.0469567853315496 0.931458867457724
1461161202.19149 -2.90604091540665  0.26260759141642  1.02817014158746 -0.113887794741306 -0.348149383392372 -0.048879488603808 0.929210618022794
1461161202.27149 -2.91288336229587 0.264823276458624  1.04173546319185 -0.117182460516571 -0.344521419917379 -0.0518206325324292 0.929993486111238
1461161202.35147 -2.92064868267464 0.265735399463378  1.05500120726659 -0.118438557171654 -0.340359674450874 -0.0478953107776145 0.931575890300038
1461161202.43319 -2.92965709173947 0.266147961848443  1.06648087716281 -0.116110518172945 -0.338618011094495 -0.0446238656033117 0.932665481697825
1461161202.55157 -2.94331065918937 0.267051428882393  1.07912225573355 -0.123458921995359 -0.352624369805273 -0.0352371128570179 0.926915473102418
1461161202.67149 -2.95552555144894 0.267177466109867  1.09089138545611 -0.125810149355409 -0.360820837080461 -0.0328089324835832 0.923527857618282
1461161202.81142 -2.97275245200912 0.266960462587893  1.10282680819017 -0.125284450787992 -0.370972631884088 -0.0281407162262149 0.919723443690558
1461161202.97153 -2.97998132578782 0.269836839373918  1.11816583264946 -0.130121148680788 -0.394978073566896 -0.0363382098798361 0.908702560010758
1461161203.09144 -2.99039108765386 0.273944455009581  1.13073150216023 -0.131480632016334 -0.41635305568134 -0.0454860642298377 0.898495405881564
1461161203.21152 -3.00339537459169 0.279181071497738  1.14454315777429 -0.137037841611814 -0.439590269332142 -0.0479562550214031 0.886386610164658
1461161203.31196 -3.01362482892107 0.282851027690731  1.15689729533837 -0.139914794147959 -0.465447989095956 -0.0501863927674309 0.872504066355027
1461161203.41139 -3.02430090698022 0.286084964649265  1.16840338159417 -0.143606783585708 -0.488675500068607 -0.0585690999422172 0.858570327854872
1461161203.51142 -3.03739153883178  0.29018251222962  1.17780116603498 -0.151847947915508 -0.515526993221427 -0.0766989058321933 0.839816288135726
1461161203.67142 -3.04855856806644 0.290450173810272  1.19641263785176 -0.141950870329818 -0.543543365165857 -0.0920284939515535 0.822156503895574
1461161203.83329 -3.06437444344738 0.286374258221592   1.2152947511172 -0.129890762947862 -0.564652301671681 -0.0841549649877632 0.810687430385844
1461161204.0114  -3.0847038632084 0.282742306888457  1.23762117353604 -0.113557707582915 -0.581668845127604 -0.0802372209241402 0.801453673043429
1461161204.21139 -3.11192153295304 0.284735337271666  1.26123957899975 -0.0985332846937377 -0.610109730975163 -0.0811694594678358 0.781964722239167
1461161204.45136 -3.14488230211287 0.288461298767151  1.29179055064043 -0.097366203346628 -0.64207385010821 -0.0755979554161099 0.756667656630034
1461161204.69137 -3.17777523472091 0.291623542628703  1.31240864872159 -0.0959375950287629 -0.674795430935838 -0.0822544507509931 0.727104744572518
1461161204.95137 -3.20941350115753 0.296590897095461  1.33194864760023 -0.0911516610519525 -0.711915521339059 -0.0846373932776198 0.691161469428943
1461161205.13131 -3.22866766504783 0.303062322695941   1.3468322861317 -0.0860661616900846 -0.750803083923688 -0.0874411312122471 0.649031119095948
1461161205.29142  -3.2434483876186 0.305178762231102  1.36156906713129 -0.087814077694938 -0.784641859617098 -0.0941760953383677 0.606429470723536
1461161205.45135 -3.25765095841519 0.301795421931359  1.37224590510558 -0.080267317175657 -0.816779182695634 -0.0986952827864459 0.5627505359075
1461161205.67136  -3.2850334290909 0.299578124022413  1.38234622042566 -0.0666629783155017 -0.844224592102148 -0.0941016993590023 0.523436486681829
1461161205.85127  -3.3142337392597 0.302579459529452  1.38596751026758 0.0536642359422817 0.867457622592532 0.0876979701796785 -0.48677149548141
1461161206.05131 -3.35277257104191 0.305472405043393  1.38911995875197 0.0463783441050069 0.884292015518732 0.0847760328907702 -0.456825683094984
1461161206.31122 -3.40231708577419 0.305808723175697  1.39236786288068 0.0569839771877134 0.893346506926051 0.0875482092484513 -0.437058526932359
1461161206.5113 -3.44295059363229 0.307225515370397   1.3928444782865 0.0542716801119803 0.905268302725427 0.0826548172531639 -0.413173167090136
1461161206.67125 -3.47120238195931 0.311331089466167  1.39221558623494 0.0499543500987818 0.922242243988724 0.0823003404477867 -0.374433519160652
1461161206.81116 -3.50001181427955 0.315076398008482  1.39304334793458 0.0478243720727393 0.93721317559144 0.0856536101361367 -0.334675592184887
1461161206.95246 -3.52670163190201 0.318154862494244  1.39407672983087 0.0440079846013207 0.950109979819644 0.0965359380422559 -0.293317466586542
1461161207.13379 -3.55697578691256 0.319673503404307  1.39263796068857 0.0346716916313889 0.959979867636609 0.109739341432781 -0.255330774631097
1461161207.29123 -3.57722747681168 0.320679122638817  1.38088852423115 0.0249492322898749 0.971986680773778 0.102251677660023 -0.210152379530261
1461161207.47111 -3.59972582292295 0.331057765026722  1.36424914411464 0.0117003067466764 0.978889065807743 0.117108486111685 -0.16710745687942
1461161207.65108 -3.62000839883047 0.336440086391626  1.34328547627838 0.00551526800575401 0.984676607556107 0.123876866650393 -0.122621703868042
1461161207.79107 -3.62578965828512  0.33708147805468  1.32460328462338 0.00165547538905483 0.988788646263447 0.127844701897655 -0.0771362730395796
1461161207.95115 -3.62653077818108 0.333321838683069  1.30338386356833 -0.00258129587964449 0.99150380591082 0.125352460815848 -0.0346453509630378
1461161208.07119 -3.62196164277392 0.330480562834774  1.28536150407233 -0.00247178972850611 0.992145705033464 0.125034190138091 0.00269101016353768
1461161208.19111 -3.61689782434505 0.329103145857778  1.26322469206325 0.00189226868399991 0.991729825257294 0.123130189103941 0.0361570123986012
1461161208.35129 -3.61433883230821 0.328232225479527  1.23188007793758 -0.00461811433405368 0.988606120571245 0.13578158845049 0.0648071880807409
1461161208.49114 -3.61178761044954 0.323600491902224  1.20329175535901 -0.00826423138483166 0.985686382829043 0.13679604911706 0.0981880752992847
1461161208.63279 -3.60749844656448  0.32027075276895  1.17696793248884 -0.0163366392816225 0.980553633287139 0.139493262614578 0.137074126477293
1461161208.79101  -3.6045752399094 0.319289893730488  1.13852598968793 -0.0236487711440202 0.977254720700826 0.141688518110671 0.15600740471827
1461161208.91114 -3.59700216768631 0.318515471463658   1.1084352065492 -0.0281918645911866 0.972595871214543 0.1358205595945 0.186588492835795
1461161209.03334 -3.58935053554027 0.319497790995122  1.07693090691726 -0.0455614909623198 0.968166722270366 0.1318265494776 0.207843954163637
1461161209.1511  -3.5842150821989 0.321181886237222  1.04660323479091 -0.0586958882315507 0.963988357349027 0.142556554401876 0.216699950155278
1461161209.27096 -3.57911720170568 0.321947795933356  1.01782428154008 -0.0587744125381035 0.961412465139328 0.146737800273043 0.225165846159113
1461161209.39107 -3.57396537728141 0.322987487290628 0.992718089775934 -0.0627716170129678 0.954973325086688 0.151668106841115 0.24714865534266
1461161209.49101 -3.57326133368829 0.326251652998681 0.972484486701335 -0.0688220727372133 0.950149712012947 0.159908609347993 0.258666355992152
1461161209.59103 -3.57212639008882 0.329399768758953 0.953371425120797 -0.07562060350917 0.942160995126534 0.16205136740619 0.28346699615453
1461161209.69101 -3.57153701422285 0.332880350331701    0.934740292851 -0.0865696904111908 0.930103752481883 0.167398177431546 0.315262665905475
1461161209.77106 -3.57064880845154 0.332291560004625 0.920830410703362 -0.0902944784680815 0.921087286905591 0.162687848335972 0.342020147159326
1461161209.87101 -3.56978675565647 0.332752328648355 0.908507013044611 -0.100350773670891 0.90575996063149 0.16735465341633 0.37619281747582
1461161209.99103 -3.56996065658997 0.331753425433451 0.893755005144954 -0.11018587533783 0.890535592507729 0.17323900656369 0.405947875912376
1461161210.111 -3.56739447385065 0.327272121076476 0.881078961808925 -0.118547190108653 0.876323527578508 0.166144114823896 0.436348223141893
1461161210.23367 -3.56203593263081 0.323683825381211 0.866456991110612 -0.117340378076348 0.862654518453032 0.156011529201246 0.466603493580745
1461161210.33372  -3.5571415942713 0.323154999273533 0.854171430242556 -0.113401307747063 0.848465273612769 0.15327654168121 0.493713605893856
1461161210.43282 -3.55460016886262 0.326043761830352 0.839946637769956 -0.125622789735464 0.835411209732932 0.160610756620428 0.510402988049102
1461161210.51099 -3.55121162495694 0.324334814716119 0.828938983160335 -0.12237343997261 0.827291934214796 0.159122923357034 0.524683420773635
1461161210.61124 -3.54693644474321 0.323237219462084 0.815682498679507 -0.135257137803518 0.819123854825541 0.167363208474673 0.531724715974356
1461161210.71086 -3.54052003460118 0.319584176351111 0.806324672836894 -0.126395882512292 0.808763730927488 0.177078211247488 0.546414325875136
1461161210.83309 -3.53219018424448 0.317352584470662 0.798862916430875 -0.12872221306423 0.790494269965884 0.188553350403676 0.568328281072216
1461161210.95103 -3.52548389837425 0.314017231318862 0.793875178171626 -0.13198419401761 0.768786989885469 0.189750534515316 0.596272983928933
1461161211.07118 -3.52177532096701 0.311417815132399 0.786699243642761 -0.144195077977142 0.746670594758636 0.188908203967437 0.621292598445973
1461161211.171 -3.51947028040145 0.308057002670428 0.782948675530506 -0.140128339700992 0.716410925976997 0.188770539389822 0.656875267468567
1461161211.27091 -3.52342345245261 0.307320170191513 0.777262463159399 -0.151481753609807 0.678000740086698 0.192538518892656 0.693034770778358
1461161211.35108 -3.52813474822556 0.306657680878202 0.772505627986683 -0.162078062536832 0.642324971149235 0.20152066555727 0.721483717373994
1461161211.43322 -3.53465706426776 0.304576569347946 0.762862174390031 -0.168628221216088 0.616601299111268 0.210434750287722 0.739651659103891
1461161211.51117 -3.53844844745329 0.301040241564565 0.749645024673456 -0.174115078656817 0.604714290984293 0.206185977026285 0.749327637646851
1461161211.61088  -3.5415473695185 0.298335289497264 0.734163030835875 -0.178643076613396 0.581967281645478 0.20619097047075 0.766084863424806
1461161211.71112 -3.54382729133063 0.297691578099873 0.718548926324998 -0.180568906620457 0.559872897026922 0.20630488639852 0.781905047294534
1461161211.811 -3.54432911892476 0.300095074439316 0.704384696388882 -0.185971722754753 0.535659388123128 0.201410427115282 0.798697300671803
1461161211.91094 -3.54339462339921 0.305893072952268  0.69076499960893 -0.199935620620948 0.502891544131119 0.192353727003389 0.818612170784334
1461161212.01125 -3.54011848470219 0.310893892208845 0.675735210267859 -0.208219068379038 0.477184068147602 0.180913660089926 0.834392253237251
1461161212.11137  -3.5396819440483 0.313653297413507 0.660455895830157 -0.227528005089874 0.445308982626982 0.17259913966139 0.848610896630307
1461161212.2109 -3.53639539960996 0.311478101574201 0.645747641119787 -0.233426942858781 0.427009825082864 0.159310482692423 0.858949731785634
1461161212.31111  -3.5339601110599 0.301892774588937 0.633466219803389 -0.221362884183121 0.414037763978204 0.141690994100357 0.871490026160318
1461161212.43088 -3.53058327701313  0.28949337652365 0.619516805698263 -0.205369660967137 0.390006305146356 0.126316315225956 0.888685868464255
1461161212.55093  -3.5283167701823 0.275235056673292 0.608030089364214 -0.187698960448177 0.367264362366402 0.126853539555453 0.902105408411083
1461161212.67203 -3.52872812331859 0.262148234957976 0.599403600067346 -0.172079948323319 0.332092657792416 0.129069650387338 0.918392064084998
1461161212.83111 -3.53489323851112 0.252303652431346 0.588807683818696 -0.178737938969513 0.273742219942449 0.117344012655437 0.937735745766275
1461161212.99093 -3.54549703617388 0.255620618332406 0.586526103227837 -0.199878156396837 0.214934790454202 0.0968725813538244 0.951034942275864
1461161213.15085  -3.5590897134642   0.2630111438663 0.592781310245815 -0.216831742987545 0.159856447012923 0.0835203245203817 0.959403078467751
1461161213.29221  -3.5710583523404 0.267987905236468 0.604319739286115 -0.21968380467964 0.120917323837088 0.0668174049546576 0.965739851695414
1461161213.43078 -3.58516347386852 0.272677529420429  0.61791600456059 -0.219199862143214 0.0900381468401858 0.0561869929407713 0.969890496073786
1461161213.59079 -3.59848151109291 0.278862844838159 0.636808631171223 -0.2235660946503 0.0724886795743422 0.0360375001188436 0.971321209096953
1461161213.73249 -3.60962716027364  0.28067930002176 0.658656827970025 -0.222074201056407 0.0597256498132533 0.0356424605962886 0.972545891453038
1461161213.85161 -3.61855045456034 0.282667750694171 0.682510723826139 -0.222714187220822 0.0572241143402304 0.0338411188652397 0.972614296739717
1461161213.95269 -3.62888848631644 0.282956490012961 0.707556079770143 -0.216092964730419 0.0504137601881019 0.0439763560998602 0.974078212199561
1461161214.05092  -3.6400921901458 0.281936769583689 0.734846172864655 -0.212669311349375 0.0386049455209226 0.0450556743044324 0.975321182177688
1461161214.13272  -3.6492513465436 0.279251473563921  0.75599844417921 -0.206312808395431 0.0270645146956894 0.041993660379335 0.977209839095075
1461161214.27087 -3.65888127600746 0.280224925615159 0.789476608488765 -0.211734924483299 0.0246871293567751 0.0361684781099411 0.976345588707904
1461161214.43297 -3.66947688948024 0.282343669542008 0.827317588915275 -0.21216207149558 0.0247352972499662 0.0421911514952766 0.976009901191665
1461161214.59079 -3.67800966953061 0.285480799348333   0.8623158042888 -0.207797306781087 0.0389705803298506 0.0424740801727623 0.976471978951142
1461161214.77068 -3.68986984629758 0.294630028839866 0.902145645321677 -0.213321629263438 0.0739638477875509 0.0423419663363878 0.973257617281067
1461161214.9107  -3.6971038865997 0.293398690261945 0.935231722352229 -0.200097277256202 0.114322668618485 0.046885005343176 0.971953292781383
1461161215.05076 -3.70562647060728 0.286180337168265 0.970350440291938 -0.170343248154011 0.148452576495779 0.0502279581954379 0.972842311248654
1461161215.19102 -3.71150202115766 0.281553524828581  1.00375994459259 -0.153044669886158 0.186093976735235 0.0533148927340463 0.969073724262019
1461161215.39081  -3.7225997697975 0.276895819412688  1.05330633192935 -0.122674896352969 0.210675907573461 0.0509792996897079 0.968487296135594
1461161215.57075 -3.72601091950405 0.271641928308563  1.10124132151291 -0.0919010111085266 0.235205582113806 0.0441783650180786 0.966582024643571
1461161215.7908 -3.72271112814465 0.259893025978574  1.16324782361434 -0.0637366447137743 0.265618784078467 0.0456172849742041 0.960886759705268
1461161215.99073  -3.7108430674766 0.248703992166922  1.21695305133469 -0.0362529958892896 0.304293049257517 0.0425805556110659 0.95093551660797
1461161216.15141 -3.69983948075716 0.245146808375691  1.25332189102387 -0.0121022419260418 0.34567660811065 0.0238971093824343 0.937971293008823
1461161216.27076 -3.69171536904675 0.245048873285707  1.28003394954703 0.00895088043015291 0.387387008499673 0.00211238662695147 0.921871317054576
1461161216.41076 -3.68165334459427 0.248441278585868  1.31460812082497 0.0195303671675397 0.435590111966498 -0.0201342935663267 0.89970796891986
1461161216.53273 -3.67385279568975 0.245431649568268   1.3434350163551 0.0285993148160502 0.476598833955802 -0.0425211800882205 0.877626104846436
1461161216.6707 -3.65948143646486 0.241344327462604  1.37744185961805 0.033614293864437 0.521619884325019 -0.0437608607153588 0.851391662276651
1461161216.81063 -3.63830790016665 0.235124549587989  1.41201721548926 0.0525455456244895 0.549432601521628 -0.047652574419259 0.83252147970573
1461161216.95065 -3.60817072664869 0.237091502999828  1.44105279554309 0.0579016352473514 0.584115048304237 -0.0497772336798595 0.80807130748926
1461161217.11118 -3.56945259654593 0.245072702334804  1.47621665130599 0.0426299586199361 0.596872491571952 -0.0457741084332623 0.799894147015649
1461161217.25134 -3.53006790721583 0.248663244910032  1.50158071833182 0.0208931343759054 0.616892852060898 -0.0342698412896607 0.786023068357477
1461161217.39069 -3.4846726272786 0.25110465460093 1.52080132660145 0.0151838278653509 0.648689946741747 -0.0205115520285124 0.760624796204361
1461161217.55062 -3.42172004857526 0.259459827511966  1.54721724988445 -0.0042116373422372 0.666113360823703 -0.0226388722154592 0.745494959143159
1461161217.71063  -3.3578634316216 0.264228985624957  1.56551237613778 -0.0207306059954226 0.679654309386673 -0.0302578519064195 0.732614990363421
1461161217.85056 -3.29847060403028 0.264366893184171  1.58016058876262 -0.0339906218300329 0.70216877818095 -0.0341892493278129 0.710376477514479
1461161217.97065 -3.24602122135985 0.265781018721401  1.59443762748682 -0.0484954383443444 0.709214867056218 -0.0271906320947129 0.702796652192162
1461161218.11057 -3.18257090063571  0.26638296883378  1.60819585713264 -0.0430140786328193 0.711947982108442 -0.0247893970536032 0.700475085641742
1461161218.21062 -3.13509446312563 0.268539996874726  1.61546968165453 -0.0404898936492837 0.710647201091769 -0.0275925239761809 0.701840278634198
1461161218.31058 -3.08779941948292 0.271106231571406  1.62406380025628 -0.0382840988806427 0.698356716138095 -0.0313309778585747 0.714038230505999
1461161218.41068 -3.03909952027741 0.273362700960647  1.63436826726655 -0.0430864284551639 0.687237739718998 -0.031223754279277 0.724481142582475
1461161218.5106 -2.99471301475775 0.273875291709579  1.64469558872709 -0.0574208952729001 0.66772781204272 -0.0205700667914065 0.741902474832709
1461161218.63246 -2.93867725317425 0.272025692361855  1.65594286931743 -0.0679766122515022 0.656179783955374 -0.0186249249062913 0.751305785607513
1461161218.73271 -2.88784093684302 0.271571111559966  1.66564817331001 -0.0557252958592493 0.647765130438603 -0.017212533672539 0.759604341663363
1461161218.83358 -2.83401563690558 0.273150107049382   1.6759689025328 -0.0537557097105187 0.640822015188057 -0.0343668467403879 0.765033586431968
1461161218.93292 -2.77775358845606 0.275562887213458  1.68191522721318 -0.0607665188934476 0.64752619073668 -0.0428260413040534 0.75840832846023
1461161219.03274 -2.72745626772775 0.273756362780723  1.68810966875703 -0.0663436753473243 0.646222464040942 -0.0469449154245434 0.758809079166851
1461161219.13733 -2.67514751867948 0.267803347472522  1.69687511227917 -0.0594209567184411 0.637694166599003 -0.0414229860240107 0.766876415087283
1461161219.2322 -2.62253647560177 0.264037890577353  1.70576314310278 -0.0664915270247918 0.630486182742446 -0.0402242624097201 0.772300497810512
1461161219.31143 -2.57738745175346 0.263542210339327  1.71328950416017 -0.056492136228675 0.631313389623679 -0.038327844495709 0.772517325995019
1461161219.41067 -2.52230488515296 0.265079868141185  1.72028939375172 -0.0523048547869664 0.629816457586466 -0.0397618373801447 0.773960223917938
1461161219.49065 -2.47771486795478 0.266160482257785  1.72892478240721 -0.0465777131950293 0.623298411465021 -0.0376553849471919 0.779686910806627
1461161219.5706 -2.43418000119393 0.266056901326831  1.73691499473325 -0.0440940642762471 0.622347314473923 -0.032906419959521 0.780805162116738
1461161219.71064 -2.36390859182087  0.26332780001099  1.75367193280876 -0.0608225633274315 0.608986095891488 -0.0185036650930683 0.79062896808759
1461161219.89056 -2.27011151792814  0.25463996939859  1.77366791060568 -0.0481058346516877 0.608070522485112 -0.0200896897035402 0.792169472224702
1461161220.03285 -2.19360176688803 0.253499077692231   1.7899668953387 -0.0389735163513725 0.605372247988407 -0.0312978792786387 0.79437141762612
1461161220.17044 -2.12009972647127 0.254715602226361  1.80364754895655 -0.0521110076231351 0.611123874307025 -0.0385336517736578 0.788877183608108
1461161220.29078 -2.05827463386355 0.255284128165666  1.81681897280829 -0.0633354565108925 0.612140463708168 -0.0304907998728424 0.787618552195681
1461161220.39052 -2.00824737910145 0.254279739863098  1.82813218736841 -0.073964667093486 0.606757747764114 -0.0276178399702973 0.790956078720775
1461161220.49041 -1.95832321713275 0.256197558096792  1.83770885780743 -0.0764192000614463 0.597676279918151 -0.0241870530022352 0.797720600681865
1461161220.57041 -1.91958690797976  0.25792421083212  1.84174274323287 -0.0736589878339657 0.599009088788542 -0.0271519026965497 0.796884708875728
1461161220.7511 -1.83432298814697 0.261435387303565  1.85021719477712 -0.0707685442701634 0.595929210755207 -0.0126019795927071 0.799813340111868
1461161220.91113 -1.76159339659233 0.257370344077248   1.8644671130266 -0.0741873475888928 0.594667253699715 9.27582081053917e-06 0.800541750784381
1461161221.05171 -1.69725037151636 0.255326997236876   1.8779844726673 -0.071428455215976 0.602190248026328 0.00880734441254644 0.795102076246722
1461161221.17098 -1.63951162707215 0.253735344359515   1.8863660467911 -0.0594392733263676 0.615755272417344 0.00101113550717375 0.785691666547166
1461161221.25203 -1.60086394180892 0.253753894507707  1.89167388975467 -0.0638407569274369 0.627160422279286 -0.00355894209941846 0.776261229492065
1461161221.33256 -1.56307837693273  0.24937880536171  1.89506268299116 -0.0700855939789854 0.642576526336892 -0.0203395105244221 0.762738304813029
1461161221.47038   -1.494130274622 0.238302267297812  1.90415486604167 -0.0571409341982729 0.667317281429792 -0.0195209144932076 0.742321691345099
1461161221.61044 -1.42797616098646 0.221911346978693   1.9126108472243 -0.0459896692644026 0.679287962370699 -0.031057152660597 0.731770638771351
1461161221.73213  -1.3688905427204 0.212705141724033  1.91983408192431 -0.0368701712124647 0.68776753016724 -0.0409825435878404 0.723834819584889
1461161221.83223 -1.31892478747162  0.20629146185058   1.9269712183658 -0.0224169246844552 0.690894700181558 -0.0526107742262841 0.720690017402793
1461161221.91047 -1.27691746620908 0.202349701434017  1.93143401930194 -0.0145978856604854 0.696459563991976 -0.0611574214806517 0.71483616812259
1461161221.99046 -1.23885429931848 0.200315135808828  1.93670966489208 -0.0197821272870193 0.695703805861696 -0.0644754534256929 0.715155785724413
1461161222.07047 -1.19877339841414 0.196097469214283  1.93778281196958 -0.0254998803700205 0.707434138264224 -0.0673057749852448 0.703104991287294
1461161222.17043 -1.15138341805554 0.188011438034256  1.93893217385769 -0.0169745534460753 0.715452632016252 -0.0696669555062065 0.694971877982714
1461161222.25047 -1.11548996095294 0.182087255730826  1.93983245207975 -0.00597474974135603 0.71947299239439 -0.0759656412373067 0.690327557708654
1461161222.3324 -1.07745283504404 0.178282681170047  1.93670810663966 -0.00168611727702305 0.729496244942805 -0.0897930206521893 0.678063123215701
1461161222.41038 -1.03988702076245 0.178224665941529   1.9322100408406 -0.00134676714610488 0.740854491181302 -0.0998311988122362 0.664203689283988
1461161222.49041 -1.00231982800655 0.180972955593322  1.92783379969049 -0.0164676838789068 0.751936237578996 -0.105606566675841 0.650513614829197
1461161222.5705 -0.966160441064372  0.180959389261857   1.92412718076115 -0.0213637367423941 0.764209652983524 -0.112489590185722 0.634723001898507
1461161222.65037 -0.929864586763031  0.179998476944921   1.92681007019269 -0.0360561537057132 0.758625869357919 -0.116387685264887 0.640031757680487
1461161222.73221 -0.893545585211711   0.17659660544001   1.92540018829596 -0.029727174714691 0.766698822711822 -0.109645816691545 0.631875783060114
1461161222.81046 -0.858587496444645  0.172655372687883   1.92258901616397 -0.0298170211976882 0.778032846206799 -0.109594173050548 0.617871307558144
1461161222.91054 -0.815990013157818  0.168794471553614   1.91922737230775 -0.025178227067984 0.786925929516442 -0.117079388801094 0.605314839611882
1461161223.01042 -0.773246879030094  0.169322422743807   1.91460609442529 -0.0196303237640363 0.794719540334051 -0.119764299408295 0.594720115001497
1461161223.11045 -0.731184310938712  0.170898360466076   1.91006613182813 -0.0232624358757023 0.799988437767978 -0.128710647200087 0.58558596961677
1461161223.21041 -0.691187506588923  0.172018267830458   1.90462914206717 -0.0215551907332007 0.807064744262379 -0.127441052018864 0.576142908123914
1461161223.33213 -0.644892580635369  0.169635379525239   1.89940409899433 -0.0201136290044987 0.817376833356209 -0.119747479239553 0.563161695640442
1461161223.43245 -0.605739317297017  0.164538721644197   1.90036108980026 -0.0166777182657313 0.817093806241417 -0.118471057030746 0.563954053236059
1461161223.51041 -0.57436098448682 0.159465413584048   1.9024351801481 -0.0126349991688848 0.815032962811149 -0.126605039914041 0.565272315079774
1461161223.59037 -0.543308636924676  0.155484254458688   1.90270934567246 -0.00996546909939477 0.818444025486544 -0.137989696330306 0.557681728477525
1461161223.67038 -0.512415410095528  0.153018357275947   1.90178270390022 -0.00570402763062296 0.826887769056078 -0.142140845287276 0.544077256973006
1461161223.77042 -0.476116227411301  0.150357898705717   1.90046667639466 -0.00396028975203739 0.839385292477455 -0.150952969501361 0.522139682342129
1461161223.89039 -0.435412257285435  0.148678110445214   1.89679636348488 -0.0194740651814096 0.854885049603153 -0.146537070331726 0.497311974286685
1461161224.01031 -0.398831775661721  0.144097741039354   1.88829977311987 -0.0144846138109098 0.871409237998637 -0.145824390052054 0.46815743416006
1461161224.1322 -0.367824403635304  0.141411309370531   1.87453557581028 -0.00802758157468957 0.887351726596212 -0.151168545640776 0.435534777084031
1461161224.25041 -0.33952764925407 0.143979914791783  1.85445950000949 -0.0100980059639326 0.904871443319018 -0.149734125963027 0.398353351766241
1461161224.37033 -0.311867456708574  0.145389386843279   1.83509847127214 -0.00669445989224288 0.91593772692815 -0.1458964813376 0.373801392894344
1461161224.49026 -0.288138054405091  0.147317416978638   1.81695502151331 -0.0099037771619289 0.929564239795443 -0.125580008797949 0.346470634660075
1461161224.59034 -0.274240088787204  0.145815028660326   1.80022278278812 0.00306393428310011 0.946832292355928 -0.11411285782762 0.300794744198
1461161224.69033 -0.258544976810406  0.143072711672224   1.78253652425245 0.0117711637659727 0.95927334624174 -0.10670597906403 0.261285133380675
1461161224.77037 -0.245743569854145  0.141861868081913   1.76715196942231 0.0189211447241103 0.96839294172945 -0.101945551910897 0.226857235142486
1461161224.87041 -0.229860580767156  0.144123304223071    1.7478548686391 0.0135665530069172 0.979745813235421 -0.0911611638432988 0.177774385933155
1461161224.97028 -0.213095822621435   0.14708159970903   1.72872078198396 0.00291451049759488 0.987973075051071 -0.0755687794202846 0.13487056083378
1461161225.07028 -0.199204831574498  0.146021167971778   1.71208732025272 0.0111490811574328 0.992848757371019 -0.0738174680842535 0.0931559143683216
1461161225.17028 -0.188067524329427  0.148621948305648   1.69468778335112 0.0114841472980371 0.997011768627439 -0.055121449716581 0.0528892556230966
1461161225.29029 -0.179591041602874  0.152393108491601   1.67330213173349 0.0058311753796739 0.999396897507814 -0.0337594864755333 0.0056688374783123
1461161225.41027 -0.176387748211121  0.151186284075685   1.65289770805239 0.00489831114026872 0.998531685274081 -0.0368385209861884 -0.0394132391872051
1461161225.53392 -0.173448168212504   0.15279360595539   1.63062910786848 0.00797883560349456 0.996929957796461 -0.0327299757185057 -0.0706805922430289
1461161225.65096 -0.170154976601835  0.153837428810493    1.6100620295768 0.013145883205854 0.995019265664581 -0.0321873312759443 -0.0934228152882837
1461161225.7902 -0.165493588523316   0.15419477224896   1.58805566656023 0.0183254509694087 0.99296392411574 -0.0285464469328623 -0.113454500214618
1461161225.91011 -0.164005612078466  0.157703794133914   1.56869593071245 0.0221311472594137 0.990441151215001 -0.00857823774872887 -0.135878446186334
1461161226.07016 -0.163548582519378  0.160024558485833   1.54271187140688 0.025718885644899 0.986035708276522 0.00757776422118666 -0.164361487016301
1461161226.19023 -0.164516525263652  0.163878060869305     1.522396864206 0.0271775219823421 0.981416294517945 0.0233088420314524 -0.188520919361003
1461161226.2902 -0.167098962359647  0.167691723392744   1.50584951064045 0.02909527221156 0.976431665523022 0.0385463231981542 -0.210354103042408
1461161226.39018 -0.170500584264217  0.170374377059173   1.48983870139437 0.0311980418118293 0.970244093352264 0.0471978773170826 -0.235426085808076
1461161226.53201 -0.177274941648164  0.174375136732339   1.46872643867856 0.0339664056475373 0.961325754111709 0.0631010632937788 -0.265927308827309
1461161226.65021 -0.184479419972592  0.178825085086429   1.45265368438997 0.0395801481473616 0.953392244920898 0.0758347656872709 -0.289353983056187
1461161226.75014 -0.190933381663485  0.186148408793491   1.43996746401224 0.0441758214671694 0.947294897678177 0.0980293677410637 -0.301779914326451
1461161226.87011 -0.199596420934729  0.195001433343569   1.42483105802871 0.0462436992548306 0.940131490322204 0.116926990211166 -0.316768653979428
1461161227.01053 -0.211870629599474  0.203101880369739   1.40659742836048 0.0622146112792659 0.930733422301374 0.131910660899216 -0.335356849185571
1461161227.15011 -0.224480309949814  0.207726168759148   1.38823751937678 0.0801607771161008 0.919479062006768 0.145855837516131 -0.356172119916432
1461161227.29025 -0.237963857445725  0.209688407241733   1.37169672751222 0.101686757214303 0.907256766021879 0.149787430622582 -0.379616503253278
1461161227.45018 -0.254186070692336  0.212708422623544   1.35789107233852 0.126787560108766 0.89168394628219 0.149692098893595 -0.407942312187785
1461161227.63024 -0.267928148850743  0.219762401937507   1.34338126601157 0.15295079188035 0.876904272268836 0.162740404917418 -0.425629549194075
1461161227.85381 -0.281594496032437  0.229509810618072    1.3233631631447 0.172041396662308 0.862318608972812 0.182229357867689 -0.440000949527166
1461161228.0305 -0.295967466827396  0.240196540990928   1.30349806766822 0.17712367497563 0.850193268814635 0.200285600912069 -0.453524296474516
1461161228.17014 -0.307801905656672  0.247947433867379   1.27952955808877 0.17495209088683 0.85167010145644 0.210217494248025 -0.447055264247704
1461161228.29017 -0.319209009763794  0.251647614476327   1.25646930051897 0.168236123759843 0.850641507926678 0.216004686865687 -0.448829151132752
1461161228.43251 -0.332772150611885  0.253094003528925   1.22749332182004 0.166581752303202 0.853702052682742 0.220017660460578 -0.441628298606783
1461161228.53007 -0.34176739073234 0.247462281072082  1.20444617273212 0.167916785654535 0.859289392305754 0.206232820957573 -0.436913855269135
1461161228.61008 -0.34723758505773 0.238753459302109  1.18249378800261 0.155808697015597 0.872242621237771 0.197306343658053 -0.419507647585662
1461161228.69025 -0.355424194479682  0.227733791775748   1.16032955028348 0.143459424767635 0.881609364706946 0.17864807498719 -0.412636870395418
1461161228.77015 -0.362865890361437  0.217729062690542    1.1353514991544 0.137148506555862 0.895741527925228 0.157883555970358 -0.392313885879444
1461161228.87005 -0.375999004595523  0.208456388120038   1.10317276981202 0.12691438325259 0.907715092581413 0.135968279116894 -0.376109926879791
1461161228.96998 -0.39157421093408 0.204277547063228  1.06934382163224 0.117108439407025 0.917728948099491 0.121476155956472 -0.359586894608094
1461161229.07007 -0.406919663423903  0.199782958928673   1.03114928753439 0.111465467353496 0.931878433872753 0.108926489872987 -0.327586711993147
1461161229.16998 -0.41828525688922 0.191240642556023 0.992708084229516 0.0991564542484339 0.944409398275839 0.100151185449676 -0.297033038704739
1461161229.27002 -0.427799429943828  0.178810773453919  0.955283467256108 0.0918017717616061 0.957108287882699 0.0855130171952664 -0.261158350159132
1461161229.35001 -0.431931281631758  0.165893093180803  0.925922930355283 0.0866784264131058 0.966775562998106 0.0745685249964042 -0.228629386265422
1461161229.43176 -0.435283836842595  0.151273909995695  0.896336246930449 0.0802447877568463 0.976126481271906 0.0590340645576101 -0.193009963005524
1461161229.55083 -0.444209724381341  0.136691043965932  0.851347634680372 0.0831678112870642 0.982581902143104 0.0471755037698833 -0.159343630530425
1461161229.67005 -0.452731482159785  0.135551990187021   0.80278130418415 0.0832139183309613 0.987661884013304 0.0562525450163734 -0.120146152008624
1461161229.79094 -0.460243997811491  0.137699712651018  0.751039820407598 0.0599223137100137 0.991875989729679 0.071325069722861 -0.0866260454276762
1461161229.93219 -0.472222127696278  0.130726069859123  0.693614007343173 0.0491444561581929 0.995094323172336 0.0523815972129645 -0.0680314536999285
1461161230.09003 -0.486233336461539  0.123509708752849  0.630046431421959 0.0459025671318291 0.996705841139995 0.0533935075679155 -0.0402436817117722
1461161230.20998 -0.494603043810459  0.117784967684945  0.584376975885093 0.0537459102285203 0.996704032465984 0.0593642766380017 -0.0129742614048271
1461161230.32999 -0.503743004176782  0.112749509909372  0.538611835316326 0.068508461224031 0.995931799546727 0.0558504984498569 0.0175260724418462
1461161230.45045 -0.512695530137446  0.107015930533687  0.492074692392326 0.0698606721494065 0.994720358176807 0.0538899559926229 0.05240961895064
1461161230.56993 -0.525101092109588 0.0908897727273366  0.451253195781068 0.0679219836270833 0.993099200119049 0.0372656316763032 0.0880446225435377
1461161230.66995 -0.534557811630851 0.0684470876665387  0.424935809013692 0.0682140443310041 0.988981048389897 0.0180117876643263 0.130149550851178
1461161230.80992 -0.557090668555122 0.0316019626156209  0.390375179655929 0.0697740816636038 0.986400681825444 0.00254991530104269 0.148791029145767
1461161230.93186  -0.579850130986689 0.00280711854362675    0.35855209628625 0.0801002936080913 0.981542511635494 -0.0219357535548631 0.172270321100771
1461161231.04998  -0.610533941652029 -0.0228124074553161    0.32894406198652 0.0888700277667689 0.9757066893622 -0.0481638042280864 0.194367750568011
1461161231.17003  -0.652138050198072 -0.0455317433397554   0.299652900597607 0.096413009967385 0.971369615233693 -0.0781003253478449 0.202597979482364
1461161231.28989   -0.70078341206738 -0.0643847295341115   0.270097607321808 0.0962436710551165 0.970566701560973 -0.105255943043028 0.194058290358876
1461161231.38993  -0.743057513603427 -0.0868563637272173   0.248626099300803 0.105734340325767 0.968362420870512 -0.122308110483764 0.190092601727599
1461161231.51041 -0.795016506749119 -0.102925277402597   0.22258607994831 0.10859856790261 0.968401643974551 -0.127508601475418 0.184786805661746
1461161231.60992  -0.84488597325574 -0.119143935780409  0.204442773939862 0.12215570667479 0.966646582144861 -0.138456577058034 0.177488435746708
1461161231.69012 -0.888708969130705 -0.132067349465618  0.193238167771139 0.127781712275077 0.964617213507403 -0.153646761905774 0.171982958368363
1461161231.76984  -0.93676625856813 -0.143553456817415  0.185361618273309 0.123961074642798 0.963680863919124 -0.170443710293688 0.164017639633103
1461161231.85068 -0.989532949202783  -0.15274825531047  0.179802429027958 0.123136223871822 0.963879351056063 -0.180951140971212 0.15175885990461
1461161231.91019 -1.03260719279584 -0.16065691978366 0.175815791167054 0.136449880824975 0.962522393960754 -0.19018755627857 0.136969940438387
1461161231.99 -1.08602537946133 -0.17260536791146 0.170859306508475 0.13677742948673 0.962307629067161 -0.200610982626057 0.122520183936971
1461161232.06986  -1.13519485443554 -0.186959101857178   0.16521651510955 0.129398078623167 0.962074273243678 -0.209238121911159 0.117850067248059
1461161232.15039  -1.18225399895346 -0.198340318276959   0.15927856248832 0.133646471995091 0.962591151860073 -0.206465453505334 0.113705370993634
1461161232.21004 -1.21755077256882 -0.20646009721302 0.156360795578902 0.129634721172162 0.962163470375141 -0.216299861756287 0.10320205979772
1461161232.28997  -1.26243478975702 -0.209344191864072   0.15121821607773 0.123700276859961 0.963163634773717 -0.217377968249613 0.0987971308992324
1461161232.35004 -1.29629618502432 -0.20750580328304 0.147521256895895 0.120556243845302 0.963102865874268 -0.222372587675273 0.0919211295910091
1461161232.43044  -1.34201252365568 -0.200175580132015  0.142617090141029 0.115233387746674 0.963871684419715 -0.227790482431145 0.0760535234957049
1461161232.48983  -1.37588829103395 -0.192186108298179  0.138184259908501 0.112015682824588 0.964685785557068 -0.229698199573382 0.0638166048785998
1461161232.57013  -1.4219002147202 -0.17645851697587 0.133156792489868 0.127091077879031 0.965477378043734 -0.222666290214863 0.046054463532796
1461161232.64994   -1.4617799328912 -0.163778190744527  0.129120682690445 0.126985122130267 0.967734621771037 -0.215351022732204 0.0314391092657404
1461161232.73237   -1.4961628863255 -0.151417923273713  0.127759816107012 0.12147495994888 0.969580755208385 -0.211034775555014 0.0249262259758729
1461161232.83381   -1.5351218764706 -0.130953340580049  0.128198270770733 0.117025270484995 0.97301094594952 -0.198209839528768 0.0163598485419297
1461161232.93193  -1.56973207407404 -0.107125018699335   0.13318085039912 0.108245701846687 0.976136556863592 -0.188220101685828 0.00367201682813823
1461161233.04984   -1.59995993066514 -0.0732064510301984   0.145550873218423 0.0984299699195828 0.97993256455859 -0.173074543453993 0.00942933441164744
1461161233.17013   -1.61887717297126 -0.0341445362825534    0.16341269256076 0.0772537204443443 0.985681492483463 -0.149481674679539 0.0109126984783652
1461161233.26984     -1.6232273785156 0.000880584817953001    0.182226808676663 0.0593477236056899 0.991156480967044 -0.113941476388051 0.0332267647892289
1461161233.36989  -1.61893964361363 0.0334072416028192  0.206966001724149 0.0469294490685223 0.993073806992307 -0.088659295739733 0.0611683738124995
1461161233.46979  -1.61134670939804 0.0645691598727118  0.236961690106012 0.0335103980675654 0.99430540780952 -0.0649612521565183 0.0775489841348999
1461161233.58973  -1.59628897953919 0.0979212661889862  0.278293050669311 0.0246419511362814 0.994473018962204 -0.0436688774892184 0.0922454223212615
1461161233.70981 -1.57188676192782 0.126455939070233 0.327672030577043 0.00741945829594729 0.992834568588182 -0.0275081352828588 0.116050736956615
1461161233.80983 -1.54042743614974 0.142514770370019 0.376591238579736 -0.0221946630508567 0.989033312479593 -0.0166842042806216 0.145059095079297
1461161233.90977 -1.50169245695554 0.150108031656883  0.42891572797186 -0.0135686306362128 0.982725398762348 -0.00937789857507395 0.184333225188403
1461161233.98985 -1.46669832915682 0.151824606138186 0.471555871944165 -0.0011465774106552 0.975845475374112 -0.00481088169623704 0.218405927047367
1461161234.07039 -1.42787422632189 0.150234517183959 0.512964520901503 0.0107374974745895 0.966123313173254 -0.0127687564071724 0.257541081676171
1461161234.12991 -1.39452814924832  0.14962622752827 0.542757595274589 0.00814173062343979 0.9545518224186 -0.0110476144679858 0.297728871213981
1461161234.18985 -1.36045148579556 0.148154226687193 0.571051238369931 0.0158860919031044 0.939206123069058 -0.00375873745674701 0.342965541077185
1461161234.26968 -1.31544769226837 0.146741727856459 0.604890031218017 0.00150795862188204 0.924107552674794 -0.00677424501923078 0.382069452789171
1461161234.34978  -1.2687161670489  0.14505549882945 0.636534274964922 -0.00316955837848863 0.906870981041606 -0.0065098798717727 0.421346174906544
1461161234.43166  -1.2206517290351  0.14267937624413 0.664200135046589 -0.0091986211982451 0.891144828472877 -0.0111401127712528 0.453488895058679
1461161234.53165  -1.1635435056808 0.134991633048848 0.694205023153931 0.00929175272468923 0.878288055325509 -0.0123075989347658 0.477883121916123
1461161234.63142 -1.10749250272567 0.123394351298842 0.718519821834305 0.0321780552049398 0.864852480292975 -0.0140314469844329 0.500797242993449
1461161234.75058 -1.04295769766453 0.104643922815677 0.739827136130667 0.0564818387947568 0.849387594689268 -0.0351178797951811 0.523562078834051
1461161234.88982 -0.96590908333357 0.100383049386975  0.75265314758394 0.0382353020228984 0.838754191745791 -0.0162797638072753 0.542922127748043
1461161235.04977 -0.873706617150008  0.106144387165302  0.749559078923305 0.0334796476770735 0.841199830971666 0.0029714104897305 0.539678726914784
1461161235.18991 -0.800621910848021  0.102382605976379  0.735824875317998 0.0385628361563253 0.853975749980614 -0.0161833543373636 0.518629371666337
1461161235.30965 -0.743639277052162 0.0974132797345474  0.716959468957671 0.0337674557678574 0.87383890186771 -0.0237327210505664 0.484460618074511
1461161235.44961 -0.678247968165511 0.0931796091719583  0.694992228317406 0.0192388278065296 0.882959108098775 -0.0173163497274993 0.468735773077073
1461161235.58968 -0.610484795893554 0.0973913158878849  0.664165564423333 0.00579614723227395 0.892575603865975 -0.00875556448727568 0.450775483085605
1461161235.68963 -0.561754856696505  0.100738540186933  0.637492751891527 0.024663322743109 0.902496374627231 -0.00246380917834403 0.429983655433908
1461161235.78971 -0.513852578794728 0.0996496182735375  0.608563592464083 0.0363532623519334 0.914711124006795 -0.00833708633270096 0.402383514729515
1461161235.90962 -0.456720886007633   0.09336108452775  0.578672382008947 0.0373166810142823 0.922599725389639 -0.0121888029976596 0.383755970781595
1461161236.0496 -0.392831414732974 0.0825278219813471  0.545563285469951 0.0344830778374293 0.925145028338673 -0.00482846541106582 0.378013597380924
1461161236.16961 -0.337661559438777 0.0758135262743674  0.512076319508718 0.0370979541241052 0.928701050131015 -0.0125459411032297 0.368755611004349
1461161236.26962 -0.291604594639201 0.0757225214107112  0.477969106291672 0.0371083453870522 0.936865147428033 -0.0203117359224216 0.347122600274172
1461161236.36961  -0.24738645380191 0.0752548170451201  0.442916959894248 0.0232136582302118 0.943725797594966 -0.0325844597319399 0.328300164497816
1461161236.46958 -0.207248103808778 0.0720581707545284  0.406944825754029 0.00480847805183708 0.950824648450091 -0.0424760100593738 0.306765635311425
1461161236.56959  -0.17078419870011 0.0690660831879338  0.370466097392506 0.0105595301885581 0.959930412201368 -0.0238761648891318 0.279019764180418
1461161236.6898 -0.127873242382545 0.0646015817030302  0.329111286687121 0.00744602927010853 0.961308493141516 -0.0145896214483648 0.274986691692689
1461161236.80971 -0.0887184265471506  0.0657618184851373   0.284193412527305 0.00255619672359249 0.964508595427858 -0.0104017806985284 0.263834111066764
1461161236.90968 -0.0574514600502967  0.0680646243314985   0.244345231353525 0.0111242682346834 0.968732099851405 -0.0112394589317243 0.247604612106988
1461161237.04975 -0.0171488208136931  0.0677853870762529   0.196993386026711 -0.00298344018189035 0.970444798315475 -0.00910527251565227 0.241132922927445
1461161237.16963 0.0156154859887766  0.055892740859523  0.164750881030432 0.00980011152912802 0.969156699240759 -0.0215414942090983 0.24530636795243
1461161237.28971 0.0504352593385866 0.0506935039930446  0.134768238776967 0.0131429238948098 0.968620988931986 -0.0120487783620778 0.247902138538371
1461161237.40975 0.0827116305941779 0.0524205753695191   0.10115628300728 0.0163212507634887 0.972762066118864 -0.0153556347875373 0.230720142107156
1461161237.50993  0.112844726676833 0.0562342786236959 0.0750794106396792 -0.00157504353955825 0.971168227071584 -0.0293782336064863 0.236572849994769
1461161237.6317  0.146083003648335 0.0628437678111319 0.0451085617188007 -0.0171204605662646 0.969807366892475 -0.0274846282290929 0.241712962337959
1461161237.73172  0.165409745608124 0.0682311205316525 0.0210592578923522 -0.0237273403706205 0.973819326251371 0.00374640636582306 0.226050652681218
1461161237.83163   0.188182929043882  0.0677951266250947 0.00191951297268619 -0.0275050231088502 0.968808301248977 0.0116948268880757 0.246002398685281
1461161237.94969   0.208973528892447  0.0643809474439624 -0.0217989253231597 -0.0363580934041103 0.966944034134832 -0.000539167816376599 0.252382711755659
1461161238.06958   0.231287967014051  0.0620355638897145 -0.0418987665052087 -0.0374861006523583 0.960190400259366 -0.0102135976061789 0.276631288779088
1461161238.16965   0.252613183273192  0.0575199465219749 -0.0516398148848729 -0.0383696504284149 0.94869002973702 -0.0256237072589167 0.312823309601256
1461161238.33383   0.288948063426071  0.0496581137866586 -0.0491755030917121 -0.0251348069566744 0.91445806160733 -0.039975636368959 0.401916214574022
1461161238.38957   0.302755298379482  0.0463086950389609 -0.0438639603980219 -0.0176640549024507 0.895341166412141 -0.0423348601076189 0.443012343520831
1461161238.48962   0.322147695295399  0.0423325263207808 -0.0366343465055693 -0.00938942928076169 0.861613624193339 -0.0349702105344753 0.506271553217614
1461161238.59017  0.336164049117995 0.0415142316309934 -0.034840831763099 -0.00943798913257788 0.829928102818319 -0.0329837770666388 0.5568144564969
1461161238.83125   0.355812309334616  0.0552958499810045 -0.0453020845768428 -0.039634023652589 0.769784379989792 -0.0481295067987321 0.635251684821181
1461161238.94958   0.361447088277738  0.0659965877049312 -0.0502271071612824 -0.0460521219136131 0.733730655295404 -0.0464846080692155 0.676282270032035
1461161239.13151   0.365992841137655  0.0862834921008699 -0.0582897252196562 -0.0598853374659608 0.675124219277288 0.000510302057637309 0.735269185056487
1461161239.2495   0.367238330747392  0.0944457649471782 -0.0633985078269604 -0.0694807505482935 0.639574172501115 0.012372838064346 0.765482995272262
1461161239.36974   0.366669208705675    0.10369342221296 -0.0688888449332814 -0.0873144432104374 0.605067168010842 0.0217296470560289 0.791073784574493
1461161239.46993   0.365566142308079   0.108577159439132 -0.0719991183303533 -0.0733404360989838 0.572812084685452 0.0230052546872941 0.816074907301952
1461161239.58995   0.363296577762368   0.117114193407245 -0.0769490375525467 -0.0718774729337865 0.53461524139694 0.0163551380731756 0.841874504905186
