1461243310.02414 2.29538300647013e-05 3.62514210495605e-05 1.70669522171049e-06 8.37854495643628e-06 -1.47594725980626e-05 -6.3329013646204e-06 0.999999999835926
1461243310.6226 -0.0043572123785651 -0.0290985062590909  0.0224782038433759 0.0136333277330357 0.00192626282986066 -0.0508257878758694 0.998612618172448
1461243310.64298 -0.00425901313084156  -0.0314690279713625   0.0237330090707243 0.0157424369021053 0.0016859989528103 -0.0531597036738434 0.998460504473374
1461243310.84258 -0.00541448727895816  -0.0573225582306313   0.0399213423781959 0.0443010451633295 -0.00199492380562862 -0.0764860091659451 0.996083996497441
1461243311.14299 -0.0119856105204958 -0.0826152360920193  0.0760322864566326 0.0465358648300137 -0.00432657053337964 -0.0998687229481827 0.993902375612737
1461243311.44291 -0.0210067465952705  -0.122542911492796   0.105879036129402 0.0326258419220957 0.0078779120741153 -0.137916458797291 0.989875013995728
1461243311.64273 -0.0468860951361818  -0.151341696769632   0.143054233105338 0.0189795831553987 -0.0178461127825861 -0.154161770094453 0.987702101001685
1461243311.80252 -0.0800265748331607  -0.173778072046732   0.179303102785203 0.0467118003878813 -0.0387615331756553 -0.141212798578185 0.988116641276784
1461243311.92249 -0.111406953840159 -0.183941497349165  0.213129295033405 0.0670948727494282 -0.0739538975034762 -0.12642189159676 0.986937994212342
1461243312.08302 -0.152011057976553 -0.192139361655536  0.257584140138702 0.0923762274214868 -0.111837965021313 -0.106924201846016 0.983629054698395
1461243312.20317 -0.185314202670156 -0.196274174501125  0.291512700741739 0.109742888583886 -0.147031014145557 -0.0970394446159696 0.978223760431742
1461243312.32493 -0.220883500735277 -0.195891098727537  0.326519867732433 0.111963553595126 -0.192097684589667 -0.0784990266528789 0.971802729496162
1461243312.54287 -0.274594294400428 -0.187469510052091  0.398352766455838 0.105472803210852 -0.209269816688957 -0.0436162419664006 0.971174163084327
1461243312.76253 -0.319103040339865 -0.175253966290136  0.469478837750327 0.107035413257912 -0.182675448191688 -0.0165702532740448 0.977189095131085
1461243312.94301 -0.354829242808945 -0.170946452687511  0.526032397743416 0.108709854229448 -0.154345398816546 0.0098782686973766 0.981968474679873
1461243313.0825  -0.38576182002239 -0.165945334788478  0.576099918421946 0.0970606872323189 -0.119273264406432 0.0111233404131384 0.988043208918454
1461243313.20282 -0.413964175315307  -0.16291256958866  0.626565340670317 0.0806258889823456 -0.0844120504480433 0.0270741455654426 0.992794572107878
1461243313.32288 -0.446872249112544 -0.162305272279146   0.67897456749593 0.0467004212804587 -0.0650622376512855 0.0571925685032884 0.995145710934852
1461243313.46299  -0.48930928830434 -0.168888516995383  0.735676409657763 0.023743592477142 -0.0630069894383705 0.0607123134372078 0.995881707882666
1461243313.62244 -0.532973213460644 -0.187144551834625  0.792241631113774 0.0250104595610996 -0.044310311597241 0.089666338786377 0.994671312991053
1461243313.76241  -0.56909549278326 -0.202378928916342  0.840465073047824 0.0295809117965067 -0.0126443149085809 0.0982688323042576 0.994639797894362
1461243313.86254 -0.590321920461199 -0.217264964177305  0.872877959931786 0.0390877799689737 0.0302412610226439 0.0932355164734237 0.994416788905332
1461243313.96303 -0.610449383944283 -0.233065856431944  0.901111629387579 0.0431959874970404 0.0787576896623028 0.0936846442538389 0.991541486985917
1461243314.08257 -0.637295244205552  -0.25009805526052  0.930510777522487 0.0242435404516256 0.118851062237531 0.083705580384072 0.989080407026621
1461243314.22253 -0.669125541119256 -0.278236086404377  0.954387908638704 0.03942651626653 0.146281325523357 0.0772747805725613 0.985431850462363
1461243314.38249 -0.713077103864021 -0.301990708056724  0.968656175218518 0.0704357619385129 0.146574579052267 0.0789389416303097 0.983525973073451
1461243314.58248  -0.76971399045059 -0.308566991878819  0.978741159806007 0.0668410455629681 0.155093483275805 0.083094194584464 0.982127100175831
1461243314.74232 -0.822874188159381 -0.310264242322173  0.982233906653719 0.0523295816510796 0.133572927267658 0.0817684739268247 0.986272682708515
1461243314.94264 -0.881780557318529 -0.322564932319256  0.982528529789782 0.0475967038137183 0.122011936608521 0.0993719309366277 0.986393866796136
1461243315.10279 -0.937199092875336 -0.332897363498844  0.990934600877552 0.042391235314382 0.10237971584545 0.0901285893726077 0.989746540448427
1461243315.24267 -0.990773260384446 -0.345726658313348   1.00136958753437 0.0568099257120884 0.0931821267071784 0.0890055555506889 0.990034208845345
1461243315.36387  -1.04089497178649 -0.355002540283305   1.01226680492005 0.0605254525993287 0.0731231460209104 0.0869394409922344 0.991681001483647
1461243315.48234  -1.08959852586681 -0.369897335093612   1.02505456269039 0.0841041856189251 0.05854264545642 0.0865329746540964 0.990964827287959
1461243315.62299  -1.13850421740535 -0.386196772893804   1.04367808358143 0.093959684298607 0.0560275497478344 0.113604922793744 0.987484892498507
1461243315.74269  -1.18406036743416 -0.405374141922193    1.0580024100099 0.0949282865521694 0.0420842048717063 0.142850209799429 0.984282153486918
1461243315.84254   -1.2264409171227 -0.426443249468001   1.06501918229137 0.10417986349507 0.0170881964071844 0.148854009770009 0.983207523039306
1461243315.94271  -1.26645862976402 -0.450903604859295   1.06650047203434 0.129847871919758 0.00123359942676643 0.157123910958819 0.979004639925353
1461243316.06237  -1.30831281121598 -0.473583617261723   1.06260085219564 0.157914376781477 0.007816537412822 0.171067843263929 0.972490485480254
1461243316.20279  -1.35894838456379 -0.472045599266453   1.06017200873236 0.150300670963154 0.00150071925135948 0.198690991979637 0.968467524419845
1461243316.28285   -1.3912193788488 -0.455980056160889   1.06153401513444 0.112346565835167 -0.0109051421081009 0.230242556874934 0.966564892815966
1461243316.38352  -1.42884495589455 -0.431763354208719   1.06104091125498 0.0706362088845803 -0.0191748602657751 0.236849924033327 0.96878530346698
1461243316.4824 -1.4673276113188 -0.4061541860704 1.06006679243962 0.0282584057834314 -0.0301870769006296 0.216113196134338 0.975492331772719
1461243316.56296  -1.49668210241025 -0.382058263247444    1.0569049533478 -0.00807757377206311 -0.0510807477708133 0.200312357939021 0.97836622451209
1461243316.6438  -1.51896730649724 -0.355367543882808    1.0530896876957 -0.0440439759851119 -0.0614324899919797 0.196171944979462 0.977651648265262
1461243316.74306  -1.54411038209341 -0.323518116378245   1.04764986701619 -0.0896640034151169 -0.0641982906288154 0.199120048354501 0.973750559596868
1461243316.90261  -1.55422590193678 -0.289102162033311   1.04043628016958 -0.117364987694122 -0.0419750286028107 0.18231665067041 0.975307231351063
1461243317.04232   -1.5361042066992 -0.276928668315777   1.03867174346716 -0.110795174174438 0.00648831266090898 0.189121043749123 0.975661602190899
1461243317.16262  -1.51181909234032 -0.263498547108888   1.03671155888662 -0.110901429927344 0.0489601775382897 0.201609625510854 0.971934839769037
1461243317.30259  -1.48167339606324 -0.235951849836804   1.02396316083319 -0.127540796194718 0.0759398334656802 0.178243336351902 0.972725963488877
1461243317.40241  -1.45356368529749 -0.211119672512391   1.00518950611172 -0.161979683383113 0.107687754490358 0.175632367004487 0.965048807762764
1461243317.50226 -1.42351594076646 -0.18851788788962 0.982849043048709 -0.190565527216993 0.13088995055393 0.181235145938323 0.955879920574344
1461243317.62224 -1.37882908707614 -0.17225592746651 0.952932454021373 -0.196691701147065 0.14782523283511 0.174029298745405 0.953506097733675
1461243317.74223  -1.33186593112165 -0.163301418769479  0.925168817198851 -0.201967455667319 0.161612517293956 0.154533767049945 0.953524963462695
1461243317.84266  -1.28929123303983 -0.162849270459559  0.906326711710892 -0.188411568196253 0.180095665977658 0.147978842268792 0.954027721980174
1461243317.96258  -1.23728901042971 -0.163597479718133  0.889766179242121 -0.173270600669878 0.19662271186055 0.15375160256619 0.952720973230059
1461243318.06266   -1.191307322108 -0.16536281808664 0.880746914667087 -0.150707535042289 0.210132568850378 0.140887610799665 0.955658005519224
1461243318.16231  -1.14186191063913 -0.164896701808556   0.87480601526976 -0.125581936417146 0.233931046544188 0.14612569530114 0.952970473771994
1461243318.28221  -1.08102853288255 -0.165990744666747  0.875028586945374 -0.0999929620720425 0.251516847841995 0.131904551674795 0.953594186242323
1461243318.38234  -1.02835659571579 -0.169441663637016  0.878240730215468 -0.0721391238404013 0.27737034355049 0.128455514450863 0.949400242330592
1461243318.50269 -0.974021040046291 -0.183324153246869  0.886705508215751 -0.03115512258689 0.282438042805072 0.123531547250524 0.950788129473085
1461243318.64293 -0.912297205664478 -0.198671119450519  0.896009141721096 -0.00550473095140141 0.291096152748797 0.109241643610069 0.950420428596404
1461243318.76595 -0.856832123451956 -0.206180461150768  0.904196427940587 0.0302745717918839 0.30850341813677 0.104363813235287 0.944995918397396
1461243318.90275 -0.794789378671814 -0.206636190205904  0.919534687219602 0.0522030757357744 0.296638902305103 0.0843344076038353 0.949825198769257
1461243319.04213 -0.728284045092498 -0.201909385907111  0.934058806813399 0.0565744447317221 0.308536138134377 0.0712366547623023 0.946852746041695
1461243319.22208  -0.65237369043501 -0.197879668430071  0.960605061197712 0.0565269229710659 0.312219533403532 0.0708665751296355 0.945675207706166
1461243319.38252 -0.594126882556922 -0.188146632863459  0.992066705458515 0.044233152748123 0.321411445162508 0.0931209877362055 0.941311103068238
1461243319.5621 -0.535892299019323 -0.166046773506377   1.04269869606883 0.0458093346897639 0.324878618420733 0.0867032309674982 0.940658247127039
1461243319.68215 -0.500936695774251 -0.146716917391931   1.08863097605784 0.0190229532689295 0.325690550878552 0.0790146670460479 0.941976897120601
1461243319.82388 -0.461957706231841 -0.135731715699327   1.14856634405761 0.0334490444256462 0.323629033972468 0.0788922635295582 0.942295824331319
1461243319.94223 -0.429597987023923 -0.128300348399323   1.19782219070141 0.0321965889977853 0.333586385479692 0.0924163827475031 0.937626106334166
1461243320.06296  -0.39797220426464 -0.128626051991522   1.24631795235065 0.059724788932488 0.33684719238168 0.10207037964774 0.934103075773823
1461243320.16261 -0.368914034050927 -0.124578440181445   1.28463766003535 0.0801222280034722 0.356411016914616 0.11780659437968 0.923403065796465
1461243320.26241 -0.343200394536729 -0.116484133132135   1.32692224535807 0.0985397585308297 0.365420901882471 0.138080436769028 0.915254758762696
1461243320.36238 -0.317561009133812 -0.107126505557598   1.37375209110835 0.0993961907976917 0.368516037971695 0.148106818128199 0.912348999800237
1461243320.4422 -0.299930169718819 -0.101965228148798   1.41127677685069 0.0983703599180074 0.368605643154472 0.151137195675231 0.911926916045199
1461243320.52208  -0.282659085749094 -0.0979326110877345    1.44751142184242 0.0893999084178065 0.373996417546566 0.152452935003048 0.910435301735482
1461243320.6023  -0.266305593332167 -0.0941782637731703    1.48197839733731 0.0879448264920708 0.376537371002487 0.157002787779418 0.908754884642336
1461243320.68245  -0.249725219101174 -0.0879120544838363    1.51400144664752 0.0917040640312367 0.384194810407943 0.170945964008783 0.902641783702077
1461243320.74253  -0.237471923709827 -0.0801197660419765    1.53795255453074 0.0831570078787375 0.391328365551934 0.170252957813541 0.900533704372495
1461243320.82467  -0.220604605003277 -0.0682440683541446     1.5683255193209 0.0872673994761985 0.408187741435102 0.176256511265787 0.891459932339747
1461243320.88268   -0.20649458615863 -0.0568329144661422    1.59012328231624 0.0796592106701912 0.427417627749868 0.184803100661439 0.881371882708993
1461243320.94377  -0.192315630758121 -0.0460526318902676    1.61148896813793 0.0735088734655327 0.447368165834683 0.181402999656676 0.872668964404659
1461243321.00392  -0.178316083288675 -0.0359046842337554    1.63200905662424 0.0659390991081556 0.465705209229095 0.187680139333906 0.862291631993084
1461243321.06355  -0.164159950737759 -0.0289179474633514    1.65024386106405 0.0694257333587308 0.482164173268153 0.192142212524933 0.851926726737848
1461243321.12592   -0.15033153920337 -0.0233391576240206    1.66644875174822 0.075501001304678 0.500936549807762 0.197191046308551 0.8393317956115
1461243321.20393  -0.131919343263314 -0.0165889125396545     1.6866270655508 0.0682351879534181 0.515740418904469 0.202228417809775 0.829734563859647
1461243321.28255  -0.112301622382776 -0.0111236334622127    1.70561224341852 0.077213190339317 0.525251729111983 0.210766660736775 0.820808235231814
1461243321.36238  -0.0919278918257758 -0.00520511764698683     1.72230363318042 0.0827577292985463 0.534224443277191 0.216967431801906 0.812822573495476
1461243321.44212 -0.0710102895196165 0.00092916520914383    1.73906795252899 0.0863003890617492 0.538176558849984 0.214272320431641 0.810558823928912
1461243321.52417 -0.0507083112198852 0.00824059772999493    1.75664877753852 0.0800058730377962 0.534791192860431 0.206068667208087 0.815556953690826
1461243321.60201 -0.0313772339939835  0.0181709862229507    1.77704486200257 0.0612546086379697 0.5247951972879 0.195376558760484 0.826235967572868
1461243321.68207 -0.0105480891350007  0.0293081342477505     1.7967237298985 0.0497412514010559 0.516720120109044 0.189273679012172 0.833487612275521
1461243321.76256 0.0110371994505503 0.0376319004767822   1.81793983240917 0.0315734899814195 0.499756145409203 0.171410855769415 0.848448718768863
1461243321.82371 0.0248948865958921 0.0387010303723276   1.83684116008665 0.0365119536620472 0.483326082819934 0.156145004077755 0.860628556699856
1461243321.90253 0.0419632234184523 0.0405775368503419   1.85997446636704 0.0339133353402689 0.459895027360398 0.133249348471188 0.877263392959766
1461243321.98195 0.0580311227569192 0.0423780763742798   1.88271444880784 0.0429559686557808 0.444436175022837 0.135832445483382 0.884409869823894
1461243322.08245 0.0767227044109496  0.044897118758964   1.90943306800591 0.0522507677977526 0.436117676470411 0.133770858533203 0.888356114934706
1461243322.24195  0.108204604624365 0.0555733321167015   1.95534851870489 0.0626208850219037 0.432075856246711 0.143100866847399 0.888206744578799
1461243322.38184 0.145641862283722 0.069489388272928  1.99361983820327 0.0826713868992386 0.456470659518698 0.155909088162794 0.872062116488824
1461243322.48279   0.17252940324452 0.0797514732530548   2.02008686164656 0.0981405509947053 0.480489433178033 0.156633519033339 0.857300575976676
1461243322.56212  0.196101894673334 0.0869842451811158    2.0384510264272 0.104262755536815 0.50716057718612 0.158969472166947 0.840622467981361
1461243322.68194  0.230395659456594 0.0977425825160429    2.0662473814158 0.0946028516284348 0.528281826951767 0.16988984991005 0.826502299255006
1461243322.78208 0.259347948247948 0.108237942444873  2.08808443166072 0.0953135853789324 0.548988536684649 0.175187970162517 0.811687182442471
1461243322.88225 0.290280007968945 0.120056078366567  2.10913683958649 0.0895897973920896 0.563352262696604 0.16837123170682 0.803902372587237
1461243322.98256 0.324199437881261 0.129615352227631  2.12770396512987 0.102181711085524 0.578081350411158 0.166142322727902 0.792324162716892
1461243323.10241 0.366701160635878 0.138246204983929  2.14708240298389 0.111987194366852 0.602958912388478 0.163798753511047 0.772702650841429
1461243323.26291 0.42686629948064 0.14278198774647 2.17275837410993 0.107347962706648 0.626211505872963 0.140205799921626 0.759393111954135
1461243323.38216 0.473005850036083 0.147593259152474   2.1844685571974 0.118133448903198 0.648940931188455 0.124737005605712 0.741188798829972
1461243323.50331 0.525100350595723 0.163000731674815  2.19436050047898 0.120047144994519 0.669032547003311 0.124135924916393 0.722893080734682
1461243323.6018 0.574032794814296 0.176818423859674  2.20024336854825 0.116259492462835 0.691571595094938 0.115704769851401 0.703437890295768
1461243323.70192 0.625448234365799 0.189294253714462  2.20399676972914 0.101916294536624 0.71403699253372 0.102342210786594 0.685047672861267
1461243323.82414 0.688424410825718 0.197937054355054  2.20605491668553 0.099847192439371 0.730127515246734 0.0955926736202528 0.669183375758646
1461243323.94202 0.751952983866834 0.204555941011383  2.20228352833963 0.0968256481853944 0.739454589611295 0.0838501006590872 0.660909119603998
1461243324.0621 0.816296851407896 0.215573961570793   2.1901060182125 0.104959394301544 0.759333979048777 0.0757844100181752 0.637692839075367
1461243324.20179 0.892289140952126 0.225151676155282  2.17450610867708 0.100351654336868 0.774994161923877 0.0504576616599056 0.621906438972596
1461243324.34182 0.968729790577284 0.230934289895987  2.15655478444563 0.11931823609171 0.784512760190568 0.0616341301334363 0.605395838800395
1461243324.48179  1.04367179211099 0.235975536952348   2.1436673362282 0.105931232459974 0.784967496277087 0.0597887314697915 0.607478321726155
1461243324.60178  1.10867157790041 0.243682902056361  2.13286877259451 0.107769147265657 0.784152491334302 0.0516329788097735 0.608953788666324
1461243324.72178  1.17562451175535 0.253762978509984  2.11986128921442 0.109578899405766 0.790898982758701 0.0359989572936574 0.600978650993563
1461243324.84206 1.24514638581295 0.26076321645935 2.10830667768157 0.0988783133710912 0.795476011178581 0.0182351875815474 0.59758553590107
1461243324.96223  1.31284801854925 0.260383419923536  2.09629136827873 0.118072201097193 0.788149240128734 0.0323495326810669 0.603185906953967
1461243325.06182   1.3715997381261 0.253053086320353  2.08567873713313 0.146203365668123 0.765864373503826 0.0337451202855587 0.62525003328414
1461243325.16184  1.42766990213983 0.247925020848126  2.06877311793086 0.180491282461853 0.761794699344125 0.0284704289995177 0.621515219185382
1461243325.26199  1.48110921761166 0.249780167465267  2.05225334707267 0.180192744770302 0.75518094037267 0.0234113939574261 0.629828729626527
1461243325.36301  1.53329376450651 0.253465304857206  2.03868813653237 0.162116982728606 0.732929319698096 0.0118136783620464 0.660600585256642
1461243325.46203   1.5798233114149 0.258562916309194  2.02604517699268 0.118712228464541 0.719672792510655 0.00315424758105249 0.684082253281794
1461243325.58193  1.62760310942989 0.263852000444083    2.009152748963 0.0799619171066694 0.729020111277728 0.00241747626078098 0.679801386416476
1461243325.72373  1.68010376608957 0.276232490098396  1.98520767743454 0.0783698554506569 0.750713034774464 0.000230110407152089 0.655963453422185
1461243325.80172  1.71016685774252 0.293286879451789    1.973035235037 0.0298077644768047 0.764237549733657 0.0162149269773973 0.64404156767798
1461243325.90193  1.74963982544976 0.309217685094328  1.95745559384728 -0.00276877523180282 0.774549991205431 0.0207947250600685 0.632164713043253
1461243325.96171  1.77349818086094 0.314064773551371  1.94519116819315 -0.0207672070022983 0.794742590134526 0.00424493532768916 0.606576391779017
1461243326.06166  1.81248306809689 0.317965649257571  1.92922593500446 -0.0482964625528943 0.804030800540198 -0.00386536486643958 0.592610312466813
1461243326.16196  1.85057072911802 0.317974216948864   1.9160531503338 -0.0470658083745636 0.812184948313337 -0.0113311073507616 0.581388016234869
1461243326.22389  1.87407771900004 0.317279890613829   1.9143386870547 -0.0439771172784043 0.79456384467679 -0.0372810423428675 0.604437286879416
1461243326.30163    1.901386840945 0.316617425877026  1.90371456307432 -0.0416706097695028 0.804042597966417 -0.0908925445233025 0.586103750446056
1461243326.38206  1.92727791877827 0.322314523896393  1.88891280138717 -0.0519635591379933 0.816098215669756 -0.132716708903292 0.560062287678996
1461243326.48202 1.96667933489491 0.33495702379303 1.87383643947815 -0.0673802573839939 0.816402363773344 -0.150798424385266 0.55335966291652
1461243326.56163  2.00200025816727 0.344028004555416  1.86088674183452 -0.0556114250462118 0.810779344488539 -0.13450253358611 0.566968510954517
1461243326.66174  2.04486878189114 0.344248796466442  1.84365124816184 -0.0701478231903323 0.803058919354733 -0.161616726542524 0.569258894219621
1461243326.78173   2.0875330649352 0.345072417132436  1.82430660553967 -0.113793923430236 0.807656362635902 -0.148799575691133 0.559107171442324
1461243326.86165  2.11614243450749 0.338104203543478  1.82183098877122 -0.0541489342283065 0.810959920735612 -0.166185133188216 0.558385531142816
1461243326.92299  2.14278544175296 0.343452715666181  1.82333280234896 -0.0885376500363394 0.791802617253191 -0.164778696628325 0.581427279179873
1461243327.0417  2.19376531486615 0.352025602102368  1.82686569266704 -0.0895501712359285 0.766404702268513 -0.159606577777849 0.615735608441132
1461243327.24219  2.27160132131461 0.368252833669906  1.81346666188458 -0.114813246733992 0.772682886598354 -0.172623985004029 0.599983362214123
1461243327.3819  2.32742307091355 0.367182698652209  1.80236209781845 -0.103768437321726 0.789993655122116 -0.178510699842167 0.57730067237486
1461243327.58211   2.4016767647466 0.375732496108447  1.78680077689207 -0.104983465399929 0.794914234549778 -0.177644679487744 0.570554291502973
1461243327.74161   2.4634740550292 0.399675416709407  1.76910699110817 -0.117688971873922 0.797798716241777 -0.164347942804771 0.56802840418246
1461243327.9236  2.54052173414224 0.415379649826784  1.75252333849468 -0.114269066064429 0.794178457324562 -0.162709839442987 0.574237465349292
1461243328.14174  2.63627213948427 0.417171151383085  1.73686812642011 -0.110642520022486 0.786251357693891 -0.162346790896592 0.585841748916177
1461243328.34164 2.71692277334561 0.42757587900524 1.72346711875228 -0.101730805915987 0.779787777849671 -0.159426548887873 0.596795643544471
1461243328.50158  2.78585087880663 0.442941688846323  1.71517720471622 -0.113667484116947 0.774811027664558 -0.155840970670062 0.602047478463724
1461243328.64152  2.84879417959251 0.445999748114971   1.7101203531224 -0.0916832987282859 0.776854844645839 -0.156935193641075 0.60287815359443
1461243328.76164  2.89589936561266 0.453153772727683   1.7023318734888 -0.0904031195357451 0.784462288377924 -0.141243414223278 0.597073271910264
1461243328.88165   2.9436506939146 0.468324631989821  1.69743653008551 -0.0875500833173495 0.782141485312122 -0.11753957783817 0.605618797187221
1461243329.02456  3.00028351117886 0.483512129190988   1.6846693533954 -0.0768568480541676 0.788514382872039 -0.114809406028271 0.599296999156964
1461243329.14195  3.04877097856977 0.493641584356202  1.66812959987531 -0.0720723981503791 0.802307904955161 -0.105016909965987 0.583162964952774
1461243329.26158 3.09736746847206 0.49383474825866 1.64703207232209 -0.0613803822579987 0.821511046281148 -0.0966523342065188 0.558578889508319
1461243329.36187  3.13297138543771 0.491174901711339  1.63184085485867 -0.0394475397979572 0.845335235893084 -0.100818048606587 0.523151939341365
1461243329.46172   3.1712766461135 0.503087741766917  1.62066778343442 -0.0520515896917195 0.864995887357311 -0.0750659512914674 0.493394213405681
1461243329.60149  3.22289770385361 0.521873324653281  1.61252501670909 -0.0760057654400865 0.875627764703095 -0.0711221172928939 0.471636285428405
1461243329.74167  3.27009226398792 0.533524256977832   1.6007242829446 -0.0907812873568705 0.892540786564305 -0.0635689865093575 0.437136919213162
1461243329.84204  3.29419266639876 0.532575001351522  1.58661161871879 -0.0935098888437473 0.913094892726363 -0.0705355348220724 0.390561590396222
1461243329.92144  3.30764453626804 0.533160630579607  1.56940773898779 -0.0781335971854313 0.9402085305879 -0.0488873367370494 0.327891885089226
1461243330.00153  3.31802627799325 0.531559881388576  1.55283320821506 -0.0613503829686987 0.958843042896221 -0.0434927971631552 0.27379650508002
1461243330.10152  3.32682439446768 0.533077867904615  1.53019094195573 -0.0634614662250798 0.97583213830671 -0.0309497675298942 0.206800367606448
1461243330.22439  3.33493219145208 0.536519094008276  1.50441157732958 -0.063756622169303 0.986609595722046 -0.0362233553158963 0.145686194570386
1461243330.34283  3.34209157864732 0.540618469814024  1.47709089124207 -0.0627101877038266 0.992935921677025 -0.0406247281356386 0.0921700562300631
1461243330.4619  3.35381620506194 0.542203508399219  1.44745155682842 -0.0628616376128204 0.996310482990189 -0.0359481301372066 0.0460604813275858
1461243330.60197  3.36598764202612 0.538852403120164  1.41502523093757 -0.0670143727537663 0.997059110845633 -0.0361249330280746 0.00878592840013666
1461243330.72195  3.37629520503161 0.533658945493894  1.38599395502301 -0.0739522685680437 0.996428987708942 -0.0358323536118626 -0.0194004345726248
1461243330.84196  3.38376601866578 0.531645423572556  1.35140196171201 -0.061754986141216 0.995674204746368 -0.0404725200410613 -0.0564019043199024
1461243330.94147  3.39523973595266 0.534013496675679  1.31774397142982 -0.0623588815185987 0.994737382191428 -0.0392058585058885 -0.0712166485136098
1461243331.06147  3.40525299272257 0.535973558046869  1.27666997489125 -0.0599356101577585 0.993338029507885 -0.0371917470568551 -0.091126591724196
1461243331.16186  3.41629836312255 0.532984471734643  1.23902982822974 -0.0523330704374713 0.993381202687355 -0.03786439508682 -0.0949806478748225
1461243331.3015  3.43184285671376 0.524543531805514  1.18449890020739 -0.0512218793249389 0.992834302383035 -0.0368709661038477 -0.101473636717048
1461243331.4814  3.44319306454677 0.514337486157117   1.1160242761521 -0.0493981282375819 0.992260681816015 -0.0536661714789481 -0.100491324438642
1461243331.60148  3.44985677422707 0.508482439525188  1.06721517493022 -0.0338634758132161 0.993050338903919 -0.0741219343224976 -0.0849130629582439
1461243331.72366  3.45263080993835 0.494672371166781  1.01508300376758 -0.0224806402979434 0.992383678246073 -0.0933965757125635 -0.0771124867175038
1461243331.82969  3.45757869537745 0.480328556686172 0.967873229937833 -0.0300330650555689 0.99322250298121 -0.0917535986771399 -0.0647174760393439
1461243331.90135 3.46392008446577 0.46590492519363 0.93138989086645 -0.0532487126212711 0.992724250846413 -0.0931411612421545 -0.0546613251583578
1461243331.98144  3.47086664989139 0.448133465459604 0.897375548843767 -0.0386785451291367 0.992120537489407 -0.109901464067779 -0.0460703530937443
1461243332.06148  3.46783101361212 0.427792143205438 0.868577092909094 -0.0305373977817362 0.98878111206887 -0.137901110360033 -0.0486072372598936
1461243332.14157   3.4605594222025 0.409113639845097 0.840259320729328 -0.0116048231070161 0.984315329060674 -0.164553784039151 -0.0625356955284659
1461243332.22332  3.44538139239613 0.390957589160361 0.813793873928076 0.0232269463454026 0.978557519194265 -0.185744709143468 -0.0859336582314635
1461243332.28123  3.42964307259869 0.374077292224865 0.798996354404265 0.0337783382120895 0.968621647263863 -0.219858258275465 -0.110875942329929
1461243332.3413  3.40898559414061 0.356697827973345 0.788821924197439 0.0541406240188533 0.95307312974603 -0.259244575768756 -0.146671920016869
1461243332.40203  3.38644323423704 0.339777581657286 0.782074162865147 0.0554811158960101 0.934208316831608 -0.300692377396864 -0.183741015336832
1461243332.46129   3.3597718795896 0.330121905857051 0.772295636543163 0.0498030352600369 0.922552811679351 -0.306326411090179 -0.229303504574228
1461243332.54126  3.32082937591714 0.323702283439129 0.759306988976507 0.0715758246114806 0.905041999896091 -0.309703811170067 -0.282594106629997
1461243332.6232  3.27835679301161 0.323725493469695 0.744823061735627 0.0676497693109901 0.894614065346885 -0.291815539889319 -0.33156126654782
1461243332.70129  3.23496448076803 0.329038350777761 0.737507481403576 0.0872335321179572 0.870537281655384 -0.293552234665771 -0.385204150607198
1461243332.78161  3.19059695822592 0.335743197799222 0.733166337853734 0.110617098513433 0.848278114354818 -0.294603343336337 -0.42590722970872
1461243332.88132  3.13615783379384 0.346816485346649  0.72948801155592 0.13213260709426 0.821459455174213 -0.291453586666917 -0.472017101879104
1461243333.00188  3.07597166239257 0.356471439538507 0.720793962752423 -0.160660713301678 -0.799887627197721 0.286971968264607 0.502010964509475
1461243333.20301  2.99386601794571 0.347214530601126 0.711597557306008 -0.150473828069579 -0.791425612853507 0.27052259484273 0.527086949245656
1461243333.4013  2.91221617632736 0.333815812794992   0.7161971327938 -0.136477473938615 -0.787928574563605 0.283023244159794 0.529566146726512
1461243333.56155  2.83943998023697 0.336041807713781 0.724042906853645 -0.0873029953563519 -0.795828072128234 0.241707571761024 0.548282150327599
1461243333.70134  2.77503233582601 0.339958055497493 0.729621009477844 -0.0528949816502565 -0.803809855011247 0.194700955918625 0.559627890358755
1461243333.86121  2.70812158065395 0.338017170916996  0.74002805262877 -0.0440650805923476 -0.813464462404066 0.175681590924505 0.552693238323294
1461243333.98126  2.65632118844153 0.332536585744857 0.753145595812762 -0.0294375147731365 -0.821713110941963 0.18186371194054 0.539301943543013
1461243334.08127  2.61399629203351  0.32918436070976 0.764028800022544 -0.0173104352452158 -0.835940898133591 0.197779977463123 0.51165050979542
1461243334.20161  2.56297603131945 0.326280220088152 0.781239687302411 -0.00256230908589575 -0.842307272903897 0.193078103184483 0.503222355083746
1461243334.32392  2.50769722258124 0.319317020962796 0.799315078184627 -0.00581038806059033 0.851890678769899 -0.184777239946868 -0.490006002425647
1461243334.42369  2.46210710032489 0.310245146533737 0.816730277338365 0.00272633037812404 -0.84571570233428 0.182271963454663 0.501532101949902
1461243334.52313  2.41993413654693 0.299527194001389 0.830161390103071 -0.00529810461744544 0.849826666599188 -0.181319469533196 -0.49486343246655
1461243334.62377  2.37463672650289 0.294118279674358 0.844958188107984 -0.00959600880786607 0.847837996424279 -0.180197477112658 -0.498605573250497
1461243334.72195  2.32442993580305 0.294168483530218 0.861854413236114 0.0176930119045566 -0.841300672594767 0.169375262148826 0.513042060842339
1461243334.82269  2.27467519420898 0.296047560256087 0.875369468228752 0.0234619500133339 -0.836870977936071 0.152479473137006 0.525210922831731
1461243334.90208  2.23244915022517 0.295859839723556 0.887101286634975 0.0146387860881342 -0.825519190541343 0.151947363419615 0.543337621318144
1461243334.98183  2.19034533960489  0.29480327194751 0.896787905852997 0.00668010818097514 -0.821570830746513 0.132833876402805 0.554375240699817
1461243335.08197  2.14426193138211 0.291173316207116 0.906478894440825 -0.0156772704802174 -0.815798327798922 0.132624616296041 0.562705982466066
1461243335.16152  2.10677151054286 0.289766461765735 0.912955997370967 -0.02390816159014 -0.813737864397295 0.124468247082569 0.567244870689636
1461243335.24152  2.06667039967787 0.293153962974862  0.91950392339167 -0.041132720310452 -0.808027440561564 0.106525752357531 0.577972333856952
1461243335.32114  2.02585976320254 0.295683000280395 0.925882518206194 -0.0564320875982277 -0.804929183070741 0.0971644773672945 0.582634957815196
1461243335.4012   1.9851035034195 0.297580587020097  0.93333337721518 -0.071403468313392 -0.79531518198666 0.0856714513039347 0.59584872949921
1461243335.52136  1.92796452901238 0.295551550743824 0.941007645382951 -0.0806880593832426 -0.789817925488803 0.0725278317901729 0.603669442050321
1461243335.68118   1.8614324933251 0.285736127962951 0.945045211388218 -0.0932972042891221 -0.788208804794794 0.0704010466107411 0.604207087306917
1461243335.78123  1.82051501562333 0.283174378624323 0.948011511761132 -0.0917497847778797 -0.778522083888049 0.0509944189976255 0.618776947795341
1461243335.90107  1.77012652614552  0.28224609363695 0.947213249435149 -0.0915401077577491 -0.770654803157713 0.0405294677470083 0.629340087143502
1461243336.0233   1.7188891564564 0.283219323636834 0.943361792902727 -0.0867191324087334 -0.759854179171278 0.0253929563315066 0.643783050599319
1461243336.16123  1.66186250190126  0.28001655020484 0.939168560086553 -0.0880606094927629 -0.740788859910064 0.0215143521467428 0.665593214163589
1461243336.3237  1.59899289526082 0.274466999531069 0.934846789724502 -0.113179755221614 -0.720946815096583 0.0264111823862052 0.683175293943679
1461243336.44124  1.55160751827653 0.262033335649161 0.935309146339797 -0.112529715623713 -0.698468054115477 0.0536700957318087 0.704697780119907
1461243336.56107  1.50186696223006  0.24695357512963 0.931936523534611 -0.0943000453320615 -0.690779016377035 0.0790200413158002 0.712522059345531
1461243336.68128  1.45274589368351 0.230562789344734 0.929268555240637 -0.0678242161263168 -0.686614830341755 0.0865086370131895 0.718662790315273
1461243336.78139  1.41356996070876 0.215801295695438 0.927232627146557 -0.0474921274457131 -0.68549502300501 0.0892309762542248 0.721026285334147
1461243336.86128  1.38548780714702 0.202658395215508 0.923784725592634 -0.0316562007299813 -0.691161677380581 0.091131347052852 0.716232153885971
1461243336.94112  1.36050219054884 0.186482657744875  0.92057972915717 -0.0170881591149471 -0.692632089685829 0.109044043124045 0.712796029600801
1461243337.04138  1.33018794753459 0.167489431907193 0.913463601478582 -0.0062405513873629 -0.701774535208844 0.127445572069312 0.700878865005015
1461243337.14117   1.2987132190948  0.14934162130096 0.907246088132862 -0.00261763404992254 -0.701757848601138 0.164591134568942 0.693136947752745
1461243337.26115  1.25805966108846 0.131631781011668 0.898046794274369 -0.00571127406910574 -0.702234718326024 0.206005607075124 0.681465678944792
1461243337.4013  1.20623624136393 0.116576779589504 0.890355377174689 -0.0147309273193264 -0.686604407404556 0.239286593047209 0.686366748830981
1461243337.56141   1.14814042790689 0.0999085990850308  0.886791063340184 -0.0180045760211061 -0.666173511676867 0.254572813269116 0.700771981693517
1461243337.70115   1.10003746066024 0.0867419732962618  0.892745240859634 -0.0192223708037427 -0.647007554872749 0.260737523640145 0.716259497782944
1461243337.86118   1.04836630336155 0.0791923322317525  0.906958875488601 -0.0275862818813755 -0.624012194493868 0.282240961209977 0.728139971427319
1461243338.00134   1.00231675041369 0.0742572763704923  0.927897194167256 -0.0422574028223656 -0.603155636187416 0.305882711894236 0.735427329520932
1461243338.18096  0.947976779657899 0.0725107330375808  0.955970463200439 -0.0524254590589043 -0.582218730778274 0.312187453550055 0.748873764141415
1461243338.36142   0.90427238735214 0.0728578257263607   0.98018709739074 -0.0448519295100529 -0.57445560913964 0.28216185759884 0.767055241598415
1461243338.54085 0.869595882268922 0.071126975308368  1.01111128153629 -0.0341618745737283 -0.553231507587836 0.277401548816905 0.784739603978084
1461243338.72116  0.837780864175882 0.0755640179053604   1.04388722054073 -0.0450728197939743 -0.528702159902371 0.290031177247647 0.796444840057824
1461243338.86108  0.809397294982443 0.0869478584778614   1.06571757107666 -0.0849728168706588 -0.520044126862168 0.285726895313191 0.800433549899
1461243339.00096  0.782881632117054 0.0927135154072748   1.08205907132354 -0.0994342317827531 -0.529828249109386 0.250714214208073 0.804075396209513
1461243339.18118   0.75390414715852 0.0918183225446267   1.10322400579771 -0.0912225067360052 -0.526347783184544 0.22699702738585 0.814314935979626
1461243339.40289   0.72128552282022 0.0906693897232608   1.12517089258889 -0.0817082328710143 -0.530759888175234 0.22157472175966 0.813954758240554
1461243339.60095  0.693966109921653 0.0878199944786645   1.14570815553795 -0.0651123076372375 -0.516097210506172 0.234139729057727 0.821329802198042
1461243339.78093  0.667852544273803 0.0919990405639277   1.16024201235549 -0.0674000717040219 -0.502725153065388 0.211372838136715 0.835491576323606
1461243340.00101  0.643774208481396 0.0998888709596131   1.16297153571414 -0.0806840873213138 -0.493937850923792 0.185033136871413 0.84574122267833
1461243340.28107 0.619944026469876 0.105479270978062  1.14975928923794 -0.0987857362328274 -0.504310583238997 0.158654470381013 0.843054549230476
1461243340.6809  0.590029403539053 0.0964361353525616    1.1543836959915 -0.100585597521924 -0.483583438756329 0.156576089658334 0.855285638531986
1461243340.92091 0.566477473109325 0.086925419850976   1.1644686192053 -0.0966048404967886 -0.471374826274334 0.167511696066195 0.860472608296428
1461243341.10109  0.543707216890418 0.0817114137814491   1.17524540689086 -0.0867246445018585 -0.456327738249042 0.171801347005568 0.868750901298878
1461243341.24105  0.524734627886929 0.0818589991651713   1.18953369126057 -0.0848970144268483 -0.434232550185236 0.172617813281513 0.880021408738982
1461243341.34079  0.512392186521891 0.0866808518050022   1.20247929869762 -0.0970691856141837 -0.409890095891995 0.162779668378411 0.892227808385541
1461243341.42083  0.505449872133269 0.0896764191549071   1.21518992759998 -0.10612027077364 -0.376654450854081 0.163404448559875 0.905631767869029
1461243341.52115   0.49546991559944 0.0924932947115681   1.22869800807364 -0.110522470362936 -0.362283893263557 0.154808794624955 0.91245241044859
1461243341.60096  0.487394111823853 0.0958552573032189   1.23948420773428 -0.111487754925967 -0.353306011108628 0.148736634169368 0.916854817663105
1461243341.68103 0.478429968535956  0.10132492534371  1.24893068266279 -0.120630227896533 -0.351878684963121 0.135489077706526 0.918298670917306
1461243341.74079 0.473173594532326 0.105378280982632  1.25706971693079 -0.124538989670582 -0.342417477912867 0.132674021793502 0.921758056548875
1461243341.8208 0.466951292244306 0.110124639767195  1.26698001324301 -0.127060513421075 -0.335135624764502 0.126302990031335 0.924979617965728
1461243341.96076 0.458588354950688 0.118064183757107  1.28097799218493 -0.134754300795035 -0.332506359453589 0.119934058065103 0.925687107534829
1461243342.22075 0.444421548254549 0.135443782306384  1.29298051445254 -0.160974928644586 -0.362904413712075 0.106456860174889 0.911621849111719
1461243342.42072 0.428557363005469 0.153009693949591  1.29667967971913 -0.175398537948162 -0.393270505699684 0.072447879269247 0.899624903513543
1461243342.80239  0.39046979508472 0.166772971692096  1.31384836723298 -0.176564159888309 -0.419566133499821 0.0461184865127055 0.889192016532269
1461243342.92299 0.373600697887608 0.168369990718705  1.31387952501741 -0.170906465087131 -0.458068932506999 0.0337439491798207 0.871679516311511
1461243343.08067 0.354455861209215 0.173945513249535  1.31364264847859 -0.166730645220802 -0.493157235550994 0.00211958901684975 0.853810482666005
1461243343.22254 0.341084428909295 0.179438890421364  1.31255948542585 -0.170442871945692 -0.525136272730336 -0.0298693385399666 0.833240028491778
1461243343.38096 0.326620281755989 0.177698187380422   1.3113560857905 -0.162745074036397 -0.56156426215477 -0.0481745838984784 0.80983876778879
1461243343.56074  0.30798270447285 0.176623640281441  1.31348046117315 -0.145200330667942 -0.593950784689187 -0.0529302778260183 0.789517393747775
1461243343.7009 0.291581986129727 0.184994966222727   1.3122903154189 -0.14682573116352 -0.62142954673002 -0.06735545108847 0.766636006412358
1461243343.82081 0.275984281521448 0.188923519198397  1.30639613101368 -0.146111582637297 -0.653026764616831 -0.0696806943787808 0.739832447885458
1461243343.90056 0.264259292420092 0.190052081888566  1.29754956581989 -0.134472613584937 -0.690957478638738 -0.0843711312401095 0.705249169529534
1461243344.00135 0.251205464217833 0.186872277598531  1.28775906237672 -0.114348632078076 -0.727607308202211 -0.0902952878444027 0.670342268088252
1461243344.10068 0.243243710913692 0.184747768145705  1.27483231860931 -0.103509924024709 -0.76506279644575 -0.0973709440866279 0.628079224597253
1461243344.20087 0.234932085726906 0.179094843383474  1.26359021699187 -0.0910734041037033 -0.794685299929203 -0.0966425849894929 0.59231842779703
1461243344.28094 0.228782509220618 0.173527833087206  1.25517394182952 -0.074188018147054 -0.820552124502268 -0.102448750407898 0.557399858699378
1461243344.36176 0.221844063461055 0.165223998409193  1.24477397209321 -0.0538833220204664 -0.843573663739345 -0.105645813599089 0.523754736038162
1461243344.46112 0.213823078703744 0.153228768133654   1.2306355934215 0.024087539472634 0.869030809671209 0.107777917280101 -0.482274986735909
1461243344.54077  0.20631476876092 0.141849637301501  1.21572970488341 -0.00288798174487796 0.892160039660278 0.10568508591949 -0.439172842749871
1461243344.6409  0.19596474256473 0.130516541799509  1.19993933177566 -0.0314347022212032 0.913828813614505 0.092573191172563 -0.394156013756353
1461243344.74081 0.186156363560551 0.121116731392743  1.18114028222856 -0.060361540813181 0.933667021096484 0.0808119841606478 -0.343644876760146
1461243344.92282 0.156798469717135 0.113629013482593  1.15400803163235 -0.0619542542165675 0.948615484002281 0.0738602992855199 -0.301388437211917
1461243345.08539 0.131815543889394 0.102873865605016  1.13001557657553 -0.0590014404366378 0.958460055637995 0.0832628084125589 -0.266346497082405
1461243345.24172  0.11315219851768 0.084656021756541   1.1021236871834 -0.0682232361137162 0.969301708263972 0.0706769743652912 -0.225398655065388
1461243345.36054  0.107245611344403 0.0708756436928564   1.07864133774033 -0.0635564844434609 0.97980767445296 0.0595391604545771 -0.179979395322452
1461243345.50095 0.0931236345102819 0.0589543317476329   1.04821540867866 -0.0645628862379981 0.986977059225867 0.0479899809909542 -0.139301399874398
1461243345.6242 0.0804089558575301 0.0532225098356824   1.01581554124825 -0.0747800558524956 0.9919661551165 0.0466821934801202 -0.0907296156829186
1461243345.74095 0.0654729721203548 0.0465607342145694  0.983639564427472 -0.0867900167460754 0.994132595973679 0.0463760363774523 -0.0449125579962646
1461243345.84093 0.0599521855295126 0.0374547880324836  0.960380384964609 -0.0891808298624085 0.995143083062867 0.041270123706211 0.00581383749840513
1461243345.9408 0.0555275786406763  0.025565308686833  0.936071049125874 -0.102656625991455 0.992449957899775 0.0471797712803085 0.0477364366781155
1461243346.02065 0.0569438804105769 0.0138194427496268  0.920227041236568 -0.099543148426323 0.989039601527241 0.0421546871497889 0.100572414525626
1461243346.10062  0.0577105900787761 0.00164639283188984   0.905714943930124 -0.102703254499071 0.983982589692792 0.0330817887464689 0.141901021666867
1461243346.18078   0.0569591038067818 -0.00937768214872099    0.891818730802634 -0.100400895329385 0.977958503504329 0.0279143957457295 0.180935381146923
1461243346.28095  0.0516436663355305 -0.0240812461687655   0.873643045959108 -0.0910633143078608 0.971091392988681 0.0141183323467028 0.220203660147415
1461243346.40096  0.0390046960958319 -0.0383208787284405   0.854053229849215 -0.084208875287214 0.963938377907623 0.0119839885864263 0.252166716553242
1461243346.52252  0.0230642199791572 -0.0565113541305682   0.837884507135799 -0.0844021633231073 0.95751768341549 0.0104473982522183 0.275548566758697
1461243346.6236  0.0100516076930622 -0.0795892570789415   0.828624025642572 -0.0827199337790923 0.949452527850769 -0.00348864325129908 0.302795540392577
1461243346.74197 -0.0115293317211937  -0.108317341332315   0.819526689922639 -0.0667809509568352 0.94308713375902 -0.00419211722836133 0.325744361241513
1461243346.84064 -0.0347978770416533  -0.136234435939731    0.81249988478118 -0.0450930849730917 0.940426268116538 -0.023299581005284 0.336187711626985
1461243346.94096 -0.0628227060028884   -0.15686942304772   0.806652373587385 -0.0300631042600001 0.935880722513897 -0.0318262562925851 0.349586287487822
1461243347.04069 -0.0986040318827623  -0.174336559122778   0.802061248296962 -0.0269238031251015 0.929859766739288 -0.0463116381431483 0.363993344990448
1461243347.14073 -0.145531397325084 -0.188523011927298  0.796610810497127 -0.0287193032555197 0.92984612043763 -0.0585004489702859 0.362131317891563
1461243347.24051 -0.195276898809645 -0.201610512217817  0.793104552535047 -0.0164429112826309 0.928403354696917 -0.068755028114327 0.364787044404074
1461243347.3608 -0.256305889398474  -0.21268911139199  0.784369444428742 0.00245664812792872 0.933073730010588 -0.0669895576848283 0.35338333068397
1461243347.48086  -0.31932680086013 -0.215437065306361  0.773809014898406 0.00526914108659513 0.937999602876351 -0.0604645224967585 0.34128144203173
1461243347.60082 -0.384163962947087 -0.207010219437104  0.762325816635254 -0.00619430256989958 0.941444571924704 -0.0483092811948318 0.333631476272282
1461243347.70084 -0.441882100867277 -0.196715541201077  0.751440127832675 -0.01577472715476 0.94517769481295 -0.0385431757150899 0.323889960969873
1461243347.80033 -0.500852941137379 -0.189867212757742  0.737545069076827 -0.0283919271826648 0.951597856267477 -0.0357885523093891 0.303931896880855
1461243347.90039 -0.557951779528643 -0.188462140739365  0.726283751282257 -0.0266488430093041 0.955502366362122 -0.0375780089578136 0.291363965317293
1461243348.02257 -0.623855468453721  -0.19339275234487  0.716021527382261 -0.0262145670056384 0.957540324373035 -0.0500836148269928 0.282702945160023
1461243348.12249 -0.682913766591522 -0.196027743325812  0.706684924304693 -0.0201961202551923 0.963587267583936 -0.0432324883229183 0.263101969643273
1461243348.222 -0.743086534766282  -0.19289996506667  0.698384154489597 -0.014472877441154 0.970603904442573 -0.0189090449804384 0.239501658694328
1461243348.3004 -0.793700726039033 -0.190533748936839  0.693890024344649 -0.0167181212054058 0.97584457925593 -0.0119884288565369 0.217495147379728
1461243348.40039 -0.856280979075539 -0.187283748435012  0.691985266375139 -0.0173474056226517 0.979182932279904 -0.00400429244274661 0.202197473505297
1461243348.50044 -0.915823347629104 -0.182796558622783   0.69603351070741 -0.020347645857143 0.980725535361119 0.0181100174234041 0.193482363195313
1461243348.6604  -0.99516197546477 -0.180655090745225  0.711680984369796 -0.0230337471383094 0.978166039326896 0.045346020828266 0.201505296196758
1461243348.82271  -1.06867695841995 -0.184553589833179  0.728360261058346 -0.0141323399362765 0.980237490460656 0.0556763866471313 0.18930102808289
1461243349.0606  -1.16141702185192 -0.184360143488487  0.758277009404522 -0.0114692815919907 0.97774424933237 0.0656901605232431 0.198920690949118
1461243349.22269  -1.22599062625988 -0.179803389415271  0.780114403402231 -0.0297241914428665 0.978965739986065 0.0714308322530119 0.188786092126104
1461243349.44099  -1.29770185292198 -0.186583406401698  0.817795664878852 -0.0237192391997956 0.98137999052217 0.0707186382350381 0.177001655643866
1461243349.68142 -1.35871277818319 -0.20465456676502 0.866759215161416 -0.0140397099002071 0.985156828286984 0.0561124015756559 0.161617785577144
1461243349.88046  -1.39252000069766 -0.236030313104475  0.913305527412045 -0.0180382472221708 0.988136951050951 0.0148458648981373 0.151787970209464
1461243350.08082  -1.40068401182085 -0.268055319717893  0.963166926843379 0.000979538175328194 0.989698075961352 -0.0146652466396771 0.142413796678407
1461243350.24036  -1.38090031919313 -0.290115436904161  0.999916664096019 0.00441031733381792 0.986674482565836 -0.0585209167141926 0.151754132930166
1461243350.38055  -1.34621534492683 -0.298772232438382   1.02853709953125 -0.0117801506468297 0.979132084976741 -0.093506047701953 0.180050568627256
1461243350.5005  -1.30492725524593 -0.301115699803705   1.05154444872791 -0.0219565011513524 0.971198317604278 -0.114419552729125 0.207845870522073
1461243350.64064  -1.24976287652273 -0.297903278307004   1.07524510567812 -0.0179457375555741 0.964765666167779 -0.121684573107835 0.232589820402766
1461243350.76096  -1.19556699135319 -0.290796391045436   1.09214746435623 -0.0167118058751724 0.95876662297072 -0.119038315279637 0.257521179162215
1461243350.88092  -1.13945786500957 -0.284415136127193   1.10361452791922 -0.0086638042817535 0.953397013100394 -0.117286043469081 0.277854382571128
1461243350.98048 -1.09309207732732  -0.2767716263308  1.10840074959817 -0.00836210285582737 0.948537534811672 -0.106537942629351 0.298087717072559
1461243351.10064  -1.03464636921915 -0.265346148481123   1.10910341962646 0.00484580369984121 0.942322361073517 -0.0918999967300099 0.3218065826057
1461243351.22258 -0.979211814951126 -0.251643182726865   1.10579916740052 0.0213863886012803 0.933749332927632 -0.080318307329464 0.348143325582335
1461243351.34044  -0.92074738575895 -0.236518434060015   1.09969752990131 0.0281430179654358 0.921523611137653 -0.0745848318512743 0.380051716893023
1461243351.46077 -0.862811583068966 -0.224944667488938   1.09436633676692 0.0346074269100673 0.908996947254518 -0.0652426798210829 0.41020759209746
1461243351.56022 -0.812444731192603 -0.217696748709276   1.09166185916059 0.0225340213275841 0.892586389323556 -0.0552848399162371 0.446906412968734
1461243351.66028 -0.763712357995079 -0.209705036117521   1.08550100954531 0.00978201467683935 0.874949764853963 -0.0410952310802907 0.482367498027504
1461243351.78062 -0.706290526140767 -0.196305766439801   1.07089905545163 -0.00182401393444477 0.859185461852014 -0.0276287969155274 0.510914537566028
1461243351.92229 -0.638485098134751  -0.18088359518166    1.0463996240372 -0.0112303652735312 0.84469092398266 -0.03463909172918 0.534014283667882
1461243352.08009 -0.564863195906129 -0.166918703490007   1.00383640078951 -0.0293347867470531 0.851404687382188 -0.0356815284748996 0.522471393586136
1461243352.24047 -0.498078342172392 -0.159743762919798  0.955204797701463 -0.0177618434223443 0.851847866511568 -0.0069396617435318 0.523442041044485
1461243352.40009 -0.438031305668155 -0.143768718030397  0.901094341818245 -0.000154955545345753 0.847065138969518 0.0139643614680081 0.531305583388807
1461243352.68034 -0.341178055802485 -0.113680106484642  0.801792567093939 0.0105913907431596 0.823320074252838 0.0338929532445091 0.566465484822149
1461243352.80033 -0.302009280795309  -0.11456164905397  0.765165548801805 -0.00239693076092629 0.80325804821455 0.0364962081932743 0.594507182033146
1461243352.92208 -0.266065533562262 -0.112459057408748  0.725157587934507 -0.00815537747686697 0.787465268827977 0.0488334161633398 0.614367347499613
1461243353.02232 -0.236899923756852 -0.108787092356615  0.691342565509182 -0.0183382351145752 0.770269164438998 0.0492546490936883 0.635549449681131
1461243353.2222 -0.183061119059382  -0.10198915659307  0.618060737453623 -0.0390120811629387 0.751774530837169 0.0221782666045267 0.657891508379846
1461243353.32227 -0.158776653192732 -0.096901871234958  0.586058966348365 -0.0443660665349045 0.734610550746973 0.0319726372995983 0.676281554779929
1461243353.52038  -0.119146020096836 -0.0908449212100868   0.522397792629852 -0.049255844044227 0.703480208749114 0.0786486013466954 0.704630296845092
1461243353.62037  -0.102392144091537 -0.0860069891369054   0.489291319764064 -0.0441130635151554 0.686800225474007 0.0911918342461595 0.719752413877843
1461243353.70046 -0.0913739310929395 -0.0779578367498438   0.464845689644493 -0.0603584651664778 0.664089648006803 0.101013066554088 0.738334717779333
1461243353.78052  -0.082129458244446 -0.0721945352899016    0.44197971153363 -0.0651710670210424 0.63657524935108 0.105665501322132 0.761156676228549
1461243353.86026 -0.0747426228432433 -0.0670323706915163   0.422093101828203 -0.0817621769253067 0.602495354187973 0.103602854754948 0.787134513976467
1461243353.94048 -0.0688338910828266 -0.0637120763495001   0.403614016890368 -0.0953058654921289 0.563331104249953 0.101128148082568 0.814461758864537
1461243354.14031  -0.053627612837023 -0.0558014150761433   0.348965245565568 -0.102199857864677 0.523598279700287 0.138049936435066 0.834471237130205
1461243354.26011 -0.0457388526373616 -0.0526823623986211   0.319116485255975 -0.092607537227583 0.49616565970843 0.149481005941868 0.850234621170737
1461243354.38063 -0.0375454220480099 -0.0466622951190994   0.292813154481184 -0.0905244874018094 0.471735768637642 0.153439282363465 0.863554901784639
1461243354.50011 -0.0326781818629557 -0.0380179783490114   0.275194156581186 -0.0799254223098143 0.426961880719556 0.16488945616696 0.885509427688933
1461243354.62255 -0.0298064970090734 -0.0254529022226676   0.259511446945697 -0.0932593307501373 0.385955174216125 0.170126868406518 0.901885884893443
1461243354.76005 -0.0267760758539734 -0.0141876710533775   0.238498240915029 -0.100950269810234 0.355229000128439 0.17191804095284 0.913271913335743
