1461162996.11289  -1.8899204113934e-05 -1.61471733419714e-05   3.7039013651004e-06 3.50799786474341e-06 -2.77126570998006e-05 -1.17908336999988e-06 0.999999999609156
1461162996.61255 -0.00190965050132287  -0.0285805087411939 0.000205619879256642 0.0205787054492176 -0.00547553047438153 -0.00184639943743905 0.999771537030924
1461162996.63251 -0.000620869209758161   -0.0301165129320087 -0.000941229655989236 0.0222094425494448 -0.00396523740771537 -0.00165222459976763 0.999744111114347
1461162997.49252   0.0221909585473394  -0.0176222209892914 -0.00627612660622614 0.00453641427374796 0.0263969116933554 -0.00323227545691665 0.999636021956973
1461162999.05259   0.055092796647033 0.00385145618024667 0.00361651163231074 -0.0148174224560134 0.0498414562428976 0.0180558854857735 0.99848397995695
1461162999.97233  0.0138011697352329 -0.0160691855898394  0.0150196474768791 -0.00563616209648664 0.0575635098515976 0.0207145919641286 0.998111006697224
1461163000.23232 -0.00852548254550433  -0.0315453553326994   0.0307722725753326 0.00704852643545016 0.0803266433253488 0.0167282911957458 0.996603287632968
1461163000.53229 -0.0437597323975335  -0.027486393474564  0.0532175199922861 0.00350584038427278 0.0953115987607227 0.0217997587662341 0.995202581760422
1461163000.73222 -0.0766699403046287 -0.0221810033031908  0.0725588692770853 0.00866434643105645 0.11407163871219 0.0245500534872306 0.993131353455429
1461163000.9123  -0.105788621187964 -0.0164223548867941  0.0898895459710771 0.0124682680894316 0.140510376789213 0.0335158780918002 0.989433202505929
1461163001.09229  -0.137068748920686 -0.0205163899741441   0.108223106877047 0.0191821513146795 0.162921445217844 0.0285921757918699 0.986038100299657
1461163001.27225  -0.168480617877584 -0.0299284498247883   0.123177361494714 0.0342603618735052 0.187430459291291 0.0421394403741299 0.980775365768894
1461163001.45251  -0.214580003178498 -0.0315413135293017   0.138967677999634 0.0334785250290174 0.18542114153853 0.0355249454015957 0.981445957191043
1461163001.61227  -0.262088475161264 -0.0285852390703722   0.150499839529209 0.0200760479527429 0.183265673742972 0.0228574180257204 0.982592582695051
1461163001.85227  -0.299351883188211 -0.0501275540786486   0.151427728910237 0.00868548917783515 0.172878897203524 0.0578153297707226 0.983206406011951
1461163002.01221 -0.296952756193023 -0.104487910055075  0.134842789761241 0.0152624231739539 0.168337617693023 0.0772789847284374 0.982576950384874
1461163002.13228 -0.291188776886151 -0.156415179749073  0.119014539776156 0.0321685021051891 0.176766071019858 0.102855099627402 0.978335204359502
1461163002.27227 -0.286031593029834 -0.204623651764448  0.101850469531008 0.0307728705132232 0.198512760490427 0.12648894370227 0.971414567259484
1461163002.45273 -0.301041667861369  -0.25463930351136 0.0902004911366799 0.00480293027585446 0.203424269034073 0.125583405751296 0.970991404096155
1461163002.61225 -0.329198904861448  -0.30891122428831 0.0849213543876115 -0.015420623995779 0.210617946481433 0.11680878779871 0.970442163175385
1461163002.73248  -0.36304658130917 -0.360760634874967  0.087146149485669 -0.00259740800934036 0.209870440661676 0.107770360419471 0.971768079854018
1461163002.89221  -0.41407555599727  -0.41567640252706 0.0943584052166039 0.0103683933677537 0.213754161016625 0.109519090661199 0.970673592845605
1461163003.05223 -0.456611182761845 -0.445483734297471 0.0986345733418713 0.0135713189379411 0.241108850622471 0.108546256663681 0.964313253884907
1461163003.23219 -0.518746754364055 -0.467407004745002  0.113484760403561 0.0111208596843874 0.25631889718683 0.104541408873812 0.960857972468088
1461163003.39216 -0.587474332444351 -0.487065373464391  0.136866757131356 0.0164972797472394 0.255752456558851 0.114420725282136 0.959805406502258
1461163003.53256 -0.652325680560866 -0.501517730036364  0.164112690860143 0.0153408591850731 0.237813820719337 0.10200406428137 0.965818003344531
1461163003.67272 -0.713428888427001 -0.504538427853579  0.191863860907805 -0.0106255805130322 0.22912186222734 0.0956278343238997 0.968630779291448
1461163003.85229 -0.784870306845975 -0.518476278533331   0.22354774111872 -0.013202847414209 0.226579240692353 0.0856125860746806 0.970132989652985
1461163004.03217 -0.849462539751514 -0.523402573138995  0.261134962018466 -0.0044739380112388 0.237057777505263 0.0995542717339157 0.966370809256192
1461163004.19221  -0.91100376194555 -0.519550878556494  0.291289255293031 -0.0184687858509305 0.254900659304191 0.0878690234200202 0.962789485068617
1461163004.37218 -0.983871073741749 -0.526619047951961  0.320967037714163 -0.00338606092339264 0.267257596812282 0.104444804737008 0.957942166469874
1461163004.53209   -1.0579672440924 -0.530469061999806  0.338612682171184 -1.20275400581716e-06 0.25324357186496 0.0977717828714449 0.962449152829265
1461163004.73197  -1.15780148192498 -0.526819556995265  0.346625238221976 0.0104734012359172 0.24605022820314 0.0901954067299747 0.964994498260248
1461163004.87424  -1.24649397799976 -0.525638423067967  0.346993081289112 0.00755560592779137 0.227727480569862 0.0803480967237065 0.970374819729595
1461163004.99321  -1.32745513100128 -0.524376119718797  0.347909246382313 -0.00827067537460519 0.200812672750577 0.090767220497026 0.97538052988301
1461163005.15231   -1.4228695579887 -0.532310090238413  0.345573226674648 -0.0132952965717099 0.180568688368929 0.0956444994431031 0.978810662792388
1461163005.33215    -1.521768519353 -0.531124186106878  0.338221306417323 -0.00926468468512077 0.159884676127354 0.0963050870655907 0.982383013983154
1461163005.49237  -1.61504879120894 -0.520600908514649  0.337935258186226 -0.0205314250190893 0.143000892452945 0.0846531999137354 0.985881859600181
1461163005.65209  -1.70722298943949 -0.518437958760251  0.340100406017451 -0.0303869432845051 0.134876835627688 0.0957558612337313 0.985756403949917
1461163005.85225  -1.80665286447834 -0.529626290955626  0.345142159420421 -0.0194276644598309 0.130744030367058 0.113427468332331 0.984714564635221
1461163006.05204  -1.89294030123654 -0.544652720854542  0.337533851312851 -2.81183374184767e-05 0.12405486984984 0.102603380322048 0.98695639965623
1461163006.29202  -2.00150495158267 -0.548358724711998  0.314869791533563 0.00338376684395511 0.109450265683741 0.0950996277493712 0.989426728093412
1461163006.45196   -2.0812950697289 -0.548890514602329  0.304813589431425 -0.00841312939021403 0.0865717562548896 0.0878362634712667 0.992330258075513
1461163006.67427  -2.15548810058642 -0.546356800907477  0.318816289021299 -0.00170094126829347 0.0701673808974783 0.0818208567883167 0.994172516644478
1461163006.95203  -2.20143439789025 -0.544626618887762   0.37848874584211 0.00835139826547774 0.0880520511241833 0.0661580539187899 0.993881382430275
1461163007.11238  -2.22243622548061 -0.548330449331602  0.429825189191681 0.00723423307036519 0.122815329262296 0.0768072433526976 0.98942645413322
1461163007.27198  -2.24041743223328 -0.556403962708225  0.487714871172431 0.00842652164445742 0.15792209565521 0.0941218630454273 0.982919467878066
1461163007.49194  -2.25245362233415 -0.569501358420507  0.576722465667109 0.00412262948294048 0.179555315578469 0.103340396529068 0.978296302261681
1461163007.67391  -2.23468014020935 -0.579042066105259  0.662426857475182 0.0120752220995286 0.208097491913478 0.10676594008951 0.97218859122465
1461163007.83189  -2.20594977887573 -0.591895059590828  0.748885451765542 0.032771663484267 0.227457782589493 0.125781625051251 0.96507406866593
1461163007.95208  -2.17455369011535 -0.601215602645633  0.814057376225788 0.0323082587345233 0.259825109327131 0.146308494016434 0.953960645707846
1461163008.1122  -2.14186994239238 -0.619508114771943  0.896328627279064 0.0348349691623986 0.280986776644981 0.145966058858092 0.94790657025656
1461163008.29317  -2.10418960237209 -0.631504857306085  0.985752577376603 0.0278419698386758 0.291563689536424 0.129714943830342 0.94730643036269
1461163008.4521  -2.06250286294433 -0.627499555529829   1.06084770277173 0.0181871983157411 0.312853633514075 0.131941127054011 0.94041659322142
1461163008.57381   -2.0255912334521 -0.625340165588309   1.11509916608338 0.00991046958925741 0.339058939120648 0.132138530979468 0.931386185760498
1461163008.71182  -1.97653082501324 -0.640727539728704   1.16702561892219 0.0309041602172017 0.35407677707228 0.142741738804754 0.923742044524537
1461163008.83185  -1.92219376154469 -0.662491302166001   1.19489652321459 0.0431077896953741 0.375793583519466 0.155895264055066 0.912478803972114
1461163008.93182  -1.87162500844316 -0.684831607462236   1.19762829625764 0.0612173695394259 0.397505634362678 0.165196135861646 0.900528700826897
1461163009.05185  -1.81343145090541 -0.707075121978466   1.18364252912871 0.075825042546162 0.422525218999297 0.163885173694974 0.888180528989145
1461163009.23232  -1.74559332516051 -0.727110633516853   1.14675161091602 0.0854894040218564 0.430867563400773 0.164050660927531 0.883250862019567
1461163009.41188  -1.69589547773019 -0.736931455127881   1.09291024737628 0.104701801313988 0.418019075896413 0.17548249312163 0.885157319122501
1461163009.59215  -1.63865717778608 -0.727796164413315   1.03149297221651 0.105052979375322 0.421682751975701 0.169901173684578 0.884466573359994
1461163009.77321  -1.56986119466962 -0.703671012279802   0.97341243911468 0.100800368756555 0.415145277339881 0.169756804425318 0.888074496713108
1461163009.89228  -1.52395519255303 -0.675705963252733  0.916239889984027 0.0904608886385544 0.42362989669098 0.15616418997997 0.887675213140602
1461163010.01178  -1.47973525783939 -0.650107287941083  0.843635719602993 0.0864234389201807 0.428582319239049 0.140148511414589 0.888372995756379
1461163010.1317 -1.44221024133986 -0.63164569823988 0.767641075487768 0.0771725697458161 0.430442122004118 0.129513717957195 0.889938296144358
1461163010.27414  -1.40391347341105 -0.620533095687381  0.684549432835319 0.0800179486341594 0.425891345433929 0.128990724712797 0.891950157082181
1461163010.41182  -1.37887724866154 -0.606817248299187  0.602560401439235 0.0754450654287844 0.419723631103613 0.131597334909815 0.894886728608866
1461163010.55195  -1.37053942097867 -0.588396535556173  0.512069487843157 0.0653039438201085 0.412705714967992 0.118438572982269 0.900767279703377
1461163010.69169  -1.38850031378854 -0.573222539042708  0.418679702171397 0.0627143681855291 0.390780793501992 0.115483796148292 0.911054758112938
1461163010.81171  -1.42552664039024 -0.556896316861971  0.350405216993864 0.0424244988497768 0.36000879286918 0.115300447133487 0.924824111842376
1461163010.95178  -1.48063817960943 -0.545794736283108  0.275530691744516 0.042737466887581 0.336148219188014 0.127178831191281 0.932203533868854
1461163011.11191  -1.55415048273157 -0.526918296268133  0.201944695552499 0.0315387758896755 0.313819245986028 0.114586781747002 0.942015210022114
1461163011.25179  -1.63142465316595 -0.509528598526716  0.144092411883766 0.020348853369555 0.291711254585022 0.0997193167567184 0.951076509004691
1461163011.41166  -1.73412890830837 -0.494309496488234 0.0814865083921458 0.00965481255741067 0.269845900247424 0.0984290180997133 0.957810891100151
1461163011.53182  -1.82406583195622 -0.492598034688168 0.0434564652634415 0.0130232093639347 0.235232302191415 0.104689710142362 0.966196783587018
1461163011.63199  -1.90596654528661 -0.495905426091682 0.0172111766738887 0.0133614739990163 0.192881556439725 0.106868356074348 0.975293458743536
1461163011.73171    -1.98694104646575   -0.494293019669228 -0.00961100140585433 0.00826081966406287 0.160023714577526 0.116370156323368 0.980194958336638
1461163011.83171    -2.0709652428076  -0.492906004555845 -0.0389649553145724 0.00694605088054944 0.116268239724775 0.112291401850676 0.986825258026403
1461163011.93213   -2.15353740198219  -0.492712000943257 -0.0716185377607802 0.00631906348135042 0.0766709889586204 0.0973429173353597 0.992273140487773
1461163012.0116   -2.21965079588451  -0.490749612263418 -0.0987913207063258 0.00295636214358134 0.0409461677602637 0.106534981696407 0.993461105903785
1461163012.13237  -2.31107204215964 -0.483883901671354 -0.133206906375434 -0.00613190136379132 0.0148440241292343 0.104536357351832 0.99439137401977
1461163012.2916  -2.42483637644721 -0.475257764258935 -0.168637294086957 0.00152207126627941 -0.00475431663504559 0.0939226221947684 0.995566984593429
1461163012.41216  -2.51640068930945 -0.463122028064141 -0.180713113485203 -0.00163420859747427 -0.0253707694219065 0.0880469463420162 0.995791840025337
1461163012.51166  -2.60094152617954 -0.446293125545276 -0.179394596381083 -0.0189381771736729 -0.0558060924465633 0.0777874649119951 0.995226675583884
1461163012.61193  -2.68205266352554 -0.437260231898648 -0.170929438664675 -0.0320186063293763 -0.0754934949017554 0.0612312871098766 0.99474935061809
1461163012.73175    -2.762909770574 -0.441609841119365 -0.148900759016626 -0.0352115632661605 -0.0955199336076677 0.0597142908257575 0.993010720771491
1461163012.87366  -2.82631644123597 -0.467716965909576  -0.10167524496871 -0.0273585259845731 -0.104155554324882 0.0601137627347945 0.992365591447574
1461163013.01194   -2.83534821517381  -0.502555894592405 -0.0302478426061739 -0.0104144111700339 -0.0823986596552852 0.0609922056391834 0.994676807701005
1461163013.13175  -2.80713489938056 -0.519894619346365 0.0471732314704318 -0.00561092964006739 -0.0515915366310755 0.0707720795577272 0.996141628269642
1461163013.23164  -2.76822228358241 -0.528296407013547  0.115210292003823 -0.00533679927178188 -0.021113431015459 0.0662480547414491 0.997565505040778
1461163013.31161  -2.72946883525586 -0.537567021671999  0.169708663157499 -0.00877900544816118 0.00493684716916509 0.0753555924030347 0.997105857618416
1461163013.39217  -2.68604974295197 -0.547495064087502  0.224816760603286 -0.00825219363589681 0.0368634391807327 0.0953240160801268 0.99472926975651
1461163013.49166  -2.63544828783399 -0.571765414156105  0.290570805644952 0.0102647229084883 0.0593190975924018 0.117952810460999 0.99119272325254
1461163013.59163  -2.58136877005473 -0.590403055983152  0.349780950862301 0.0157200424987633 0.0949262476870818 0.114184769414646 0.988789020063235
1461163013.67387  -2.53722996014036 -0.605501278455062   0.39488775626189 0.0294153519322639 0.117790589153442 0.132661584462127 0.983697625383728
1461163013.75166  -2.48947059551901 -0.610290547471002  0.441687342450621 0.0197847629614688 0.149807280354148 0.122656326690768 0.980878059409109
1461163013.85176   -2.4301391478592 -0.611405809664124  0.507516127031872 0.0201015388866478 0.179638015248876 0.118647560339402 0.976344646135442
1461163013.97365  -2.36227077260699 -0.593355865243883  0.593854877885698 0.000638646605024346 0.196857917701219 0.117489551865722 0.973366712791867
1461163014.07353  -2.30449935617383 -0.582622798620347  0.666163039586169 0.00345838682375913 0.210361157487634 0.103977130896494 0.972072517475715
1461163014.17366  -2.2472641648171 -0.57998125942676 0.735169766585198 0.010371393216103 0.232440713062914 0.0987801755964231 0.967525827057191
1461163014.29244  -2.18768634324837 -0.591532305585814  0.816315011137745 0.0230051788491026 0.229615339849955 0.0964389024201609 0.968218516426796
1461163014.41195  -2.12787530975593 -0.601949303624104  0.889059776289917 0.0128022396434441 0.235079229975995 0.0879125756980922 0.967907659504837
1461163014.53156   -2.0630433772549 -0.605723712910504  0.961582338832022 0.0125336065357706 0.243990284393552 0.0959047873394797 0.964942444705449
1461163014.65198  -1.99963543651828 -0.600745846488778   1.03698374409822 0.00824599223135821 0.244486922966754 0.0942185344047173 0.965029023338156
1461163014.75187  -1.94156205047421 -0.597366363836547   1.09833371758508 0.00896713740926871 0.247731698129809 0.0937558391826002 0.964239824321507
1461163014.8316    -1.896375262254 -0.598703733094971   1.14724005090256 0.00664572488110071 0.250700762587641 0.084837541430795 0.964317143652833
1461163014.91148  -1.86164312002481 -0.603019465460281   1.19733374937981 -0.00673498385155388 0.237847533008618 0.080301465038114 0.967953958485096
1461163014.99158  -1.82887048684035 -0.615659972384096   1.24719590850196 0.000648544345053732 0.219497008637418 0.0854962748958543 0.971859572967407
1461163015.09175  -1.79122650084326 -0.625697953603001   1.30488626970777 0.00229863879912433 0.208523841617437 0.0939523236100361 0.973491389086238
1461163015.19154  -1.75136973063733 -0.631887085305638   1.36431593549143 0.00460723665452813 0.210324731689749 0.0951331093585078 0.97298097212321
1461163015.29149  -1.71587540843282 -0.631457669003527   1.42798280027235 0.00272876186019433 0.20895011647439 0.0917248168299462 0.973611298548636
1461163015.37399  -1.68804593723702 -0.628371340406117   1.48186300343465 -0.00217260426353983 0.213215308862981 0.0794475347414955 0.973767221198514
1461163015.4517  -1.66183649963374 -0.624790093388345   1.53995232087371 -0.0010926335900472 0.216318014684244 0.0738096522717827 0.973528354957586
1461163015.53158  -1.63596347494068 -0.625052114152319   1.59934330081304 -0.00214502700079161 0.225987305459973 0.0587649930733749 0.972353748498556
1461163015.6115  -1.61371048353584 -0.624939685688324   1.65539021114187 -0.0136726101154041 0.230101910965344 0.0593199814768655 0.971260680816594
1461163015.67341  -1.59537543135024 -0.627001825982055   1.69483512709722 -0.0256995490249299 0.237361225089166 0.0572319028244074 0.969393465680053
1461163015.73166  -1.57551070425939 -0.633422950435707   1.73337075280284 -0.0245955746866834 0.245842501623497 0.0680306385979929 0.96660661818202
1461163015.81145  -1.55629133975118 -0.643716935216105   1.78503626924893 -0.0247652069978517 0.235133308985318 0.0590769261512692 0.969849951448411
1461163015.87339  -1.54217250085636 -0.649305460064772   1.82059303651853 -0.0277481182125396 0.228629192890382 0.063311867223425 0.971056301953001
1461163015.95165  -1.52280941573889 -0.656646603572756   1.86659013537411 -0.0302730576836253 0.225172607646876 0.0548506468217544 0.972302548226232
1461163016.01147  -1.50871836562517 -0.662015306402238   1.90058935545895 -0.0255652605901318 0.217541625935621 0.0549901001200802 0.974165359333326
1461163016.09172  -1.49145320262231 -0.666423915622266   1.94558560686865 -0.0247249180806816 0.210304285159202 0.0553962241229156 0.975752040439836
1461163016.15144 -1.48046237983026 -0.66909586088947  1.98072461257855 -0.0219150492681854 0.201860614548019 0.0571031285676875 0.977502560414883
1461163016.21147 -1.46736156957801 -0.67314689802836  2.01574273133521 -0.0183879710688934 0.199891308324313 0.0602482072637412 0.977791133574993
1461163016.27359  -1.45451616826762 -0.680140918779479   2.05276151043741 -0.00875459844359182 0.199193985045828 0.0596281899443008 0.978105102885994
1461163016.35133  -1.44174413033137 -0.687495207702113   2.10233644026272 -0.00807443796300251 0.185425197323098 0.0593287651813622 0.980832502148724
1461163016.45161  -1.42804782622564 -0.698238361131909    2.1568123595462 -0.0122183941544054 0.176688602551595 0.0501725363940777 0.98291127023981
1461163016.61138  -1.41032661610473 -0.711541718579913   2.22634747857214 -0.00831110381565541 0.161030175275916 0.0385425695895389 0.986161588449585
1461163016.79213 -1.39934932271797 -0.71549494962104  2.28727267879908 -0.0157584577812918 0.162405254683449 0.0357044040058814 0.98595202712614
1461163016.93147  -1.39767810829962 -0.709142463448522   2.33189006138911 -0.0338050374769246 0.148174774906466 0.0222356902648314 0.988133103180461
1461163017.07139  -1.39834552548944 -0.702980110973916   2.38060753319196 -0.0447025865847362 0.138771760992495 0.00581174237656519 0.989297882719975
1461163017.25163  -1.38303484447829 -0.705357933818121   2.44647756142308 -0.0366720542171369 0.154439820810544 0.00735274190492852 0.987293998449288
1461163017.41191  -1.35924046349901 -0.705232698050094   2.49845747851676 -0.0241869635949991 0.188269862029405 0.0252460523479786 0.981494822545858
1461163017.67353   -1.3494435211322 -0.704961602987996   2.58257502606873 -0.0266100707885444 0.210034775800791 0.0459474013207013 0.976251060639022
1461163017.93209  -1.33350457958267 -0.713217107725307   2.66758785057511 -0.00413755470262677 0.224249709604934 0.0530748934974923 0.973076566393116
1461163018.23202  -1.30797879500568 -0.713255588879646   2.77263005807308 -0.00697246697748624 0.232046256739227 0.0895500755184303 0.968548761504657
1461163018.55138  -1.30413017655077 -0.728720508964944   2.88603024749752 -0.020735609908334 0.220523777720612 0.0840636053155075 0.971531063941302
1461163018.75131  -1.26972895806196 -0.725204148366225   2.96819696713201 -0.0246331140960573 0.241500093970248 0.08475489232847 0.966378560673136
1461163018.8714   -1.2335249192102 -0.729648782471719   3.02181985936936 -0.0202800718000757 0.274172452794414 0.0796736641037311 0.958159846823464
1461163018.95132  -1.20118204715211 -0.735388043932394   3.05480365671969 -0.00831542511593753 0.30528676549953 0.0905845728677166 0.947905733538072
1461163019.03191  -1.16467553397376 -0.739995891246257    3.0826413277549 0.00295760267441737 0.342999334246617 0.112910379609973 0.93252021719056
1461163019.15198  -1.10856062607838 -0.740121571869161   3.12349678324953 1.69409165275783e-07 0.380740433854591 0.130725429088156 0.915394769603752
1461163019.27135 -1.04752327350298 -0.73589489817734  3.16532064680694 -0.00154937794259134 0.425149831959943 0.143800674293128 0.893625528890746
1461163019.39138 -0.980691077658626 -0.734428686502715   3.21188853746483 0.00181165550704883 0.455037718735774 0.146606172715595 0.878318861549581
1461163019.49136 -0.919454799394009 -0.733147771047343    3.2485671658932 0.00976810401523241 0.485767888164611 0.150854696491603 0.860916374288739
1461163019.61127 -0.844817964448071 -0.741635337293347   3.29482766989496 0.0228298000815143 0.508538608171097 0.158509958961778 0.846015293678298
1461163019.75137  -0.75990404790448 -0.757654135371832   3.35330771271125 0.0148400382601098 0.51851142403506 0.154707040701236 0.840827811128437
1461163019.89209  -0.67286622869795 -0.771568559007657   3.40793634547938 0.0164513480403454 0.523155904072025 0.155353505604249 0.837796241026843
1461163020.01207 -0.587661791423716  -0.78006739904719   3.45512862788324 0.036127727085029 0.537966908338753 0.144415891804903 0.829717086157871
1461163020.13129 -0.495495736135905 -0.776952553641414    3.5084713741476 0.0356793081259368 0.550502674613838 0.134708459636603 0.823120539846382
1461163020.2313 -0.420999153087771 -0.784940424629587   3.54606967905805 0.0396335658616271 0.575191314138371 0.116908668940813 0.808651034577557
1461163020.41125 -0.281542244862384  -0.80090705531051   3.62039823788639 0.0244434585444823 0.595622927125073 0.120108004799747 0.793857615193284
1461163020.55133 -0.169611016441376 -0.801395750440881   3.66793376619466 0.0120560132871745 0.617883794472273 0.12391942018435 0.776349306931706
1461163020.69171 -0.0457700560953627  -0.790983070710959    3.71399513057175 0.00877570228244669 0.636084043457972 0.127776173233586 0.760916109871113
1461163020.83139 0.0736125228252038 -0.799863962399561   3.75917937801198 0.0321751595157537 0.643563367983649 0.139076491875513 0.751963217123869
1461163020.97341 0.188939099869979 -0.82519444238546  3.81863116269175 0.0515912721525223 0.634057050552718 0.150399169358683 0.756762900212669
1461163021.1119  0.305722470025742 -0.840612820579375   3.87894893378668 0.0658297572330418 0.624234708789096 0.157684683800687 0.762320806419652
1461163021.23115  0.409541088323574 -0.837775146542424    3.9289538964569 0.0673638242559001 0.624275346443619 0.143792288787897 0.764896192100246
1461163021.33115  0.499794172144245 -0.830768928778376   3.96871631870727 0.0548153824475425 0.629026540567801 0.142121840246436 0.762313759310037
1461163021.43118  0.588858672791514 -0.835457424641699   4.00351797532613 0.0437102321259154 0.632679295120726 0.13288556397824 0.761674308362324
1461163021.53119  0.680318512624493 -0.845460654697163   4.03321740290179 0.0461022694937084 0.634891490311327 0.136558205543348 0.759038360543505
1461163021.63108  0.771739244110285 -0.851934118304193   4.06047494584917 0.0476291117719231 0.636508314411452 0.132350555785003 0.758334994432085
1461163021.71196  0.847242170249524 -0.849401199869563   4.08458212591416 0.0466165420690404 0.631145707070992 0.132304811407498 0.762874453189914
1461163021.81127  0.941354017543675 -0.841604897585225   4.11250012079098 0.0456036162049925 0.625720207011162 0.135664852296792 0.766804786486251
1461163021.89109   1.01458300241879 -0.839343912035271   4.13226734229968 0.0468519788754924 0.627530038869257 0.140217236753037 0.764427935720262
1461163021.99106   1.10265933587328 -0.847797256020303   4.15864225171344 0.0510575629610464 0.62371211034411 0.143638977665785 0.766644750043789
1461163022.07151   1.16609607283499 -0.857877455745538   4.18589671389983 0.0403604747823429 0.602477737518393 0.140383446252749 0.784655399451417
1461163022.17113   1.24651831981398 -0.864234502885109   4.21114683363411 0.037961431745714 0.59778532337476 0.136793949946109 0.788986091205472
1461163022.25112   1.31439891024365 -0.861835434240171   4.23249703946264 0.0332513474704528 0.590143020317254 0.126637620679469 0.796610617862247
1461163022.33145   1.38465371257514 -0.856742768427211   4.25103581076953 0.0306753436449963 0.586997273986872 0.116200623051467 0.800618909860799
1461163022.41113    1.4557160401861 -0.853753888957194   4.26594508710477 0.032567557594116 0.591397697581269 0.112083284845976 0.797888121697563
1461163022.49108   1.52197477490707 -0.855130902027941   4.28108057672579 0.0304051529011716 0.595468177204572 0.105208665131518 0.795879584733121
1461163022.59135   1.60001425527899 -0.862104139403585   4.30486188329787 0.0320710380978861 0.586620931374232 0.103563006455026 0.802572136996388
1461163022.69108   1.67056929621335 -0.868202206963786    4.3339736511154 0.0499433524967327 0.562781230833017 0.120363694716358 0.816269274662282
1461163022.77326    1.7218042664733 -0.867518873901771   4.36328038280391 0.0573303640663469 0.533656940975436 0.122671767662541 0.834790474384625
1461163022.87295  1.78975245982624 -0.85562233716154  4.40075296645961 0.0446117529332898 0.506619978068622 0.12120979374452 0.852440129992939
1461163022.97368   1.85889286441101 -0.848439272452274   4.43676874162783 0.0397473039408508 0.479009452762435 0.122221116693326 0.868350214272964
1461163023.07305   1.92201870676614 -0.849786892543821    4.4671017483586 0.0299452933817975 0.453353964826189 0.116842646133271 0.883131506642826
1461163023.17314   1.97509513041817 -0.854965266661142   4.49466449477041 0.0209980358101291 0.422362379500018 0.119980404977312 0.898205881352755
1461163023.27285   2.02043783732682 -0.861027349985087   4.52051349628472 0.00934851214922069 0.384061561785942 0.121817683945674 0.915188381677374
1461163023.37293   2.06778235535106 -0.866160385318431   4.54507915503173 0.0269602125584509 0.344596746008719 0.126609647992715 0.92978289219267
1461163023.4718   2.11716753049577 -0.859400610929319   4.56972247658305 0.0224931912745735 0.31097632333801 0.111807627112602 0.943550124364842
1461163023.57271   2.17397945803528 -0.849746768477469   4.59441378220378 0.0103374945780309 0.293013388465844 0.0973854250368216 0.951079580989946
1461163023.6726   2.22651475363379 -0.847742153618236   4.61845145589621 0.00796597244113977 0.266762074692061 0.0985106891086566 0.958681481473587
1461163023.77247    2.2748961890276 -0.849551231931525   4.63979902098261 0.00496083066349095 0.237364401521131 0.104322469500822 0.965790015172498
1461163023.87325   2.31836863245677 -0.847296167708924   4.65654820633501 -0.0152273927418392 0.209308257718158 0.103779827867206 0.972207759220799
1461163023.97291   2.36530782403105 -0.847269661917662   4.67312135601786 -0.0180551030960822 0.180364722557912 0.107910191489407 0.97749576504531
1461163024.07395   2.40816159935591 -0.845214289890502   4.68708133568547 -0.0156339246347051 0.139486646818814 0.103527206001279 0.984673130220038
1461163024.15111  2.44179558023075 -0.84533628147895  4.69627380816894 -0.0192195276514324 0.103129574347308 0.0968079840185997 0.989759119625605
1461163024.2312  2.47452361758881 -0.84929451063769  4.70139591534042 -0.0247270417121656 0.0702195864574107 0.0962214360870308 0.99257202173105
1461163024.31104     2.500953889204 -0.855779110965845   4.70535003659112 -0.0327071575081108 0.0311789530770163 0.092693396551181 0.994668813710657
1461163024.41108   2.53469907396477 -0.855489000501393   4.71412744705844 -0.048393140817479 -0.00849370868246301 0.0907756582098082 0.994658605105899
1461163024.51109   2.56900304531299 -0.856614074550489   4.72545362318408 -0.0556369696708202 -0.0453627500703571 0.0871419056152908 0.993606077274912
1461163024.61106   2.60136227211789 -0.846168023071491   4.74394389469999 -0.0643680348643662 -0.083189286781859 0.0666679112807693 0.992215545261152
1461163024.71113   2.63472353419188 -0.835007962090019   4.77061602294213 -0.0712423864422559 -0.116453453471141 0.0417333142360321 0.989758276566321
1461163024.83332   2.67401701859843 -0.831960370703004   4.80415905978187 -0.074972246002145 -0.142635941512416 0.0344572653334147 0.986329989092902
1461163024.9709    2.7071794465657 -0.838115602446697   4.83927222349617 -0.0759043569053236 -0.182798696597595 0.020811166234219 0.979994928805747
1461163025.11193   2.72443982246724 -0.841423100521509   4.87286774625184 -0.0847661961762191 -0.229231209546316 0.0173120060573551 0.969519488716971
1461163025.251  2.73595174488862 -0.83536843010969  4.90763968477029 -0.0961696085491946 -0.273474124588488 0.010642062681586 0.957000551762608
1461163025.39124   2.74244421580088 -0.823840395694752    4.9451059794268 -0.113509517647898 -0.316513435714522 -0.0045268808615751 0.941761297657318
1461163025.57388   2.74576825279682 -0.816230436395358   5.00157369315977 -0.130568138646994 -0.33757819136512 -0.0140195932569427 0.93209247228471
1461163025.69091   2.73790649548464 -0.803780850062266   5.04083814566111 -0.162237529153034 -0.334017925915614 -0.0260864334597868 0.928132806925118
1461163025.83099   2.71235754589759 -0.792519210483815   5.09116230184688 -0.180284751372317 -0.324470282226069 -0.0324268715068498 0.927989731828448
1461163025.93085   2.68223412310609 -0.785937852363004   5.13043464280514 -0.193519741748205 -0.310012922411713 -0.0296166212922922 0.930357433051774
1461163026.01088   2.65675790928516 -0.785680794201751   5.16342002631754 -0.194604758129729 -0.287938180451119 -0.0150517473832891 0.937546818698927
1461163026.09094   2.63107336098103 -0.784975575989333   5.19128631430746 -0.197020813272114 -0.26398343419763 -0.0127917405316434 0.944103763884559
1461163026.19128   2.59431789668201 -0.781167903577558   5.22136796967213 -0.210624667854317 -0.242464690209656 0.00842227204227181 0.946983203983281
1461163026.2909  2.55715002847327 -0.77549062805801  5.25111325786412 -0.22240176883252 -0.228212582877528 0.0225238545981913 0.947601786728251
1461163026.39091   2.52199106779712 -0.770891404523939   5.28480510256135 -0.227510865735426 -0.218190374044381 0.0289092369196279 0.948575786464854
1461163026.4915   2.48930496842994 -0.764819335154106   5.32393578193868 -0.23343661221166 -0.20722970505159 0.0239579098475765 0.949731128256366
1461163026.59089   2.45451653127659 -0.761408924804998    5.3666388604076 -0.2344537952329 -0.19470761002988 0.0293561340846847 0.951976145651215
1461163026.69186   2.41679857950809 -0.764503627823195   5.40694082751073 -0.233938514417003 -0.188764558430668 0.028075955656203 0.953337533965191
1461163026.81082   2.36875169143069 -0.773470040938159   5.45206386282805 -0.24255612721208 -0.191291270048078 0.0405794454925709 0.950224964815588
1461163026.91095   2.33052455588837 -0.786241592335571   5.49004052910192 -0.238267733221494 -0.197973772134576 0.0490607180355832 0.949540898960193
1461163027.03136   2.28750319973369 -0.796862243435533   5.53407278379764 -0.235998184740155 -0.203938497943776 0.0418730383319669 0.949189440794954
1461163027.13106    2.2499825134627 -0.801001418986962    5.5725420493044 -0.230441369625312 -0.218461993078562 0.0190914327652762 0.948054138717996
1461163027.3108   2.18173504977784 -0.806429893168559   5.64605286032112 -0.222554768150161 -0.235013678517754 -0.0082249615909219 0.946134396420514
1461163027.4509   2.12181454852465 -0.814588625575639   5.68794576558514 -0.226849625631859 -0.266319817268888 -0.0331931220397454 0.936221778709407
1461163027.61139   2.05665703560754 -0.824183741794858   5.73470476384794 -0.229099929829096 -0.29529785771864 -0.0501471522756568 0.926173666489027
1461163027.75105   1.99236260953836 -0.832801433874058    5.7714453936108 -0.229288724100056 -0.333177782573328 -0.0624086454460248 0.91242775449549
1461163027.89162   1.92911430109654 -0.838907159360985   5.80908964266779 -0.225243507559164 -0.372649387051244 -0.0715461092800372 0.897373362029243
1461163028.01084   1.87705235365382 -0.847823038494557   5.83073795071294 -0.220274148676603 -0.415044209861425 -0.0756900062220108 0.879482021557812
1461163028.13102  1.83316550314605 -0.85704373448317  5.83898630860098 -0.223699317078644 -0.457499234278061 -0.0964641034297637 0.855188717724356
1461163028.25101   1.78812985776932 -0.865887786126343   5.84125819603666 -0.215780835332309 -0.502137056348486 -0.111888710571913 0.829926457098171
1461163028.37084   1.74129701577317 -0.865580335222599    5.8404379865383 -0.211478094688618 -0.539552610124587 -0.12764859051075 0.804901132882316
1461163028.49193   1.69044370563883 -0.856599502519188   5.84200655721386 -0.211059510518714 -0.57072962303734 -0.149221086617252 0.779393769359252
1461163028.61134   1.63476417749975 -0.843671410167564   5.84275484646525 -0.211909991969857 -0.594347660381254 -0.177343440659301 0.755244541825881
1461163028.75095      1.56871973014 -0.842857157304087   5.83521727071946 -0.207251547191084 -0.613056448629652 -0.200166584192421 0.735623494427169
1461163028.87086   1.50257730142751 -0.852636726484063   5.82345855817925 -0.21506594938469 -0.624901734450143 -0.171346957499463 0.730674126989687
1461163028.99086   1.43691035710085 -0.858995623185659   5.81186387790284 -0.222851771764374 -0.634368074335672 -0.162161700562816 0.722231138179258
1461163029.09072   1.37746271865813 -0.866670955952829   5.80835886359177 -0.232018508810454 -0.638862324454435 -0.142217996187057 0.719580699798562
1461163029.17238   1.32538146483848 -0.876672582136772   5.81564106208374 -0.232812421975287 -0.629104280065095 -0.12318337836432 0.731335789000191
1461163029.25073   1.27093642077684 -0.889995272285003   5.82554258154786 -0.237628181061745 -0.620831839954835 -0.0981682612535079 0.740583328563399
1461163029.35093    1.2052977142449 -0.913408738826312   5.83687884233464 -0.235840495604834 -0.616118834986095 -0.0784159915300437 0.747414057989682
1461163029.43072   1.15457861986049 -0.934456883317375   5.85114792977109 -0.239752024231864 -0.605267145347552 -0.0554973910134997 0.757027535318396
1461163029.49128   1.11496211583874 -0.951482287043659   5.86350226236341 -0.233833989727711 -0.597400468596599 -0.0279699991224243 0.766584649283872
1461163029.57353   1.06650352391033 -0.965841099975667   5.87610319241325 -0.238408267170617 -0.595795781939578 -0.0175266598238058 0.766734439400717
1461163029.65072   1.01967052728009 -0.976923528233032   5.89611945345808 -0.238506087631826 -0.579811947036131 -0.00920246886709 0.779004664173123
1461163029.73075  0.971835073123016 -0.982957404134781   5.91904546114073 -0.243071185096408 -0.561830388009843 0.0132358401986846 0.790624959521752
1461163029.79066  0.938493139164014 -0.984115381111034     5.939843292008 -0.243331909929303 -0.545066017498355 0.0212681879277286 0.802022619606773
1461163029.85079  0.906415135927183 -0.983875214986305   5.96271160643392 -0.241993533715929 -0.525019444180693 0.0260485514533415 0.815545943426277
1461163029.91127    0.8740067008929 -0.985128089723553   5.98592432728026 -0.237202566068038 -0.506851695931103 0.0320205051576155 0.828137058844702
1461163029.9724  0.841925124569439 -0.986940809491968   6.00875871290339 -0.234262968531475 -0.487633063358434 0.0400865729608776 0.840076141645948
1461163030.0311  0.813256512448992 -0.986260804928685   6.02726824442583 -0.235819975677493 -0.476368344899106 0.0315259824278636 0.846444476313426
1461163030.09068  0.784679138232791 -0.989236591433079   6.04832971998059 -0.236894189665504 -0.456735529110116 0.0415708889440159 0.856472801987098
1461163030.15076  0.755278256369937 -0.991411828520853   6.06856651842008 -0.239081103084768 -0.443430953787095 0.0443691487288769 0.862693800842636
1461163030.21069  0.727088475300289 -0.995055279370189   6.08958116518155 -0.240691666331614 -0.427593383853501 0.0499016558687828 0.869908756470917
1461163030.27276  0.69612138296385 -1.00017305549119   6.1104174816712 -0.234748053157843 -0.421438382964325 0.0548436276281524 0.874228355414992
1461163030.3508 0.655709775477949 -1.00570060306733  6.14123600955578 -0.232540894875408 -0.407432926536865 0.0647735619357614 0.880753954438073
1461163030.43062 0.616223214634421 -1.01421084375595  6.17460320312036 -0.226008122756998 -0.391118448371125 0.0771898616928408 0.888812923535353
1461163030.53077 0.564685826633672 -1.02708518369943   6.2176913354298 -0.214620635023772 -0.372599892517601 0.0932683768382723 0.89800240144435
1461163030.6513 0.500638456808255 -1.04347141631225  6.26198895252546 -0.216120686075038 -0.367652352053876 0.0994966800284369 0.899012796206498
1461163030.75074 0.451709149492512 -1.06576772345786  6.30315527671258 -0.206028645091535 -0.35730036268338 0.113251853611523 0.903915187327675
1461163030.85066 0.411307199041477 -1.08621951870141   6.3444898391178 -0.201918303523249 -0.341698812155187 0.132408883155877 0.908261420591803
1461163030.97242 0.366963034920344 -1.09420873832025   6.4007465264293 -0.216705930759294 -0.319287244406219 0.155152055864112 0.909407518494526
1461163031.07281 0.334313703503233 -1.10374986571894  6.45255068527566 -0.212593430424542 -0.287228431435668 0.178257190924448 0.916803269736237
1461163031.15079 0.307834046341378  -1.1081449732012  6.49781768294899 -0.210126094402559 -0.257736923341883 0.186637193784436 0.924437807910115
1461163031.2507  0.27921901400503 -1.11803109475621   6.5562644170107 -0.202932518874173 -0.222050957541684 0.207090886391259 0.93092702711431
1461163031.33064 0.261836063971321 -1.12911287451517  6.60372249813436 -0.191858537787774 -0.191259658878699 0.214428511763525 0.9384191268865
1461163031.41069 0.249802992190513 -1.14060315658686  6.65251004912562 -0.187214625929608 -0.154785159912163 0.226905399965297 0.943136351529084
1461163031.49066 0.23453290907753 -1.1570278101783 6.69925225953726 -0.179820213318345 -0.129458078226313 0.233893552859806 0.946677929812833
1461163031.57243 0.213017405269674 -1.17734598908219  6.74481368099647 -0.166755590282769 -0.117143115356311 0.241407421577885 0.948784759806554
1461163031.67255 0.176110271384865 -1.19917662852421  6.80137437339096 -0.163574057868123 -0.116085782649344 0.246862673594359 0.948064575356073
1461163031.77256 0.137184944580752  -1.2141766105339  6.85923199959075 -0.1663807806058 -0.117014246769016 0.248522936954078 0.947027693209551
1461163031.87244 0.101177929644044 -1.22635337768049  6.91822248157639 -0.175386401500574 -0.1121490191051 0.262827884515119 0.94211661210476
1461163031.9723 0.0724427919190119  -1.24369261120492   6.97463881347509 -0.172598760840729 -0.108653403933754 0.259327832084265 0.944009100102498
1461163032.05063 0.058165068371137 -1.25885005015496  7.02109415927278 -0.18076883564014 -0.0880018778197803 0.266425094677151 0.942653683219756
1461163032.13069 0.0441698985620563  -1.28367363398739   7.06697978501799 -0.172468838042364 -0.0788318242552326 0.281486749904899 0.940640873562746
1461163032.21057 0.0321003233538065   -1.3057512498604   7.10810122921871 -0.165574757698336 -0.0628467103535962 0.287841775948357 0.941160136549442
1461163032.31063 0.0115878644474271  -1.32675252119386   7.15943714260056 -0.169617652444596 -0.0533250706179869 0.30634793555346 0.935166953653146
1461163032.41056 -0.00942811413985722    -1.33961322392306     7.21113205661011 -0.176294768006262 -0.0440648612215997 0.327763008069669 0.927119114957869
1461163032.49058 -0.0177173491872244   -1.34441746324033     7.2512515008912 -0.180043911015515 -0.0170420084597676 0.323677772038752 0.928723026494942
1461163032.59067 -0.0296724757941947   -1.34679554935577    7.30023152270173 -0.184134524466082 0.00141436537901907 0.324665292395618 0.927731062530458
1461163032.69061 -0.0335520546278848   -1.34182338465391    7.34344017326488 -0.190756696627134 0.0209755010444434 0.341260238540833 0.920170288935093
1461163032.81054 -0.0316512570550929   -1.33748936090358    7.38760778576374 -0.189005892848039 0.0400948912987903 0.341021108344604 0.919985747619968
1461163032.93067 -0.020646728322975   -1.3353343251529   7.42346849916357 -0.18434627508099 0.0617261558548393 0.347746451578064 0.917212482449957
1461163033.07245 -0.00203966157337664    -1.34125470272227      7.4602035978636 -0.175069660472683 0.0782819646707887 0.368473369593047 0.90964274519726
1461163033.17251 0.0196964249942879  -1.35075180449371   7.48187916739576 -0.166217701091717 0.100600875240458 0.375090059636878 0.906398690922621
1461163033.27255 0.0387416110118222  -1.36543331019154   7.50317244854782 -0.155249564519724 0.108238599960606 0.393845430181877 0.899481937183764
1461163033.37246 0.0609135418516065  -1.38238821159795   7.51637433989045 -0.1426977764596 0.119613617300235 0.409383746722689 0.893160050085724
1461163033.47273 0.0888082251491739  -1.39928400586706   7.52273688010028 -0.128695431129104 0.140676939808259 0.42071256166557 0.886932029565666
1461163033.57278 0.116446031076992  -1.4160028668872  7.52389415362701 -0.112930495472627 0.155931829232079 0.441901581020651 0.876159209571008
1461163033.67331 0.143170895249464  -1.4319059630363   7.5211371338962 -0.0939303783270533 0.167991820738289 0.463603233759714 0.864886046736741
1461163033.79053 0.172224451003665 -1.44633865050263   7.5150349358175 -0.0709832754742348 0.179812928442013 0.497758651106733 0.845496901600746
1461163033.91051 0.201431117099863 -1.45419674540691  7.50517795946601 -0.0553333134444228 0.196855296885959 0.514574746597608 0.832705858436945
1461163034.03052 0.233890509076761   -1.456070551713  7.49290979645464 -0.0428120497513704 0.215547536387026 0.520727177287084 0.824954298605805
1461163034.13176 0.265407995681596 -1.45545654313952  7.47944683280355 -0.0301074274550935 0.236051081093811 0.520738778744372 0.819880817093741
1461163034.25052 0.298245040242936 -1.45475339999533  7.46329579710447 -0.0143791498522386 0.253239292384455 0.52666608095442 0.811348223646456
1461163034.37054 0.330537553437193 -1.45464269753302  7.44484659223072 -0.0016418582076004 0.273863393464013 0.5288572019207 0.803309533118218
1461163034.51057 0.364194773715375 -1.45103219004733  7.41944515466066 0.0108879767104429 0.293154539166402 0.53171448469373 0.794494540507465
1461163034.63117 0.390311408777707 -1.44628877800985  7.39009683115566 0.0212261954853705 0.309021950120069 0.532196225823825 0.787922623223932
1461163034.75053 0.416341542633953 -1.44567975826492  7.35318665321522 0.0338034510408046 0.321825588604737 0.530629638306117 0.783401432324492
1461163034.85042 0.439035623807985 -1.44532351623567  7.31689199595466 0.0508296241837767 0.333639433156237 0.532357418443778 0.776335402372195
1461163034.95045 0.462172793813381 -1.44217499695387  7.27968980799653 0.0629046984234847 0.34513317974419 0.532719194674307 0.770153456644501
1461163035.0731 0.488342544833427 -1.43183910014758  7.23507912249011 0.0694304921058242 0.358792630035263 0.53002537755115 0.765193017839344
1461163035.17211 0.510405640963484 -1.42033131952789  7.19481713018641 0.0741988292595897 0.373123660301944 0.531559199964207 0.756781398286716
1461163035.27227 0.531681568662782 -1.40539218877119  7.15402953598791 0.0770223126794016 0.387113324073362 0.533246990719674 0.748236917401701
1461163035.37224 0.554182529840462 -1.38951237692238  7.11448765399372 0.0773953190126609 0.400478311792747 0.532456943365488 0.741698516811542
1461163035.45044 0.573390707059063 -1.37920194558244  7.07694976759781 0.0839962098057567 0.415625021424529 0.529106452330104 0.735014857269415
1461163035.53046 0.593684660637178 -1.36871565563737  7.04116307825719 0.0917714159319582 0.431718978725051 0.527096267835133 0.726199872666414
1461163035.61043 0.614229559193751 -1.35698613319566  7.00618988307321 0.0986367498268187 0.44924734539555 0.527079056162538 0.714587491349702
1461163035.69052 0.636212155178999 -1.34819654348802  6.97269744010542 0.108881892535161 0.463435307964651 0.528551956358543 0.702855090498196
1461163035.77232  0.65891812454126 -1.34281912205235  6.93950338656291 0.119474053860334 0.480843298000371 0.525476714750883 0.691657354097333
1461163035.85043 0.678465646565725 -1.33593708553992  6.90807924321145 0.130494139586039 0.49478249032451 0.524287833601132 0.680649567942129
1461163035.95048 0.700409651747138 -1.32898335384071  6.87667755434516 0.136683554442676 0.500861017020377 0.526378235087015 0.673336321017149
1461163036.07237 0.721516691895277 -1.32260037697424  6.84273264292932 0.141535185248274 0.509682033759043 0.526204828747395 0.665808151048714
1461163036.23039 0.743947556768348 -1.32286788640625  6.81610540484947 0.14459995617038 0.502438050090832 0.53167459167594 0.666309978210345
1461163036.45041 0.766303960019124 -1.32448141178514  6.78952689006221 0.144650134664697 0.500556380646549 0.527923414069106 0.670683619311767
1461163036.97191 0.759364120795253 -1.34946566950652  6.78304574459654 0.14445637038864 0.466578828082245 0.539126970435525 0.686133124100966
1461163037.1903 0.771595942044704 -1.35711067044546   6.7536528619325 0.156174175611223 0.47895544313145 0.53796432636896 0.675874022226999
1461163037.31032 0.791321464101239 -1.35958152484122  6.72346772948318 0.178974050355966 0.489321888887374 0.542227197078909 0.659182861657388
1461163037.41031  0.80830116257627 -1.35716420808084  6.69636291982148 0.192561994933429 0.506976891775661 0.536493042386473 0.646582960480442
1461163037.51028 0.828838348923818 -1.35146560382148  6.66991517000017 0.203918727986251 0.519681090346963 0.537238949027223 0.632236528808946
1461163037.61035  0.85037771924974 -1.34483819697227  6.64309660870322 0.21143532336709 0.535909617930016 0.532480685630444 0.620129264648339
1461163037.71033 0.874375874236961 -1.33841382036565  6.61375632415823 0.220332975446665 0.550293832086501 0.529387735270276 0.606942092825815
1461163037.81031 0.896091892607929 -1.32982103931565  6.58445127736793 0.220637360930558 0.567675065501435 0.518622734952266 0.600078856284882
1461163037.89032 0.918023927271141 -1.32128656199204  6.55666357133971 0.217471067514913 0.586158055512244 0.50830096730219 0.592245890987593
1461163037.99033 0.949997835479812 -1.31164402894126  6.52153403352335 0.227030480819864 0.595777153837177 0.503326502402774 0.583240238429555
1461163038.07214 0.978233615555022  -1.3026084037734  6.49164333914627 0.230839466768832 0.608774994523382 0.500139895376451 0.570934524860575
1461163038.17221  1.01423728653363 -1.29161297875374   6.4600381119157 0.235284260207282 0.617352641505554 0.499457128171663 0.560410215862757
1461163038.27197  1.05489377211089 -1.28042514621166  6.43119407371205 0.231439275685362 0.622764073024069 0.491220754312451 0.563296495243326
1461163038.35026  1.08605909765932 -1.26702546521277  6.40219268234868 0.22480378004137 0.634129830312923 0.491412139808808 0.553043151693377
1461163038.45027  1.12813425707282 -1.25427221064785  6.36150821426625 0.221382837079351 0.65053438383081 0.484282135210533 0.5415399047314
1461163038.57191  1.17876896641094 -1.23823999202522  6.31391810904317 0.213564816081003 0.66542939029225 0.481571573072441 0.528850277371683
1461163038.75026  1.24461775844826 -1.22810774365966  6.25090736447176 0.218330312291144 0.681696551102901 0.477887595565715 0.509161205271652
1461163038.99026  1.32269854295893 -1.21922199822987  6.20241608962692 0.229700973782466 0.687341063730515 0.471801341404529 0.502198386100631
1461163039.21022 1.40076680744749 -1.1944945307521 6.17824334932917 0.219890201627112 0.692798117419997 0.469834185030159 0.500934033885443
1461163039.35022   1.4721145609073 -1.17655721257378  6.15867206042072 0.230956285896568 0.701707576467189 0.467237457052451 0.485751819204588
1461163039.45024  1.53072349405777 -1.16412361023371  6.14156209664981 0.242259780287565 0.710153502595026 0.459773115637676 0.474974613788844
1461163039.53021  1.57761345122867 -1.15271357308096  6.12685159439276 0.236182584885068 0.726492410671591 0.446616798980355 0.465789650703114
1461163039.6107  1.62164115118998 -1.14144757312487  6.11174476151777 0.238799490755298 0.74113554069239 0.4343555420849 0.452800371684632
1461163039.69013  1.66104098864214 -1.12758200103679  6.09609415837556 0.239178637518423 0.754603408966983 0.427907661069745 0.436190678634998
1461163039.79022  1.70879602307897 -1.11393254295621  6.07699656879516 0.242119953088034 0.76800726187923 0.421409564914574 0.417081230236899
1461163039.87193  1.74496765408112 -1.10350829895226  6.05692630586619 0.240167604323334 0.784162335159774 0.411886011074226 0.397188705569182
1461163039.95021  1.78249260714456 -1.09440592489053  6.03488768282854 0.243982664466523 0.797093550796764 0.401091444261879 0.379789394346318
1461163040.01048 1.81132259150449 -1.0878735225854 6.01593001469977 0.248996149611732 0.808770367227215 0.388720747294454 0.364400317228908
1461163040.09015  1.85191651932491 -1.07690446934139  5.98927476414381 0.246580079244925 0.823952794414319 0.376051479725449 0.344797537248603
1461163040.17019  1.89674066300825 -1.06301335377497  5.96697883404247 0.257766120614152 0.832457330288426 0.376067079708392 0.314872945602187
1461163040.23023  1.92955366296741 -1.05344751476675  5.95164971477383 0.259576833012718 0.837587928883157 0.377662037046983 0.297384792694304
1461163040.29019  1.95946059505142 -1.04509190304241  5.93577887225436 0.260161025599296 0.845511854290923 0.377166425284232 0.274174091866759
1461163040.37107 1.99868372935524 -1.0363264355396 5.91644488584183 0.260537174269669 0.853790740283927 0.373719613259692 0.2519829424664
1461163040.45033  2.03839334344939 -1.02656307239088  5.89990816044793 0.248642142797474 0.863336829510862 0.368006444606142 0.239578505637631
1461163040.53018  2.07721102259711 -1.00987314125036  5.88406671369272 0.24207904125349 0.869755095658019 0.370684902950887 0.217982829798571
1461163040.61086    2.1168458396816 -0.991482442509901   5.86328821748424 0.236621162278061 0.878120921080163 0.365798586408233 0.197751024536522
1461163040.69016   2.16232210663183 -0.973643755814315   5.84716020393692 0.226787561873181 0.883940035172382 0.365673798264461 0.18303029602202
1461163040.75022   2.19291915177425 -0.962709009624106   5.83130386726379 0.215559744779615 0.892340730352467 0.36039316866075 0.16546534793496
1461163040.81018  2.22232250383039 -0.95634755599083  5.81252513772101 0.218250896274993 0.898811116888044 0.350915033526885 0.146163475870184
1461163040.87002   2.25417906140472 -0.956217033948156   5.79294155438769 0.213051565048414 0.907610941376279 0.33135457283113 0.145105329979245
1461163040.95008    2.2881158978555 -0.967435382094227   5.76248911252183 0.22397236154029 0.923803106754456 0.286356216291243 0.120101284790145
1461163041.0101    2.3160783230674 -0.973057468650014   5.74152693870526 0.220329148851476 0.930775629552594 0.268306148269398 0.114558301306351
1461163041.07223     2.342750996234 -0.981846649026514   5.72026769314016 0.221968971599878 0.938259026226883 0.243006473682423 0.106525250992936
1461163041.15008  2.37805257385186 -0.99280291671586  5.68958921311881 0.222667674695838 0.948295959063954 0.198835216508956 0.107788855381073
1461163041.21015  2.40327970077429 -1.00058668886901  5.66709939100735 0.227124200283654 0.953315206574949 0.168456758781847 0.105957703727423
1461163041.29014  2.43442671783192 -1.00457123915625  5.63676122627247 0.22383710348106 0.959717909994025 0.135988869183968 0.101712889055301
1461163041.39048  2.47314517415448 -0.99790818781038  5.59421520154349 0.22734895987647 0.960835683167869 0.121003435958018 0.102300581038312
1461163041.51022   2.52953465166499 -0.984166371620079   5.55185922626496 0.224869597493271 0.958123048230157 0.129010832908328 0.121614528596159
1461163041.61011   2.57934885963469 -0.968316893813936   5.52275140878893 0.203450336262464 0.953688918268991 0.15586939912108 0.157448843321396
1461163041.71019   2.62150170754052 -0.948071022306927   5.49307161750884 0.17663713725421 0.951960769232382 0.177206355003176 0.176544394789573
1461163041.81037   2.66231540293295 -0.926553646164334   5.46513381482241 0.156943506989346 0.947803552814078 0.194016481946393 0.198481146762209
1461163041.95043   2.70985983786891 -0.901639841578173   5.42341566077898 0.145587506108896 0.94345676059363 0.207640425862346 0.213492558425042
1461163042.11016  2.76500416719502 -0.88047942099687  5.37299376951909 0.128339027217839 0.939997344735899 0.211907814715762 0.234582957702875
1461163042.23036   2.81185530668332 -0.868629933569431   5.33873947860255 0.130798197792939 0.931962678781704 0.216163909460547 0.260020308935439
1461163042.35006    2.8580562290569 -0.855741988453256   5.30944176663053 0.11636180563695 0.924404584735028 0.226555273611578 0.28391689260865
1461163042.49041   2.91097497317437 -0.842627670232476   5.27580354766018 0.105279250660079 0.915478808993668 0.231913190827808 0.311498156630265
1461163042.63   2.96607257882807 -0.829103410429562   5.24830470113139 0.0978300032770621 0.905009468264771 0.241194741819002 0.336470280008192
1461163042.77182   3.03382911178889 -0.816090400155108   5.21838161248875 0.081495424654067 0.89410179699631 0.244652549561887 0.366177009602312
1461163042.9301   3.12535562823936 -0.811782504583801    5.1824097917396 0.0905172342813075 0.878395929912906 0.247567292499124 0.398669858774347
1461163043.07168   3.21236366591144 -0.812659622612279   5.16438013943086 0.0775532297213238 0.858911258448769 0.255920304668095 0.43676280098966
1461163043.27158   3.34047847936006 -0.813967024424385   5.14376132131671 0.0816417984311688 0.839073689308957 0.257185050815905 0.472383118131036
1461163043.51023   3.51234018619473 -0.803466984843873   5.11918317223026 0.0894798048552235 0.844083334861852 0.248782082508758 0.466502051178954
1461163043.64997   3.60555249134945 -0.805724982022454   5.09905578252073 0.110955641769385 0.857454433010469 0.254110123368127 0.433461400902172
1461163043.78992   3.69691040311038 -0.809305235249694   5.08269443046616 0.117811796278318 0.868131143854419 0.25971373576694 0.406223427662258
1461163043.93002   3.79237083212356 -0.803260005352927   5.06300688565224 0.134665245176034 0.877627167783065 0.256759653487425 0.381720193927139
1461163044.0309  3.85961462092183 -0.79504693780219  5.04889239517559 0.147446692252747 0.882123323614495 0.27037745361145 0.356390161841807
1461163044.12994   3.92941023038016 -0.787564452686586   5.03684135692578 0.15118544404113 0.886861313813955 0.281017056074821 0.334139769804962
1461163044.20986   3.98126450740786 -0.780066521735433   5.02904527019662 0.141860716751895 0.887792635535524 0.301014365557048 0.317946733054162
1461163044.27013    4.0184719129283 -0.771010757451659   5.02371596824418 0.137389651205893 0.884324290512823 0.331602248962399 0.298554151593299
1461163044.34999   4.06848675081318 -0.766183109302154   5.01397131528524 0.120011581030051 0.888788726126522 0.340991416049941 0.281738664207307
1461163044.45001    4.1304885897049 -0.761911153961259   4.99880228018118 0.103740189806498 0.895268843667919 0.340119866053487 0.268421584996768
1461163044.54995   4.18831778313369 -0.756232331057775   4.98298528229057 0.105366527992915 0.89911943377187 0.345399522782471 0.247348556199773
1461163044.64989   4.24265126475501 -0.748885297501268   4.96111554179282 0.109678013991885 0.905818249763793 0.345683285859616 0.219013920833709
1461163044.74981    4.2958354259645 -0.746087177604353   4.93457006266254 0.11302602107899 0.915287277324828 0.336180730791087 0.19093672975917
1461163044.85003   4.34051034002953 -0.752834903195133   4.90724707375399 0.110918332199935 0.92595345925923 0.325036475024571 0.157030585464906
1461163044.94982   4.38135110329562 -0.756906032237803   4.87721490687839 0.121448357763888 0.931006764351791 0.32247694671482 0.120354974825098
1461163045.05021   4.42002860570288 -0.753576800281094   4.84405714002483 0.127155131467914 0.933056970875377 0.323999321086187 0.0908884017789553
1461163045.13058   4.44987154873507 -0.747123036087581   4.81076831546102 0.14284865077961 0.935275665892224 0.31805306945819 0.0607942165713612
1461163045.21024   4.47906979626443 -0.738894162043577   4.77397560806777 0.149381632589747 0.938117267289194 0.310417228222587 0.0355283700904511
1461163045.29058   4.51052657564097 -0.729486267854086   4.73638222292075 0.15512775191072 0.938506347799699 0.307853706775638 0.0191653581050772
1461163045.3721   4.54198000706277 -0.720819102663516   4.69862770928077 0.152444298440298 0.938000560361021 0.311103896416263 0.0114039585265581
1461163045.45017   4.56705891727487 -0.715212485011261   4.66291934725312 0.152461773161754 0.935821036410454 0.317771817870122 -0.00393284929234587
1461163045.55119   4.59436405757936 -0.715482332395795   4.61524050607727 0.168398175913248 0.935257648643029 0.31026005825227 -0.0259592229679757
1461163045.67166   4.62338916323146 -0.710965935061088   4.55981971176358 0.17799169336634 0.933427760136764 0.307573462529631 -0.0492964384735926
1461163045.80993    4.6478432838759 -0.699616299374551    4.4912244707575 0.179399080240508 0.935763715104857 0.293706440209156 -0.0768034275386353
1461163045.97194   4.66190118887241 -0.687577533248465   4.40821473106916 0.166568295355094 0.93894452059706 0.280335988878505 -0.109772143837885
1461163046.14999   4.67083852987557 -0.685728819622993   4.31967865943347 0.168809371152934 0.937046399109824 0.264779132457299 -0.152772553626048
1461163046.32983   4.66595529296712 -0.673355040908948   4.22316691429316 0.165302974496844 0.935262211660662 0.24700219961251 -0.192222359387985
1461163046.47167   4.65279467911539 -0.662986985615774   4.14234034225676 0.163194824830438 0.932806895676445 0.22944463668964 -0.224930885432382
1461163046.61008   4.63920490540028 -0.654710245532631   4.06153151873862 0.166725766218192 0.924117931678897 0.232256053154674 -0.253506790838999
1461163046.72988   4.62052184164177 -0.656218397790292   3.99376447636234 0.184570053098183 0.917220434103762 0.213678823280836 -0.28103724173703
1461163046.84983   4.60158039622948 -0.653368953212167   3.93111440923408 0.194605327320819 0.909401211329682 0.204329670957258 -0.305561105144229
1461163046.94986   4.58120611540079 -0.648815910785095   3.87945312944614 0.199095785265461 0.902633928126928 0.190180321266591 -0.33082367733676
1461163047.07185   4.54920321545015 -0.635630638742406   3.81835530107213 0.199854572763999 0.889138056009198 0.178874713130147 -0.370803862040448
1461163047.17144   4.52309362737181 -0.629346059735637   3.76843793464771 0.196180689100126 0.878356539855027 0.162568647108707 -0.404443273025215
1461163047.28986     4.492237298901 -0.621319974223291   3.71174016016969 0.188333397849627 0.861752346291719 0.157197048279037 -0.444074895628529
1461163047.38979   4.46149139336365 -0.617505298499133    3.6680711874611 0.183836327457733 0.843226022263521 0.149665712229214 -0.482466843075682
1461163047.50985   4.42243878858605 -0.611163018361802   3.61354914156732 -0.186062564322174 -0.827236787118402 -0.146492721484689 0.509509472677289
1461163047.60978  4.38187504610157 -0.60721030420693  3.57291814370876 -0.182381788957428 -0.810483284104467 -0.128074858806789 0.541710771339788
1461163047.70982   4.34056758200708 -0.596121619341914   3.52879612279879 -0.188957743649978 -0.797483703082428 -0.114787353370326 0.561372049481343
1461163047.8298   4.28721258603661 -0.582748234614519   3.47081537299536 -0.189834032669719 -0.79072175493342 -0.109084995844795 0.571684012367764
1461163047.92986   4.24716895781202 -0.572001922925467   3.42669570485371 -0.193455762369462 -0.780153185694239 -0.124915153345518 0.581663200934911
1461163048.0698    4.1830799090466 -0.575274131312603   3.36272541939199 -0.201585881944192 -0.77506192618843 -0.116926664324975 0.587341721609914
1461163048.23003   4.10582867871359 -0.583735073026395   3.29671661456032 -0.204096816739938 -0.772597836366212 -0.0949574499182559 0.593649859213236
1461163048.37182   4.03094352568306 -0.587650254594367   3.23474216910398 -0.197795190807744 -0.784540429550278 -0.0754733967167378 0.582818276379896
1461163048.47283   3.97704846055986 -0.591262375015625   3.18972229056696 -0.179636214017004 -0.796720939327011 -0.0713938849956111 0.572598889831927
1461163048.59098  3.91882695952434 -0.58532709609002  3.13764116190879 -0.169163763484729 -0.81252698595724 -0.0972514926100604 0.549295608393187
1461163048.71098   3.85071858642307 -0.580095772557537   3.09169489713144 -0.157614474625426 -0.823958520814843 -0.109928406543893 0.53307202027483
1461163048.82971   3.77337216237787 -0.572699101163822   3.05998268836758 -0.14554484999244 -0.827472021952784 -0.12219200262329 0.528370953044317
1461163048.93004   3.70155584541153 -0.562083069296211   3.04420586120371 -0.128815707005661 -0.826994787316512 -0.140822276593215 0.528824377080948
1461163049.01005   3.64042894408879 -0.557677523644108   3.03542387295328 -0.127865140978151 -0.825875044035196 -0.140064250895821 0.531001810715834
1461163049.08968   3.58102957376894 -0.557684665833585   3.02530337268594 -0.116799322264921 -0.830993187204985 -0.142503779849441 0.524881809425683
1461163049.19032   3.51053423632145 -0.557688007242455   3.01148400263207 -0.127795696250055 -0.839379187241423 -0.140684560585241 0.509233438080052
1461163049.30964   3.43161111849026 -0.556812973019343   2.99517968156579 0.122284029870657 0.844672048218793 0.155925735886644 -0.497255378939906
1461163049.38962   3.38113320171856 -0.553742758221991   2.98406795729281 0.11552872518037 0.847564174973029 0.17402816241335 -0.487854775161134
1461163049.46968   3.32608007924453 -0.552644216655223   2.97639164349583 0.110000957639473 0.846472923149331 0.176456877007291 -0.490149314240324
1461163049.5497   3.26911969768218 -0.550214021355401   2.97084361578305 0.104535546519895 0.844935788704044 0.179297318861367 -0.492958724367454
1461163049.62969   3.20700356471073 -0.549235786542445   2.96746130648975 -0.095928999789865 -0.841331132283358 -0.174534388803005 0.502491094423852
1461163049.71014   3.1455508331069 -0.54858166670721  2.96337859891846 -0.0863770632411138 -0.838878204294557 -0.174161661319349 0.508419194200873
1461163049.77019   3.10002498357573 -0.551078891039829   2.95981191953993 -0.084360623711597 -0.836298246437884 -0.162810878592065 0.516702183064859
1461163049.84992   3.04301970240948 -0.551487186102504     2.950917463149 -0.0790153573440147 -0.834557501880818 -0.172035441717384 0.517372357351406
1461163049.91029   2.99813478872369 -0.555046369521853   2.94160638358164 -0.0767479700021809 -0.834411992711448 -0.165557910037308 0.520054760524248
1461163049.98964   2.93960080601461 -0.557513115607693   2.92670020434117 -0.0734858980160937 -0.835572037688661 -0.172468636935246 0.516404649378067
1461163050.04999   2.89709947139594 -0.562234112623021   2.91306627755271 -0.0678485197824391 -0.838926010260071 -0.170876827323299 0.512250756521037
1461163050.1298    2.8386587100493 -0.569564155687776   2.89441599888635 -0.0639917801604764 -0.843566919281139 -0.152710997788567 0.510861288336512
1461163050.2297   2.76471086953307 -0.572304914862509   2.86950724492081 -0.0612927192738451 -0.849255972725765 -0.143087680971817 0.504513043347484
1461163050.32963  2.69139731645465 -0.57378379469972   2.8449935372893 -0.0640309978359275 -0.852794402985705 -0.130682335218551 0.501561426760688
1461163050.40963   2.63624891119127 -0.572021121274328    2.8254709642441 -0.0724832030512968 -0.852927824388783 -0.128466062615582 0.50075621056048
1461163050.48961   2.58585594549489 -0.569381755806947   2.80237422785226 0.0831225460106948 0.852829388152273 0.130488726765495 -0.498743791175027
1461163050.57141   2.53617776405571 -0.564618202943426   2.77614245150175 -0.0758541104488571 -0.849082423268981 -0.150241130128818 0.500732259038005
1461163050.6496  2.48734209884162 -0.56193186749337  2.74644660653534 -0.0581347770519499 -0.845892356369847 -0.169389804542347 0.502387861367384
1461163050.72959   2.43741154349799 -0.559871993554751   2.71299234031446 -0.0549598087659754 -0.844762648586801 -0.167997195810505 0.505106354318403
1461163050.80967   2.38599359569049 -0.558101980503197   2.67817151830457 -0.0398740355943726 -0.842578559493954 -0.159662670038266 0.512815038939736
1461163050.87205    2.3481387411187 -0.552611698871347   2.65090138538453 -0.0366331235092474 -0.841987529635732 -0.15826912753959 0.514456895636291
1461163050.92995   2.30957419044416 -0.547228147314674    2.6247293508406 -0.0231167802043011 -0.838708534133598 -0.165551612140401 0.518291687143612
1461163051.00959   2.25799355452319 -0.546538581702053   2.59167166924018 -0.0197345947641928 -0.832381569981626 -0.152183959544104 0.53253310712283
1461163051.12954  2.19002530587922 -0.54587063711249  2.53997910851642 -0.0182109177361846 -0.829396181647632 -0.155936527872037 0.536147494276294
1461163051.32957  2.08420250967805 -0.54310673340117  2.45124698535328 -0.0182454195985016 -0.838750745705104 -0.15323741538758 0.52219018160833
1461163051.57141   1.97067050021919 -0.524651596095937   2.36487499855583 -0.0257886979394127 -0.84107925544674 -0.143670680867765 0.520844856530945
1461163051.74992   1.89088382913977 -0.510276966636024   2.29318136771918 0.0133557746171486 0.854211336976198 0.165855273746246 -0.492581610737012
1461163051.94975  1.80739284363275 -0.52586801325378  2.21565955338448 -0.00190292519984768 0.86542084194352 0.169403019721246 -0.471535536428355
1461163052.14948  1.71817137836143 -0.54066163969452  2.14080655207232 0.00219711429653791 0.871512699326958 0.141596502290732 -0.469479731340596
1461163052.32964   1.63982821486118 -0.531760807633403   2.07777225868749 0.00944222068846787 0.872738964971275 0.134868500891507 -0.469092774359844
1461163052.51028   1.54988630372289 -0.510194272591805   2.01689480344374 0.0206381029279211 0.864444449266139 0.136559348458672 -0.483385360958564
1461163052.62955   1.48779526307876 -0.494984801948441   1.98780685380472 -0.039341983040982 -0.84719484663993 -0.143626667039839 0.509984784784974
1461163052.72973   1.43326618118522 -0.479879977167445    1.9684842303387 -0.0591171889134161 -0.823618343438297 -0.156566834281567 0.541890033798352
1461163052.87142    1.3559381566492 -0.464905024956113   1.94102667430952 -0.0803515302441209 -0.79916974445079 -0.148985294360979 0.576779622738234
1461163052.97167   1.29608234073508 -0.453675251852048   1.92973972514528 -0.0924642501383334 -0.77454385405819 -0.142019349845864 0.609395343645157
1461163053.04986   1.24621016908489 -0.444059895487605   1.92330478391508 -0.102764879234388 -0.752815108344182 -0.136140863364232 0.635747164812491
1461163053.1495   1.18427660967483 -0.437746873984937   1.91504195859918 -0.117804304056313 -0.72889610227651 -0.123200702244551 0.663064254049612
1461163053.22987   1.13612622047109 -0.436004998667706   1.91338447361504 -0.124865593734432 -0.70290361812813 -0.124804656745798 0.689027492033733
1461163053.32948  1.07329362424711 -0.43951110137898  1.90933437139694 -0.127896170804954 -0.684625051813977 -0.113855235360808 0.708497066545144
1461163053.40944   1.02433404114515 -0.443081708012693   1.90890008026421 -0.130480042628688 -0.665997012026192 -0.104030586925729 0.727049224902749
1461163053.48942  0.977205234995976 -0.446864776953609   1.90751412112648 -0.124977619471633 -0.647467987889804 -0.096134757630376 0.745603049661468
1461163053.57197  0.931172799785887 -0.446457248103153   1.91123537940077 -0.126195478255967 -0.626546138324224 -0.0908634182441046 0.763713609308978
1461163053.6494  0.884493560161558 -0.442292468724928   1.91821536086521 -0.121040660248713 -0.60607612340659 -0.0968587643478651 0.780153363751
1461163053.72968  0.839777618440017 -0.440814785450288   1.93030001180019 -0.118461459930222 -0.582491239236238 -0.0968441239293439 0.798305739917101
1461163053.78955  0.804253450283186 -0.442461966407922   1.94046960758867 -0.110805762761528 -0.563078085875963 -0.0901516441031 0.813964270229723
1461163053.84946  0.769356594629383 -0.443345121329797   1.94951652362611 -0.110797631482441 -0.544728015451678 -0.0908842972813443 0.826277991082683
1461163053.92998  0.721277657620517 -0.448254040633004   1.95521499299705 -0.103814904199369 -0.538686037815024 -0.103406205017674 0.829666785579047
1461163054.00943  0.671472646041247 -0.453869169976959   1.96218189342785 -0.097710451092375 -0.529543258171919 -0.101580507097439 0.836491485939827
1461163054.09004  0.621271454664225 -0.456249837453873   1.96337660576759 -0.0950824305213251 -0.534246958103988 -0.109918940753106 0.83274086343022
1461163054.14951  0.581925830264129 -0.457233556405982    1.9605819237556 -0.090340435754478 -0.546668710120599 -0.116103552214369 0.824325113171968
1461163054.22946  0.529230856290169 -0.455284440775462   1.96189313163579 -0.0879060082962414 -0.558218861410227 -0.123010451371828 0.815801854205168
1461163054.30936  0.473213887495434 -0.450067915951579   1.96348246978576 -0.0858741325471186 -0.572298965498892 -0.133882996533786 0.80447179607946
1461163054.39026  0.416096296108559 -0.446072383246159   1.96400317959892 -0.0866186339746756 -0.590938854458594 -0.140328254118861 0.789681241790305
1461163054.4894  0.347407465668206 -0.445312850602417    1.9645589587738 -0.082690014163189 -0.611448025144047 -0.155075172106302 0.771521461205933
1461163054.57191  0.295081151904145 -0.444940523472425   1.96215741970582 -0.0852608554616744 -0.630091952189315 -0.175053389631804 0.751712065282058
1461163054.64938  0.241175932748941 -0.449516192536339   1.95874562162433 -0.080581510179721 -0.647966007570056 -0.185165577361788 0.734411589104607
1461163054.70938  0.203032140853824 -0.453183373735774   1.95321249101912 -0.0750726149860988 -0.664270219010566 -0.199526071269205 0.716448550489621
1461163054.7899  0.150159664165927 -0.460839948195059   1.94897313795431 -0.0724727449167129 -0.675852298913953 -0.190597699769202 0.708268231773564
1461163054.87107 0.0981534202847776 -0.461804801464294    1.9475051507497 -0.071034147010724 -0.686316470846996 -0.191047183573543 0.6981581665004
1461163054.94944 0.0456785379979863 -0.458885021047272   1.93984065782079 -0.0670202041796371 -0.704827375224801 -0.191772345071803 0.679669059933655
1461163055.02965 -0.00537894890043322   -0.452722742882237     1.93568486492062 -0.0676402788571553 -0.706654184305201 -0.198095139895814 0.675886804154169
1461163055.10939 -0.0549951384596281  -0.445627390087094    1.92284902618661 -0.0656318808463797 -0.718204325926582 -0.203234215798332 0.662246824051084
1461163055.19018 -0.097744038873715 -0.434819224498327   1.91076473927811 -0.0702448485175736 -0.724076158822937 -0.224078276705956 0.648512377206058
1461163055.27105 -0.142762830535244 -0.426791374933854   1.89619222060773 -0.0692213701879442 -0.729694190964678 -0.241739269333025 0.635859194510893
1461163055.34943  -0.18436581537442 -0.423079207811396   1.87804566503068 -0.0710478690719572 -0.744383258966688 -0.243593130062098 0.617663461002038
1461163055.44934 -0.233655937132275 -0.416641547399774   1.86368395648855 -0.0757553194241228 -0.750841914301322 -0.24762348546225 0.607601975601464
1461163055.54977 -0.281529045485867 -0.409520266810241    1.8456186305162 -0.0722768065474587 -0.762255307488864 -0.25869437292454 0.588914366319533
1461163055.64941 -0.328170646859629 -0.404098035762791   1.82377789067349 -0.0676412630429248 -0.776780550175931 -0.260154722539186 0.569522744710775
1461163055.74952 -0.368059448011939 -0.398000700467678   1.79887947593952 -0.0737929401170059 -0.793644304715406 -0.259658073938597 0.545216474641207
1461163055.84972 -0.400550906893213 -0.397284077999029   1.77492930883473 -0.0787461160524961 -0.806656097465971 -0.271182234932436 0.519196672836667
1461163055.94978 -0.436521092983331 -0.405065224639622    1.7474295810703 0.0746507447201077 0.824055037294359 0.262764665826579 -0.496301614157734
1461163056.07119 -0.474579752992052 -0.409621972200809   1.72020830108762 0.0765979084235247 0.836091358620613 0.259284049900184 -0.477342415811163
1461163056.19081 -0.507886084803544 -0.403619935851421    1.6923619485675 0.0716835157753895 0.848293957640888 0.264978939652604 -0.452818944542541
1461163056.30947    -0.543215036601 -0.390175730873077    1.6620669801093 0.0564069112512358 0.857238243868704 0.278453766217144 -0.429446566747814
1461163056.40972 -0.572586658577647 -0.377716921342088    1.6283719167799 0.0389310959732502 0.868400739786586 0.292798396697784 -0.398288367637869
1461163056.5094 -0.606047548939127 -0.370598124198736   1.59030206666147 0.0247222084590262 0.879802841617155 0.29118674348513 -0.374894722168522
1461163056.60928 -0.633827877882517 -0.368604247355205   1.55272640617039 0.0135657701075764 0.885658939054901 0.297223674147725 -0.356486046121953
1461163056.68931 -0.651047849161326 -0.371209814895506   1.51440418887669 0.012684723788262 0.897655214360138 0.289237785656229 -0.332258509692606
1461163056.77256 -0.666193484679406 -0.372970478796772    1.4787883201014 0.0176466358393798 0.908475082804349 0.276458370385639 -0.312941511485613
1461163056.87081 -0.678835354850516  -0.37294265997508   1.43322744630338 0.0152105054331869 0.918210512608011 0.27551265331743 -0.284166980704285
1461163056.94965 -0.682293019030442 -0.368667279295242   1.39115048455428 0.0123995932965471 0.9275722604098 0.281092540691864 -0.245851449806032
1461163057.00964 -0.685540612838515 -0.369385361442362    1.3568040251581 0.00349517592035271 0.936836035370528 0.272986933050284 -0.218641626778426
1461163057.06949 -0.687251084990812 -0.369979703698902   1.32114236571935 -0.000670018340197444 0.946119650307431 0.264614525191583 -0.186644880549136
1461163057.13006 -0.689130477266345 -0.370368911025551   1.28715357485707 -0.00736174532472149 0.952852767133599 0.259345756159572 -0.157344169366511
1461163057.18925 -0.693606826815928 -0.372618193260019   1.25237761927705 -0.0102491253485045 0.959536465362452 0.249085102704821 -0.130924935286798
1461163057.27122 -0.702055012652939 -0.372870577526243   1.20715617374483 -0.0082825028754894 0.962812694124311 0.252187521657868 -0.0965638136118579
1461163057.34926 -0.712093635816891 -0.381635176556602   1.16075955005104 -0.000828805642597247 0.966166387166413 0.247377550784393 -0.0729806327659767
1461163057.42931 -0.720297192134467 -0.395013995936835   1.11518456322595 -0.00720392533747992 0.968899460708963 0.243241742323821 -0.0448931318676232
1461163057.50932 -0.729674997463089 -0.411474512901602   1.07051037712333 -0.00105175010666541 0.973018655695124 0.229850801451229 -0.0200548887604628
1461163057.60929 -0.747565362193369 -0.426283306808454   1.01885116131989 0.00871593824542056 0.974151786904713 0.225725188406272 -0.000683966234670164
1461163057.70924 -0.767376121517208 -0.432450979806537  0.967030944801711 0.0230078171321104 0.975662406236518 0.217356333060851 0.0175992581071928
1461163057.80932 -0.791880047920132 -0.428357812167701  0.909811801625552 0.0332310857863762 0.975027474630532 0.21503305185215 0.0444736468508677
1461163057.90925 -0.828741921280164 -0.415505259843728  0.847401454587321 0.0259668880473181 0.974199456128056 0.215611406072517 0.0614236271834448
1461163057.98937 -0.867141667267799 -0.407459105516061  0.792445384694672 0.011912370002829 0.97584881899772 0.206357449283335 0.0706666896560657
1461163058.07108 -0.914391413158335 -0.409550929983294  0.741016199748982 0.00637380685200323 0.980520036246241 0.186180067954464 0.0622640779451077
1461163058.17177 -0.975038426382731 -0.414946756218941  0.682196152678807 0.0150525651943098 0.980018544218125 0.188764425815136 0.060869243599217
1461163058.27092  -1.04026831799553 -0.427736504959278  0.621464723953461 0.0333335317577979 0.979588861043964 0.19023911257852 0.0557101339477655
1461163058.34937 -1.09704329412348 -0.44806429334593  0.56683275006636 0.0537173732246605 0.983160101283997 0.168010706441547 0.0477813936391145
1461163058.42927  -1.15903347500795 -0.460097192134111  0.512824210167982 0.0476728417257746 0.986061249530545 0.15276225365097 0.0455434539261827
1461163058.50921  -1.22951913723101 -0.471081934889607   0.46192248449057 0.0531669886533411 0.989144905074493 0.131924223595298 0.0369002345722233
1461163058.58928 -1.30573230933801 -0.49277089451919 0.418610480421417 0.0486443618671431 0.992590321060451 0.10784063201931 0.0277232516369576
1461163058.67093  -1.38367553611264 -0.515623338918465  0.384112761257269 0.053638045619983 0.994553064455183 0.085772494205273 0.0251046068019458
1461163058.74926  -1.45291951956212 -0.542003047709407  0.354835139462479 0.0400379488721625 0.996002369883341 0.0686826425284726 0.0407300436064584
1461163058.82926  -1.52062321633516 -0.569608714940929  0.330363752093496 0.048481315791565 0.99675021708542 0.0482640757747903 0.0425340539908049
1461163058.92931  -1.61067693930928 -0.606369363572196  0.295853550764931 0.0537915634092106 0.996946387402202 0.0396863083527606 0.0403653970749743
1461163059.02924  -1.70157205254596 -0.629658384822538  0.264268239922242 0.0582431536173161 0.99687887755787 0.0231624636733421 0.0479972792171794
1461163059.12921  -1.80270821846471 -0.635900849687332  0.238292734531452 0.066299965810231 0.996563764430175 0.0131908099427798 0.0478641879840621
1461163059.22924 -1.90787903458753  -0.6224998856649  0.21525230607495 0.0719030046876484 0.996423709752526 0.00833605228865247 0.0435919578837849
1461163059.32915  -2.01740416288372 -0.609997712204966  0.191462666819347 0.061400422747884 0.997515837067065 0.0193064949870728 0.0286252011012666
1461163059.42923  -2.12129708098123 -0.598207729929616  0.174047675547454 0.0637979251783586 0.997233280114781 0.0333422560536006 0.0185446416980305
1461163059.52939 -2.22387431740419 -0.59574638360187 0.158758618963887 0.0794095655534283 0.996175993420547 0.0332978746997142 0.0147906244521359
1461163059.60926  -2.30927970734775 -0.586471641292182  0.152421977990975 0.0991823485892693 0.994581825065783 0.0311316566735894 -0.000821541168378221
1461163059.70919  -2.41064248741079 -0.568428126354355  0.143166846076596 0.0852763326530907 0.994749326316228 0.0565776838959677 -0.000831003982408482
1461163059.82948  -2.52679232114356 -0.545887399500869  0.141750290848249 0.0895140430154093 0.993917162692257 0.0635420368738036 0.00884982252573917
1461163059.94913  -2.62835074254928 -0.529171970147621  0.146980891957621 0.0749156018962456 0.993617173498819 0.0821393892099278 0.0191229145519411
1461163060.04959  -2.69183723520744 -0.523027641314126  0.153537941750311 0.075082458250638 0.990334395084026 0.103947613182748 0.0528706354246708
1461163060.14919   -2.7555006328182 -0.516394414039763  0.156795647099465 0.0958230501297632 0.98477555262213 0.125339059861135 0.0729737904643461
1461163060.27105  -2.83943785514649 -0.495338497070427  0.156300539042385 0.101480107886016 0.979600694876884 0.148561969427573 0.0895187552413993
1461163060.37107  -2.90419447449701 -0.466990146542431  0.156398798018172 0.0892063250192813 0.975941425140975 0.16552748573986 0.110368554103954
1461163060.47103  -2.96736903277337 -0.433261008779247  0.154229306138149 0.0738990494854004 0.971767520878174 0.179945610456003 0.133515516435574
1461163060.57097  -3.02727210231566 -0.405306929561342  0.154424938621412 0.0523746563373176 0.966195826512334 0.194326331201196 0.161120443164668
1461163060.68958  -3.09527318982849 -0.385254371094485  0.160062825661245 0.0339508056799806 0.957477296600872 0.213599241841528 0.190944843272318
1461163060.80938  -3.14855796814397 -0.375371154577151  0.167444349647501 0.0282361116459978 0.944349671643127 0.236083715993997 0.227312337344675
1461163060.92954  -3.19482077693891 -0.374361229850414  0.172255083593268 0.0456154434115993 0.932837956650613 0.236817385904773 0.267675369967992
1461163061.04918  -3.24819572579736 -0.367614279473257  0.177307340766749 0.0331403863820283 0.91947745819489 0.237342127927681 0.311659482404554
1461163061.15012  -3.29871516281185 -0.358643327180868  0.179047805966493 0.0178129229477491 0.907602289046049 0.240603472802313 0.343585147481517
1461163061.28925  -3.35979804837729 -0.360774756866192  0.178290683340054 0.0125369649441294 0.895607859834392 0.232142374334272 0.379261524480532
1461163061.50904   -3.4108583984402 -0.366707186275112  0.188163330893889 0.00999680205772525 0.877019495658231 0.236270074462017 0.418226398135882
1461163061.80904 -3.37569043042307 -0.34484350010015 0.220692406947774 -0.00538803720647237 0.854132213378379 0.232867379408142 0.464975176468591
1461163061.94907  -3.31175451754615 -0.327215245482031  0.247733044663427 -0.0171701779703826 0.839015850684016 0.246648643558305 0.484687563199522
1461163062.07103  -3.23696960895679 -0.324697787650129  0.263514731178791 -0.0216966158807048 0.836165562948434 0.245078657679135 0.490196756158838
1461163062.17079  -3.16182202305383 -0.331830023424296  0.272642617634951 -0.0221490592834049 0.835430152158036 0.237002979101374 0.495374068694694
1461163062.2491  -3.09539223874463 -0.343108522227919  0.279565716960019 -0.0286640936593339 0.8327101004654 0.218713845118957 0.507874504450532
1461163062.32895  -3.02789430144712 -0.358087614860346  0.287859231304623 -0.0302994031159306 0.825691791955731 0.203997836306036 0.525071322441255
1461163062.40928  -2.96058260117022 -0.375506562266958  0.296418268635157 -0.0275725666985403 0.814923024992197 0.193889674376424 0.545478699009801
1461163062.50904  -2.87335548503175 -0.395499589227602  0.299632011770537 -0.0227535599868524 0.80815903015657 0.182220004476722 0.559604438378414
1461163062.60896   -2.7808792764951 -0.409758992989339  0.297003107831602 -0.00295079034507778 0.800982368049727 0.177100038069192 0.571886453262955
1461163062.7089  -2.68836609093487 -0.424494654324826  0.290521308493361 0.0164295379454333 0.7993081098593 0.161358676699438 0.578619039826602
1461163062.80893  -2.59784526350848 -0.443173755088055  0.285367932083378 0.0329841927497249 0.790791746632925 0.144167209864282 0.593949721850128
1461163062.94966   -2.4787825909794 -0.471465897535635  0.280937940771569 0.0565377617179548 0.775429676868526 0.150356079999386 0.610659763648069
1461163063.07087   -2.3828051083587 -0.495706631621872  0.282022737793776 0.0791530762995263 0.752188149022372 0.150640253892157 0.63659664850667
1461163063.18899 -2.28572404830115 -0.49176347695726 0.281171070230105 0.0788984086254729 0.72959627022098 0.157586178603494 0.66078053838559
1461163063.34888 -2.15444538442244 -0.44356109186453 0.263674216983369 0.0510023681582387 0.719558451821831 0.16762488933485 0.671964500051529
1461163063.48926  -2.03516759294957 -0.412862356675409  0.231204054724631 0.0148423027012314 0.7329830263884 0.14457008128291 0.664541255811014
1461163063.62892  -1.91444223024465 -0.410668238807372  0.199134766071769 0.0269312066968813 0.723478852896747 0.154649522737468 0.672262288570562
1461163063.77131  -1.78535173131633 -0.407505279976619   0.15324418905556 0.0204075726097051 0.723849302373674 0.15931172775338 0.671003347110548
1461163063.89048  -1.66993381973446 -0.391079252696582   0.10955266303252 0.0272546558761662 0.716662723045417 0.160834236969026 0.678073796388557
1461163064.00897  -1.56181182153238 -0.372217079295199 0.0660042543183714 0.0322229264244578 0.704412879507339 0.156727335574943 0.691520585724245
1461163064.12926  -1.46704904756335 -0.357010452253225 0.0250822218216344 0.0318293875234527 0.693605819326933 0.170477837421813 0.699167479530962
1461163064.22908   -1.39348295387403  -0.347195561993166 0.00218115471959823 0.006898691393348 0.675236497057684 0.179297070535688 0.715444366527299
1461163064.32898   -1.32001954175003  -0.341864912355071 -0.0159820470467698 0.00290599427030649 0.649951404153671 0.180662914710488 0.738184014107785
1461163064.47151  -1.21338363603437 -0.320111856788145  -0.04696846359556 -0.00363024073688092 0.635078390216213 0.184119779025783 0.750174757375955
1461163064.58886   -1.11773039166252  -0.293892016325928 -0.0801911289211311 -0.0120873155336637 0.6336305994135 0.182419750439141 0.751724148168595
1461163064.68927   -1.0433364210286  -0.28760481078439 -0.103326630999161 -0.00744537114954889 0.641517193507883 0.161696491849207 0.749836316409037
1461163064.82894  -0.95121285968921 -0.284529652176943  -0.11972537548508 -0.0115779746183793 0.623231179922122 0.179318458466486 0.761113485184581
1461163064.94908 -0.873943881830305 -0.280959709429028 -0.131164256038281 -0.028956800069371 0.608971131324706 0.186486057110256 0.770414573749952
1461163065.04888 -0.807146236633705 -0.272485834039034  -0.13324094607685 -0.0277604521240379 0.584124030828259 0.186777731024692 0.789393788359196
1461163065.14884 -0.737414610085909 -0.258343252678724 -0.135967402111738 -0.0267721551593922 0.559289361612468 0.187153224885538 0.807125970409937
1461163065.2489 -0.665347673188454 -0.244599463023256 -0.143575818009842 -0.0256415828428747 0.538034434696467 0.18871638705139 0.821125801304791
1461163065.42898 -0.548162779951128 -0.242831926223583 -0.146926322239961 -0.0457875696996312 0.490378609706798 0.155475937432915 0.856305757590351
1461163065.52881 -0.487732823634079 -0.248660916796741 -0.148368925232108 -0.0422083067376578 0.46661442863637 0.154191813347718 0.869893279964408
1461163065.64912 -0.411319949334111 -0.250683313976273 -0.157620648830277 -0.030107704296087 0.454784606992071 0.168886803373063 0.873923186001788
1461163065.74888 -0.341679938275492 -0.245268675946622 -0.169197571589741 -0.01850475243538 0.448184217159184 0.179084466730074 0.875623912077965
1461163065.82878  -0.28208808431002   -0.2341761616417 -0.180088690867792 -0.0099358749344954 0.442860906635172 0.179759020229934 0.878329203891988
1461163065.909 -0.223791151283459 -0.216643677423937 -0.195213781102612 -0.0134555974156682 0.442487537089114 0.168765375780161 0.880648610035114
1461163066.00915 -0.163670854490142 -0.196144966161222 -0.208134304299536 -0.0139484559419217 0.430469408771178 0.161895172486468 0.887857804952238
1461163066.20889 -0.0904005430946357   -0.16451095588929  -0.212606996191972 -0.0458736902568954 0.372368285866726 0.162544511350006 0.912587938805285
1461163066.30878 -0.0654681631060199   -0.15691716885341  -0.215319712090314 -0.0633374115302585 0.339832851886059 0.163675932546497 0.923965472398546
1461163066.42926 -0.0293503941530283  -0.166879866292701  -0.229829445810098 -0.0602609860830503 0.325803585114336 0.149686734503199 0.931565627852763
1461163066.50877 -0.0013691459692112  -0.178515371494328  -0.242342716642901 -0.0435058683847966 0.325984648795492 0.140985564852911 0.933790296945128
1461163066.68899 0.0559182809165007 -0.173955348960251 -0.283555543432026 -0.022231584292171 0.315789337202584 0.154170867566897 0.935956299600939
