1464884525.1959908009 0 0 0 -0 -0 -0 1
1464884526.3571989536 -0.00543321 -0.00137298 0.00418023 0.0189986 -0.0247183 -0.0391319 0.998748
1464884527.2862281799 0.0317092 -0.0248976 0.0383366 0.0368694 -0.0409762 -0.0539746 0.99702
1464884527.6143441200 0.0648445 -0.0460833 0.0693173 0.0511876 -0.020854 -0.0233293 0.998199
1464884527.9829163551 0.104227 -0.0629241 0.127876 0.0568766 -0.0030272 -0.0129228 0.998293
1464884528.2642154694 0.136437 -0.0857993 0.188814 0.0671788 -0.00947377 -0.0291167 0.997271
1464884528.6342639923 0.161765 -0.103583 0.249225 0.0569889 -0.0509913 0.000488374 0.997072
1464884529.0048105717 0.191963 -0.108683 0.287067 0.0273235 -0.0997913 0.00289147 0.994629
1464884529.2866365910 0.2312 -0.118805 0.311613 0.0266789 -0.137314 -0.034405 0.98957
1464884529.7016563416 0.280921 -0.111131 0.326137 0.0154895 -0.163399 -0.0169553 0.986293
1464884529.9338631630 0.300485 -0.0904465 0.31261 -0.00469517 -0.135687 -0.00406666 0.990732
1464884530.1660950184 0.29887 -0.0622958 0.285789 -0.0374599 -0.158932 -0.0100738 0.986527
1464884530.3519570827 0.291171 -0.0421483 0.255823 -0.0497653 -0.192661 -0.00764411 0.979973
1464884530.5842375755 0.28293 -0.0327987 0.210257 -0.00482729 -0.19634 0.0372551 0.979816
1464884530.8171939850 0.278146 -0.0142045 0.159988 -0.0117594 -0.220277 0.0816241 0.971945
1464884531.0060217381 0.276445 0.00861437 0.122836 -0.052629 -0.215899 0.131305 0.966114
1464884531.3273527622 0.274015 0.0341636 0.0604321 -0.0656235 -0.200225 0.155315 0.965133
1464884531.5596041679 0.273625 0.0527701 0.00443044 -0.022011 -0.188783 0.0591544 0.979988
1464884531.7453200817 0.264086 0.0676849 -0.0343443 0.0265199 -0.181226 -0.0308563 0.982599
1464884532.1662926674 0.204192 0.0829145 -0.0722478 0.0351502 -0.145033 -0.0920971 0.984504
1464884532.3987779617 0.144719 0.0722558 -0.077517 0.0176292 -0.0864994 -0.0882641 0.992178
1464884532.5845851898 0.0893538 0.0457464 -0.0784647 0.0283518 -0.0810516 -0.0692532 0.993897
1464884532.8146355152 0.041346 0.000621986 -0.0773172 0.0274424 -0.0939605 -0.0720475 0.992586
1464884532.9995481968 0.0189871 -0.0445926 -0.0714739 0.0402705 -0.112403 -0.0764563 0.989898
1464884533.2317342758 0.017167 -0.104659 -0.0528699 0.0477582 -0.131175 -0.0555705 0.988648
1464884533.5131254196 0.052407 -0.156681 -0.00540307 0.0434153 -0.162053 -0.0580012 0.984119
1464884533.7456991673 0.102607 -0.163706 0.0533422 0.0242626 -0.151563 -0.0476976 0.986998
1464884533.9304234982 0.139408 -0.152421 0.0985003 -0.0142985 -0.13454 -0.0495974 0.989563
1464884534.1607465744 0.175171 -0.133376 0.145632 -0.0310023 -0.116765 -0.0495246 0.991439
1464884534.3930323124 0.203979 -0.108242 0.173406 -0.0564853 -0.0872617 -0.0525903 0.993191
1464884534.7269141674 0.201671 -0.0642465 0.188215 -0.0495531 -0.0561281 -0.0389293 0.996433
1464884534.9555790424 0.171492 -0.0210187 0.180268 -0.0680766 -0.0518549 -0.0528202 0.99493
1464884535.1364624500 0.129811 0.0131272 0.163897 -0.0812937 -0.0526235 -0.0542421 0.993821
1464884535.3223907948 0.0814671 0.0369669 0.144275 -0.0903835 -0.0587526 -0.0529932 0.992759
1464884535.5077795982 0.0327946 0.0431231 0.127488 -0.07391 -0.0695436 -0.0467024 0.99374
1464884535.6938757896 -0.00722497 0.0350215 0.113984 -0.062138 -0.0763308 -0.0457398 0.994093
1464884535.9260537624 -0.0425082 0.012997 0.100908 -0.0465178 -0.0937549 -0.045507 0.993466
1464884536.3461139202 -0.0273544 -0.0226153 0.11426 -0.037532 -0.0801986 -0.0245079 0.995771
1464884536.5787827969 0.00718938 -0.0178247 0.157059 -0.050016 -0.0670232 -0.0161114 0.996367
1464884536.7624154091 0.0373095 -0.0133088 0.199371 -0.0628787 -0.053281 -0.0183011 0.99643
1464884536.9942579269 0.0676345 -0.0151403 0.251884 -0.0769478 -0.047207 -0.0109429 0.995857
1464884537.2263824940 0.0943512 -0.0175642 0.297099 -0.0977047 -0.037017 -1.27121e-06 0.994527
1464884537.5051200390 0.118431 -0.0185139 0.321644 -0.0989908 -0.0140906 0.00736709 0.994961
1464884538.0160424709 0.123428 -0.0131974 0.254538 -0.066072 -0.0185912 -0.00428233 0.997632
1464884538.2485890388 0.119923 0.0027681 0.191836 -0.0664902 -0.0266042 -0.0081681 0.997399
1464884538.5270781517 0.114977 0.0191748 0.109734 -0.0615016 -0.0285968 -0.00515367 0.997684
1464884538.7593343258 0.106477 0.0323373 0.0387783 -0.0555985 -0.0541202 -0.0117291 0.996916
1464884538.9975574017 0.103556 0.0434841 -0.0341097 -0.046604 -0.090222 -0.0359896 0.994179
1464884539.2725100517 0.114175 0.0578302 -0.112743 -0.043802 -0.1296 -0.0405447 0.989768
1464884539.8742334843 0.0507619 0.0563674 -0.142416 -0.0478174 -0.104954 -0.0196307 0.993133
1464884540.1091408730 -0.0158585 0.0382585 -0.112396 -0.0436804 -0.081722 -0.000459238 0.995697
1464884540.2948062420 -0.0726889 0.0155198 -0.0864693 -0.0420576 -0.0671066 0.0266515 0.996503
1464884540.4791779518 -0.121686 -0.00750788 -0.0587008 -0.0403591 -0.0577725 0.0546952 0.996013
1464884540.7131471634 -0.165252 -0.0324658 -0.0212971 -0.029572 -0.0470268 0.0901098 0.994381
1464884540.9953982830 -0.19282 -0.0517139 0.0406613 -0.0404183 -0.0499606 0.113613 0.991445
1464884541.3603630066 -0.181401 -0.0579113 0.138941 -0.0485467 -0.0495861 0.117885 0.9906
1464884541.6855225563 -0.149924 -0.0501089 0.198962 -0.0399052 -0.0593332 0.0819319 0.99407
1464884541.9178636074 -0.114405 -0.0319158 0.230069 -0.0584484 -0.0506298 0.0655554 0.994848
1464884542.1501078606 -0.0736809 -0.0184186 0.255278 -0.0617731 -0.0597212 0.0415201 0.995436
1464884542.3359243870 -0.0317138 -0.00551058 0.275267 -0.0716305 -0.0636102 0.0172078 0.995252
1464884542.5246963501 0.0161108 0.00246159 0.288614 -0.0788188 -0.0767446 0.00702882 0.993906
1464884542.7083125114 0.0614046 0.00546953 0.298246 -0.0850734 -0.0896539 -0.00840913 0.992297
1464884542.8932452202 0.102911 0.00405027 0.306084 -0.0833753 -0.0918582 -0.016367 0.99214
1464884543.0821409225 0.145674 -0.000100076 0.315533 -0.0785973 -0.104391 -0.028499 0.991016
1464884543.2649753094 0.193512 -0.00148525 0.322373 -0.0752209 -0.122407 -0.0440321 0.988645
1464884543.4507529736 0.245412 -0.00776916 0.324187 -0.0681556 -0.147089 -0.0559898 0.985183
1464884543.6370649338 0.292175 -0.0124931 0.326553 -0.0618881 -0.173928 -0.0803126 0.979525
1464884543.8688080311 0.336323 -0.0182873 0.328849 -0.0454757 -0.186044 -0.0958706 0.976795
1464884544.2868411541 0.375009 -0.0040583 0.321225 -0.0530687 -0.180057 -0.109553 0.976095
1464884544.6158616543 0.376039 0.0246578 0.285008 -0.0608971 -0.152764 -0.111788 0.98003
1464884544.8441336155 0.352951 0.0499632 0.242361 -0.0743885 -0.143555 -0.104082 0.981339
1464884545.0330493450 0.321177 0.0618914 0.203324 -0.0592931 -0.13885 -0.101231 0.98334
1464884545.2187459469 0.288823 0.0643937 0.16046 -0.0456372 -0.126656 -0.088601 0.986927
1464884545.4039049149 0.261194 0.0601365 0.115668 -0.013492 -0.126097 -0.0848343 0.988292
1464884545.5873827934 0.238375 0.0569778 0.0712119 0.0226754 -0.144431 -0.0862602 0.985487
1464884545.8660969734 0.213003 0.0639223 -0.000865106 0.0461478 -0.152143 -0.0772721 0.984252
1464884546.0549106598 0.192438 0.074685 -0.0607254 0.0501144 -0.174016 -0.0672376 0.981166
1464884546.2841136456 0.163461 0.0806642 -0.132043 0.0428879 -0.183016 -0.053706 0.980705
1464884546.4699842930 0.126625 0.0954753 -0.181973 0.0437461 -0.201136 -0.0658741 0.976366
1464884546.6588478088 0.0721129 0.116773 -0.237493 0.0336931 -0.243354 -0.0865016 0.965485
1464884546.8414871693 0.0102761 0.1404 -0.306312 0.0311254 -0.285133 -0.0972675 0.953032
1464884547.0273523331 -0.0533198 0.162767 -0.370638 0.0319528 -0.339539 -0.132479 0.930667
1464884547.2130937576 -0.118912 0.184613 -0.416841 0.0326498 -0.378527 -0.13544 0.915045
1464884547.3989627361 -0.192656 0.207516 -0.455624 0.0302104 -0.406162 -0.131106 0.903842
1464884547.5847866535 -0.274334 0.225759 -0.502134 0.00921265 -0.428148 -0.136815 0.893245
1464884547.7704386711 -0.346222 0.230524 -0.54531 0.0115843 -0.442371 -0.143547 0.885194
1464884547.9586112499 -0.416674 0.238819 -0.583208 0.0334158 -0.454736 -0.139855 0.878942
1464884548.1419093609 -0.496603 0.258608 -0.631285 0.0536243 -0.469473 -0.135275 0.870873
1464884548.3278803825 -0.574252 0.274508 -0.689696 0.0545125 -0.472863 -0.131602 0.869546
1464884548.5137295723 -0.642296 0.289723 -0.744465 0.0485644 -0.4864 -0.135923 0.861731
1464884548.6995217800 -0.712967 0.315333 -0.786142 0.0577847 -0.494802 -0.141626 0.855438
1464884548.8880064487 -0.796506 0.337599 -0.823045 0.0569 -0.486624 -0.135003 0.861239
1464884549.0767521858 -0.875871 0.346045 -0.868943 0.0464374 -0.490025 -0.132594 0.860313
1464884549.2588770390 -0.943594 0.358492 -0.91083 0.0558652 -0.490724 -0.147654 0.856894
1464884549.4425897598 -1.02101 0.382282 -0.949126 0.0709248 -0.467634 -0.142391 0.86949
1464884549.6284999847 -1.10143 0.396803 -0.996333 0.0796676 -0.443934 -0.130087 0.882979
1464884549.8606948853 -1.19472 0.407241 -1.0492 0.0919575 -0.433945 -0.134275 0.886118
1464884550.0932078362 -1.3086 0.437263 -1.078 0.0919192 -0.418213 -0.134717 0.893588
1464884550.2806131840 -1.41408 0.435557 -1.0986 0.0879401 -0.396924 -0.0905319 0.909132
1464884550.4665775299 -1.50369 0.420227 -1.11605 0.0953459 -0.382626 -0.0739126 0.915993
1464884550.6975891590 -1.62103 0.428157 -1.11364 0.111651 -0.350227 -0.080346 0.926509
1464884550.8829379082 -1.72372 0.423689 -1.10133 0.132423 -0.314689 -0.0774993 0.936712
1464884551.0684041977 -1.81355 0.404086 -1.08052 0.131385 -0.263596 -0.0626679 0.953587
1464884551.2542226315 -1.89505 0.389994 -1.04284 0.143818 -0.224864 -0.0438375 0.962721
1464884551.4473838806 -1.97712 0.381757 -0.985122 0.149529 -0.186839 -0.0227813 0.970677
1464884551.6275370121 -2.05095 0.353185 -0.925868 0.14008 -0.14923 -0.00979676 0.978781
1464884551.8116371632 -2.11566 0.326547 -0.871217 0.138288 -0.11505 -0.0129962 0.983601
1464884551.9974236488 -2.18041 0.311603 -0.804494 0.148296 -0.0800748 -0.0135881 0.985602
1464884552.1834268570 -2.23295 0.284662 -0.740471 0.167607 -0.0322528 -0.0125247 0.985246
1464884552.4621336460 -2.2959 0.251075 -0.651773 0.166481 0.00794419 -0.0192317 0.985825
1464884552.7869963646 -2.35972 0.21414 -0.520975 0.15793 0.0300576 0.000567041 0.986993
1464884553.1589117050 -2.42187 0.16059 -0.385858 0.141375 0.0285503 -0.000318767 0.989544
1464884553.4868755341 -2.46653 0.127798 -0.250297 0.144731 0.0452604 -0.0218624 0.988194
1464884553.9019315243 -2.49434 0.0675443 -0.105755 0.14517 0.0701226 -0.0059261 0.986901
1464884554.2298963070 -2.49393 0.039619 0.0221005 0.120752 0.0633755 -0.0067056 0.990635
1464884554.5521519184 -2.5003 -0.00244167 0.119975 0.109528 0.0230946 -0.0118526 0.993645
1464884555.0189185143 -2.52021 0.00134398 0.25597 0.148069 0.0179091 -0.0195568 0.988621
1464884555.5276074409 -2.537 0.0152709 0.392445 0.130433 -0.0109219 -0.00492136 0.991385
1464884556.0400376320 -2.53257 0.0197528 0.548085 0.107473 -0.0307421 -0.00751214 0.993704
1464884556.5038959980 -2.54492 0.0487313 0.708036 0.101716 -0.0383921 -0.0261738 0.993728
1464884556.8747088909 -2.54636 0.0626486 0.847437 0.120921 -0.084213 -0.0274155 0.988703
1464884557.3392162323 -2.56046 0.0712863 1.01701 0.146907 -0.0936421 -0.0306326 0.984231
1464884557.7110657692 -2.57734 0.0934275 1.14917 0.141987 -0.139513 -0.0308226 0.979503
1464884558.1287403107 -2.58249 0.114447 1.30973 0.130778 -0.14352 -0.0308624 0.980483
1464884558.5003683567 -2.58371 0.137553 1.45685 0.124635 -0.131774 -0.0367216 0.982728
1464884558.9183635712 -2.5805 0.157522 1.61584 0.118972 -0.146756 -0.03426 0.981394
1464884559.3829138279 -2.59604 0.185637 1.79122 0.108283 -0.146562 -0.0524682 0.981856
1464884559.8009898663 -2.60917 0.211166 1.94437 0.101418 -0.147093 -0.0472889 0.982773
1464884560.1725053787 -2.63233 0.231993 2.08349 0.113436 -0.12479 -0.0442366 0.984684
1464884560.5449266434 -2.63912 0.246606 2.21792 0.120291 -0.116716 -0.0327493 0.98531
1464884560.9156541824 -2.65001 0.253092 2.35299 0.121678 -0.0987301 -0.0275826 0.987262
1464884561.2408618927 -2.65402 0.264601 2.46593 0.118635 -0.0694132 -0.0230594 0.99024
1464884561.5196058750 -2.65943 0.280755 2.56455 0.116746 -0.0855406 -0.025072 0.989153
1464884561.8934242725 -2.66507 0.27143 2.70132 0.116556 -0.0838114 -0.0192783 0.989454
1464884562.1239132881 -2.68521 0.272737 2.81907 0.153674 -0.0749302 -0.0144259 0.985171
1464884562.4021809101 -2.70577 0.241997 2.94038 0.138748 -0.0693936 -0.0179864 0.98773
1464884562.5910842419 -2.7182 0.230856 3.02677 0.120929 -0.0864587 -0.0150028 0.988775
1464884562.8229684830 -2.72945 0.204699 3.12941 0.0876292 -0.113442 -0.0141976 0.989571
1464884563.1451516151 -2.74313 0.171604 3.23604 0.0625931 -0.118809 -0.0277603 0.990553
1464884563.4240086079 -2.76499 0.179437 3.34222 0.0962478 -0.11749 -0.0426954 0.987476
1464884563.7519400120 -2.7806 0.182487 3.44999 0.0778458 -0.109423 -0.0430011 0.990009
1464884564.0748410225 -2.78109 0.201582 3.57316 0.0884358 -0.118629 -0.0312798 0.988498
1464884564.4002401829 -2.78028 0.200282 3.69434 0.0742989 -0.0891899 -0.0266827 0.992881
1464884564.6792714596 -2.79152 0.216362 3.81098 0.09401 -0.0568736 -0.0276586 0.993561
1464884564.9130373001 -2.79848 0.230976 3.90056 0.0821401 -0.0601678 -0.0292051 0.994374
1464884565.1891279221 -2.79653 0.239506 4.00782 0.104195 -0.061522 -0.0183741 0.992482
1464884565.4214167595 -2.80745 0.248289 4.10517 0.0893192 -0.0486224 -0.0240107 0.994526
1464884565.6544573307 -2.81528 0.26009 4.20278 0.10718 -0.0407028 -0.0234601 0.993129
1464884565.8459985256 -2.81943 0.271381 4.27571 0.0957194 -0.0474748 -0.0211666 0.99405
1464884566.0779306889 -2.82051 0.284449 4.36629 0.10539 -0.0469495 -0.0211126 0.993098
1464884566.2574210167 -2.82876 0.291266 4.44306 0.0968333 -0.0361154 -0.0193561 0.994457
1464884566.4432332516 -2.83552 0.296955 4.51786 0.1249 -0.0244779 -0.0228014 0.991605
1464884566.6289865971 -2.84472 0.304817 4.58233 0.117319 -0.0358429 -0.0220091 0.992203
1464884566.8167946339 -2.85208 0.315236 4.64202 0.132408 -0.0613688 -0.0245151 0.98899
1464884567.0970079899 -2.86764 0.320675 4.727 0.108132 -0.0655324 -0.0281232 0.991576
1464884567.2792890072 -2.88923 0.335219 4.79659 0.126548 -0.0689098 -0.0309023 0.989081
1464884567.5115830898 -2.91472 0.341422 4.86165 0.105859 -0.0859536 -0.0415916 0.989786
1464884567.7006597519 -2.93515 0.359067 4.92038 0.0915894 -0.104127 -0.039143 0.989564
1464884567.9761021137 -2.95502 0.376903 5.01372 0.100065 -0.114276 -0.0389511 0.987629
1464884568.2083783150 -2.97747 0.387817 5.09422 0.073456 -0.109223 -0.0474351 0.990164
1464884568.4424803257 -3.00648 0.396152 5.18403 0.10881 -0.0948229 -0.0493178 0.9883
1464884568.6732037067 -3.03129 0.411891 5.27267 0.0790494 -0.0928598 -0.0495305 0.9913
1464884568.9516065121 -3.04738 0.426281 5.39251 0.0948127 -0.0936519 -0.0342444 0.990488
1464884569.1837103367 -3.05952 0.435768 5.4964 0.0841538 -0.0589141 -0.0286964 0.994296
1464884569.4160201550 -3.07285 0.45191 5.59964 0.100105 -0.0381399 -0.0223214 0.993995
1464884569.6486799717 -3.08155 0.461419 5.70004 0.112884 -0.0470995 -0.016087 0.992361
1464884569.8805742264 -3.08517 0.455534 5.79644 0.10627 -0.0379963 -0.0196464 0.993417
1464884570.0663890839 -3.09743 0.455392 5.89378 0.118087 -0.0353743 -0.0261702 0.992028
1464884570.2544226646 -3.11048 0.448725 5.98926 0.137341 -0.0253388 -0.027129 0.989828
1464884570.4378826618 -3.12414 0.429656 6.07086 0.0980888 -0.0311608 -0.03078 0.994213
1464884570.6701858044 -3.13485 0.414394 6.18286 0.0837632 -0.0369172 -0.0269434 0.995437
1464884570.9023003578 -3.1398 0.380704 6.28599 0.0628973 -0.0339951 -0.0208503 0.997223
1464884571.1844079494 -3.15119 0.350377 6.38666 0.0494135 -0.0265771 -0.0181667 0.998259
1464884571.4158670902 -3.1616 0.355457 6.48224 0.0839716 -0.00226707 -0.0192443 0.99628
1464884571.6477558613 -3.17626 0.357383 6.56242 0.0793451 0.00241563 -0.0187929 0.996667
1464884571.8819847107 -3.18341 0.363771 6.63853 0.0662795 0.0015779 -0.00327446 0.997794
1464884572.1130957603 -3.17914 0.377082 6.72717 0.109004 -0.000117664 0.00288137 0.994037
1464884572.3452167511 -3.17799 0.381776 6.8017 0.0879362 0.00238815 0.00351079 0.996117
1464884572.5282187462 -3.18458 0.388911 6.87934 0.106921 0.00613042 -0.00853445 0.994212
1464884572.7158036232 -3.18799 0.398137 6.95739 0.11844 0.0179151 -0.00552246 0.992784
1464884572.8998394012 -3.19459 0.412202 7.03405 0.0849072 0.00764585 -0.00217541 0.996357
1464884573.0867063999 -3.19798 0.423423 7.1157 0.107283 -0.0131082 -0.00960431 0.994096
1464884573.2741329670 -3.20245 0.429551 7.19606 0.0926207 -0.00550986 -0.0117238 0.995617
1464884573.4571690559 -3.21289 0.444878 7.28809 0.0981884 0.013004 -0.00486805 0.995071
1464884573.6429734230 -3.22289 0.456615 7.37087 0.106039 0.010319 -0.00373534 0.994301
1464884573.8296465874 -3.2333 0.467071 7.45082 0.116161 -0.00746895 -0.00484684 0.993191
1464884574.0613365173 -3.24933 0.473386 7.55003 0.110646 -0.0203029 -0.00767988 0.993623
1464884574.2963521481 -3.26277 0.485978 7.66107 0.1245 -0.0114424 -0.0137377 0.992059
1464884574.5255589485 -3.27738 0.489456 7.76265 0.122628 -0.0303153 -0.0021599 0.991987
1464884574.7113046646 -3.28739 0.506717 7.84675 0.125421 -0.052083 -0.0135919 0.990642
1464884574.8971180916 -3.30024 0.531215 7.93599 0.0962276 -0.0705167 -0.0383775 0.992116
1464884575.0829131603 -3.30568 0.550593 8.02559 0.114753 -0.0282793 -0.0274978 0.992611
1464884575.3169190884 -3.31605 0.563654 8.12119 0.123256 -0.0528018 -0.0212606 0.990741
1464884575.6403195858 -3.32866 0.56693 8.24775 0.141062 -0.0576946 -0.0310143 0.987832
1464884575.9189174175 -3.35795 0.60086 8.36367 0.14433 -0.078241 -0.0357094 0.985785
1464884576.1048021317 -3.38161 0.615218 8.42773 0.127954 -0.120995 -0.034645 0.983762
1464884576.4299037457 -3.40437 0.626942 8.53233 0.123702 -0.160874 -0.0404957 0.978354
1464884576.8046302795 -3.43547 0.64196 8.65979 0.169229 -0.136425 -0.0296309 0.975639
1464884577.2195227146 -3.45795 0.637079 8.79127 0.159603 -0.120993 -0.00658209 0.979716
1464884577.5912232399 -3.45992 0.632157 8.93077 0.151218 -0.101798 -0.010353 0.98319
1464884577.9163558483 -3.48973 0.628398 9.1004 0.17442 -0.0760565 -0.0177827 0.981569
1464884578.2414715290 -3.50971 0.582255 9.27564 0.16075 -0.0553847 -0.010821 0.985381
1464884578.5221159458 -3.5118 0.540793 9.44843 0.157295 -0.0585993 0.00674635 0.985788
1464884578.7997581959 -3.51717 0.462048 9.60834 0.141532 -0.0544688 0.00316048 0.988429
1464884579.0311052799 -3.53315 0.425076 9.765 0.161986 -0.0319562 0.000261508 0.986275
1464884579.2633411884 -3.5603 0.357304 9.90774 0.157282 -0.0240683 -0.00410008 0.987252
1464884579.4491283894 -3.57363 0.316944 10.0229 0.156751 -0.0121547 -0.00471401 0.987552
1464884579.6348848343 -3.588 0.282987 10.1543 0.171376 -0.00973436 0.00738 0.98513
1464884579.8210306168 -3.60698 0.227472 10.272 0.15492 -0.02132 0.00204033 0.987695
1464884580.0100078583 -3.62985 0.184905 10.3876 0.149847 -0.0300714 -0.0113597 0.988187
1464884580.1926753521 -3.66629 0.150541 10.5149 0.177071 -0.029705 -0.010298 0.983696
1464884580.3788435459 -3.70377 0.0962886 10.6355 0.165812 -0.0261288 -0.00622355 0.985792
1464884580.5650544167 -3.72828 0.0501328 10.7529 0.158845 -0.0253566 -0.00843609 0.986942
1464884580.7502574921 -3.74622 0.0177041 10.881 0.171788 -0.0209003 0.00238677 0.984909
1464884580.9380218983 -3.76196 -0.0389396 11.0008 0.165632 -0.0233745 0.0149908 0.985797
1464884581.1213636398 -3.77279 -0.0870376 11.12 0.154466 -0.0139632 0.00437939 0.98789
1464884581.3082654476 -3.78824 -0.117715 11.2573 0.168984 0.00578404 0.0121939 0.985526
1464884581.4929735661 -3.80709 -0.169456 11.383 0.16262 0.0216216 0.00760484 0.986423
1464884581.6810371876 -3.82013 -0.217602 11.5036 0.14 0.0238125 0.00575813 0.989848
1464884581.9109055996 -3.82559 -0.262535 11.6721 0.161485 0.0306297 0.0248205 0.986087
1464884582.1433527470 -3.82617 -0.336234 11.8258 0.145443 0.0194287 0.017568 0.98902
1464884582.3758609295 -3.82527 -0.383537 11.99 0.153966 0.0370638 0.015464 0.98726
1464884582.5647921562 -3.83797 -0.427326 12.1326 0.147052 0.0387107 0.0064025 0.98835
1464884582.7957053185 -3.84945 -0.504654 12.2942 0.134489 0.0572442 0.0176465 0.989103
1464884582.9793512821 -3.85014 -0.548831 12.4376 0.157636 0.0792427 0.0358477 0.98366
1464884583.1651926041 -3.85149 -0.610337 12.5732 0.160001 0.0748547 0.0409189 0.983424
1464884583.3974275589 -3.85912 -0.677644 12.7306 0.15143 0.0763501 0.0321234 0.984991
1464884583.5832366943 -3.87148 -0.708452 12.869 0.156419 0.0909246 0.0241809 0.983199
1464884583.7690491676 -3.89539 -0.760771 12.9952 0.142375 0.0932057 0.0208463 0.985194
1464884583.9550697803 -3.91729 -0.803865 13.1152 0.125582 0.0903736 0.026268 0.987609
1464884584.1407897472 -3.92997 -0.840007 13.2515 0.140066 0.0988788 0.0369678 0.984499
1464884584.3294146061 -3.94497 -0.898362 13.3783 0.134552 0.0914452 0.0404172 0.98585
1464884584.5152158737 -3.96115 -0.944986 13.5017 0.116972 0.0877962 0.0344875 0.988646
1464884584.6980278492 -3.97855 -0.975531 13.6373 0.129224 0.103666 0.0278633 0.985788
1464884584.8889765739 -4.00122 -1.02395 13.7622 0.119047 0.116049 0.0295081 0.985642
1464884585.0717494488 -4.02005 -1.07016 13.8797 0.108276 0.116652 0.0314114 0.986753
1464884585.2555828094 -4.03296 -1.10277 14.0123 0.120966 0.113607 0.0367057 0.985451
1464884585.4412176609 -4.05031 -1.15851 14.1383 0.11705 0.0947554 0.0365862 0.987918
1464884585.6269693375 -4.07205 -1.20643 14.2539 0.104471 0.0722203 0.0195695 0.991709
1464884585.8147027493 -4.09216 -1.24093 14.3852 0.129486 0.07616 0.0208894 0.988431
1464884585.9993112087 -4.11375 -1.29602 14.5115 0.140669 0.090556 0.0189172 0.985725
1464884586.1851429939 -4.13436 -1.34416 14.6332 0.115272 0.0871053 0.0190198 0.989325
1464884586.3714570999 -4.15225 -1.37873 14.7726 0.134984 0.0710202 0.00802825 0.988267
1464884586.5572829247 -4.16814 -1.43788 14.9027 0.145426 0.0585729 0.0242273 0.987337
1464884586.7467217445 -4.18551 -1.49333 15.0205 0.148223 0.0464574 0.0115787 0.987794
1464884587.0205695629 -4.20492 -1.54999 15.2279 0.179405 0.0634062 0.00521258 0.981716
1464884587.2991688251 -4.21287 -1.63675 15.4153 0.152573 0.0922347 0.0108588 0.983919
1464884587.5780570507 -4.20666 -1.69777 15.6263 0.173896 0.109736 0.0269701 0.978259
1464884587.8566169739 -4.2053 -1.78254 15.8146 0.14283 0.095927 0.00105271 0.985087
1464884588.1379907131 -4.20453 -1.84352 16.0268 0.173817 0.117137 -0.00687645 0.977762
1464884588.4604120255 -4.21355 -1.93622 16.2486 0.149345 0.114085 0.000641068 0.982181
1464884588.7390997410 -4.20477 -1.99589 16.4575 0.151362 0.0899539 0.0160676 0.984246
1464884588.9713346958 -4.20968 -2.0734 16.6042 0.152383 0.0418605 -0.00709756 0.987409
1464884589.2037100792 -4.22086 -2.11493 16.7779 0.161062 -0.00379494 -0.00868035 0.986899
1464884589.4823553562 -4.23944 -2.19204 16.9647 0.12957 -0.0477381 -0.00679677 0.990397
1464884589.7145574093 -4.24686 -2.22966 17.1351 0.11866 -0.0755304 -0.0305779 0.989586
1464884589.9467403889 -4.26356 -2.30139 17.2921 0.129186 -0.121018 -0.0243527 0.983907
1464884590.1816823483 -4.27977 -2.36205 17.4464 0.139461 -0.153179 -0.0349406 0.977684
1464884590.4130887985 -4.29411 -2.42308 17.6163 0.147222 -0.1378 -0.045655 0.978393
1464884590.6926968098 -4.31308 -2.50227 17.8084 0.151106 -0.14128 -0.0259691 0.978025
1464884590.9238593578 -4.31251 -2.54536 17.9873 0.153731 -0.126992 -0.00246913 0.979915
1464884591.2020297050 -4.3147 -2.62972 18.1655 0.155962 -0.11276 -0.015098 0.98119
1464884591.4332466125 -4.33272 -2.68073 18.3393 0.184876 -0.107765 -0.0275083 0.976448
1464884591.7130470276 -4.36397 -2.76652 18.5292 0.160241 -0.126819 -0.0315873 0.978387
1464884591.9441606998 -4.38052 -2.81629 18.7051 0.186908 -0.120495 -0.00812807 0.974926
1464884592.2250072956 -4.39893 -2.90609 18.8959 0.169898 -0.147623 -0.0252598 0.974014
1464884592.4560220242 -4.41326 -2.95372 19.0637 0.17946 -0.106061 0.00707775 0.978006
1464884592.8266334534 -4.46552 -3.06198 19.3247 0.172634 -0.0947683 0.00999338 0.980366
1464884593.1984851360 -4.49457 -3.13952 19.6051 0.153593 -0.0956323 -0.00266142 0.983492
1464884593.4792907238 -4.52244 -3.22832 19.7877 0.172199 -0.104884 -0.0057796 0.979445
1464884593.7556953430 -4.55962 -3.2934 20.0002 0.189009 -0.0934493 -0.0290815 0.977086
1464884594.0807921886 -4.59215 -3.38184 20.2272 0.180782 -0.0917417 -0.0143994 0.979129
1464884594.3625979424 -4.61595 -3.44824 20.4314 0.162912 -0.115796 -0.0165515 0.979682
1464884594.6413471699 -4.63992 -3.51659 20.6174 0.15705 -0.138222 -0.025252 0.977544
1464884594.8727622032 -4.67599 -3.56795 20.7844 0.156712 -0.179825 -0.0443979 0.97012
1464884595.1053457260 -4.71132 -3.63662 20.9279 0.142989 -0.224907 -0.0447229 0.962793
1464884595.3380362988 -4.7375 -3.68266 21.0972 0.167561 -0.24253 -0.039847 0.954733
1464884595.5207972527 -4.76471 -3.73957 21.2126 0.148275 -0.285821 -0.0531053 0.945252
1464884595.8024632931 -4.79845 -3.79925 21.4005 0.153005 -0.288638 -0.0535907 0.943613
1464884596.0344643593 -4.83714 -3.85415 21.5655 0.151249 -0.285278 -0.0556511 0.944798
1464884596.3104593754 -4.87812 -3.92328 21.7551 0.142118 -0.286281 -0.0501796 0.946217
1464884596.5891590118 -4.91987 -3.99369 21.9564 0.144788 -0.298561 -0.0399654 0.942497
1464884596.8680028915 -4.96203 -4.06474 22.1427 0.138484 -0.301029 -0.0583328 0.941701
1464884597.1000645161 -5.01156 -4.11434 22.313 0.141742 -0.291047 -0.0772876 0.942989
1464884597.3326382637 -5.05964 -4.18543 22.4641 0.142398 -0.298785 -0.0618706 0.941606
1464884597.5180385113 -5.08725 -4.22521 22.6049 0.171437 -0.281594 -0.0381571 0.943323
1464884597.7511622906 -5.11963 -4.29784 22.7651 0.157629 -0.278047 -0.0369136 0.946826
1464884597.9826331139 -5.14763 -4.35514 22.9286 0.165652 -0.25616 -0.0398559 0.9515
1464884598.2150657177 -5.18562 -4.40391 23.1059 0.158231 -0.237225 -0.0495021 0.957203
1464884598.4501252174 -5.2223 -4.4731 23.2608 0.147246 -0.239579 -0.0339531 0.959045
1464884598.6351604462 -5.24355 -4.5063 23.4033 0.161347 -0.235961 -0.0323788 0.957727
1464884598.8651432991 -5.27406 -4.57631 23.559 0.143223 -0.254317 -0.0384486 0.955684
1464884599.0533740520 -5.29766 -4.62152 23.6836 0.139983 -0.254123 -0.0428611 0.956028
1464884599.2376108170 -5.33025 -4.66037 23.8257 0.164249 -0.243639 -0.0537696 0.954343
1464884599.4688780308 -5.37577 -4.73422 23.9797 0.147567 -0.248407 -0.0472424 0.956183
1464884599.7012193203 -5.41031 -4.78009 24.1465 0.162458 -0.246508 -0.0480909 0.954216
1464884599.9337394238 -5.44799 -4.84606 24.3076 0.148053 -0.270453 -0.0534755 0.949777
1464884600.1657636166 -5.48584 -4.90746 24.4672 0.151482 -0.269974 -0.0499411 0.949565
1464884600.3515284061 -5.5247 -4.94606 24.6129 0.176027 -0.262309 -0.0460767 0.947674
1464884600.5373532772 -5.55712 -5.00998 24.7398 0.159825 -0.258082 -0.0427514 0.951852
1464884600.7260015011 -5.58091 -5.05454 24.8738 0.164605 -0.254099 -0.0451278 0.951999
1464884600.9115476608 -5.59908 -5.09575 25.016 0.180605 -0.249826 -0.0293492 0.950846
1464884601.1450870037 -5.62162 -5.1747 25.1674 0.161705 -0.261599 -0.0488182 0.950281
1464884601.3296046257 -5.63589 -5.21173 25.3072 0.182095 -0.250013 -0.0468212 0.949812
1464884601.5127646923 -5.65613 -5.2581 25.4495 0.176147 -0.232388 -0.0652509 0.954312
1464884601.7455511093 -5.67781 -5.33432 25.6021 0.175545 -0.229698 -0.049413 0.956024
1464884601.9312598705 -5.68813 -5.37032 25.7443 0.198013 -0.221341 -0.0375521 0.954143
1464884602.2094929218 -5.71024 -5.4605 25.9357 0.185098 -0.230464 -0.0420021 0.95439
1464884602.4419870377 -5.73615 -5.511 26.1033 0.197912 -0.226436 -0.0471405 0.952541
1464884602.6745624542 -5.77614 -5.57635 26.2692 0.206808 -0.224238 -0.0520804 0.950913
1464884602.9527339935 -5.81907 -5.64396 26.4574 0.192462 -0.236985 -0.0506861 0.950909
1464884603.1849403381 -5.85582 -5.6948 26.628 0.190747 -0.237699 -0.0306819 0.951931
1464884603.5110385418 -5.90334 -5.78906 26.8454 0.199488 -0.253232 -0.0445872 0.945563
1464884603.7436664104 -5.93729 -5.84467 27.0207 0.19819 -0.233066 -0.052626 0.950595
1464884603.9761216640 -5.96113 -5.92258 27.1752 0.198252 -0.212971 -0.0460578 0.955624
1464884604.2095952034 -5.98103 -5.96266 27.3561 0.209643 -0.204134 -0.032054 0.955694
1464884604.4390840530 -6.00726 -6.03352 27.5115 0.182853 -0.253398 -0.0281204 0.949507
1464884604.7188117504 -6.03501 -6.08921 27.7155 0.207787 -0.250243 -0.0371224 0.944894
1464884604.9530172348 -6.06269 -6.15551 27.8855 0.196371 -0.223069 -0.0281163 0.954405
1464884605.1823470592 -6.07501 -6.21419 28.0519 0.193896 -0.186151 -0.0162629 0.963062
1464884605.4164011478 -6.09621 -6.26149 28.2285 0.172941 -0.173374 -0.00803545 0.96952
1464884605.6467673779 -6.12112 -6.33812 28.384 0.186383 -0.15224 -0.0019676 0.970608
1464884605.8790302277 -6.14872 -6.39025 28.5664 0.23196 -0.105202 0.00352078 0.967013
1464884606.1577999592 -6.18062 -6.48137 28.7634 0.209328 -0.0885092 -0.0093281 0.973787
1464884606.4372181892 -6.2059 -6.53872 28.9775 0.239976 -0.057714 0.00520886 0.969048
1464884606.7171280384 -6.24485 -6.63001 29.1656 0.218358 -0.0912175 -0.00921801 0.971553
1464884606.9937875271 -6.29088 -6.69051 29.3877 0.245164 -0.0822659 -0.011217 0.96592
1464884607.2725231647 -6.32228 -6.78229 29.5853 0.21292 -0.0583105 -0.0132599 0.975238
1464884607.5541779995 -6.34503 -6.84057 29.8024 0.225073 -0.0460076 0.0108566 0.973195
1464884607.8330256939 -6.36692 -6.92809 29.9969 0.195047 -0.0617863 -0.00938719 0.978801
1464884608.1107952595 -6.3935 -6.98523 30.2142 0.217779 -0.0464882 -0.0148347 0.974777
1464884608.3438155651 -6.42042 -7.05326 30.3724 0.176929 -0.0378658 -0.0136023 0.983401
1464884608.6195950508 -6.43947 -7.11398 30.5826 0.197865 -0.0229661 0.00165968 0.979959
1464884608.9446504116 -6.4729 -7.21961 30.802 0.182568 -0.0221562 -0.00844469 0.982907
1464884609.2698807716 -6.51415 -7.29064 31.048 0.187927 -0.0089514 -0.0118041 0.982071
1464884609.6414628029 -6.56325 -7.3844 31.3041 0.181688 -0.00791367 0.00148285 0.983323
1464884610.0130443573 -6.60686 -7.50013 31.5628 0.181677 -0.00700112 0.00468595 0.983322
1464884610.3848714828 -6.65247 -7.57994 31.8418 0.191912 0.0250923 9.43582e-05 0.981091
1464884610.7129139900 -6.68846 -7.65709 32.0683 0.17817 0.0327711 0.0125463 0.983374
1464884611.0370080471 -6.71343 -7.74412 32.3068 0.173893 0.0157875 0.0235878 0.984355
1464884611.3138716221 -6.72596 -7.81154 32.5025 0.17334 0.012536 0.00868922 0.984744
1464884611.5925278664 -6.74849 -7.8925 32.7076 0.178619 0.0261217 0.0159223 0.983443
1464884611.9641351700 -6.77347 -7.97847 32.9783 0.179671 0.0220883 0.0183331 0.983308
1464884612.2445051670 -6.78316 -8.06401 33.1653 0.145383 0.020474 0.0110003 0.989102
1464884612.5242063999 -6.8004 -8.12544 33.3734 0.168459 0.037252 0.00552291 0.984989
1464884612.7559807301 -6.81664 -8.20059 33.5351 0.160784 0.0855674 0.010307 0.98322
1464884612.9881615639 -6.82709 -8.26214 33.7007 0.16639 0.133196 0.0346877 0.976407
1464884613.2644870281 -6.83697 -8.33197 33.9005 0.147139 0.167138 0.039254 0.974102
1464884613.5434799194 -6.85292 -8.39118 34.0822 0.12163 0.197009 0.0338968 0.972237
1464884613.8246629238 -6.87995 -8.45633 34.2825 0.123608 0.214015 0.0279944 0.968574
1464884614.0077061653 -6.90671 -8.51034 34.3995 0.115953 0.181728 0.0170926 0.976339
1464884614.1935021877 -6.93191 -8.54184 34.5364 0.132713 0.15248 0.0210414 0.979129
1464884614.3859245777 -6.96509 -8.5933 34.6658 0.127778 0.0978733 0.00657499 0.98694
1464884614.5651376247 -6.99781 -8.65104 34.7792 0.127215 0.0591808 -0.00657487 0.990086
1464884614.7973535061 -7.04669 -8.69915 34.9475 0.165398 0.0283079 0.00161001 0.985819
1464884615.0782029629 -7.10989 -8.78049 35.1287 0.151553 0.00837647 0.00997395 0.988363
1464884615.3562231064 -7.15894 -8.84241 35.331 0.178974 -0.00604524 0.0198718 0.983635
1464884615.5433061123 -7.20139 -8.90606 35.4507 0.172579 -0.0530082 0.0101204 0.983516
1464884615.7752368450 -7.25763 -8.96638 35.6042 0.186891 -0.0894865 0.00443539 0.978286
1464884616.0979683399 -7.34259 -9.04707 35.8262 0.198749 -0.0946783 0.0145382 0.975358
1464884616.3766648769 -7.4075 -9.10666 36.0108 0.207191 -0.132412 0.00522791 0.969284
1464884616.6553354263 -7.46562 -9.18003 36.1932 0.18963 -0.177617 -0.00325952 0.965651
1464884616.9834372997 -7.53755 -9.24353 36.4038 0.192239 -0.215978 -0.0169866 0.957136
1464884617.3520410061 -7.62478 -9.34086 36.6353 0.172932 -0.230852 -0.0232216 0.957216
1464884617.6772701740 -7.69235 -9.40429 36.8584 0.169343 -0.26459 -0.0144956 0.949266
1464884617.9588675499 -7.75573 -9.47994 37.0217 0.182879 -0.295588 -0.0222432 0.937384
1464884618.2364177704 -7.83726 -9.5343 37.2072 0.200783 -0.286558 -0.0251065 0.936451
1464884618.5598535538 -7.93006 -9.61425 37.3992 0.194806 -0.294606 -0.027265 0.935155
1464884618.8383140564 -8.01581 -9.66753 37.5836 0.180772 -0.310531 -0.0157527 0.933083
1464884619.1172285080 -8.09981 -9.73568 37.7465 0.176863 -0.318609 -0.0297843 0.930764
1464884619.3495595455 -8.18985 -9.77444 37.8958 0.19352 -0.310293 -0.027859 0.930318
1464884619.5829985142 -8.27511 -9.84149 38.022 0.186939 -0.299835 -0.00968016 0.935446
1464884619.8169789314 -8.35431 -9.8817 38.1711 0.214708 -0.282795 0.015427 0.934713
1464884620.0461957455 -8.43565 -9.94252 38.3014 0.208287 -0.299228 0.00533977 0.931155
1464884620.3248708248 -8.5376 -9.98789 38.4654 0.220988 -0.291574 0.00878279 0.93063
1464884620.6499040127 -8.66912 -10.0622 38.6466 0.208961 -0.266248 0.00482606 0.94097
1464884620.9287152290 -8.76885 -10.1117 38.8158 0.228559 -0.251183 0.0324876 0.940007
1464884621.2539103031 -8.87294 -10.1941 39.0043 0.222602 -0.256177 0.0212112 0.94041
1464884621.5325932503 -8.95244 -10.2402 39.1762 0.253009 -0.235388 0.00652217 0.938369
1464884621.8171548843 -9.03445 -10.3139 39.3441 0.246269 -0.216625 0.00607495 0.944663
1464884622.0899407864 -9.09818 -10.3668 39.5283 0.262081 -0.200487 0.0275104 0.94359
1464884622.3246705532 -9.13597 -10.4295 39.6838 0.265673 -0.185527 0.0430039 0.945065
1464884622.5545287132 -9.16963 -10.5025 39.8114 0.266503 -0.181121 0.0485311 0.945418
1464884622.7466716766 -9.19503 -10.5486 39.9279 0.289826 -0.16467 0.0556534 0.941163
1464884622.9751718044 -9.23357 -10.6261 40.0577 0.292758 -0.160053 0.0523345 0.941242
1464884623.2075197697 -9.25067 -10.7107 40.1543 0.304493 -0.150107 0.0569489 0.938887
1464884623.4835109711 -9.25906 -10.803 40.2444 0.316405 -0.167645 0.0552924 0.932055
1464884623.8084874153 -9.2824 -10.9035 40.3295 0.318586 -0.172695 0.0569715 0.930287
1464884624.1374506950 -9.29391 -10.9999 40.4216 0.31556 -0.132906 0.0584857 0.93773
1464884624.4125165939 -9.30248 -11.0791 40.5055 0.300523 -0.141678 0.0490104 0.941919
1464884624.6910450459 -9.32257 -11.1628 40.5753 0.295586 -0.170364 0.0582375 0.938197
1464884624.9263114929 -9.33067 -11.2375 40.6506 0.305867 -0.166169 0.0490058 0.936179
1464884625.1556017399 -9.32785 -11.3125 40.723 0.311084 -0.157079 0.0500617 0.935974
1464884625.3878445625 -9.32479 -11.3903 40.7797 0.324338 -0.181077 0.0376714 0.927684
1464884625.6200723648 -9.32705 -11.4728 40.8453 0.338474 -0.172478 0.0378719 0.924258
1464884625.8552448750 -9.32428 -11.552 40.9209 0.343891 -0.138795 0.0354722 0.928017
1464884626.1310846806 -9.31481 -11.6407 41.0091 0.335367 -0.126165 0.0401605 0.932737
1464884626.4097926617 -9.31802 -11.7332 41.0871 0.334331 -0.129791 0.0339096 0.93286
1464884626.6419727802 -9.31838 -11.8149 41.1649 0.34606 -0.105474 0.0286305 0.931825
1464884626.9232709408 -9.31131 -11.9047 41.2538 0.334157 -0.091448 0.037566 0.937318
1464884627.1993534565 -9.31875 -11.9882 41.3254 0.330183 -0.111958 0.0325298 0.936689
1464884627.4789409637 -9.33103 -12.0817 41.4147 0.337138 -0.0951734 0.0354655 0.935961
1464884627.7577924728 -9.33996 -12.1698 41.5037 0.324375 -0.0808558 0.0470929 0.941289
1464884627.9890768528 -9.36445 -12.2376 41.5629 0.31538 -0.114509 0.0447095 0.94097
1464884628.2677888870 -9.39452 -12.3307 41.6527 0.316199 -0.101519 0.0434679 0.942244
1464884628.5928242207 -9.41358 -12.4285 41.7566 0.279337 -0.100223 0.0131739 0.954857
1464884628.8251910210 -9.4335 -12.5029 41.8202 0.281195 -0.141338 0.00426079 0.949176
1464884629.0574522018 -9.45896 -12.575 41.8958 0.255035 -0.164157 -0.0288882 0.952457
1464884629.3360819817 -9.46837 -12.6655 41.988 0.224758 -0.179807 -0.0331343 0.957108
1464884629.5218777657 -9.47679 -12.7255 42.0393 0.246218 -0.222887 -0.0498255 0.941921
1464884629.7541291714 -9.50077 -12.8032 42.1102 0.222109 -0.256333 -0.0448229 0.939655
1464884629.9399006367 -9.50696 -12.8663 42.1732 0.251323 -0.222261 -0.0437957 0.94102
1464884630.1257600784 -9.50916 -12.9329 42.2428 0.2727 -0.13995 -0.00872098 0.951826
1464884630.3115983009 -9.51346 -12.9837 42.3487 0.296716 -0.0838786 -0.000943458 0.951274
1464884630.4973533154 -9.51554 -13.0434 42.4662 0.30697 -0.0341535 0.0146978 0.950993
1464884630.6831548214 -9.52121 -13.1174 42.5598 0.325263 0.00394235 0.0189405 0.945426
1464884630.8720195293 -9.53217 -13.1762 42.6501 0.331327 0.0484209 0.0308785 0.941767
1464884631.0568044186 -9.54325 -13.2358 42.7414 0.348811 0.095278 0.0180541 0.932163
1464884631.2870550156 -9.5395 -13.3071 42.8461 0.327915 0.145862 0.0164233 0.933234
1464884631.5685522556 -9.53227 -13.3926 42.9473 0.322526 0.164793 -0.0206543 0.931876
1464884631.8006851673 -9.54135 -13.4679 43.0043 0.323197 0.18902 -0.0038794 0.927254
1464884632.0327653885 -9.55558 -13.5426 43.0651 0.313267 0.22942 0.0210278 0.921297
1464884632.2159614563 -9.56178 -13.6111 43.1091 0.344557 0.258289 0.0168914 0.902376
1464884632.4017324448 -9.5816 -13.6881 43.1597 0.36772 0.252378 0.00373499 0.895027
1464884632.6804645061 -9.61579 -13.7816 43.2258 0.382194 0.245196 0.0127474 0.890867
1464884632.9126613140 -9.62222 -13.8536 43.3018 0.376031 0.308257 -0.0330391 0.873205
1464884633.0990617275 -9.62129 -13.91 43.3449 0.40599 0.314831 -0.0969617 0.852439
1464884633.3802525997 -9.6354 -13.9886 43.4234 0.383112 0.368458 -0.126983 0.83746
1464884633.5653331280 -9.67064 -14.044 43.4738 0.394288 0.332297 -0.180358 0.837608
1464884633.8446090221 -9.71475 -14.122 43.5469 0.398919 0.339539 -0.179151 0.832756
1464884634.1683142185 -9.74656 -14.2122 43.6429 0.398132 0.360179 -0.190666 0.821832
1464884634.4464702606 -9.79516 -14.298 43.7167 0.396528 0.343892 -0.182854 0.831305
1464884634.7251584530 -9.82834 -14.3876 43.7894 0.394716 0.366459 -0.198938 0.818737
1464884635.0520725250 -9.8514 -14.4833 43.8859 0.396458 0.388133 -0.201509 0.807197
1464884635.2849199772 -9.88858 -14.554 43.9538 0.390138 0.371256 -0.203918 0.817544
1464884635.6092782021 -9.91983 -14.6559 44.047 0.390205 0.40842 -0.208537 0.798402
1464884635.9348959923 -9.94795 -14.7648 44.1409 0.384061 0.413793 -0.214018 0.797163
1464884636.2571172714 -9.9881 -14.87 44.2328 0.369562 0.408416 -0.200926 0.810092
1464884636.4893276691 -9.99164 -14.9468 44.2901 0.367762 0.46742 -0.17929 0.783661
1464884636.8142976761 -9.97258 -15.0409 44.3918 0.34635 0.508876 -0.200329 0.762204
1464884637.1861071587 -9.97139 -15.1476 44.5179 0.346626 0.522891 -0.185439 0.756338
1464884637.4184291363 -9.97802 -15.1894 44.6397 0.366675 0.550705 -0.183522 0.727044
1464884637.6537218094 -9.99036 -15.2576 44.753 0.372088 0.564153 -0.188388 0.712595
1464884637.9293026924 -9.99581 -15.3216 44.8896 0.36101 0.568481 -0.186386 0.715375
1464884638.1151173115 -10.0046 -15.3732 44.9744 0.348696 0.547076 -0.178657 0.739731
1464884638.3038301468 -10.0242 -15.4311 45.0394 0.346892 0.523639 -0.180346 0.75693
1464884638.5331783295 -10.0482 -15.4984 45.1202 0.336405 0.512757 -0.187687 0.767258
1464884638.8118171692 -10.0617 -15.5718 45.2016 0.318853 0.498265 -0.19866 0.781408
1464884638.9976203442 -10.0709 -15.6239 45.2601 0.307299 0.46538 -0.184484 0.809293
1464884639.1833882332 -10.0878 -15.6748 45.3134 0.293798 0.41789 -0.192885 0.837763
1464884639.4157097340 -10.101 -15.7435 45.3842 0.288187 0.385288 -0.173028 0.859397
1464884639.6943550110 -10.0919 -15.8214 45.4621 0.249987 0.399391 -0.20603 0.857639
1464884639.8801922798 -10.0948 -15.8771 45.5216 0.228962 0.359462 -0.218727 0.877794
1464884640.0659670830 -10.1101 -15.9319 45.581 0.208545 0.315131 -0.205783 0.902693
1464884640.2518262863 -10.1269 -15.9892 45.6385 0.195251 0.297364 -0.192112 0.914628
1464884640.4375355244 -10.136 -16.0489 45.686 0.196343 0.309917 -0.193457 0.909932
1464884640.6233804226 -10.1414 -16.1057 45.7349 0.203089 0.315595 -0.200427 0.904977
1464884640.8107070923 -10.156 -16.1575 45.7886 0.201274 0.29824 -0.207621 0.909635
1464884640.9949400425 -10.1791 -16.2038 45.8398 0.194235 0.27612 -0.219169 0.915421
1464884641.1838369370 -10.2046 -16.251 45.8941 0.180242 0.263679 -0.211922 0.923621
1464884641.3684008121 -10.2269 -16.303 45.9417 0.175335 0.26638 -0.20631 0.92506
1464884641.5549342632 -10.2434 -16.3612 45.9894 0.188683 0.292649 -0.197528 0.916372
1464884641.7413210869 -10.2672 -16.4166 46.0395 0.183393 0.29609 -0.184459 0.919061
1464884641.9238903522 -10.2999 -16.471 46.0858 0.175623 0.270359 -0.186833 0.927985
1464884642.1097612381 -10.3231 -16.5286 46.1319 0.172012 0.290251 -0.177127 0.92455
1464884642.2955584526 -10.3501 -16.5768 46.1761 0.162265 0.279065 -0.17552 0.930046
1464884642.4812717438 -10.3897 -16.6186 46.2238 0.144737 0.267752 -0.182213 0.934964
1464884642.6690709591 -10.4438 -16.6488 46.2791 0.115024 0.226479 -0.148203 0.955778
1464884642.8545091152 -10.5028 -16.6706 46.3189 0.0669599 0.181926 -0.137708 0.971317
1464884643.0387485027 -10.5629 -16.7016 46.3585 0.0501184 0.171841 -0.131194 0.975062
1464884643.2245190144 -10.6201 -16.7343 46.3936 0.0417071 0.166939 -0.129781 0.976498
1464884643.4568142891 -10.6809 -16.77 46.4356 0.0306829 0.170431 -0.13415 0.975713
1464884643.6452949047 -10.7403 -16.7986 46.4809 0.0181714 0.150907 -0.123703 0.980609
1464884643.8286459446 -10.8048 -16.8428 46.5111 0.02257 0.109396 -0.139162 0.98395
1464884644.0142233372 -10.8657 -16.8871 46.5415 0.0164254 0.0788941 -0.141807 0.986609
1464884644.1999590397 -10.9216 -16.9299 46.5811 0.020193 0.0631819 -0.141961 0.987647
1464884644.3884456158 -10.973 -16.963 46.6089 0.00822858 0.036482 -0.149768 0.988014
1464884644.5740532875 -11.0214 -16.9837 46.6448 0.0141517 0.00997835 -0.163435 0.986402
1464884644.7575864792 -11.0737 -16.9958 46.7015 0.0309538 -0.0114255 -0.163643 0.985968
1464884644.9452347755 -11.1298 -17.0173 46.7674 0.0309527 -0.0420374 -0.165888 0.984762
1464884645.1289863586 -11.1903 -17.0475 46.8249 0.0391848 -0.0826831 -0.184656 0.978535
1464884645.3147568703 -11.2642 -17.0652 46.8839 0.0518894 -0.128236 -0.212554 0.967308
1464884645.5036783218 -11.3483 -17.0768 46.9535 0.0744729 -0.156671 -0.210822 0.962009
1464884645.6872162819 -11.4399 -17.1108 47.0072 0.106863 -0.184798 -0.194876 0.957316
1464884645.8720114231 -11.5334 -17.138 47.0424 0.113304 -0.231276 -0.197878 0.94579
1464884646.0584447384 -11.6353 -17.1415 47.0893 0.126508 -0.270521 -0.19404 0.934432
1464884646.2438242435 -11.742 -17.1461 47.1315 0.108002 -0.306917 -0.188952 0.926518
1464884646.4328653812 -11.8491 -17.1642 47.1487 0.113366 -0.360454 -0.203719 0.903172
1464884646.6153881550 -11.9676 -17.1606 47.1622 0.130097 -0.408195 -0.208759 0.879131
1464884646.8011460304 -12.103 -17.1559 47.1716 0.155997 -0.442351 -0.207981 0.858332
1464884646.9869451523 -12.2283 -17.1749 47.1623 0.161648 -0.469189 -0.195561 0.845865
1464884647.1727311611 -12.351 -17.1719 47.1507 0.162527 -0.502371 -0.185713 0.828685
1464884647.3616309166 -12.4867 -17.1578 47.1445 0.174735 -0.5338 -0.161952 0.811355
1464884647.5443863869 -12.6117 -17.1565 47.1157 0.167023 -0.577933 -0.172394 0.779986
1464884647.7304031849 -12.7327 -17.1405 47.0814 0.167032 -0.616877 -0.179372 0.747923
1464884647.9624207020 -12.9 -17.0972 47.0429 0.180733 -0.63181 -0.184338 0.73087
1464884648.1481916904 -13.0229 -17.0753 46.9928 0.147237 -0.667157 -0.20053 0.702147
1464884648.3339827061 -13.1383 -17.0319 46.9414 0.118674 -0.710985 -0.209695 0.66064
1464884648.5224623680 -13.2741 -16.9962 46.8833 0.132182 -0.741334 -0.177312 0.63365
1464884648.7059712410 -13.3898 -16.9904 46.8063 0.129939 -0.775543 -0.176649 0.591984
1464884648.8916478157 -13.5003 -16.963 46.7263 0.151844 -0.808501 -0.178697 0.539757
1464884649.1236612797 -13.6398 -16.9084 46.6245 0.157202 -0.825344 -0.165506 0.516432
1464884649.3559350967 -13.7507 -16.8727 46.5116 0.142874 -0.84972 -0.18896 0.471017
1464884649.5415935516 -13.8405 -16.8185 46.4153 0.136363 -0.876347 -0.164967 0.431516
1464884649.7274343967 -13.9158 -16.777 46.3132 0.118734 -0.902323 -0.16738 0.379076
1464884649.9197587967 -13.9717 -16.7405 46.2076 0.112944 -0.919424 -0.205054 0.316001
1464884650.1482508183 -14.0469 -16.6584 46.0631 0.12014 -0.936144 -0.180013 0.27712
1464884650.3815679550 -14.0997 -16.616 45.9015 0.106946 -0.947687 -0.188047 0.234711
1464884650.6140451431 -14.1507 -16.5471 45.7489 0.0878547 -0.961315 -0.179731 0.189346
1464884650.8450498581 -14.2044 -16.4922 45.5825 0.060788 -0.97371 -0.142765 0.166766
1464884651.0813024044 -14.2491 -16.4559 45.4149 0.0734856 -0.980791 -0.136122 0.11883
1464884651.3531823158 -14.2893 -16.3756 45.2025 0.0844742 -0.985504 -0.118884 0.0866724
1464884651.6793272495 -14.2905 -16.3145 44.9765 0.0429721 -0.993987 -0.0894765 0.0462319
1464884652.0033850670 -14.291 -16.2296 44.7407 0.00981144 -0.99723 -0.0727346 0.012067
1464884652.3750982285 -14.2657 -16.1172 44.4778 -0.0724447 0.994126 0.0721755 0.0354368
1464884652.6073887348 -14.2394 -16.0752 44.3215 -0.163649 0.977088 0.095937 0.096515
1464884653.0256481171 -14.1655 -15.9503 44.0426 -0.126536 0.980118 0.0857335 0.126516
1464884653.2112016678 -14.1212 -15.9361 43.9169 -0.0818767 0.97903 0.0617083 0.176037
1464884653.5828478336 -14.027 -15.8307 43.6743 -0.0565463 0.978437 0.0439769 0.193725
1464884653.9079287052 -13.9597 -15.7614 43.4514 -0.0661386 0.976958 0.0593601 0.194051
1464884654.1895377636 -13.8993 -15.6732 43.2439 -0.0751586 0.977684 0.0564277 0.187886
1464884654.4196999073 -13.8472 -15.6387 43.0809 -0.0986424 0.969606 0.040931 0.220132
1464884654.6540541649 -13.7839 -15.5529 42.923 -0.111897 0.969756 0.0282776 0.215063
1464884654.8833632469 -13.7324 -15.5114 42.7499 -0.114667 0.973248 0.0557522 0.191131
1464884655.0695328712 -13.7015 -15.4581 42.62 -0.10889 0.977342 0.0527407 0.173681
1464884655.2576584816 -13.6647 -15.395 42.4778 -0.134951 0.976425 0.0536248 0.159709
1464884655.4407660961 -13.6209 -15.3743 42.3379 -0.131778 0.969779 0.0343079 0.20245
1464884655.6730864048 -13.5666 -15.3002 42.1772 -0.14162 0.966745 0.0338441 0.210243
1464884655.9052727222 -13.5124 -15.2454 41.9939 -0.150954 0.968969 0.034273 0.192711
1464884656.1401546001 -13.4791 -15.1901 41.8231 -0.127451 0.974953 0.0496307 0.175385
1464884656.3698194027 -13.4446 -15.1086 41.6496 -0.130989 0.978265 0.0450513 0.154305
1464884656.6511638165 -13.3952 -15.0728 41.4419 -0.158752 0.968878 0.0412098 0.185405
1464884656.9301779270 -13.3378 -14.9765 41.2445 -0.182075 0.965797 0.0252975 0.182882
1464884657.2523071766 -13.2772 -14.9125 41.0083 -0.188951 0.966732 0.0287873 0.169997
1464884657.5810286999 -13.2159 -14.8192 40.766 -0.182494 0.969292 0.0314427 0.161801
1464884657.9027278423 -13.151 -14.7552 40.5374 -0.184946 0.968412 0.00196257 0.167241
1464884658.2277667522 -13.0875 -14.6788 40.3032 -0.207747 0.968374 0.00984167 0.137827
1464884658.5528182983 -13.0382 -14.5695 40.0797 -0.180451 0.975048 0.0343615 0.124651
1464884658.9245214462 -12.9608 -14.4945 39.8158 -0.143029 0.979215 0.0428696 0.137269
1464884659.2054879665 -12.8806 -14.3953 39.6367 -0.0924952 0.983378 0.0622929 0.143293
1464884659.4380700588 -12.8093 -14.3453 39.4977 -0.0689435 0.974266 0.0978738 0.190978
1464884659.6214308739 -12.7576 -14.2743 39.3904 -0.0498971 0.965465 0.0954268 0.237235
1464884659.8068907261 -12.7082 -14.2189 39.2775 -0.0463096 0.947305 0.123959 0.291723
1464884659.9937374592 -12.6641 -14.1865 39.1764 -0.0540298 0.921844 0.140567 0.357108
1464884660.2251191139 -12.6139 -14.1067 39.0409 -0.0579544 0.914366 0.140034 0.375454
1464884660.4109504223 -12.5753 -14.0629 38.9186 -0.0529045 0.911241 0.156818 0.37716
1464884660.5994045734 -12.5483 -14.0343 38.7948 -0.0483006 0.908134 0.157276 0.384999
1464884660.7825040817 -12.527 -13.9685 38.6728 -0.0436561 0.907505 0.159926 0.385944
1464884660.9683439732 -12.5113 -13.922 38.5503 -0.0740488 0.881438 0.182876 0.429115
1464884661.1540114880 -12.4908 -13.8915 38.4339 -0.0609761 0.869511 0.173317 0.458469
1464884661.3398926258 -12.4633 -13.8243 38.319 -0.0649114 0.86251 0.169721 0.47229
1464884661.5256607533 -12.4327 -13.7711 38.1912 -0.088752 0.852702 0.190652 0.478199
1464884661.7114582062 -12.4079 -13.7488 38.0614 -0.0688053 0.854081 0.173398 0.485535
1464884661.8972535133 -12.3884 -13.6888 37.9392 -0.0527487 0.85798 0.17259 0.480938
1464884662.0830585957 -12.3688 -13.639 37.8161 -0.0464822 0.831139 0.177482 0.524926
1464884662.2688910961 -12.3548 -13.614 37.6909 -0.0622029 0.818697 0.16775 0.545643
1464884662.4577491283 -12.327 -13.5579 37.5745 -0.0616232 0.809717 0.152617 0.563266
1464884662.6405167580 -12.2868 -13.4967 37.4537 -0.0469097 0.793995 0.154342 0.586131
1464884662.8293628693 -12.255 -13.4706 37.3253 -0.0267877 0.788839 0.160029 0.592796
1464884663.0119388103 -12.2244 -13.4184 37.1978 -0.00900297 0.790026 0.140103 0.596782
1464884663.1980068684 -12.1923 -13.3676 37.07 0.0142938 0.764093 0.14025 0.629513
1464884663.3898911476 -12.1676 -13.3468 36.9443 0.000185152 0.734087 0.128055 0.666872
1464884663.5694999695 -12.1348 -13.2957 36.821 0.0129455 0.729217 0.122576 0.67309
1464884663.7572000027 -12.0862 -13.2336 36.6949 0.0188479 0.715429 0.133457 0.685562
1464884663.9411032200 -12.0405 -13.2156 36.5631 0.0248722 0.708115 0.12216 0.695004
1464884664.1269195080 -11.9969 -13.1687 36.4362 0.0415728 0.716659 0.106962 0.687918
1464884664.3148317337 -11.9538 -13.1178 36.3089 0.0663988 0.697633 0.101185 0.706159
1464884664.4985163212 -11.9176 -13.1058 36.1807 0.0618979 0.688989 0.0874623 0.716807
1464884664.6842885017 -11.87 -13.0701 36.0648 0.0876087 0.690295 0.0803617 0.713695
1464884664.8700444698 -11.807 -13.0139 35.9465 0.0904805 0.686725 0.0792781 0.716894
1464884665.0558078289 -11.7473 -12.9982 35.819 0.0903241 0.675507 0.0698054 0.728464
1464884665.2445654869 -11.6919 -12.9632 35.6865 0.108839 0.692004 0.0431166 0.712338
1464884665.4275088310 -11.6397 -12.9044 35.5541 0.114416 0.695056 0.0394971 0.708693
1464884665.6597692966 -11.5841 -12.8718 35.3942 0.112406 0.672697 0.0488706 0.729695
1464884665.8455233574 -11.5358 -12.8205 35.2691 0.10497 0.678595 0.0496955 0.725273
1464884666.0778157711 -11.4607 -12.7566 35.1162 0.101769 0.670945 0.0466998 0.733004
1464884666.2654306889 -11.4099 -12.7409 34.9884 0.134697 0.674868 0.0316911 0.724849
1464884666.4495446682 -11.3561 -12.6962 34.868 0.16436 0.663782 -0.00245324 0.729639
1464884666.6819698811 -11.3008 -12.6525 34.7189 0.197438 0.624632 -0.0109135 0.755469
1464884666.9602384567 -11.2364 -12.5981 34.547 0.224921 0.596199 -0.00675936 0.770657
1464884667.2388343811 -11.1528 -12.5134 34.3734 0.202279 0.580169 0.017508 0.788784
1464884667.5176763535 -11.0731 -12.4538 34.1905 0.194756 0.590001 0.0493013 0.782009
1464884667.7034566402 -11.018 -12.384 34.0739 0.157199 0.583266 0.0810477 0.792793
1464884667.9356811047 -10.9572 -12.3354 33.9346 0.126069 0.547538 0.136585 0.815876
1464884668.1215679646 -10.9016 -12.2807 33.8211 0.0899974 0.560415 0.158959 0.807817
1464884668.3540465832 -10.8153 -12.2134 33.6732 0.0663412 0.550593 0.156751 0.817236
1464884668.5397906303 -10.7515 -12.1956 33.543 0.08005 0.564158 0.154278 0.807165
1464884668.7255730629 -10.6863 -12.1506 33.4121 0.0881045 0.586721 0.134383 0.793686
1464884668.9111399651 -10.6287 -12.1092 33.2771 0.107509 0.584559 0.126664 0.794159
1464884669.0973644257 -10.5767 -12.0825 33.1478 0.0969829 0.590494 0.134545 0.789816
1464884669.2847051620 -10.5139 -12.0313 33.0261 0.0919698 0.60268 0.121662 0.783273
1464884669.4686219692 -10.4412 -11.9774 32.9027 0.0727049 0.610011 0.123108 0.779388
1464884669.6581633091 -10.3797 -11.9561 32.7755 0.085547 0.621896 0.133992 0.766794
1464884669.8401532173 -10.3214 -11.9124 32.6527 0.0871495 0.640377 0.119536 0.75368
1464884670.0259969234 -10.2673 -11.8606 32.5307 0.09386 0.627769 0.127625 0.762107
1464884670.2116858959 -10.2249 -11.8286 32.4017 0.063726 0.636349 0.152986 0.753389
1464884670.3975043297 -10.1753 -11.7816 32.2784 0.0391897 0.65739 0.157879 0.735783
1464884670.5853102207 -10.1151 -11.7218 32.1551 0.0173677 0.681077 0.166224 0.712883
1464884670.7690982819 -10.0621 -11.6891 32.0322 0.00956836 0.673101 0.192346 0.714035
1464884670.9549961090 -10.0104 -11.6466 31.9076 0.0295659 0.690824 0.202887 0.693343
1464884671.1407103539 -9.95843 -11.5939 31.7768 0.0443473 0.708675 0.200799 0.674902
1464884671.3265495300 -9.91739 -11.5634 31.6534 0.0226657 0.691828 0.214218 0.689181
1464884671.5151369572 -9.86786 -11.518 31.5404 0.00535075 0.690691 0.227922 0.686272
1464884671.6982636452 -9.80381 -11.4579 31.4217 -0.0137652 0.704558 0.223735 0.673313
1464884671.8840041161 -9.74355 -11.4291 31.2958 -0.0184997 0.708799 0.243951 0.661626
1464884672.0698451996 -9.68668 -11.4001 31.1725 0.0133693 0.723888 0.244661 0.64494
1464884672.2555153370 -9.62683 -11.3463 31.0502 0.0327277 0.724645 0.217638 0.653033
1464884672.4448745251 -9.58242 -11.3111 30.9315 0.0138401 0.703798 0.247139 0.665882
1464884672.6301655769 -9.53278 -11.2755 30.8181 -0.00537568 0.69779 0.249458 0.671439
1464884672.8128001690 -9.46386 -11.2142 30.7034 -0.00758817 0.709376 0.239645 0.662796
1464884673.0008754730 -9.39509 -11.1846 30.5793 -0.00459646 0.712698 0.239715 0.659225
1464884673.1848330498 -9.33178 -11.1592 30.4596 0.0108265 0.717485 0.2469 0.651259
1464884673.3769934177 -9.26166 -11.1006 30.3418 0.0157316 0.718008 0.230568 0.656548
1464884673.5560967922 -9.19884 -11.0683 30.2195 0.00759269 0.69747 0.221991 0.681321
1464884673.7419335842 -9.13988 -11.0406 30.0999 0.00547728 0.689233 0.219282 0.690539
1464884673.9288249016 -9.06462 -10.98 29.9822 0.0140899 0.694729 0.188838 0.693897
1464884674.1145942211 -8.98974 -10.9313 29.8544 0.0163661 0.705325 0.184939 0.684139
1464884674.3061223030 -8.92762 -10.898 29.7283 0.00494686 0.70626 0.195505 0.680405
1464884674.4851851463 -8.85854 -10.8397 29.606 0.0195089 0.711597 0.177084 0.679625
1464884674.6709554195 -8.79885 -10.8046 29.4778 0.0221708 0.710857 0.166157 0.683068
1464884674.8568067551 -8.7447 -10.7762 29.354 0.0138083 0.708892 0.163771 0.685901
1464884675.0436820984 -8.67665 -10.7138 29.2362 0.0170632 0.7206 0.153856 0.675849
1464884675.2309792042 -8.60709 -10.6794 29.1057 0.0245992 0.732432 0.150297 0.663587
1464884675.4140503407 -8.54685 -10.6572 28.9773 0.0336138 0.736011 0.154966 0.658137
1464884675.5999057293 -8.48688 -10.6 28.8519 0.0392303 0.740913 0.143639 0.654887
1464884675.7857072353 -8.43254 -10.5634 28.726 0.032587 0.725834 0.142141 0.672234
1464884675.9718024731 -8.38167 -10.5424 28.6032 0.0339123 0.725733 0.137827 0.673175
1464884676.1623876095 -8.31364 -10.4813 28.4876 0.0341666 0.727735 0.12509 0.673489
1464884676.3438100815 -8.24356 -10.4391 28.3669 0.0288909 0.722582 0.126283 0.679038
1464884676.5289492607 -8.18482 -10.4171 28.2416 0.0374931 0.725867 0.133906 0.673632
1464884676.7146368027 -8.1266 -10.3573 28.1203 0.0415025 0.733812 0.123268 0.666785
1464884676.9005129337 -8.07441 -10.313 27.9934 0.0501448 0.7225 0.133962 0.676412
1464884677.0863311291 -8.02416 -10.2843 27.8762 0.0238963 0.703748 0.14566 0.694947
1464884677.2750554085 -7.96349 -10.2255 27.7623 0.0218101 0.707663 0.129809 0.69418
1464884677.4581301212 -7.89764 -10.1792 27.64 0.0143029 0.71081 0.141594 0.688836
1464884677.6437737942 -7.8409 -10.1593 27.5167 0.0275929 0.712183 0.149768 0.685276
1464884677.8324432373 -7.78266 -10.103 27.3962 0.0468043 0.722895 0.133559 0.676309
1464884678.0183205605 -7.72764 -10.0521 27.2787 0.046613 0.699351 0.158346 0.695458
1464884678.2014343739 -7.67762 -10.0297 27.1617 0.0342119 0.684465 0.153077 0.711972
1464884678.3914649487 -7.61723 -9.97557 27.0532 0.0365504 0.681385 0.138778 0.717718
1464884678.5735144615 -7.55373 -9.91977 26.934 0.0130357 0.683638 0.148707 0.714391
1464884678.7585551739 -7.49657 -9.89313 26.8109 0.0285833 0.689803 0.163914 0.704619
1464884678.9443190098 -7.44411 -9.83909 26.6946 0.0405925 0.698902 0.165105 0.694715
1464884679.1304943562 -7.3968 -9.79114 26.5688 0.0463373 0.692766 0.164578 0.700601
1464884679.3161010742 -7.35548 -9.76606 26.4445 0.0406813 0.689989 0.169057 0.702624
1464884679.5016589165 -7.30684 -9.71396 26.327 0.0312142 0.696795 0.157824 0.698995
1464884679.6874341965 -7.24688 -9.6542 26.2092 -0.00160568 0.687369 0.156501 0.709246
1464884679.8732292652 -7.19364 -9.63133 26.085 0.00252209 0.684714 0.159367 0.71117
1464884680.0591104031 -7.14633 -9.58752 25.9638 0.0187828 0.697733 0.147099 0.700841
1464884680.2448432446 -7.09864 -9.53383 25.8404 0.0570616 0.692737 0.128133 0.707419
1464884680.4331576824 -7.06391 -9.50285 25.7179 0.0465464 0.674748 0.14604 0.721956
1464884680.6188209057 -7.01894 -9.4613 25.6014 0.0558961 0.667383 0.129636 0.731211
1464884680.8042576313 -6.96554 -9.39743 25.4772 0.0414458 0.667245 0.120919 0.733788
1464884680.9912161827 -6.91909 -9.36819 25.3442 0.0491367 0.666389 0.134752 0.731678
1464884681.1745133400 -6.87365 -9.33137 25.2147 0.0823586 0.682091 0.117581 0.717038
1464884681.3596370220 -6.82801 -9.27477 25.0801 0.0867753 0.683807 0.0987555 0.717723
1464884681.5453846455 -6.79181 -9.24747 24.9484 0.06372 0.671435 0.107982 0.73038
1464884681.7343418598 -6.75037 -9.20603 24.8271 0.0851354 0.674032 0.103138 0.726495
1464884681.9171049595 -6.69273 -9.13771 24.71 0.05994 0.663891 0.103214 0.738243
1464884682.1028492451 -6.64019 -9.09268 24.5885 0.0465659 0.658669 0.15843 0.73409
1464884682.2888324261 -6.58987 -9.04597 24.4695 0.0613507 0.661782 0.187362 0.723309
1464884682.4774184227 -6.53587 -8.98894 24.3396 0.0682786 0.673296 0.17632 0.714788
1464884682.6630444527 -6.49077 -8.96177 24.2089 0.0568854 0.670306 0.185288 0.716325
1464884682.8460180759 -6.44346 -8.92436 24.082 0.0719688 0.682566 0.176217 0.7056
1464884683.0318892002 -6.3818 -8.8559 23.9577 0.0605187 0.696888 0.175153 0.692825
1464884683.2175805569 -6.32688 -8.81542 23.8264 0.0508939 0.69025 0.215058 0.688995
1464884683.4050488472 -6.27835 -8.77118 23.6945 0.0692705 0.708123 0.242669 0.659451
1464884683.5961668491 -6.22586 -8.70986 23.5603 0.0817208 0.722459 0.236073 0.644704
1464884683.7751379013 -6.18864 -8.67454 23.4341 0.0537106 0.70041 0.254183 0.66478
1464884683.9608936310 -6.1464 -8.6305 23.3134 0.0447568 0.698366 0.2569 0.666546
1464884684.1475169659 -6.08839 -8.5661 23.1883 0.0362199 0.70908 0.238109 0.66272
1464884684.3324022293 -6.02873 -8.52796 23.0589 0.0342801 0.705426 0.232873 0.668557
1464884684.5212123394 -5.97435 -8.48983 22.927 0.0403402 0.716476 0.222825 0.659836
1464884684.7046196461 -5.91279 -8.43063 22.7973 0.0553832 0.723556 0.193879 0.660159
1464884684.8899481297 -5.86127 -8.39732 22.671 0.0497532 0.711218 0.20019 0.672024
1464884685.0756573677 -5.80679 -8.36349 22.553 0.0555258 0.70245 0.192256 0.683022
1464884685.2614476681 -5.74035 -8.29798 22.4332 0.0575144 0.702498 0.168745 0.688995
1464884685.4497456551 -5.68366 -8.26033 22.3048 0.0581041 0.70209 0.168694 0.689373
1464884685.6362857819 -5.63552 -8.23008 22.1798 0.0774684 0.710748 0.161523 0.680254
1464884685.8187692165 -5.58224 -8.17056 22.0533 0.0791069 0.71195 0.130755 0.685399
1464884686.0055093765 -5.54221 -8.12607 21.923 0.0655767 0.706709 0.146863 0.68898
1464884686.1905939579 -5.50184 -8.08436 21.7992 0.0630622 0.708947 0.162181 0.683457
1464884686.3828084469 -5.44551 -8.01464 21.6745 0.0535939 0.721735 0.146344 0.674396
1464884686.5619835854 -5.39206 -7.97294 21.5458 0.0614541 0.725692 0.149111 0.66885
1464884686.7508826256 -5.344 -7.93549 21.4243 0.0687369 0.720638 0.173352 0.667761
1464884686.9339308739 -5.29508 -7.8676 21.3037 0.0710288 0.715676 0.17956 0.671208
1464884687.1194167137 -5.2577 -7.81344 21.1774 0.045003 0.710622 0.227276 0.664332
1464884687.3076598644 -5.21357 -7.77173 21.0591 0.0457447 0.710902 0.259177 0.652191
1464884687.4910016060 -5.1552 -7.71114 20.9278 0.0471974 0.758514 0.234806 0.606048
1464884687.6770148277 -5.09617 -7.6686 20.7959 0.0438434 0.779859 0.224863 0.582524
1464884687.8624970913 -5.04629 -7.63503 20.6773 0.0341742 0.762787 0.263558 0.589513
1464884688.0483934879 -4.98694 -7.57741 20.5602 0.0495475 0.772345 0.254676 0.579801
1464884688.2362124920 -4.93339 -7.54501 20.4385 0.055276 0.774646 0.237946 0.58331
1464884688.4200303555 -4.87838 -7.51901 20.3267 0.0521475 0.770531 0.24062 0.587933
1464884688.6060357094 -4.81109 -7.46149 20.2157 0.054844 0.780341 0.220151 0.582746
1464884688.7932593822 -4.74196 -7.41427 20.0952 0.0521651 0.794344 0.21622 0.565283
1464884688.9785866737 -4.68293 -7.38416 19.9766 0.0658687 0.800462 0.230374 0.549408
1464884689.1648266315 -4.61903 -7.32619 19.8625 0.0766231 0.800439 0.218478 0.552896
1464884689.3490035534 -4.56147 -7.27671 19.7553 0.055572 0.770363 0.222398 0.594972
1464884689.5349173546 -4.51285 -7.24625 19.6542 0.0525503 0.743561 0.233492 0.62437
1464884689.7205190659 -4.45343 -7.18472 19.5534 0.0482297 0.730721 0.22007 0.64443
1464884689.9071826935 -4.3916 -7.13091 19.4372 0.037476 0.726196 0.219461 0.65044
1464884690.0968871117 -4.33659 -7.11098 19.3186 0.0637672 0.722492 0.202715 0.65791
1464884690.2778239250 -4.2805 -7.06471 19.2109 0.0778694 0.710284 0.173337 0.677781
1464884690.4637534618 -4.23071 -7.0166 19.0945 0.069679 0.68396 0.156774 0.709059
1464884690.6497285366 -4.18992 -6.99311 18.9737 0.0812188 0.675787 0.150118 0.717064
1464884690.8355669975 -4.13409 -6.9398 18.8603 0.097645 0.670983 0.122636 0.724712
1464884691.0235283375 -4.07038 -6.87435 18.7414 0.0658193 0.665548 0.127389 0.732452
1464884691.2088496685 -4.01575 -6.83954 18.6177 0.0880323 0.657048 0.139558 0.735569
1464884691.3931505680 -3.9584 -6.78324 18.4976 0.103401 0.661394 0.12434 0.732398
1464884691.5784695148 -3.90761 -6.72661 18.3748 0.0959003 0.64447 0.141512 0.745276
1464884691.7670917511 -3.86692 -6.69292 18.2631 0.0664921 0.621193 0.149347 0.766416
1464884691.9502975941 -3.81569 -6.63161 18.1598 0.0664364 0.598939 0.142335 0.785238
1464884692.1360881329 -3.75311 -6.56593 18.0459 0.0362853 0.574307 0.144353 0.804995
1464884692.3217401505 -3.69474 -6.54635 17.925 0.0654632 0.570719 0.143106 0.805925
1464884692.5076291561 -3.63251 -6.50381 17.8166 0.0721257 0.564137 0.107909 0.815416
1464884692.6960053444 -3.57748 -6.4517 17.7064 0.0848771 0.525026 0.102883 0.84057
1464884692.8828842640 -3.52963 -6.42716 17.589 0.0800193 0.515499 0.103699 0.84682
1464884693.0649042130 -3.47067 -6.3786 17.4806 0.0848957 0.511833 0.0943373 0.849659
1464884693.2507841587 -3.39533 -6.31637 17.3678 0.0920064 0.506753 0.0861035 0.852832
1464884693.4374129772 -3.33355 -6.28283 17.2365 0.0774289 0.520494 0.109828 0.843225
1464884693.6227023602 -3.27207 -6.23642 17.0993 0.101 0.568345 0.0967794 0.810813
1464884693.8104085922 -3.21641 -6.18447 16.9581 0.125373 0.583985 0.0806994 0.797954
1464884693.9940133095 -3.17945 -6.14858 16.8168 0.0861459 0.584442 0.0889942 0.801927
1464884694.1828935146 -3.13576 -6.09815 16.6814 0.0998508 0.614517 0.0810158 0.778354
1464884694.3655297756 -3.08273 -6.02646 16.5538 0.0893187 0.619255 0.0799827 0.775982
1464884694.5513217449 -3.04345 -5.98687 16.4187 0.0797437 0.622678 0.0974575 0.772279
1464884694.7393984795 -3.00937 -5.94427 16.286 0.0931997 0.637278 0.0941645 0.75916
1464884694.9228816032 -2.98251 -5.88202 16.1502 0.0953309 0.655299 0.0805186 0.744991
1464884695.1086008549 -2.9828 -5.84303 16.0034 0.0872825 0.677981 0.0876096 0.724602
1464884695.2945249081 -2.99188 -5.80367 15.8646 0.104001 0.711349 0.0860534 0.689754
1464884695.4803974628 -3.01908 -5.73841 15.7282 0.0768839 0.731797 0.0799844 0.672432
1464884695.6691009998 -3.07208 -5.6937 15.5918 0.0857436 0.758351 0.0893016 0.639982
1464884695.8520524502 -3.14172 -5.65766 15.4698 0.105344 0.776557 0.104183 0.612378
1464884696.0407409668 -3.23234 -5.60028 15.361 0.105554 0.789073 0.0895126 0.598507
1464884696.2699806690 -3.36735 -5.56275 15.2406 0.105274 0.788035 0.110365 0.596438
1464884696.5022220612 -3.49292 -5.51239 15.1215 0.112416 0.802225 0.107152 0.576468
1464884696.6881403923 -3.60067 -5.44947 15.0187 0.0935182 0.811113 0.112772 0.566245
1464884696.8755843639 -3.71368 -5.42226 14.9095 0.0870261 0.823041 0.126179 0.546908
1464884697.0624632835 -3.82658 -5.38476 14.8043 0.0856048 0.847392 0.109961 0.512354
1464884697.2947182655 -3.98549 -5.33066 14.6919 0.0714873 0.847051 0.118131 0.513264
1464884697.4779889584 -4.10783 -5.30941 14.5982 0.0619649 0.857699 0.139696 0.490915
1464884697.6633963585 -4.226 -5.26147 14.5065 0.0565939 0.873838 0.137474 0.462931
1464884697.8523180485 -4.34068 -5.20612 14.4061 0.0413753 0.877677 0.150074 0.453265
1464884698.0815186501 -4.47266 -5.18297 14.2738 0.0403355 0.895719 0.143017 0.419055
1464884698.3135764599 -4.60938 -5.12562 14.1465 0.0440518 0.908592 0.114859 0.399159
1464884698.5924777985 -4.76941 -5.0831 14.0008 0.0534541 0.903689 0.147981 0.398234
1464884698.8247194290 -4.89991 -5.02073 13.8802 0.0421061 0.911503 0.131922 0.387281
1464884699.1033787727 -5.04297 -4.96337 13.7164 0.0463342 0.908376 0.144766 0.38955
1464884699.2892510891 -5.14368 -4.92775 13.6124 0.0588403 0.918786 0.13172 0.36745
1464884699.5678694248 -5.29858 -4.86103 13.4651 0.0496475 0.911151 0.138086 0.385059
1464884699.8522891998 -5.44552 -4.82246 13.3211 0.0430255 0.914312 0.131531 0.380633
1464884700.0788934231 -5.55178 -4.73886 13.2049 0.0314401 0.900145 0.15047 0.407565
1464884700.3581099510 -5.66296 -4.69436 13.0584 0.0435277 0.892766 0.170665 0.414665
1464884700.5488669872 -5.73858 -4.63883 12.9534 0.0512423 0.898728 0.149462 0.409052
1464884700.7781047821 -5.83045 -4.59764 12.8268 0.0585009 0.882429 0.1722 0.433871
1464884700.9613549709 -5.88914 -4.56952 12.7224 0.0658264 0.885341 0.161766 0.430894
1464884701.1470549107 -5.93951 -4.50827 12.6092 0.0497067 0.885616 0.146321 0.437953
1464884701.3328814507 -5.99036 -4.4662 12.4874 0.0559311 0.887882 0.159634 0.427848
1464884701.5186858177 -6.03839 -4.42595 12.3741 0.0674057 0.888768 0.180149 0.416046
1464884701.7045462132 -6.0867 -4.36856 12.254 0.0617708 0.890131 0.15654 0.423492
1464884701.9368033409 -6.15798 -4.32908 12.0973 0.0679676 0.885916 0.159265 0.430312
1464884702.1226150990 -6.22248 -4.28981 11.9789 0.0700308 0.891804 0.154415 0.419449
1464884702.3083808422 -6.29159 -4.21839 11.8539 0.0476655 0.900067 0.146883 0.407471
1464884702.4950628281 -6.36666 -4.17845 11.7255 0.0463463 0.90375 0.164868 0.39231
1464884702.6812565327 -6.45425 -4.14156 11.6042 0.0437058 0.922828 0.155833 0.349562
1464884702.8674619198 -6.55107 -4.0873 11.4931 0.0365507 0.934085 0.139343 0.326699
1464884703.0981056690 -6.6684 -4.04838 11.3703 0.0364223 0.928052 0.172655 0.327999
1464884703.2868642807 -6.75887 -4.00473 11.2753 0.0418916 0.935157 0.185297 0.298983
1464884703.4695084095 -6.84579 -3.94531 11.1652 0.0206874 0.943136 0.177246 0.280446
1464884703.6597220898 -6.91766 -3.91533 11.0556 0.0171279 0.938426 0.196637 0.283546
1464884703.8412544727 -6.98575 -3.87911 10.9499 0.0244956 0.943404 0.182836 0.275609
1464884704.0270731449 -7.06118 -3.82355 10.839 0.0220984 0.950298 0.174499 0.256894
1464884704.2128973007 -7.13645 -3.79553 10.7279 0.00488351 0.945162 0.188082 0.266964
1464884704.3986856937 -7.20755 -3.76296 10.6175 0.00140457 0.951593 0.181012 0.2484
1464884704.5874731541 -7.27002 -3.69461 10.4959 -0.0261729 0.954122 0.180441 0.237504
1464884704.7705054283 -7.32711 -3.65739 10.3641 -0.0223317 0.960552 0.170492 0.218573
1464884704.9560301304 -7.37843 -3.62131 10.2433 -0.0266235 0.961208 0.178994 0.20816
1464884705.1435303688 -7.42286 -3.55862 10.119 -0.0191271 0.963766 0.156839 0.214922
1464884705.3276271820 -7.46177 -3.51927 10.0008 -0.0047521 0.954728 0.186399 0.231792
1464884705.5163693428 -7.491 -3.47803 9.88029 -0.00427733 0.95254 0.202627 0.227139
1464884705.6992194653 -7.50866 -3.40983 9.74973 -0.0203408 0.956076 0.191321 0.221137
1464884705.8852021694 -7.524 -3.36337 9.62003 -0.0109608 0.954498 0.213363 0.208061
1464884706.1192674637 -7.53676 -3.30117 9.47358 -0.00887708 0.949837 0.230482 0.211207
1464884706.3059017658 -7.5453 -3.24019 9.34606 -0.0045464 0.95551 0.212074 0.204951
1464884706.4905011654 -7.54813 -3.20397 9.22019 -0.00445085 0.94834 0.240259 0.207141
1464884706.6748170853 -7.54489 -3.15345 9.09494 -0.0155678 0.954179 0.243356 0.173429
1464884706.8607282639 -7.5364 -3.09336 8.95376 -0.0328238 0.968039 0.201302 0.145948
1464884707.0492579937 -7.53073 -3.06132 8.81567 -0.0169037 0.974637 0.203823 0.0908434
1464884707.2351107597 -7.51695 -3.01271 8.68589 0.000547046 0.980558 0.189748 0.0500165
1464884707.4191064835 -7.49916 -2.95236 8.54762 0.0189014 0.986185 0.16125 0.0328582
1464884707.6501026154 -7.47189 -2.91218 8.38313 0.00918687 0.982089 0.178205 0.0604906
1464884707.9288966656 -7.42662 -2.81366 8.194 -0.00425544 0.982282 0.170515 0.0776414
1464884708.1610946655 -7.39639 -2.76918 8.02615 -0.000748708 0.978334 0.191307 0.0791481
1464884708.3932273388 -7.38422 -2.69435 7.86787 0.00544586 0.981564 0.181398 0.0599744
1464884708.5790770054 -7.36997 -2.63564 7.73321 0.0190073 0.972096 0.217021 0.0870041
1464884708.7651159763 -7.35901 -2.60599 7.60169 0.0144446 0.969132 0.212982 0.123342
1464884708.9507949352 -7.34573 -2.54178 7.47495 0.00685827 0.970137 0.203205 0.132266
1464884709.1391043663 -7.33229 -2.48676 7.33455 -0.00106627 0.972043 0.194043 0.132205
1464884709.3712522984 -7.31761 -2.44328 7.16306 0.0116044 0.968153 0.206121 0.141634
1464884709.5575118065 -7.30824 -2.37739 7.02166 0.00089619 0.97331 0.179707 0.142729
1464884709.7403919697 -7.30183 -2.33787 6.88475 0.0121569 0.970016 0.177158 0.165939
1464884709.9261770248 -7.29787 -2.29764 6.75136 0.00237633 0.964584 0.197176 0.175198
1464884710.1119763851 -7.28038 -2.22673 6.61667 0.000328688 0.966263 0.178424 0.185744
1464884710.2997272015 -7.26473 -2.17833 6.47385 0.0162768 0.970823 0.170818 0.167509
1464884710.5298733711 -7.25094 -2.12595 6.30416 0.0285978 0.968422 0.184952 0.164725
1464884710.7168538570 -7.24322 -2.05763 6.16381 0.0244254 0.972834 0.165331 0.160194
1464884710.9480180740 -7.23773 -2.01081 5.98977 0.0160903 0.964698 0.190927 0.180682
1464884711.1337854862 -7.22981 -1.9516 5.86171 0.0187689 0.967441 0.202008 0.151324
1464884711.3660984039 -7.20343 -1.87683 5.68753 0.0148141 0.970655 0.192002 0.144032
1464884711.5521931648 -7.1856 -1.84385 5.54927 0.0317935 0.971192 0.199417 0.12652
1464884711.7843558788 -7.15027 -1.76849 5.38025 0.0390936 0.976394 0.170716 0.126423
1464884711.9702157974 -7.11587 -1.72996 5.24525 0.05703 0.966456 0.189634 0.163551
1464884712.2031118870 -7.08215 -1.68096 5.08091 0.0555394 0.966714 0.181804 0.171253
1464884712.4354004860 -7.02989 -1.60558 4.91336 0.0459235 0.966821 0.162745 0.191472
1464884712.6670396328 -6.98954 -1.559 4.74584 0.0516728 0.960032 0.195158 0.193858
1464884712.8524749279 -6.95316 -1.49835 4.61076 0.0628873 0.964451 0.172983 0.189619
1464884713.0893044472 -6.90885 -1.44844 4.43844 0.070333 0.955343 0.1824 0.221594
1464884713.3202528954 -6.87995 -1.39012 4.27021 0.057848 0.960067 0.185593 0.201197
1464884713.5956461430 -6.82383 -1.29907 4.06364 0.0508858 0.962912 0.182326 0.192269
1464884713.8278992176 -6.78481 -1.24614 3.89062 0.0482382 0.959639 0.200051 0.191693
1464884714.0157182217 -6.75769 -1.17983 3.74444 0.066607 0.966522 0.177326 0.173074
1464884714.2924032211 -6.72907 -1.12936 3.52844 0.0528449 0.963353 0.190466 0.181332
1464884714.5711901188 -6.67848 -1.03465 3.32264 0.0522336 0.967886 0.157095 0.189179
1464884714.8033652306 -6.6472 -0.98782 3.14355 0.0621559 0.967738 0.176292 0.168941
1464884715.0355224609 -6.61922 -0.912205 2.97286 0.0622332 0.971944 0.161751 0.159025
1464884715.3143160343 -6.58753 -0.852112 2.76405 0.0624321 0.966742 0.165444 0.18477
1464884715.5930187702 -6.55543 -0.768669 2.56314 0.0494553 0.970467 0.157194 0.176174
1464884715.8741052151 -6.51448 -0.700203 2.3474 0.0393637 0.974172 0.159268 0.155156
1464884716.1503083706 -6.48116 -0.622837 2.1398 0.0481112 0.979469 0.143951 0.132677
1464884716.4761354923 -6.43832 -0.547251 1.9063 0.036864 0.971813 0.167617 0.161634
1464884716.8035423756 -6.38835 -0.448191 1.68455 0.0295564 0.974462 0.143605 0.170083
1464884717.0793864727 -6.35356 -0.394336 1.47993 0.0269893 0.974727 0.168568 0.144097
1464884717.3579292297 -6.32252 -0.303019 1.28871 0.0345083 0.97862 0.155209 0.130468
1464884717.5903327465 -6.29339 -0.259951 1.12735 0.0366359 0.970674 0.166073 0.169912
1464884717.8688838482 -6.25033 -0.177505 0.942167 0.0350549 0.969871 0.144939 0.192652
1464884718.1972672939 -6.19248 -0.109215 0.70821 0.0475524 0.965377 0.152944 0.2059
1464884718.4728455544 -6.15161 -0.0266029 0.51185 0.0707152 0.968427 0.122009 0.205579
1464884718.7051317692 -6.11839 0.0174429 0.34658 0.0544417 0.955212 0.155943 0.245536
1464884718.9864141941 -6.06815 0.105045 0.14606 0.0539115 0.958934 0.138807 0.241396
1464884719.2625691891 -6.00415 0.165322 -0.061615 0.0474497 0.958657 0.15176 0.235995
1464884719.5899691582 -5.92159 0.259881 -0.300375 0.0697044 0.959218 0.131164 0.240497
1464884719.8673958778 -5.85539 0.312022 -0.501979 0.0525087 0.949857 0.164541 0.260653
1464884720.0985229015 -5.77812 0.386241 -0.668129 0.0530592 0.954031 0.134226 0.262667
1464884720.3308687210 -5.69157 0.433687 -0.843337 0.0553445 0.957506 0.140071 0.245968
1464884720.5631151199 -5.60351 0.493116 -1.00512 0.0577167 0.954568 0.128368 0.262661
1464884720.7513599396 -5.52057 0.545113 -1.13461 0.0728863 0.941036 0.136338 0.300915
1464884721.0275828838 -5.41406 0.580446 -1.32062 0.0709684 0.933839 0.130095 0.325552
1464884721.3529818058 -5.24771 0.661674 -1.5207 0.0744557 0.923557 0.112051 0.359088
1464884721.7252218723 -5.05948 0.738494 -1.73834 0.0851796 0.910707 0.123693 0.384781
1464884722.0029640198 -4.91331 0.766355 -1.89649 0.0871101 0.888332 0.123969 0.433486
1464884722.2816677094 -4.7493 0.820044 -2.04269 0.0927509 0.887225 0.0924437 0.442361
1464884722.5630044937 -4.5799 0.85389 -2.19454 0.0760489 0.888989 0.120416 0.435218
1464884722.9321370125 -4.34323 0.929652 -2.37814 0.0933166 0.879539 0.132176 0.447473
1464884723.1642065048 -4.20182 0.945222 -2.4939 0.0681238 0.860072 0.144576 0.484492
1464884723.4893968105 -3.97653 1.00299 -2.64038 0.0747355 0.866312 0.108099 0.481906
1464884723.8610489368 -3.73805 1.02173 -2.79383 0.0775946 0.861162 0.114817 0.489076
1464884724.1862804890 -3.50843 1.05254 -2.89433 0.0918314 0.821282 0.121621 0.549793
1464884724.4214017391 -3.35557 1.05692 -2.94477 0.0831711 0.784474 0.101811 0.606067
1464884724.7436060905 -3.11083 1.0737 -2.98178 0.092489 0.758392 0.0790026 0.640348
1464884725.0696077347 -2.87397 1.07756 -2.9848 0.0940158 0.716494 0.0797357 0.686614
1464884725.3009691238 -2.69532 1.06295 -2.97539 0.112707 0.670919 0.0793318 0.728609
1464884725.6289589405 -2.45414 1.0462 -2.94349 0.11521 0.63752 0.0670312 0.758816
1464884725.9512600899 -2.20661 1.00736 -2.8918 0.112408 0.601795 0.07785 0.786859
1464884726.2777094841 -1.95872 0.992971 -2.8186 0.140184 0.560928 0.0800733 0.81197
1464884726.4634492397 -1.82891 0.952546 -2.78269 0.128887 0.515359 0.0689221 0.844419
1464884726.6945199966 -1.66642 0.93223 -2.71534 0.114688 0.470057 0.0629036 0.872889
1464884726.9266116619 -1.48948 0.907593 -2.63664 0.114879 0.454677 0.0521651 0.881675
1464884727.1125404835 -1.36542 0.869481 -2.57907 0.0996855 0.420881 0.0569908 0.899819
1464884727.3447625637 -1.19722 0.849369 -2.49223 0.121665 0.407766 0.0516459 0.90347
1464884727.5321254730 -1.07537 0.809028 -2.43145 0.111303 0.367729 0.0481657 0.921991
1464884727.7637281418 -0.934064 0.769757 -2.34095 0.104861 0.333221 0.0434208 0.935993
1464884727.9485261440 -0.813195 0.743269 -2.25 0.11845 0.328568 0.026288 0.936654
1464884728.1833865643 -0.677334 0.684173 -2.14627 0.09709 0.299609 0.0312396 0.948595
1464884728.4131162167 -0.535711 0.648691 -2.02293 0.117092 0.278835 0.0206291 0.952951
1464884728.5988013744 -0.430912 0.606863 -1.93599 0.114142 0.241225 0.0188123 0.96355
1464884728.7855806351 -0.335634 0.567514 -1.84935 0.0681608 0.216261 0.00352469 0.973947
1464884728.9706850052 -0.232265 0.546406 -1.73593 0.0845393 0.203291 0.0036468 0.975455
1464884729.1563866138 -0.132526 0.501155 -1.632 0.0929945 0.200904 0.0122858 0.97511
1464884729.3429307938 -0.0410325 0.452074 -1.53819 0.062056 0.180467 0.0286253 0.981204
1464884729.5278549194 0.0579341 0.417225 -1.42526 0.104571 0.170609 0.0256666 0.979438
1464884729.7136735916 0.146089 0.369998 -1.32624 0.0989545 0.126567 0.00863043 0.986972
1464884729.8994643688 0.229164 0.319716 -1.23284 0.0721561 0.109488 -0.00569487 0.991349
1464884730.0883395672 0.321843 0.29417 -1.11588 0.0853553 0.10017 -0.0077656 0.991272
1464884730.2728397846 0.409613 0.247502 -1.00692 0.0769512 0.0941693 -0.0110358 0.992516
1464884730.4566879272 0.485437 0.188949 -0.911307 0.0670992 0.0656533 0.000179024 0.995584
1464884730.6429522038 0.573579 0.15909 -0.808549 0.0945224 0.04892 0.00552334 0.994305
1464884730.8285279274 0.66002 0.128739 -0.718185 0.0844515 0.00912167 -0.00755244 0.996357
1464884731.0634298325 0.762991 0.0822477 -0.622478 0.0644938 -0.0155325 -0.00968327 0.99775
1464884731.2471494675 0.854326 0.0666963 -0.533566 0.068726 -0.0363706 -0.0198517 0.996775
1464884731.4323573112 0.944631 0.040888 -0.450809 0.0670918 -0.0557048 -0.0330431 0.995642
1464884731.6179893017 1.0254 0.0156718 -0.383802 0.0349165 -0.0888403 -0.0283325 0.99503
1464884731.8052151203 1.11271 0.0023387 -0.311575 0.0400194 -0.116496 -0.0373847 0.99168
1464884731.9897379875 1.20404 -0.0215379 -0.248512 0.0407707 -0.153627 -0.0670065 0.985011
1464884732.1772723198 1.28244 -0.0522406 -0.195736 0.0264825 -0.180697 -0.0760679 0.980235
1464884732.3615479469 1.35656 -0.064239 -0.131223 0.0265438 -0.205391 -0.0825482 0.974831
1464884732.5471868515 1.43619 -0.0735231 -0.0601761 0.024502 -0.210928 -0.106296 0.971396
1464884732.7328653336 1.49737 -0.0965449 -0.0104425 0.0451406 -0.234026 -0.0970494 0.966321
1464884732.9187140465 1.55087 -0.116675 0.0206273 0.06116 -0.275593 -0.10218 0.95387
1464884733.1045019627 1.60857 -0.119031 0.0399625 0.0635635 -0.332215 -0.106063 0.935063
1464884733.2955319881 1.65896 -0.112066 0.0456491 0.0380138 -0.376906 -0.131023 0.91615
1464884733.5690543652 1.71814 -0.0912598 0.0294962 0.0161351 -0.376888 -0.146057 0.914529
1464884733.9405982494 1.76137 -0.0515071 -0.0524694 0.0318308 -0.357813 -0.146946 0.921609
1464884734.2686882019 1.77542 -0.0197757 -0.140616 0.0293986 -0.342864 -0.156787 0.925742
1464884734.5444235802 1.76162 0.0048795 -0.231988 0.0268371 -0.310065 -0.130142 0.941383
1464884734.7767436504 1.72828 0.0280214 -0.308217 0.0182347 -0.298194 -0.118153 0.946989
1464884735.0090262890 1.66939 0.0447205 -0.372752 0.0242172 -0.269596 -0.0884231 0.958599
1464884735.1949460506 1.60621 0.0547355 -0.41661 0.0260281 -0.247246 -0.0705544 0.96603
1464884735.4269657135 1.54132 0.0666394 -0.442249 0.0128222 -0.206566 -0.0621515 0.976373
1464884735.7550001144 1.45214 0.0723511 -0.420391 0.0170694 -0.166727 -0.0590069 0.984088
1464884735.9378604889 1.38645 0.0599152 -0.39649 0.00831651 -0.137495 -0.0373845 0.989762
1464884736.1731445789 1.31146 0.0428437 -0.361425 0.00277975 -0.119357 -0.0355747 0.99221
1464884736.4039690495 1.24398 0.0338874 -0.316043 -0.0139836 -0.0959356 -0.0239719 0.995001
1464884736.5912399292 1.18793 0.0180546 -0.262452 -0.00927101 -0.0585279 -0.000936694 0.998242
1464884736.7770867348 1.1359 -0.00255822 -0.204394 -0.0129635 -0.030495 0.0148682 0.99934
1464884737.0134880543 1.09383 -0.0248648 -0.136329 -0.0225507 -0.012568 0.0291133 0.999243
1464884737.2439029217 1.07928 -0.0323012 -0.0550479 -0.0394124 -0.00185414 0.040375 0.998405
1464884737.4243593216 1.08657 -0.0396471 0.0107616 -0.0317378 0.00423444 0.0394385 0.998709
1464884737.6099579334 1.10249 -0.0411653 0.0622228 -0.0320184 0.0224697 0.0461524 0.998168
1464884737.8424649239 1.13099 -0.0447001 0.0963171 -0.0589649 0.0352528 0.0681592 0.995306
1464884738.0280234814 1.16057 -0.0648484 0.100685 -0.0711236 0.0377934 0.066325 0.994542
1464884738.2138149738 1.18641 -0.0987287 0.0835457 -0.0577754 0.0372228 0.0860895 0.993914
1464884738.4031202793 1.20576 -0.1387 0.0505668 -0.0337299 0.029204 0.0743452 0.996234
1464884738.5859267712 1.21838 -0.170187 0.0146758 0.0044621 0.0201953 0.0749932 0.99697
1464884738.8666272163 1.2351 -0.181524 -0.0580852 0.0487478 -0.0123523 0.0715698 0.996167
1464884739.0965278149 1.25509 -0.163445 -0.134099 0.0756106 -0.056041 0.0837436 0.992033
1464884739.2839879990 1.26962 -0.125636 -0.196842 0.0783445 -0.117802 0.0619035 0.988004
1464884739.4681062698 1.27903 -0.0723521 -0.254569 0.086771 -0.17993 0.0256977 0.979508
1464884739.6558463573 1.29206 -0.0207465 -0.309605 0.0967855 -0.231554 -0.0102629 0.967941
1464884739.8861575127 1.3107 0.0420035 -0.366282 0.103588 -0.251646 -0.0305913 0.961773
1464884740.1184351444 1.32424 0.0990395 -0.41021 0.0875938 -0.270444 -0.0298237 0.958279
1464884740.3514356613 1.34473 0.153233 -0.425852 0.0737976 -0.272506 -0.0336532 0.958729
1464884740.5836744308 1.37056 0.196732 -0.413021 0.0507382 -0.256102 -0.0455874 0.96424
1464884740.8156313896 1.39298 0.208675 -0.363962 0.0373193 -0.210068 -0.0294112 0.976531
1464884741.0010082722 1.40958 0.1983 -0.303158 0.0268984 -0.17944 -0.0190249 0.983217
1464884741.1906523705 1.42128 0.175009 -0.236545 0.0261101 -0.16842 -0.0217865 0.985129
1464884741.3725807667 1.43007 0.146061 -0.173475 0.0329704 -0.158645 -0.0184287 0.986613
1464884741.5600879192 1.43412 0.111321 -0.116935 0.050746 -0.162343 -0.0246317 0.985121
1464884741.7441184521 1.42791 0.0746994 -0.0670247 0.0540395 -0.183977 -0.0340087 0.980855
1464884741.9299497604 1.41912 0.0383511 -0.0222879 0.0544198 -0.201619 -0.0437391 0.976973
1464884742.1651322842 1.40218 0.00795854 0.0397308 0.0296757 -0.228384 -0.06356 0.971041
1464884742.3505384922 1.3869 -0.0226933 0.0832173 0.0164841 -0.244557 -0.0798445 0.966201
1464884742.5832381248 1.363 -0.0536921 0.115419 0.025159 -0.233507 -0.0791121 0.968805
1464884742.8153543472 1.3308 -0.0692136 0.116893 0.0374828 -0.194228 -0.0702929 0.977716
1464884743.0446968079 1.28813 -0.0682993 0.092999 0.0422267 -0.151228 -0.0569679 0.985952
1464884743.2305560112 1.25496 -0.0639779 0.0601405 0.0510176 -0.103844 -0.0510177 0.991973
1464884743.4162917137 1.2177 -0.0583903 0.0137253 0.0522732 -0.0653502 -0.0246658 0.996187
1464884743.6021013260 1.18125 -0.0529466 -0.0364407 0.038604 -0.0601061 -0.00193074 0.997443
1464884743.7881250381 1.15328 -0.0398104 -0.0865059 0.0215612 -0.0721873 -0.00178507 0.997156
1464884744.0203502178 1.1319 -0.0117131 -0.143483 0.00360086 -0.0869259 -0.0217381 0.995971
1464884744.2086739540 1.12355 0.0179799 -0.189523 -0.0103075 -0.0965734 -0.0350324 0.994656
1464884744.4853789806 1.13037 0.0487329 -0.256342 -0.0153988 -0.125082 -0.0429574 0.991096
1464884744.7634096146 1.17999 0.0712509 -0.305867 0.000835622 -0.178238 -0.0574174 0.98231
1464884744.9986655712 1.26181 0.0870676 -0.329398 0.0095206 -0.206229 -0.0732776 0.97571
1464884745.1814568043 1.32448 0.0961821 -0.334955 0.00617372 -0.215078 -0.0842089 0.97294
1464884745.4600098133 1.39457 0.0928485 -0.306671 0.00573483 -0.249165 -0.0908973 0.964169
1464884745.6458890438 1.45035 0.08551 -0.250473 0.00526316 -0.24727 -0.100469 0.963709
1464884745.8344709873 1.50435 0.062258 -0.189002 0.0108665 -0.25285 -0.121151 0.959829
1464884746.0175440311 1.5368 0.0382955 -0.133294 0.0150572 -0.268991 -0.124639 0.954925
1464884746.2033092976 1.56227 0.0175504 -0.0744766 0.00876408 -0.288105 -0.131327 0.94851
1464884746.3889675140 1.5829 -0.00798512 -0.0054508 0.0183958 -0.309848 -0.136951 0.940692
1464884746.5778703690 1.59773 -0.0384367 0.0551578 0.0159838 -0.346866 -0.16055 0.923933
1464884746.7632372379 1.60603 -0.0661728 0.107104 0.0172682 -0.364823 -0.170106 0.915243
1464884746.9468173981 1.60654 -0.0858667 0.159136 0.0194822 -0.375463 -0.171404 0.910642
1464884747.1328647137 1.60094 -0.0994396 0.21574 0.0230209 -0.382099 -0.182946 0.905539
1464884747.4110672474 1.59003 -0.115466 0.271161 0.0115263 -0.402848 -0.202837 0.892433
1464884748.1089279652 1.58828 -0.112996 0.227054 0.0346223 -0.406274 -0.188643 0.893396
1464884748.2935526371 1.59896 -0.12121 0.187334 0.0561863 -0.323151 -0.136555 0.934756
1464884748.4794685841 1.6298 -0.129055 0.15124 0.0484508 -0.238068 -0.0973301 0.965144
1464884748.7578880787 1.65733 -0.121979 0.0811329 0.0409139 -0.252863 -0.107232 0.960671
1464884748.9439351559 1.65704 -0.0987128 0.0231351 0.0359343 -0.259602 -0.112487 0.958469
1464884749.1763417721 1.64645 -0.0725863 -0.0644713 0.0285431 -0.248773 -0.116973 0.961049
1464884749.4547748566 1.64464 -0.0562115 -0.148089 0.021455 -0.241649 -0.118112 0.96291
