1461245212.23861 -3.07289951646475e-06  1.10200629468865e-05   2.6003421810423e-06 3.8723698141158e-06 4.03989268233174e-06 -5.92495952471956e-06 0.999999999966789
1461245213.27926 -0.00831468590605944  -0.0216863752242046  0.00186971058197763 -0.00438030848026663 0.0227843276802786 -0.0142836291355192 0.999628763716058
1461245213.31813 -0.00847420029019783  -0.0237397235470806  0.00371451028900035 -0.00906566440815093 0.0299660057793772 -0.0120521393341262 0.999437140676661
1461245213.55797 -0.0176265654654449 -0.0420934477951929  0.0214705017154856 -0.0323567610522886 0.055449985005081 -0.0247113656815586 0.997631037800696
1461245213.79784 -0.0388049768038057 -0.0552354432395308  0.0543595090701108 -0.0676770597402302 0.0510349044326219 -0.0334671726265179 0.995838944042086
1461245213.99775 -0.0650548033980033 -0.0648962073379176  0.0871911564030292 -0.0794665755860814 0.0403465443138348 -0.0414182491199549 0.995159157304193
1461245214.19818 -0.0933818374020988 -0.0787092931681211    0.11900333764062 -0.0738744073874372 0.0498721974580629 -0.0506856172778735 0.994729261686324
1461245214.39726 -0.127900309828176 -0.087493031401452  0.154576442601109 -0.0861188795141065 0.0738944802552233 -0.0534730069847102 0.992100691413457
1461245214.55738  -0.164278909736051 -0.0987435623597459   0.183840643466619 -0.0718683829740766 0.0835212167498359 -0.0436135172348247 0.99295367615802
1461245214.75731 -0.216274590721009 -0.112350941250098  0.220886304005296 -0.0546885835428709 0.0725715707869432 -0.0271555369979661 0.995492392112538
1461245214.91804 -0.264191943717887 -0.121449345014556  0.250565697884356 -0.0528820772512822 0.0514852337292272 -0.0331888297349308 0.996720250719459
1461245215.07723  -0.31389686914661 -0.128318510608811  0.286028732873533 -0.0508957613459653 0.0321534182638267 -0.0461899848466219 0.997116976322655
1461245215.27691  -0.37444363778313 -0.135582135439861  0.337136780483679 -0.0413082134287963 0.0456569654057399 -0.0486016320485297 0.996918730075566
1461245215.437 -0.424402150804229 -0.140744945144131  0.377274614205531 -0.033927519003393 0.0742018565923859 -0.0309081678218606 0.996186575443784
1461245215.597 -0.482442296917698 -0.145634341947255  0.410410263469586 -0.0318486811591208 0.0743543875230335 -0.0185486808875438 0.996550567207621
1461245215.79929 -0.561471910961853 -0.149719990260457  0.440032028783088 -0.0358793075423022 0.0779045030389166 -0.0326024420626659 0.995781424042493
1461245215.95678 -0.634392702284883 -0.154213630339945  0.456267111413012 -0.0219761018377096 0.063560572537616 -0.0424405605656965 0.996832936547333
1461245216.11945 -0.710350652042601 -0.155588408962666  0.467868355740379 -0.0259535054170471 0.0613884782773599 -0.0216018694911189 0.997542595344102
1461245216.27652 -0.777220827090194 -0.154612393267703  0.476052976921476 -0.038195422247585 0.0861492876347777 0.0104347700429133 0.995495115775814
1461245216.43668 -0.849800599569211 -0.154923983787024  0.479982134944792 -0.0264548894176282 0.0767220094392865 0.0123748271633013 0.996624671451684
1461245216.59655 -0.927543242663586 -0.150846431909924  0.482059451330756 -0.0202687278066486 0.0566443848929065 -0.00671807568103983 0.998166048206584
1461245216.71873 -0.992369921103529 -0.149899751383622  0.484740040985789 -0.0131694945748921 0.0450802889363054 -0.0241732529706935 0.998604018519291
1461245216.83781  -1.06295896445938 -0.152106979371665  0.487267776885633 -0.00338073691745284 0.0274299536524169 -0.0178989677976526 0.999457750588938
1461245216.95657  -1.13413738437006 -0.156693342933318  0.491344602929396 0.00293653091795838 0.0133106023721111 -0.00188769970837637 0.999905316137718
1461245217.0775  -1.20073649270663 -0.168519842363157  0.494139692029729 0.0235771930611861 -0.0101787499890077 0.0270083943535181 0.999305286511816
1461245217.23636  -1.28019115687644 -0.191835317682368  0.500118870985483 0.0354341334746394 -0.0289705169348618 0.0182734678182928 0.998784867580262
1461245217.39626 -1.35554156549735 -0.21245546669555 0.512348304252444 0.0413675286169353 -0.0510265432108632 0.016775189250995 0.997699159310897
1461245217.55607 -1.43116613424788 -0.23117357287181  0.53054940936135 0.0578148584805787 -0.0665153967846146 0.021212369691891 0.995883115381273
1461245217.71631  -1.51061035553869 -0.254526938918032  0.550201534176043 0.0673628798997743 -0.0792164126118639 0.0051465624643882 0.994565490693959
1461245217.87605  -1.58733262793266 -0.279001708267499  0.565518109178732 0.0762844872348543 -0.0945258840913887 0.0252363905524249 0.992274487647416
1461245218.03581  -1.66371705809519 -0.300011028221536  0.572935875415533 0.0827564552425265 -0.110481353941526 0.028056628512611 0.99002932539569
1461245218.19586  -1.74078381071766 -0.307751018834017  0.575367519723224 0.0862261047955625 -0.1220909243544 0.0427848982200838 0.987840228744694
1461245218.35569  -1.81766992043831 -0.309283338931046  0.572314267155363 0.0990070007721637 -0.119326452725583 0.0578743831802657 0.986209596003575
1461245218.51563  -1.88979836625524 -0.305152667549994  0.564175015765526 0.102504184862024 -0.12587901800267 0.0860696848159408 0.98297475769632
1461245218.6355   -1.9369816323876 -0.290550380994655  0.556851389629721 0.0794509995863501 -0.11126605226838 0.081853491028688 0.98722206736061
1461245218.75547 -1.98356169038379 -0.27086466861342 0.545653258601499 0.0621397976276366 -0.123695646819154 0.0766197461415603 0.987404398921734
1461245218.91586  -2.03399615604588 -0.242822675953427  0.521808884377387 0.0459426734652835 -0.121013502605396 0.061650672754833 0.989668731187822
1461245219.11539   -2.0845863465919 -0.212386930982828  0.482527402246318 0.0309295318494701 -0.122728807320308 0.0781940696594477 0.988871423079563
1461245219.3152    -2.119237992439 -0.189441220897634  0.439621277437505 0.0126432072661069 -0.112962215399067 0.102709536016847 0.988195546647203
1461245219.59509  -2.14096233574236 -0.161690082552702  0.393372625793406 -0.00200751011223749 -0.106601818482803 0.105829335385912 0.988651694972039
1461245219.83514  -2.12961680264164 -0.137293549451473  0.370205703327619 -0.00554250775662474 -0.0666662289692143 0.0966283178646955 0.9930699183388
1461245220.07499  -2.09454712341782 -0.114555477473091  0.359194078467912 -0.0233324251035937 -0.0313156496940719 0.113635659676576 0.992754685142756
1461245220.19499 -2.05776306824919 -0.10526069520057 0.355376613049598 -0.0328674476517994 0.0100075098355268 0.125251580015073 0.991529940211326
1461245220.35528   -1.99776605377071 -0.0997778209009164   0.356025208452549 -0.0242958616991859 0.0260376115276794 0.114894358777061 0.992739160208479
1461245220.51471   -1.92166605755591 -0.0989945304028256   0.361518567678499 -0.0103581459355971 0.037541880126639 0.096675368740208 0.994553763819875
1461245220.67462  -1.84074316235813 -0.100349258382168  0.370310353276033 -0.00691035445404311 0.0532836789972036 0.0959850365763491 0.993931571742884
1461245220.79459   -1.78428344300022 -0.0997058674231175   0.386492962272605 -0.0246516031901034 0.0780900478245393 0.0823797593662352 0.993230999384172
1461245220.9547     -1.710889655023 -0.0999259940031931   0.418274069807983 -0.0223187063735388 0.104280588585235 0.0862378978944794 0.990550583845606
1461245221.07554    -1.6559058012055 -0.0977947819969698    0.44944215165547 -0.0245162974389909 0.120827956097414 0.0749262173222052 0.989538083220141
1461245221.19733   -1.6014647279737 -0.099583550290553  0.485084672322924 -0.0143946093089489 0.139850443424947 0.0647609397360911 0.987947705792765
1461245221.31704  -1.54902448637835 -0.104245782244481  0.522113935546298 -0.0137914329834801 0.162861790833582 0.050620391361053 0.98525296723288
1461245221.47434  -1.48717562481942 -0.113018685735408  0.576463002703048 -0.0242159737733817 0.176424557662325 0.0543850777099218 0.982512201140701
1461245221.63412  -1.43076026998522 -0.117430849976917  0.637678503383236 -0.0223230776038449 0.174589969431313 0.0726563813311803 0.981703149140372
1461245221.75474 -1.38407715451397 -0.11620116297926  0.68658781076557 -0.0267226040247306 0.19118259600506 0.0681367655331714 0.978821995360536
1461245221.91413  -1.32263947916063 -0.125051799160844  0.755296581219566 -0.00863058494078986 0.199531981790492 0.0684116729110546 0.977462195819281
1461245222.0341  -1.27794784639186 -0.135587168734976  0.804662736498441 -0.0159180678375598 0.211835506159547 0.061643311442778 0.975229427161023
1461245222.15432  -1.23695184206783 -0.147324455481624  0.855733679653427 -0.0205308086667446 0.225210347418846 0.0567491610954007 0.972439364704011
1461245222.27384  -1.19540428049027 -0.152905430777924  0.909333115645587 -0.0238315250305597 0.235035879667588 0.062763132426654 0.969665397387983
1461245222.39388  -1.15356215576946 -0.152447450248736  0.962080238770065 -0.0158851767739761 0.248960576415865 0.0719180729470929 0.965709109066036
1461245222.51376  -1.11329829877205 -0.151952291309133   1.01530386979639 -0.00540856390582864 0.266642345087784 0.0707692605934709 0.961178609311306
1461245222.63371  -1.07404504707826 -0.154274209832734   1.06729154376725 -0.00336934980645433 0.287154517829281 0.0610022477090578 0.955933918294857
1461245222.75371  -1.03497011230527 -0.154874704740525   1.11688794457343 -0.00403307500934303 0.298849861395274 0.0820929226245348 0.950754041119446
1461245222.92005  -0.98354588059931 -0.154206688293709   1.18235386715886 -0.0152471179954432 0.311679191723244 0.0872169798766379 0.946053278235839
1461245223.03467 -0.941270364623691 -0.152225725161298   1.23241215862304 -0.0179875467848858 0.312500732464748 0.0854218315417427 0.945897907316488
1461245223.15371 -0.895713369445596 -0.154079536890683   1.27934417087303 -0.00863615217527765 0.315398538858801 0.0807749125597984 0.945475854827767
1461245223.27628 -0.854986110093621 -0.160466432483564   1.32586427690106 -0.0124744940737117 0.313524157876088 0.0659423339675493 0.947205678834649
1461245223.39631 -0.815124494902381   -0.1672786034072   1.37105209965156 -0.0123417916059211 0.312296395974788 0.0678068818138038 0.947481328586376
1461245223.47637 -0.788100363800573 -0.169373677518231   1.40026539937252 -0.0214090120664337 0.313047040224189 0.0696968442493887 0.946934820729965
1461245223.5938 -0.749919684789758 -0.170242400490638   1.44637764721608 -0.0228335945616735 0.312478350472454 0.0695883015375606 0.947097342269803
1461245223.67386 -0.725286018756811 -0.169021106257129    1.4796781184309 -0.0180920412228171 0.306255334369712 0.0777628187007 0.948595431278377
1461245223.7532 -0.699930280334305 -0.168694490675078   1.51392276381549 -0.0115552460616673 0.310089791763542 0.071840094265034 0.947918666441635
1461245223.83563 -0.675491375918652 -0.170218383119749   1.54733699594253 -0.0101026673641147 0.321778859018155 0.0611518254073842 0.944783973324299
1461245223.92006  -0.65349346144421 -0.174264387482469   1.58163824355977 -0.00897234869970691 0.328764317770877 0.0581358789210956 0.942578240732053
1461245223.99295 -0.633053189506198 -0.180408666099732   1.61566246816293 -0.00595150618736417 0.329361081733338 0.060060012972777 0.942273130390152
1461245224.07314 -0.612602579808522 -0.187195528316834    1.6477109008662 -0.00381912823074529 0.330296012047104 0.0634736977669852 0.941733002701468
1461245224.15393 -0.593733440915608 -0.193386640956381   1.67932512830151 -0.00531795710313042 0.326335196282206 0.0591985672203845 0.943383585101393
1461245224.23543 -0.573329881727893 -0.197453245801451   1.70857742966744 -0.00465220522001657 0.326895557206417 0.0602358697661561 0.943127399484721
1461245224.31556 -0.554262503430876 -0.199188745032536   1.73809508427474 -0.00567023121042929 0.321780351050615 0.055264804723019 0.945183080421296
1461245224.39385 -0.536147561151399  -0.19960701713994   1.76611913257725 -0.00720746314326777 0.316870998557751 0.0527106701176731 0.946975399893682
1461245224.47293 -0.518781386199637 -0.201210771796548   1.79208156384426 -0.00357034400938109 0.313216539932853 0.0447784160023623 0.94861875651732
1461245224.59293 -0.496959174781703  -0.20544644878447   1.83115468490128 0.00584185425670121 0.30355626632106 0.0468790549632821 0.951641644802186
1461245224.71596 -0.477872208557844 -0.208891771164513    1.8648791604394 0.00263230649296038 0.301718326650979 0.0477013009222221 0.952199405700186
1461245224.87567 -0.455971007524572 -0.216467812290571   1.90186990461685 0.00570550786018609 0.302838088437387 0.0423190086722843 0.952084891633431
1461245225.03266 -0.433804874740404 -0.218267367452305   1.93639645117205 0.00466157316795031 0.306906535455754 0.0449179674561738 0.950667672969767
1461245225.19259 -0.408669104047346 -0.215672390515009   1.97634558425353 0.000242471845507962 0.306578233430153 0.0460736145787879 0.950729693463866
1461245225.31509 -0.386868829487874 -0.214676399049941   2.00846693808711 -0.00221333130833932 0.315605264069658 0.0375517952292792 0.948144652007857
1461245225.43239 -0.364675202107563 -0.218381418269623   2.04065622644541 0.0136323078471315 0.333163839930193 0.0414360304789361 0.941859369186228
1461245225.59234 -0.340453439076428 -0.226984219939521   2.08167547513455 0.0265450173881815 0.344180568647597 0.045220595105514 0.937438102487615
1461245225.79228 -0.313988087158803 -0.232488716113773   2.12342530318487 0.0331708873512186 0.354914962453644 0.0431379452756963 0.93331354824424
1461245226.03212 -0.279981247258604 -0.231995671051791   2.16940955823929 0.0307317496725016 0.371772291359174 0.0383960733290606 0.927020315037662
1461245226.23204 -0.251406365890377 -0.239154924951529   2.20573495026012 0.0347579647737037 0.391989526540521 0.0312584891846415 0.918781258962775
1461245226.47195 -0.225986954196222 -0.250351357734187   2.25166717659473 0.0383822426356749 0.394930771491246 0.0383199143472513 0.917108539565522
1461245226.67469 -0.204690921674032 -0.248176939189091   2.29568354096403 0.0347211377592947 0.418017620770514 0.0491920998803052 0.906441310084346
1461245226.83168 -0.180967672839044 -0.243842811350495   2.33978624780773 0.0299183969822386 0.447374961876907 0.0571339458475992 0.892018074502716
1461245226.99201 -0.154833736555531 -0.243773098389427   2.38283451413633 0.0239366013238199 0.488570491483986 0.0645746483530075 0.869802292913882
1461245227.15157 -0.126179662806549 -0.243275328843251   2.42232491949674 0.0251545721340052 0.51900924249178 0.0818463826369159 0.850469178370454
1461245227.39248 -0.0730544689405501  -0.234113780682541    2.47403820585551 0.00956878772898774 0.551961414493011 0.08297372660805 0.829676078903716
1461245227.5921 -0.0174584726605813  -0.232768334107783    2.51678924328607 0.0150731423764911 0.573705678662151 0.0829980636519985 0.814706030467258
1461245227.7943 0.0453909514949973 -0.245355891368803   2.56475311307077 9.74212164430772e-05 0.58266956949819 0.0824127796263521 0.808519818584652
1461245227.99124  0.114975337428645 -0.254689030730282   2.59860327535482 0.0076285698139568 0.594750641481157 0.0943200156275531 0.798321497914446
1461245228.11374 0.162684500033797 -0.25522109378121  2.61578345583227 0.0131373995591747 0.604314493829215 0.0925464406762412 0.79124367776237
1461245228.23121  0.212981900533539 -0.256693108191164   2.62912658266299 0.0191817883577943 0.619038601967114 0.0828724158132556 0.780740309557072
1461245228.31337  0.247565221404081 -0.259051491320696   2.63589469857521 0.0275340044491036 0.632479298266091 0.0765353163398123 0.770294853427306
1461245228.431  0.301729729251565 -0.262081594910031   2.64491511249938 0.0276426788871088 0.647994502598664 0.0796179822733323 0.756967624013456
1461245228.55145 0.355632357448263 -0.26477017254549  2.65486527912952 0.0219185413236845 0.654581357167343 0.0829293486732323 0.751109544290202
1461245228.67093  0.409500739080489 -0.264743737227148   2.66330356829215 0.018347072832844 0.659253915569436 0.0749766918557363 0.747947963031656
1461245228.83081  0.481906511001345 -0.256279469098664   2.66951082661093 0.0174472671142621 0.665949540503218 0.0731144897254882 0.742200157481779
1461245228.99085   0.55960377802295 -0.252849638549358   2.67001517967138 0.0227097181459414 0.670205533033785 0.0736166676566399 0.738166240379336
1461245229.19075  0.653705720290657 -0.254900324428449   2.66970670423469 0.00528671747866178 0.671393330190987 0.0850914487112171 0.7361810186018
1461245229.35064  0.727724701469254 -0.254070609272263   2.66964281296044 0.0156028888833098 0.673070963143327 0.0905313644327459 0.733850189402275
1461245229.47058  0.787345202087151 -0.247353768651053   2.67003117338546 0.0127925766700402 0.677896705851637 0.08653513337 0.729934296269382
1461245229.59044  0.849904342071333 -0.244088944853058   2.66879672198313 0.0135295617416721 0.686727029419867 0.0770487711455369 0.722693866646319
1461245229.713  0.910889435349899 -0.242106274107802   2.66858642820748 0.00687968400766287 0.692735099629241 0.0879141041165021 0.715780596263278
1461245229.83043  0.970244783417406 -0.245194701350022   2.67161957765392 0.0076785191166178 0.693019028329266 0.0951046828171089 0.714577333830281
1461245229.95035    1.0256667426687 -0.244301460252751   2.67629704874559 0.00801205963678479 0.69037156326671 0.0971732330523003 0.716854430349161
1461245230.07017  1.08308501213364 -0.23781093883341  2.68157601511472 0.00439206144460804 0.686678892475888 0.0985073853095143 0.720242392159638
1461245230.19045   1.14325348867195 -0.235301291910029   2.68351486580117 0.0114594141426796 0.687011244628692 0.0990068460453423 0.719779046664597
1461245230.3124   1.20696375603635 -0.239216922154693   2.68676176118795 0.0111116389895363 0.679418776632728 0.0984849157433098 0.727026394850206
1461245230.43013   1.27004082427216 -0.245663208603936   2.68848146883362 -0.00246750802497158 0.680331039176402 0.095804401825435 0.726612073343248
1461245230.5501   1.33285843988037 -0.246342595522985   2.69429394034068 -0.0127589188759585 0.676730620489712 0.0975372193053194 0.729629610234475
1461245230.66999    1.3946956688694 -0.242513504627397   2.70027174282436 -0.011976289129103 0.67807344308848 0.0947721823621763 0.728760048114014
1461245230.79024   1.45731124857013 -0.238248684442435   2.70674191869432 -0.0127470113142017 0.680708177580777 0.0894229262290065 0.72696453210721
1461245230.86986    1.4998241127241 -0.237340004314519   2.71031329832548 -0.00964087240524511 0.687677010069897 0.0883765733144185 0.720553235153236
1461245230.94986   1.54340754906967 -0.235454880255221   2.71346305128426 -0.0272982249290816 0.691567817453435 0.0966730770444283 0.715292301757244
1461245231.02981   1.58835404868084 -0.235723218712081   2.71594313268205 -0.029434789709909 0.697539854784207 0.107395476887172 0.707840346184461
1461245231.1498   1.65184278467669 -0.238145667408113   2.71835562850794 -0.0292707662810993 0.698201770411822 0.109215043964108 0.706915542485121
1461245231.27096   1.71491783817878 -0.236089299475563   2.71870001414868 -0.029537490770466 0.702972343237765 0.105437767957003 0.702737716626933
1461245231.38985   1.77827071856074 -0.234434706333471   2.71952526326137 -0.0167872689194766 0.702304122451602 0.099722663730067 0.704657716574715
1461245231.51186  1.84019057561848 -0.23671299847815   2.7198223707881 -0.0102419166705358 0.698564667663826 0.0969148904893277 0.708879405989541
1461245231.62961   1.89861456896365 -0.246197870610733   2.72154855370674 -0.00188455320231114 0.684708767627016 0.0962265294675558 0.722433946475767
1461245231.74953  1.95448095978809 -0.25604870859087  2.72449552113779 -0.00531671047959881 0.669178457676853 0.0924491656652032 0.737309349010788
1461245231.86938   2.00955127794651 -0.260689993587154    2.7283755417718 0.00312457774932488 0.655070065543317 0.0938948185509492 0.749704748079034
1461245231.98937   2.06609848846818 -0.257022932261784   2.73414625304244 0.00333237936872272 0.635626248658748 0.0949450053346875 0.766128979497413
1461245232.11134  2.12328634296833 -0.25450403301029  2.73639437132804 0.00548524006495262 0.632887175908747 0.0885899792603543 0.769139486885397
1461245232.22947  2.17805163486358 -0.25596459568461  2.73494970360814 -0.00511157945323703 0.630945298281919 0.0876875128109262 0.770839024977632
1461245232.42919   2.26737580396534 -0.257091146636188    2.7258145923883 -0.0120487322955865 0.633503987104824 0.0894603988682077 0.768455830485202
1461245232.58912    2.3382360643958 -0.250707683590538     2.716272935148 -0.02191623582077 0.633670599036411 0.0882373875456071 0.768241767911255
1461245232.74902    2.4045654103006 -0.249285264844414   2.70785284366766 -0.0245648545637737 0.622252133027488 0.0865061700235519 0.777634575755771
1461245232.86895   2.45082450812464 -0.250528317659913   2.70532718609525 -0.0295584818595602 0.605172439974851 0.0882655994717388 0.790633795125745
1461245233.02955   2.50781871637492 -0.250153055603181   2.70457079129607 -0.0339614784813507 0.601448866496193 0.108216932209808 0.790819179429093
1461245233.18884   2.56387097084637 -0.248750387076225   2.71322270959096 -0.0324294423929195 0.597364627729883 0.103534827479408 0.794596987347694
1461245233.31151   2.60899001806554 -0.243751380674768   2.72335048223876 -0.0347141853991996 0.601238737633847 0.103816052534814 0.791535932814561
1461245233.42875    2.6565013474027 -0.242344224172409   2.73681625246876 -0.0258467037076551 0.612716842081996 0.10132122873615 0.783354343795904
1461245233.55039    2.7054915158049 -0.240559338867272   2.75334487372578 -0.0395243910552945 0.620541501962677 0.107683921332469 0.77573851260594
1461245233.66868   2.75358213351889 -0.242180708846354   2.76793932494036 -0.0382606659363959 0.633946352523076 0.119865500405142 0.763073001342215
1461245233.78929   2.80175555846738 -0.244403233841794   2.78061115748917 -0.0302720437637667 0.647640754121044 0.127841251976568 0.750534257220117
1461245233.94852    2.8698173716544 -0.241858793260577   2.80151186688146 -0.0298473981673085 0.655352741505006 0.129565533928226 0.743528539763208
1461245234.11045   2.93849095770941 -0.238991240309726   2.81792149971213 -0.0243692970804536 0.664715285681705 0.125740080940747 0.736036112147976
1461245234.26827   3.01174867223087 -0.241414171226636   2.83407748789096 -0.0115281811275945 0.660144631118763 0.136209624883624 0.738595359540002
1461245234.38834   3.06496557415218 -0.243913525560384   2.84326694941237 -0.0298785511679784 0.668257814721886 0.142045876229823 0.729631231711838
1461245234.51053   3.11927937465079 -0.246278348272171    2.8537098548395 -0.0203861782107044 0.669552483745411 0.152562505655909 0.726641973131406
1461245234.6281   3.17553445053845 -0.243009690730634   2.86147297109946 -0.0137552177573861 0.681104935268357 0.157346867560554 0.714946728369615
1461245234.74812   3.23606429034966 -0.238500607936453   2.86825967479251 -0.013522997636782 0.696796035393432 0.153110389813262 0.700606610107371
1461245234.86811   3.29421627227192 -0.237376008759895   2.87086160942476 -0.00394937719552463 0.713198643193137 0.151985107102261 0.684275255278423
1461245234.98834   3.35386515072118 -0.237745371550392    2.8742520935249 -0.00588882412107714 0.721688082074568 0.157723769913654 0.673984307195818
1461245235.11317   3.41479635008097 -0.236755206293727   2.87407569447028 -0.01493532688554 0.734079318558797 0.168499954656461 0.657656639406799
1461245235.22787   3.47541178646991 -0.232837206180486   2.87244170173666 -0.0132153760407249 0.741430356863583 0.168113425173814 0.649495385690746
1461245235.31285   3.51901234564994 -0.227273661082958   2.87194564735049 -0.00834086359108698 0.74418863775228 0.169682612765073 0.646004266518558
1461245235.38776  3.56389029909422 -0.22438717251503  2.87231305082594 -0.00606261349398346 0.742462063626868 0.163886768363863 0.649503237827038
1461245235.51033   3.62971957412676 -0.226115766192272   2.87243353003706 -0.00947399050599047 0.736449499898215 0.154870542120555 0.658458421456394
1461245235.66776   3.71295286572931 -0.233380000644087   2.87078533033581 -0.0192243638248957 0.728230478431687 0.154772620057496 0.667350155614894
1461245235.8285   3.79458069043904 -0.233215742617185   2.86878235870928 -0.0231137414552902 0.719695056587041 0.156079173444757 0.676124302252859
1461245235.9476   3.85992954772557 -0.226947911015336   2.86708447809611 -0.0236186583743055 0.719270370624784 0.148150637545591 0.678338913458986
1461245236.06747  3.9273133989171 -0.2222646164201 2.86565067797363 -0.0251047367497059 0.717021407711198 0.146169025630716 0.681090793523702
1461245236.22753    4.0136192684592 -0.224791898013633   2.86274910904316 -0.0311501419076815 0.717225177249233 0.15254402244798 0.679226055885909
1461245236.38731   4.09832214166262 -0.227314961346571    2.8574931628439 -0.0427799612419431 0.716603665803946 0.151790021110935 0.679418023431544
1461245236.54832   4.18321587786902 -0.220718543276696   2.85187670275488 -0.0450896666194721 0.71385208511291 0.150648661893626 0.682412707394694
1461245236.70985   4.26938702935393 -0.219859756442621   2.84928593035011 -0.0492189535834485 0.703444930439087 0.139581001044234 0.695168949677118
1461245236.86707   4.35084585201194 -0.224052646622753   2.84901601827518 -0.0604529779238263 0.681148350439302 0.162036225603083 0.71142576826136
1461245237.02708   4.4342776457366 -0.22426407603834  2.85162766612984 -0.0881678924366581 0.663858478708003 0.162270401478991 0.724697633357955
1461245237.18701   4.52165994330959 -0.211773866696034   2.85512065921949 -0.0890456260153951 0.651306510288136 0.18153968545443 0.731378184490707
1461245237.34681   4.60894942781924 -0.202590750448858     2.856132549433 -0.11138168691014 0.65015115599623 0.18026856492117 0.729658028585363
1461245237.46676   4.67137671055513 -0.198700062861738   2.85475283775256 -0.135997633427715 0.651745759681996 0.19302786695592 0.720744303492609
1461245237.58677    4.7336039132896 -0.199908993370507    2.8520898958277 -0.128804152314238 0.654097228444958 0.206551685131539 0.716172261021437
1461245237.66677   4.7756412192503 -0.19840898647403  2.84871920443643 -0.125606902088285 0.658369316835869 0.209932913283232 0.711829277788762
1461245237.78666  4.84089244616368 -0.19203984343555  2.84503861309127 -0.12814191097952 0.66277916589093 0.212994615919783 0.706354529610042
1461245237.86661   4.88461603832351 -0.190363536548287    2.8421293240043 -0.127000132528361 0.667355215966054 0.208580207947749 0.703563983524707
1461245237.94668   4.92841672603353 -0.192734706108406   2.84112221192922 -0.113059911897013 0.665995467093815 0.204832046134357 0.708315838456789
1461245238.0669   4.9912379433734 -0.19914526716487  2.84114096193269 -0.110468541060063 0.658765525802834 0.202156635428171 0.716210428716406
1461245238.18654   5.04964508587066 -0.205414497036337   2.84192483077505 -0.119725447062505 0.656251658469549 0.20399541583167 0.716509210269704
1461245238.30983   5.11203967943632 -0.207797078931401   2.84613955329224 -0.112568611811188 0.650678962057941 0.199691684870143 0.723925705417224
1461245238.42627   5.17758548434894 -0.203283506534155   2.84892194699679 -0.112217907001022 0.651236465339103 0.194070530373564 0.725006783969271
1461245238.54632   5.24320032201214 -0.201857758094233   2.84922596615238 -0.109887036812436 0.658682158199212 0.185068456920066 0.720980110588244
1461245238.66635   5.30614554397738 -0.203626066161415   2.85105506342526 -0.114072471999099 0.656849618056626 0.18996546873508 0.72072822275747
1461245238.82759   5.38863081549048 -0.207105732979362   2.85079705021011 -0.12984418615858 0.653527580752208 0.192242718249802 0.720475485909763
1461245239.02609   5.4931794306091 -0.20256005166732  2.84920972195029 -0.129112821103997 0.648107504540413 0.185807903859566 0.727160205765057
1461245239.22607   5.59591408139191 -0.201427143753216   2.84358268454867 -0.126625330640338 0.631726790006234 0.182274568939767 0.742740378562029
1461245239.42611   5.69183678181137 -0.206817601020854   2.83796287980881 -0.137388941066362 0.612425971702042 0.183718760043482 0.756509170642075
1461245239.58595   5.76909905597974 -0.203450278984881   2.84010257581373 -0.126778427825547 0.59317708484966 0.183439380688654 0.773574928407006
1461245239.74567   5.85098042768552 -0.193186631290704   2.84124157993132 -0.137498048656036 0.587271225264377 0.168999228566411 0.779516552317023
1461245239.90804   5.93109233678195 -0.192693933284643   2.84466462224279 -0.134849313911543 0.576496790729537 0.170747231489173 0.787599197406215
1461245240.06563   6.00535236433194 -0.196023873945042   2.85090456193964 -0.148367559936621 0.559256538596937 0.172804139539698 0.797093420216834
1461245240.22556   6.07818212924394 -0.192465353041273   2.86062893843716 -0.148996648622731 0.538437152460901 0.16838094745231 0.81211654833777
1461245240.34556   6.13637238377488 -0.191628822545805   2.86678183058036 -0.145907871524071 0.524770399189099 0.159614794787619 0.82331648741364
1461245240.46549   6.19134086371753 -0.195082320512833   2.87594017549069 -0.142078016761053 0.493152307184045 0.155117144219696 0.844128728714658
1461245240.58576   6.24001987219845 -0.200487008288885   2.88394210729793 -0.151584605227929 0.466272107112969 0.146865911987161 0.859094193603067
1461245240.70815    6.2838787859251 -0.201657858037632   2.89546200580946 -0.164627070219592 0.441110744186659 0.144733722916755 0.87027087080096
1461245240.82695   6.32774110973395 -0.196916252923434   2.91347144494171 -0.171932841548112 0.407288909470434 0.134385032503697 0.886845818199848
1461245240.94519   6.37432322203252 -0.189656110624086    2.9297657659621 -0.176853667532054 0.387834824881328 0.122347862779343 0.896291207902353
1461245241.06519   6.41935635743204 -0.186697824008362   2.94882963982967 -0.171877360480279 0.364437346029036 0.121821480859236 0.907084957749222
1461245241.18511    6.4592349517264 -0.188399706473988   2.96956464132944 -0.179682422336638 0.332919384428518 0.119175931380416 0.91797386016955
1461245241.30709   6.49349639378442 -0.192405896856959   2.98862867959702 -0.190358250750407 0.294771085722859 0.113400874596546 0.929523525809729
1461245241.42494   6.52628805870165 -0.194803887266075   3.00712258628701 -0.192119206939 0.262325636679149 0.109152012062283 0.93934089069345
1461245241.54495   6.55791558554898 -0.193942024829046   3.02540032941344 -0.190114342736846 0.223528726430698 0.100612810246842 0.9506674011242
1461245241.66495   6.59160664835891 -0.193309262728339   3.04082321302556 -0.191925811883114 0.185047091201557 0.0943099287344547 0.95918074110824
1461245241.74485   6.61341781856737 -0.195896751319007   3.04959129627147 -0.19478593424008 0.152589941363022 0.0881589090332846 0.964884840991457
1461245241.82616   6.63291678439443 -0.202188726169691   3.05712639715746 -0.191116394079423 0.118045700603987 0.0784209869440841 0.971282598057696
1461245241.94483    6.6631202021898 -0.210695116550656   3.06888575175064 -0.197294265002026 0.0794435211971871 0.0634299300097016 0.975059148932036
1461245242.06474    6.6898167297919 -0.216942805092936   3.08244261353551 -0.191324251384608 0.0475359534976167 0.0595125287173454 0.978567127428087
1461245242.1844   6.71254973621794 -0.215325455798909   3.09891018699769 -0.190833945663468 0.00784991041215659 0.0422156885538641 0.980682731432015
1461245242.3069   6.73570123508755 -0.210612671002174   3.11797304845904 -0.19074935303332 -0.0222535755700623 0.0288332982771727 0.98096284516906
1461245242.42456   6.75367380515858 -0.209879262008375   3.13677985417358 -0.19186760721554 -0.0614996930512959 0.0151097625025992 0.979375466372879
1461245242.5444   6.76637595839578 -0.215391499734648   3.15246831205047 -0.185769100106034 -0.0929928553209654 0.00222071052977028 0.978180575737318
1461245242.70688   6.77913896939767 -0.230586208265305   3.16601798510782 -0.177527546817204 -0.131326410881824 -0.00684150764643977 0.975289976211736
1461245242.86433  6.78723813483636 -0.24960564537592  3.17520543924163 -0.155153624387015 -0.151428924499661 0.00519743683454815 0.976201628924476
1461245243.06419    6.7975150907068 -0.277211561691876   3.17755829597884 -0.137597917999147 -0.146803769283739 -0.00237601756480184 0.979545721662301
1461245243.18424   6.80490426121242 -0.311081335148132   3.16994316143223 -0.09697698678186 -0.14089998146978 -0.00351935567032982 0.985256450571217
1461245243.3068   6.80983738885354 -0.346964362426955   3.15785685044242 -0.0623540239458411 -0.137878732107938 -0.00923688676438779 0.988441253111671
1461245243.42415   6.81220241777009 -0.379289300019749   3.14295047470536 -0.0318470601566466 -0.152989023658352 -0.00328981437033698 0.987709117362421
1461245243.58507   6.82352035841614 -0.410200737869532   3.11780050570267 -0.0165942165953985 -0.162692593152089 -0.00750740006147229 0.986508687773884
1461245243.66679   6.82928536942718 -0.425599811896279   3.10266097813894 0.000809358671028464 -0.181611404141353 0.000157814906681467 0.983370031025353
1461245243.74392   6.83540940607668 -0.438028144165995   3.08566454608677 0.0125079739260119 -0.202861641711784 0.0062758441919044 0.97910740916916
1461245243.82388   6.84460001311038 -0.447492771617398   3.06799847492145 0.0237145955097337 -0.210299693180364 0.00432153664853046 0.977339747134562
1461245243.94373   6.85769471441163 -0.456307115209341   3.04044601948843 0.0380966755784765 -0.2202315509883 0.00946236148949829 0.974657463406606
1461245244.06378   6.87091836941653 -0.454656903620798   3.01177102986179 0.0415813204516072 -0.245720494262227 0.0141015681211268 0.96834579477868
1461245244.18367   6.88774075686702 -0.443757132457616   2.98578083176376 0.0313609846307722 -0.263288159977466 0.0153794451557105 0.964084698626304
1461245244.30589   6.91039593686321 -0.428853365575152   2.95884525911541 0.0248348327174067 -0.271658549078229 0.0189013578739917 0.961887520694145
1461245244.42349   6.93382526312712 -0.410359863425386   2.93174727775978 0.0150910786760554 -0.285955912636252 0.011788892921498 0.958051406437278
1461245244.54352   6.95698130881199 -0.388192250793855   2.90604305334356 -0.00654469851754294 -0.305740970049323 0.00379513577827597 0.95208467223196
1461245244.66352 6.98257389215642 -0.3643812743653 2.88260541298189 -0.032129827463717 -0.333701288897675 -0.00775276465371722 0.942099261551248
1461245244.82343   7.02390542645272 -0.339319050631919    2.8585054558324 -0.0561545115468528 -0.349163084490391 -0.0136479557614583 0.935278324652947
1461245244.98336   7.07642998115413 -0.318574502551619   2.83698833545185 -0.0668168406599682 -0.377956052796298 -0.0289961843685621 0.922953928021831
1461245245.14324   7.13707523620553 -0.305787732570544    2.8232398974258 -0.0713706818240289 -0.402097545963533 -0.0364957105214209 0.912081055838578
1461245245.26314   7.18484649124986 -0.295841237581355   2.81631035960878 -0.0844181832443612 -0.419472409276737 -0.0483815908233066 0.902538470018147
1461245245.42316   7.24376516609336 -0.287816329517455   2.80683244930407 -0.0928956020912834 -0.436945707881887 -0.0684404761301133 0.89205647618454
1461245245.62304   7.30759744897966 -0.276568613244809   2.79780623717972 -0.104509777807627 -0.466410661539491 -0.0734757264570264 0.875294304086635
1461245245.86291   7.38436873169307 -0.270664777229072   2.79233207056216 -0.0960044280535725 -0.491407670620843 -0.0762347197682375 0.862258614657437
1461245246.06282    7.4534890705196 -0.272597389773453   2.78700395734204 -0.0910540170796458 -0.518035547888364 -0.0811125319192445 0.8466221673588
1461245246.30566   7.53554114035673 -0.277438432341727    2.7870176590854 -0.0923970688102621 -0.545323684466791 -0.0874770596154767 0.828512296152487
1461245246.50514   7.60734776380635 -0.276252352575019   2.79680339784499 -0.0854398782838396 -0.569382724886066 -0.098407123755764 0.811676892485107
1461245246.70249   7.68605859757047 -0.279640300913165   2.80883777683097 -0.0865168877768587 -0.601711476221915 -0.0963808607966094 0.788142662964235
1461245246.86252   7.74826242999324 -0.288422986236353   2.81606309082443 -0.0817325060803615 -0.618645555999339 -0.0959383635806266 0.775495521512255
1461245247.06243    7.8186444322963 -0.294182891339825   2.82165067832211 -0.0722205085690324 -0.633763670184298 -0.0824440057038918 0.765722400364554
1461245247.26234   7.88831936747923 -0.295355197556691   2.82393687565507 -0.051602717342924 -0.641884086511693 -0.0859179477776011 0.760223707401684
1461245247.46218   7.95647638382685 -0.294909386549871   2.82376613822581 -0.0430084297018805 -0.646383838024439 -0.098384266927304 0.755419582044675
1461245247.66202    8.0194076849181 -0.299696719665617   2.82676908985331 -0.04737269789979 -0.661644651313836 -0.103168272941786 0.741173724803907
1461245247.86204   8.08163372971975 -0.303386654331975   2.83674603832459 -0.0420525472522948 -0.681420034629171 -0.100753974710346 0.723703638415366
1461245248.06179   8.14312555580367 -0.304612191640922   2.85046104387128 -0.0448321470855061 -0.708254457410076 -0.0964606424332375 0.697897590343906
1461245248.26162   8.19960377246055 -0.307561003643192   2.86380329213169 -0.0598654375360211 -0.732049404350872 -0.10495570740717 0.670450668178364
1461245248.58156   8.25685448393304 -0.324181948490191   2.88396973048001 -0.0562928866578794 -0.739606979262728 -0.0865154880391026 0.665077211658121
1461245248.86177   8.25967182839654 -0.360431653527832    2.8890002353643 -0.0304972923647884 -0.738617885043797 -0.055057876573897 0.671179681813312
1461245249.10367   8.22550726772103 -0.387458633915963   2.88841505023945 -0.0200207884650128 -0.741472216802691 -0.0271711518885799 0.670134201667092
1461245249.30394   8.17643692151052 -0.399865973735529   2.88725350749639 -0.0101430929231338 -0.739895405037832 -0.0207928711270271 0.672324002085415
1461245249.46198   8.12503193702072 -0.409503717812233   2.88676236315643 0.00231333144391869 -0.72987458537885 -0.00573540600693639 0.683553101985221
1461245249.6228   8.06520699096387 -0.411372607950608   2.88532985888057 0.00564023779745019 -0.722674598442579 -0.00101738599351042 0.691164652893351
1461245249.78109   8.00209123284204 -0.405384139802188   2.88608167403399 -0.000167713455735059 -0.711236202627699 -0.000407074037860037 0.702952964453992
1461245249.90377   7.94825305806024 -0.400970308794422   2.88704077563255 -0.00484143887562682 -0.708384174765934 0.0121277436363292 0.705706269807129
1461245250.02177   7.88713793522558 -0.391063691423692   2.88744115760761 -0.0123911685619436 -0.706162280981482 0.0181235501097299 0.707709565282341
1461245250.10329  7.84443864286981 -0.38485364392851  2.88548970766692 -0.0109996590072067 -0.705825702857926 0.0162593590877941 0.708113492265819
1461245250.2209   7.77748217963919 -0.375068277642066    2.8789709117179 -0.0132689955169474 -0.713885252314727 0.00317833684020607 0.700129758302302
1461245250.34084   7.71189230671383 -0.370253633485783   2.87139920062028 -0.0186703939601484 -0.716832838720411 -0.00679318392278463 0.696961943274954
1461245250.46366   7.64647631059431 -0.362757796774897   2.85960884368945 -0.0234080993858573 -0.722774420725796 -0.020238333470648 0.690390909185487
1461245250.58168   7.57818243202838 -0.349735755644221   2.84302570668653 -0.0298569972443448 -0.733812206173189 -0.0110060838791771 0.67860671371895
1461245250.66068   7.52872322162461 -0.339843767009882   2.83293417254648 -0.033739715113075 -0.729787550351191 -0.0145797722948875 0.682685281236036
1461245250.74229   7.47836714555079 -0.332887634291034   2.82400605697781 -0.0260518350297031 -0.720017849875202 -0.0319239270005871 0.692731160434939
1461245250.822  7.42854810717666 -0.32928321410491  2.81691807177002 -0.0244694720103576 -0.706120917793196 -0.0425117338247299 0.706390293592462
1461245250.90335    7.3802649216832 -0.328874561511222   2.81165221247281 -0.028283635521081 -0.694243210259323 -0.0364274693456827 0.7182614011957
1461245250.98057  7.33226752733873 -0.32598752450839  2.80604086762009 -0.0336064425292725 -0.691075111195613 -0.0431558691471996 0.720710322296446
1461245251.10053    7.2598546893358 -0.318578629554024   2.80013031484381 -0.0423461114122708 -0.690760635370446 -0.0335422813112452 0.721062734327129
1461245251.22165   7.18033240429909 -0.307734918349942   2.79278316547415 -0.0460422756110465 -0.693772440080404 -0.0317237014013368 0.718020554727257
1461245251.30244   7.12715354960312 -0.303526274728323   2.78806660259414 -0.0455415207121983 -0.697495006290548 -0.0345033376228383 0.714308200837603
1461245251.38045 7.07394407705434 -0.3034916660872 2.78434459326296 -0.0417158931710668 -0.699045533159066 -0.0352105338361078 0.712990424293534
1461245251.46032  7.02322582989751 -0.30572225102726  2.78208558984755 -0.039961029179339 -0.697466699161716 -0.0358185789823661 0.714605030143976
1461245251.54033   6.97393662083916 -0.305081979453227   2.77931048486811 -0.0361122322842471 -0.698029505081912 -0.0498909182126704 0.713415456094446
1461245251.62129   6.92499387038967 -0.300613536772747   2.77720226223053 -0.0544709512393142 -0.697734917057431 -0.0543087560453395 0.71221447612833
1461245251.70227   6.87476510623735 -0.295904028503286     2.775704106425 -0.0525302863418258 -0.698781039298983 -0.0501351252118434 0.711640427008663
1461245251.78013  6.82470043665962 -0.29233170949921  2.77559249246025 -0.0454568537998774 -0.690929606628392 -0.0443650489867959 0.720126166414852
1461245251.86015   6.77270424158003 -0.289049129078991   2.77421155104093 -0.0362445586732942 -0.683464502710332 -0.0513353437068922 0.727273874127204
1461245252.02019    6.6694295705197 -0.288363836085078   2.77014397631278 -0.0366891999463732 -0.669197304087287 -0.0672927510085266 0.739121476126426
1461245252.17992   6.57172352256462 -0.293249897998268   2.76915985698488 -0.0515031588545368 -0.667401820007996 -0.0661759569317668 0.739961470620048
1461245252.34117    6.4772278573746 -0.292014037622776   2.77549865055346 -0.0320875188477832 -0.66657351065279 -0.0592088520741037 0.742391041073553
1461245252.50224  6.38594373034559 -0.28420472712607  2.78271139924757 -0.0389647344868371 -0.677894402084551 -0.0530231158988656 0.732208630288646
1461245252.61982   6.32322242888257 -0.287098475400209   2.78910884345769 -0.0518426722858574 -0.671928509571548 -0.035154199254649 0.737962463564363
1461245252.7797   6.2354277467225 -0.28950804252156  2.79602116319922 -0.0474017042411864 -0.669401509174698 -0.0522752166126141 0.739541749786834
1461245252.90235   6.16473792470717 -0.283949967836116    2.8031069848472 -0.0466870927106575 -0.666403085980465 -0.0419471701285409 0.742945272067968
1461245252.9794   6.11472597809392 -0.278229050248124   2.80756525041374 -0.0439745777631193 -0.659600218027427 -0.043795798166774 0.749049876144214
1461245253.10163    6.0420382085174 -0.270836048198772   2.81166962348904 -0.047351291310292 -0.650691952493777 -0.0637515362413054 0.755177846469265
1461245253.21948   5.96913005481914 -0.268052955994101   2.81257853564627 -0.0561931772982324 -0.64510876564061 -0.071396250819961 0.758669613657771
1461245253.30276   5.92349798712535 -0.263820394211582   2.81233848356619 -0.0707139408443157 -0.639136966919572 -0.085999679615517 0.76099115053537
1461245253.37945    5.8798588372203 -0.263055784058002    2.8109037708864 -0.0678134900081714 -0.637983328958965 -0.0821186396167891 0.76265007150779
1461245253.45962   5.83778191181454 -0.262321397037402   2.80856708043067 -0.0673237200870448 -0.641989537431439 -0.0772629808406907 0.759833785991265
1461245253.5394   5.79717188399371 -0.264725165183593   2.80472002471201 -0.0597367715719582 -0.650461978201174 -0.0621481168835664 0.754631263998916
1461245253.61934   5.75655256850815 -0.264858272136271   2.80020152458375 -0.0633376344417076 -0.658891962130634 -0.0705600514175203 0.746237901373904
1461245253.7392 5.69697144221131 -0.2684287090918 2.79388039777673 -0.0598381502817133 -0.662874857346842 -0.0641194227284036 0.743575832647379
1461245253.85927  5.64139519672198 -0.26498082297697  2.78506058761421 -0.0707852288670251 -0.662765644822624 -0.0777683922779678 0.741406250701729
1461245253.97919   5.58267686105039 -0.259564712151427   2.77539729897183 -0.0683713296326152 -0.663976526048986 -0.0803937225450052 0.740268453681194
1461245254.13891   5.50109442740855 -0.252589284070524   2.76150196112583 -0.0479545579915217 -0.658848832146461 -0.0857656136586172 0.74583029990799
1461245254.2589   5.43872345706917 -0.247386944863054   2.74919547952732 -0.0564822601527004 -0.656292595301394 -0.0862768977181092 0.747426304434586
1461245254.379  5.37495292828986 -0.24668223489668   2.7404740849755 -0.066633662538253 -0.639483414826008 -0.0952496559346148 0.759966065178929
1461245254.57883   5.25940046907288 -0.249271918439243   2.72485818139831 -0.0703555244344037 -0.650492803936801 -0.0801505821899768 0.751987431000417
1461245254.73856   5.16588686442053 -0.250117891842657    2.7188274968218 -0.0614258318989101 -0.652782098672901 -0.0643390920262366 0.752305044556375
1461245254.90128   5.07553139857347 -0.253178107307195   2.71141154496412 -0.0555142212222445 -0.665219103089189 -0.0762657240355996 0.740665413978963
1461245255.02037   5.01059428020091 -0.252051230104627   2.70276890022348 -0.0625548255600888 -0.671459276612063 -0.093883181951522 0.732403769649918
1461245255.17864   4.91492648821917 -0.244185503741876   2.68972782350374 -0.0696880599738645 -0.678759143555769 -0.0984516519341692 0.724387238683807
1461245255.30226   4.83817177021623 -0.241538013414807   2.68005386591091 -0.0581924686314079 -0.682891219368525 -0.0873274293945994 0.722943385874221
1461245255.41847   4.76485190272139 -0.240917771698859    2.6702050189657 -0.0548144152236476 -0.677060987274856 -0.0942617076477363 0.727803908937991
1461245255.53838   4.69141838984087 -0.243468730775677   2.65590820938408 -0.0596817956885542 -0.683717595539481 -0.0892946009958974 0.721799700087278
1461245255.65849    4.6210604754817 -0.242316375979761   2.64297623192151 -0.0651361484000341 -0.691588339889176 -0.096583786541574 0.712835480653309
1461245255.78105     4.549475398155 -0.238822247090373   2.63358054754393 -0.0618226243042489 -0.699314959676717 -0.0868059850379965 0.706824781157304
1461245255.90261   4.47879669493574 -0.235960835794703    2.6255705842935 -0.0506292143439622 -0.709367024253909 -0.0829739415792931 0.6981048865141
1461245256.0181   4.40804735239843 -0.233050109552598   2.62051126327091 -0.0610038548970238 -0.722202287597886 -0.0841940040662454 0.683822897507371
1461245256.13826   4.33757008287156 -0.236667030245677   2.61413243084148 -0.0644016231516139 -0.73214566601877 -0.0828684767376593 0.673014093632927
1461245256.21832   4.28903288238524 -0.238457049686084   2.61061282260792 -0.0587372945617252 -0.730851678464077 -0.0931913292129694 0.67358824995195
1461245256.30451    4.237920501884 -0.23753567678012  2.60568414116577 -0.0565715773056591 -0.736546239527802 -0.0860317189164723 0.668504178759475
1461245256.37795   4.18387425969063 -0.234806098017549   2.60230004322327 -0.0561711223580994 -0.736919866334312 -0.0732802633135352 0.669644621141356
1461245256.45793   4.12879313541829 -0.232063264899819   2.59894162081424 -0.0460486979540202 -0.735868949981289 -0.0812682309468459 0.67065034146636
1461245256.57796  4.04931679719161 -0.23378022647497  2.59371222401621 -0.0438784011277404 -0.728092045095048 -0.0891341107340642 0.678241675280598
1461245256.658   3.99602219148362 -0.238330320523114   2.58645913204429 -0.0473844321529018 -0.735487605308407 -0.0852414215315415 0.67048236224567
1461245256.77786   3.92045018787918 -0.242099683367054   2.58131270471553 -0.0466024323142762 -0.732447760537577 -0.0933590187644243 0.672779744791136
1461245256.90034   3.84686967347064 -0.239005537973993    2.5777936349869 -0.0486612687848795 -0.736947074011678 -0.0825799126710242 0.66912005578156
1461245256.97782   3.79973145280921 -0.238830597069816   2.57537458778612 -0.0376376628017075 -0.737946056855061 -0.079041928905457 0.669157228897512
1461245257.05789    3.7532899591881 -0.240456053581694   2.57194793278054 -0.0274800700040154 -0.738711843469004 -0.0744454918226313 0.66933364387164
1461245257.13772   3.70882021586966 -0.240636624109037   2.56888025391455 -0.0235893947832249 -0.742858527873335 -0.0756325856484885 0.6647439055815
1461245257.21772   3.66704899829245 -0.237611125078998   2.56839263917519 -0.0424586752579543 -0.744496059802648 -0.0809719973443742 0.661336838139034
1461245257.29999   3.6280067981864 -0.24043703399783  2.56555559509857 -0.0400198788229633 -0.744579950427024 -0.0920157387430875 0.659948642353819
1461245257.37763   3.58621208578735 -0.241897976573393   2.56140955361778 -0.034496556408001 -0.747079873964696 -0.0922277678083829 0.65740070608265
1461245257.45755   3.54079612000492 -0.238689198520672   2.55766193055632 -0.0323569732653888 -0.747058469284461 -0.0883626671700927 0.658064365242526
1461245257.57751   3.47011529574224 -0.233179734471865   2.55240822967192 -0.0197074694053278 -0.742012002477323 -0.0862610153082082 0.664521512870147
1461245257.70017   3.39775519681789 -0.228967159329703   2.54748407154455 -0.0156287787356185 -0.733818962525114 -0.0929789124717503 0.672770684073979
1461245257.81732   3.32514976056124 -0.228356028670476   2.54532669547858 -0.034333039862237 -0.726237987110903 -0.0908838031014473 0.680543725843343
1461245257.97728   3.23119194716633 -0.230491344941479   2.54286493790467 -0.0418555388652567 -0.71924076352911 -0.098392980045753 0.686483546359327
1461245258.09728   3.15580386931409 -0.227064810907307    2.5464967965022 -0.0383857163227768 -0.712056043036349 -0.0928953525722782 0.694890769710087
1461245258.21714   3.07818360197543 -0.227640849395045   2.55025014761876 -0.0320093219793 -0.712182813175227 -0.0774349914362733 0.69697551321801
1461245258.29969    3.0251592571018 -0.228743754301922   2.55336176586362 -0.0355303100801612 -0.71514709756441 -0.0779262697337703 0.693707231039281
1461245258.41713   2.94673777146703 -0.230637885076019   2.56026112337885 -0.0367588400618802 -0.70581648011926 -0.0987806191614533 0.70051000945557
1461245258.49973   2.89593203637584 -0.231018314496119    2.5650803338192 -0.0447880920580683 -0.700130859302438 -0.102556338846583 0.705190048160503
1461245258.577   2.84239276473957 -0.231311978784307   2.56742888584687 -0.0411278965785404 -0.703595542114347 -0.100640243361149 0.702234541058792
1461245258.65695   2.78718553830232 -0.230084799977905   2.57209349318368 -0.0309475308273725 -0.700350002603327 -0.0936566484910922 0.706951594087335
1461245258.73692  2.73135276107595 -0.22858301547569  2.57804311350708 -0.0233463888970997 -0.691317072011997 -0.0880326378946679 0.716788606728323
1461245258.8169   2.67592828891583 -0.227988132594654   2.58429484856124 -0.0188436088563281 -0.675577531603087 -0.0902822859031964 0.731497796340115
1461245258.89951   2.62166002038034 -0.228062372548722   2.58865090382855 -0.0266051763580361 -0.661425462222335 -0.0958738468128093 0.743381952977231
1461245258.97683    2.5683232437268 -0.229480641382748   2.59137411768256 -0.040408814331888 -0.654573120943279 -0.0901511054629999 0.749515800531693
1461245259.05679   2.51702665405679 -0.230667991563438   2.59388466315771 -0.054060145107355 -0.65035492958322 -0.0848640901812031 0.752936951195446
1461245259.13666   2.46763117425013 -0.232874786092286   2.59604309904841 -0.0435909951955747 -0.64483437546013 -0.091339095252798 0.757591989821173
1461245259.21779   2.41975415556741 -0.231020165675889   2.60041826832601 -0.0329788934012554 -0.634550508315687 -0.0959496881516109 0.766192992874472
1461245259.29971    2.3716914245728 -0.229464815768404   2.60350414841212 -0.0211093093141392 -0.63473337712762 -0.0894644207806402 0.767244455460469
1461245259.37666  2.32616898128483 -0.22886334793476  2.60568891308965 -0.0161646613555921 -0.636981769867114 -0.077646084307208 0.766788115565164
1461245259.45658   2.27617922269909 -0.227341839448951   2.60563653549392 -0.0239893183734185 -0.639967539924875 -0.0833562703466171 0.763490532122295
1461245259.53661   2.22768453560597 -0.226960259645002   2.60381921698611 -0.0322253074262369 -0.645595842054577 -0.0884661146363006 0.75785307602746
1461245259.61656   2.17863543246131 -0.226446534036808   2.60032879647486 -0.0351899135623642 -0.653306235748052 -0.0944209243762895 0.750358128733281
1461245259.69919   2.12578236962327 -0.222478642405825   2.59798295937302 -0.0440911198166215 -0.656670596446092 -0.100235679463008 0.746185305054341
1461245259.77643   2.06874872430488 -0.217470767233519    2.5952917125885 -0.04692779557357 -0.661398663264891 -0.0973233390969714 0.742211397043347
1461245259.85726    2.0082970068526 -0.215880739423843   2.59291411654621 -0.0358587505415444 -0.662749460253626 -0.0882860578965933 0.742753576177326
1461245259.93635    1.9461893221809 -0.215599277713505   2.59035936916684 -0.0277394132288425 -0.663601881571669 -0.09935392022306 0.740939853338022
1461245260.01641   1.88551650445758 -0.216055602421557   2.58644948410597 -0.036471203249589 -0.668839906345303 -0.102709384155456 0.735373247691225
1461245260.09945  1.82513036672054 -0.21904892274265  2.58529297123714 -0.0423093789979215 -0.667443610871103 -0.101963101973032 0.736432256621198
1461245260.17661  1.76806352522978 -0.22018019042822  2.58665347018561 -0.0513158221769307 -0.665558564229068 -0.10949912032736 0.736483826450507
1461245260.29871    1.6861937802321 -0.221583599087617   2.59318190545535 -0.0541851642197729 -0.665136099170507 -0.08511881848301 0.73987345154342
1461245260.41622   1.60568845648949 -0.223049711141173   2.60165969305994 -0.0349195873141224 -0.663113589018453 -0.085010836565763 0.742855401910268
1461245260.5361   1.53004072589228 -0.226948064837011   2.60777008741943 -0.0309277763289471 -0.665977977241018 -0.0923158640316854 0.739590824530289
1461245260.6563   1.45540374522547 -0.232064516268754   2.60923407517852 -0.0372553959825478 -0.676372720523025 -0.0946735780074746 0.729499069245279
1461245260.77601   1.38340215379297 -0.235350508048023   2.60841303344083 -0.034064493494193 -0.687001167575697 -0.103993099438085 0.718369293122886
1461245260.93593   1.28912929536806 -0.234811600166331   2.61174412776957 -0.0241416248127601 -0.692733391930535 -0.0842360184049175 0.7158504891799
1461245261.09779   1.19483029072123 -0.234577794964917   2.61283237037123 -0.00134285381667249 -0.69213691937736 -0.0951072490660343 0.715471378011403
1461245261.21575   1.12110864442713 -0.237261375595623    2.6127914454329 -0.00586300928113818 -0.69721080569128 -0.100479380608297 0.709765180621069
1461245261.33573   1.04895266112623 -0.241508650812297   2.61302760869989 -0.013469449256719 -0.704364674713192 -0.106332463791709 0.701699640941112
1461245261.45567  0.969704016601025 -0.243212302861515   2.61518124863247 -0.0122543530268483 -0.715072568631589 -0.0979577546283697 0.692044312692969
1461245261.57701  0.895113204008909 -0.243445300691459   2.62427993377547 -0.00159453285392621 -0.707171463965984 -0.0939760073981987 0.700767071180345
1461245261.69828  0.823959089744122 -0.246615869062972   2.63083880927202 -0.00143727965691432 -0.711411066968616 -0.090595080075833 0.696910869112986
1461245261.85542  0.736918215109871 -0.256111475320037   2.63086464962832 -0.00719256099358385 -0.7232067056349 -0.0894404943780059 0.684777866140902
1461245262.01739  0.642795071823421 -0.256160801850171   2.62620364929963 -0.000640723269104714 -0.730194541267656 -0.0958975530753465 0.676475558088222
1461245262.13538  0.568904380302055 -0.249455948477909   2.62598709214645 0.00284739745768368 -0.725311750001278 -0.0907818538986907 0.682402676314006
1461245262.29751   0.47262606822036 -0.246660123405148   2.62233475231069 0.00735094688325322 -0.714064820718688 -0.100923245327867 0.692727864276007
1461245262.45519  0.375470353253312 -0.253904234312687    2.6165369944105 -0.00343658141584927 -0.708275383019139 -0.0903375183238947 0.700123777985253
1461245262.57528  0.301053783636366 -0.253074904787087   2.61094023588567 -0.00359892037158266 -0.701951169974918 -0.0987426865915732 0.705337851378813
1461245262.69806  0.218883370975319 -0.247657398567053   2.60299033420867 0.00318730122640322 -0.704952217632377 -0.106194562741241 0.701252398791108
1461245262.8162 0.143081935139795 -0.24680898232609  2.59353441542116 0.00679162776881249 -0.710882441427159 -0.092247646090682 0.697201835951069
1461245262.93492 0.0737451559841831 -0.248525921327234   2.58553448373405 0.00515058816897358 -0.716081037575925 -0.0997855598468047 0.690828677105808
1461245263.015 0.0310619158500121 -0.253073857561677   2.57864416205417 0.00612941659884678 -0.728988814691231 -0.0971666656572049 0.677566511415886
1461245263.13473 -0.0273037316099596  -0.253707923621969    2.56101720145071 0.00261443444467368 -0.754004046264697 -0.0891895014338084 0.650781296429906
1461245263.25483 -0.0761208758843779    -0.2441896266384    2.54127822133857 0.00932304072808839 -0.768027721840327 -0.0992892505074264 0.632604255542131
1461245263.3748 -0.116464880724276  -0.23610193903613   2.52129363824159 0.00600184859434281 -0.786015811407764 -0.0917793902400763 0.611326153176523
1461245263.49473 -0.147384270038814 -0.234957318958239   2.49907425266192 0.00633163537519488 -0.812979741098968 -0.100262742509199 0.573560139323388
1461245263.65711 -0.184158842972049 -0.240177665109655   2.47094480948324 0.00542741886532803 -0.838908846434387 -0.106548752933909 0.53371326922498
1461245263.81477 -0.217872238062397 -0.240619995794833    2.4403269402613 -0.00538762772716286 -0.867930986842198 -0.0967496154081186 0.487140931830804
1461245264.01557 -0.260513230453415 -0.236263426381841   2.40500296321486 0.00323667108531468 -0.892562492147189 -0.106746014630219 0.438094749948969
1461245264.13439 -0.280697476692036 -0.237490544615851   2.38176891253208 0.00652689235949728 -0.91246392133507 -0.103999736185759 0.395665321719312
1461245264.25427 -0.297960154108478 -0.235886895259677    2.3572982222309 0.00339519751992197 -0.929119653303021 -0.11075065339457 0.352788088308762
1461245264.41417 -0.312847499438989 -0.231548888133599   2.32511969982565 -0.0115764401949584 -0.946053844915444 -0.115054848814668 0.302672249004351
1461245264.53421  -0.31980165839421 -0.223422219469819   2.29565555928418 -0.0123532611796458 -0.955260763678574 -0.125248948849739 0.267650838082921
1461245264.65421 -0.328895097027245 -0.209782344150788   2.26350627907598 -0.0126027998358793 -0.958304875427189 -0.14779295137961 0.244233860656709
1461245264.77413 -0.338945704155933 -0.196909620165391   2.22630150825233 -0.0210311487213841 -0.960699430710297 -0.156039320834684 0.228617639235955
1461245264.85408 -0.346713660215765 -0.187910250185014   2.19958785813217 -0.0199959201729809 -0.958753602335912 -0.166638183966364 0.229397926818747
1461245264.97402 -0.357662141382337 -0.176042323355237    2.1582888274891 -0.0228154639021338 -0.95372942462597 -0.182950730618861 0.237505093367641
1461245265.09657 -0.366371715854252  -0.16413534877024   2.11137210450657 -0.0321339192279982 -0.950499983993647 -0.196829065656881 0.238276122546435
1461245265.17396 -0.372372209695605 -0.157030817272491    2.0791962972522 -0.0342445128384001 -0.948101336580866 -0.20629403696972 0.239528577052452
1461245265.25391 -0.379347764221736 -0.148844985752697   2.04644910917083 -0.0419439063248782 -0.944798891511485 -0.215447627082492 0.243265458512719
1461245265.33389  -0.38794424480338 -0.137949772973929   2.01350830311876 -0.0486878877886767 -0.941891324424625 -0.23108458271919 0.23889357083396
1461245265.41607 -0.400099231567776 -0.123527338683282   1.98336669823138 -0.0576354983058996 -0.934856571033183 -0.249404927628685 0.246005128006796
1461245265.49704 -0.415577522827995 -0.107498637113761   1.95500213587989 -0.0723573609777455 -0.927194942178927 -0.261336530104601 0.258412789046981
1461245265.57367  -0.434249967938269 -0.0915172587195748     1.9295745408006 -0.0749222599161555 -0.917742779305846 -0.27452481770257 0.277075748607501
1461245265.65472  -0.449964974369482 -0.0767062884633221    1.90290077117378 -0.0801149350619651 -0.914627732807628 -0.281222273881261 0.279198388663416
1461245265.73371  -0.464652972391518 -0.0623713106191333     1.8805340116903 -0.0869470312009585 -0.908642505905646 -0.288632858316871 0.288963809717897
1461245265.81357  -0.476578264723316 -0.0472510025263919    1.86196517048868 -0.0970076685137868 -0.896446039187279 -0.30988297219541 0.30157346471183
1461245265.93358 -0.492550460917837 -0.033925130220902   1.83572244419174 -0.113862943432103 -0.887814048747182 -0.317541199842776 0.313031997346158
1461245266.05406  -0.504390379446915 -0.0219958577261091    1.81179670722394 -0.117815262504824 -0.876755466107353 -0.345974983450371 0.312603146814477
1461245266.17347  -0.518166986567114 -0.0100608864593684    1.78507902652406 -0.137741083109915 -0.868278725644125 -0.351282985159972 0.322055450124076
1461245266.25348    -0.529755032039862 -0.000854003590196661      1.76431863898843 -0.141427967133541 -0.860394546446844 -0.360266921944883 0.33155255919592
1461245266.37323  -0.551133295625524 0.00767155243644919     1.7288427427759 -0.14773854052618 -0.852744076691074 -0.352437773676838 0.356073698828201
1461245266.45334 -0.56521471975195 0.011901748907491  1.70363222641031 -0.150867732216507 -0.84637710024646 -0.34822235528874 0.373665522668876
1461245266.53319  -0.57723396612426 0.0137497396072651    1.6785176956421 -0.152570918552746 -0.840916669180194 -0.341548504701318 0.39105739891115
1461245266.65318 -0.592378462960462 0.0145382556439434   1.64359825150708 -0.172079230138296 -0.834270464173226 -0.332698811460252 0.404589955406876
1461245266.77319 -0.606109639760562 0.0128097124580126   1.61510780511523 -0.181921292003566 -0.82890309196791 -0.319341544667779 0.42171706805747
1461245266.93311 -0.620573721412463 0.0159159106166477   1.58089069239763 -0.183706789063741 -0.822394473045952 -0.317737599724419 0.434697554716755
1461245267.09505 -0.632746998114019 0.0225260927847691   1.54494029806544 -0.163406545428715 -0.826592400626752 -0.332122543025388 0.42395509261183
1461245267.2529 -0.647612634001941 0.0300930583733364   1.50757610310977 -0.161153519032837 -0.830652398826791 -0.338240850167326 0.41187287226123
1461245267.37569 -0.662562376385731 0.0368870843149427   1.47223309576725 -0.147174097516977 -0.840864977151338 -0.347481148969686 0.387998358670563
1461245267.45515 -0.674641093931531 0.0412248365432842    1.4445750095797 -0.131486663734286 -0.849409776040659 -0.354512048500846 0.36815145944885
1461245267.53279 -0.687381954852288 0.0454115183143328   1.41447129267929 -0.126000029444861 -0.857185292383347 -0.361353849622559 0.344645850786755
1461245267.61243 -0.700045773746372 0.0452139203983871   1.38042165235519 -0.112319631728823 -0.869127680608604 -0.361997328259185 0.317740947095936
1461245267.6953  -0.70970099220484 0.0417778877909328   1.34580554823318 -0.101149964143344 -0.881054524790351 -0.363893056016484 0.284769122067744
1461245267.77273  -0.71830681604624 0.0336584930483553    1.3115801169869 -0.0880396799011396 -0.893514008953778 -0.357184988437036 0.257489057246104
1461245267.85338  -0.72225037321776 0.0229778028590418   1.27855999979594 -0.0714079608219383 -0.905802900371861 -0.35659505714963 0.217398192323737
1461245267.93363 -0.726334640423622 0.0129910376252895   1.24764178097673 -0.0571592099631429 -0.912432600470098 -0.359021161719299 0.187891936371653
1461245268.01257   -0.73167779317877 0.00508454513620554    1.21465488800375 -0.0522558718321257 -0.922991223017035 -0.34741574224596 0.157031296664936
1461245268.09249  -0.738436412490949 0.00179706179139905    1.18066865983883 -0.0448428869644051 -0.931766112862414 -0.337136898919068 0.127042267758404
1461245268.1725 -0.747691990308121 0.0015698390751745   1.14521548614573 -0.034949433990296 -0.937992930554044 -0.330278288910304 0.0993179297452206
1461245268.25245  -0.759376381215563 0.00115611369932922    1.10670675085089 -0.0320442930302434 -0.945724155696128 -0.312681038446874 0.0825200146196189
1461245268.33238   -0.776232747817389 -0.00359042088959394     1.06583557197273 -0.0396840332909835 -0.953490259279066 -0.289097143899312 0.0755271100397727
1461245268.41235 -0.787279874225431 -0.011193538338308   1.02655278058727 -0.0226931628138517 -0.959604729954012 -0.275897373183657 0.0502436272750177
1461245268.49555  -0.797094081071014 -0.0209949718007925   0.990811841665948 -0.000477289624738503 -0.963014161714604 -0.2676958352165 0.0306991260375979
1461245268.57231  -0.806732394022986 -0.0311952262504543    0.95785184001234 0.0173465902591491 -0.964797462290257 -0.262369348554212 0.00522278698589381
1461245268.65222  -0.816539489539181 -0.0385742841315289   0.925855002396144 0.0165332193243502 -0.96565315569534 -0.258920694873736 -0.0141671916944162
1461245268.73338  -0.824919474321263 -0.0438875934187933   0.891664041414155 -0.00617160897152621 -0.968737247952001 -0.245223594808516 -0.037086981843687
1461245268.81299  -0.834143087357133 -0.0468272737995383   0.854448618460277 -0.00999189332664143 -0.971845330440359 -0.228167627384861 -0.0579340105860235
1461245268.93212  -0.849536183577879 -0.0461152845374315   0.794678837867547 0.013968562593274 -0.971819115498276 -0.219447871996982 -0.0849418476795932
1461245269.05205  -0.862959228695051 -0.0506866935736767   0.733572556898286 0.00147017684590345 -0.972050892710934 -0.204958904460731 -0.1144847065864
1461245269.13199 -0.866670069937677 -0.060659225645289  0.694823349804763 -0.014028319218264 -0.969746738751414 -0.193799665564283 -0.147770628231994
1461245269.25198  -0.873330609685899 -0.0746931070243076   0.638865210154841 0.00557932081359664 -0.968067655589552 -0.181507540407026 -0.172826207954694
1461245269.37197  -0.873537701822898 -0.0789887402882505   0.583333363905573 0.0116145842948662 -0.961897129189619 -0.182465349093191 -0.203286523578733
1461245269.49193  -0.868652793817392 -0.0711153361022054   0.523514966799361 0.0199478139167725 -0.955972697564112 -0.180267858862589 -0.230698472671655
1461245269.6118  -0.858608856066419 -0.0581761841558035   0.458837081202092 0.0333815151127536 -0.952824952614189 -0.167349343898271 -0.251006934608118
1461245269.73158  -0.842154873854629 -0.0531306160229232   0.396124677310787 0.0306392042955302 -0.948594406031707 -0.154898562555495 -0.274292412078298
1461245269.85168  -0.822303109146949 -0.0562351491450271   0.338430856423807 0.0325253685984204 -0.937759632904393 -0.154643258626859 -0.309248175182686
1461245269.97166  -0.799501383504284 -0.0550916744370617   0.284763514425802 0.0356401356800028 -0.92850349030131 -0.169464859935416 -0.328470258127073
1461245270.09158 -0.771686306312314 -0.050016442607397  0.232834931344287 0.0366710875515902 -0.917109548131187 -0.168156848285287 -0.359567215467642
1461245270.2115  -0.740004184944302 -0.0418444282734486   0.182783319839925 0.0559989041093898 -0.905793023499006 -0.156211907213399 -0.389873006713506
1461245270.33198  -0.710185088170452 -0.0386827835947511   0.137131649173798 0.0508664157238559 -0.896799820173948 -0.146184175661077 -0.414479042984894
1461245270.41142  -0.686408199530459 -0.0415899952887718   0.113090753725611 0.0369192716119475 -0.87991908555316 -0.147239646000656 -0.450222008467529
1461245270.49141  -0.664882724438138 -0.0454603591837793  0.0894154749526894 0.0444863875091907 -0.863459157917979 -0.147154463288486 -0.480421489806852
1461245270.61133  -0.632692655901003 -0.0490077070927913  0.0638939506554478 0.0619009074443537 -0.843496513156115 -0.149098002177298 -0.512300395957079
1461245270.6914  -0.609512438885311 -0.0501598308333306  0.0506096774479711 0.0587428807808167 -0.825868381187727 -0.150886917488892 -0.540114644351211
1461245270.81123 -0.573989411260023 -0.046218720920478 0.0352011353839626 0.0605339598760275 -0.79575657434277 -0.149342020865383 -0.583784270853395
1461245270.9312  -0.541950014073303 -0.0395207354798693  0.0212329551803448 0.0682899499988189 -0.771797078286737 -0.142926967664446 -0.615822729843143
1461245271.05106  -0.518333281497628 -0.0392314632886712  0.0132494631609223 0.0455052273359806 -0.754112970028989 -0.13328107378811 -0.641466334338013
1461245271.21103  -0.505319890419301 -0.0430165714750049  0.0150896623373585 0.0571909621032264 -0.71475297342655 -0.116914206142145 -0.687159697038298
1461245271.37125  -0.516662112925304 -0.0532603044081677  0.0275946817881771 0.0463881580921446 -0.677921505152879 -0.112203595053348 -0.725038567868757
1461245271.49376 -0.539495643355987 -0.060735741232049 0.0443442666947484 0.0484097357642454 -0.641297632124416 -0.101072939840008 -0.759063966571297
1461245271.61148  -0.576280074739597 -0.0655205308147331  0.0607918448381603 0.0475233234854073 -0.607850590037224 -0.0961523744206224 -0.786774373508426
1461245271.73093  -0.625431425437147 -0.0693652682154597   0.077011677599976 0.0384065103215383 -0.574624620802943 -0.0915657312836151 -0.812371344882679
1461245271.85321  -0.684298586914905 -0.0719070904620032  0.0943385271352466 0.0376936146467915 -0.538349136521437 -0.0887537527997797 -0.837187057941914
1461245271.97075  -0.749426732938063 -0.0746843595959265   0.110673201516504 0.0380065184200976 -0.504412414876422 -0.09268448396262 -0.857632326063274
1461245272.09279  -0.817222858606982 -0.0772207522963617   0.128909058106927 0.0467947331883102 -0.473338054092827 -0.0903003915383991 -0.87498981638729
1461245272.21069  -0.888599973170842 -0.0803672528464115   0.150765289475908 0.0486926295246898 -0.440557451177137 -0.0844607151538466 -0.892415008635544
1461245272.33063  -0.960762228986344 -0.0807972772820077   0.178271850062302 0.053270426233508 -0.413726438278502 -0.0670629375680248 -0.906363756095219
1461245272.45056  -1.03608616129389 -0.079773778249454   0.20734900002821 0.0507298313042986 -0.390148542348756 -0.0633722151855156 -0.917166594170034
1461245272.57046  -1.11518153618379 -0.080019126737678  0.232895380816226 0.0505662347815673 -0.372840255916577 -0.065729816634084 -0.924182228066157
1461245272.69055   -1.19503130843315 -0.0794848096168549   0.252197686170156 0.0458535800041808 -0.351505756772071 -0.0875556300478761 -0.9309538999348
1461245272.81044  -1.27954187152028 -0.080806421843176  0.265155669945184 0.0473886797336227 -0.324178239518578 -0.081845591796943 -0.941256649994648
1461245272.93027   -1.36613989744189 -0.0765310834537059   0.272264907136175 0.051810571912601 -0.286335091207201 -0.0660799144134396 -0.954442939673486
1461245273.05026  -1.4579543041498 -0.06988832791617 0.271542183891427 0.0641585363011846 -0.244623035596507 -0.0518342969496658 -0.966103751330557
1461245273.13022   -1.52097601166768 -0.0672764408793172   0.270793015688777 0.0717245681917473 -0.216069268642938 -0.0467300194147095 -0.972618097071669
1461245273.21019     -1.584834203267 -0.0641816050013043   0.267343608327705 0.0802776291388437 -0.180895762425365 -0.0456636629462511 -0.97915629767812
1461245273.29069  -1.64745233481107 -0.063181190406507  0.265726040050099 0.0843146768474804 -0.151821146070492 -0.049162002221519 -0.98357738506511
1461245273.37   -1.70775652123931 -0.0608193252685836   0.261069244259291 0.0853251906988693 -0.117902123892694 -0.0492627125376866 -0.988125440501975
1461245273.45007  -1.76601208081887 -0.055987553751344  0.255369163510731 0.0941952166489164 -0.0851305274891121 -0.0412497996211413 -0.991049195792573
1461245273.56996   -1.84573608090388 -0.0515651449723553   0.246862078854304 0.0947921411628509 -0.0552025749307693 -0.0403191730171232 -0.993147265002522
1461245273.69236   -1.92301246880454 -0.0496833365052844   0.240135580537652 0.0865481530505559 -0.0381113450859548 -0.0438207885606103 -0.994553508399223
1461245273.81   -1.99881173223307 -0.0490947038755325   0.232250504711995 0.099799856569393 -0.0109283801000447 -0.0427972240155124 -0.994026637849149
1461245273.89239     -2.046164192724 -0.0515105212455743   0.223439796918829 0.106591551991984 0.0184146346544333 -0.0434445375031366 -0.99318261887511
1461245273.96983   -2.09010730792943 -0.0563663182151062   0.214830202215811 0.10842140733079 0.0521403488253962 -0.0435386573180379 -0.991781512116313
1461245274.09242   -2.14336896494395 -0.0614181071502809    0.20175408904083 0.105499656381688 0.0985339960745972 -0.0388172669106773 -0.988763922233463
1461245274.20978   -2.18039208761397 -0.0603114166104641   0.191009664813957 0.110197059915517 0.140289418381587 -0.041360382242737 -0.983089419054476
1461245274.36988   -2.20870105196265 -0.0565965442061917    0.18336207143675 0.118004593411768 0.194791011387023 -0.0272134577527885 -0.973340025650688
1461245274.52961   -2.20984282018647 -0.0531619807470005   0.189686392571927 0.12543204175238 0.24454658550757 -0.0225184549920059 -0.961226658808
1461245274.69168    -2.1756281894174 -0.0601059122023269   0.210841121709327 0.115087539858946 0.271638342763578 -0.000754052936828734 -0.955493014267525
1461245274.80959    -2.1315211509576 -0.0635934609586064   0.236468363962829 0.103955699464167 0.296076870979571 0.0105215743569885 -0.949431933048869
1461245274.92947   -2.07553304503235 -0.0669461019642957   0.267779960094673 0.0964838609817635 0.304947092425823 0.0115106178965735 -0.947399409471384
1461245275.04933  -2.02067337119002 -0.069158558608034  0.299526099867157 0.0997430714597796 0.313304586517085 0.0217719575938286 -0.944149107729102
1461245275.16926   -1.96323802080309 -0.0705550521306771   0.335815858521085 0.108283643241262 0.319338281963761 0.0285089201120938 -0.941002101885471
1461245275.29199  -1.90342473313895 -0.073298354229993  0.379107610875904 0.100251083658379 0.333058557944908 0.027506277901785 -0.93715800262334
1461245275.36939   -1.86207306664549 -0.0725928269210643   0.411113624009751 0.0921646434048031 0.342205453004702 0.0361982336627684 -0.934393276045803
1461245275.4491   -1.81889271028058 -0.0721378915948058   0.445585859151374 0.0777099157166549 0.347026122739425 0.0386031504995444 -0.933832873648846
1461245275.52901   -1.77423182168845 -0.0718999525024915   0.479321761160217 0.0736715839327545 0.352742368522177 0.0548994190394178 -0.931198890119258
1461245275.64894   -1.70750459617842 -0.0758822589842851   0.530710130675379 0.0805447534885714 0.355640746254076 0.0642646150140894 -0.928925326141127
1461245275.76902   -1.64181519789034 -0.0858213267251515   0.577610132651349 0.0777580346558992 0.363059798528038 0.0625678929994884 -0.926405164873792
1461245275.85172   -1.60027295610946 -0.0900747556721083   0.605043568277858 0.0715250979825825 0.386524082953196 0.0855947613445155 -0.91550905538184
1461245275.9713  -1.52770464607395 -0.091551144554648  0.647318169689706 0.0623615515394615 0.401303039426473 0.105772358140418 -0.907677870001291
1461245276.04888   -1.47769877888984 -0.0892103973803837   0.671930124450592 0.0647630554620296 0.416859467334696 0.11036868966178 -0.899918153768995
1461245276.12886   -1.42924748440951 -0.0883375587260616   0.692420156386715 0.0703004245234881 0.431571359205132 0.104516022983991 -0.89324152006345
1461245276.20887    -1.3880071647205 -0.0878492633476854   0.710730154765394 0.0810160562696374 0.450600072167313 0.103656167565635 -0.882978693126246
1461245276.29324   -1.35337428432884 -0.0878497842171666   0.728754971613154 0.0928703330593325 0.477550017331119 0.10850688119919 -0.866918300024242
1461245276.36985   -1.32170145206376 -0.0906277129343648   0.748007326284417 0.0920727865642062 0.506213388590637 0.111869833723563 -0.8501504263885
1461245276.49225   -1.27709459863187 -0.0926512814100774   0.782158311367992 0.0815216074957841 0.543929188555158 0.11212606162906 -0.827600756193823
1461245276.60863   -1.23859768794728 -0.0962357715003895   0.819870445516082 0.0397696375644571 0.578603668187413 0.120040848298015 -0.805745844437285
1461245276.72846  -1.20382713751462 -0.101568491380657  0.857890247596296 0.0286959568995098 0.613659311956251 0.117679120256931 -0.780224593025981
1461245276.88842  -1.16751649578961 -0.114732704579774  0.907106403072925 0.0395188686310694 0.635266029830467 0.1343817522606 -0.759484611447084
1461245277.04835   -1.1454041962443 -0.125397909220451  0.952715096746291 0.0334562057409499 0.674529413587953 0.131281720663971 -0.725710591297673
1461245277.20824  -1.13096015740192 -0.126634602383649  0.993954149511753 0.0222746027661858 0.714794945810004 0.14535560562673 -0.683698599844236
1461245277.36855  -1.12693200838137 -0.128097446887433   1.02747245272595 0.0354268168059183 0.75551212994729 0.146397610567535 -0.637584584015035
1461245277.52802  -1.14314076294521 -0.130448048656973   1.05546888165625 0.0511634836478331 0.790935114187649 0.152579557435086 -0.590358722929459
1461245277.6912  -1.19013018358533 -0.131043855283514   1.08479922521892 0.0527736999224258 0.816339597567277 0.143944046861278 -0.556852502385858
1461245277.84824  -1.26090466418237 -0.131527818897798   1.11021972763875 0.0435928800834636 0.836596551307551 0.140436316578412 -0.527715370377091
1461245278.00822  -1.34338861773667 -0.136927218562862   1.12909137695785 0.0282500171202805 0.847119445277129 0.149781258085203 -0.509073822438835
1461245278.12789  -1.41343231854516 -0.142613674934376   1.13600473194592 0.0230154450727003 0.853523865488092 0.152214188202641 -0.497793271589906
1461245278.2479  -1.48893892170743 -0.145992024626438   1.13561455687584 0.0240610748266714 0.860904354211712 0.143920471343121 -0.487392711789861
1461245278.36896  -1.56913851475836 -0.153003844722702   1.13294901130989 0.0143546899316956 0.869746966362351 0.127329092233028 -0.476572617395887
1461245278.49015  -1.64303448698755 -0.162754102521112   1.12375650408491 0.00910946161325919 0.884704057837177 0.107426039498525 -0.45351449127146
1461245278.64764  -1.73627908566053 -0.173528329453017    1.1017702892834 -0.00732835031021721 0.897404268647333 0.119378249098035 -0.424688953868079
1461245278.76757  -1.81079054068562 -0.177745841029451   1.07602369057451 -1.37799668198899e-05 0.908992301718161 0.11418578273209 -0.400867312522601
1461245278.88973   -1.8855091549005 -0.178412914975595   1.04633551608286 -0.0100377554469085 0.918374017600252 0.101447174301474 -0.382357003451756
1461245279.00921  -1.95523286640682 -0.179157601029547   1.01358144973064 -0.00209671075385584 0.926718230916843 0.0738650219061105 -0.368419438723288
1461245279.0897  -1.99384220263231 -0.182150843424214  0.985684054038771 -0.00906681112995103 0.938854140864056 0.0626956946290412 -0.338437505299473
1461245279.20729  -2.04970292882022 -0.182112992214014  0.944837182028262 -0.00984140056203565 0.948461688001314 0.0760909716892731 -0.307463391733158
1461245279.32732  -2.10079970098116 -0.176811362286628  0.898149572163228 -0.00363857014696183 0.955536018292662 0.0938559203984186 -0.279515195935491
1461245279.40736  -2.13047869501281 -0.171514958357021   0.86265517996115 -0.00129141112409938 0.964609887346455 0.0954682626170524 -0.24578834049574
1461245279.52741 -2.17359654660326 -0.16772288640843 0.810283597818939 -0.0124819060738749 0.975576725530044 0.0898547403001165 -0.20005094418782
1461245279.60795  -2.18830585297491 -0.171820759765695  0.777115987582001 -0.00910947802038147 0.984634595901468 0.0747370961620368 -0.157562991915664
1461245279.68916  -2.19689207920606 -0.180170059600217  0.743542639442989 -0.0244554133954654 0.991780114247798 0.0691094685099388 -0.104871440824259
1461245279.76718  -2.20610618536568 -0.186754741114738  0.710739582277388 -0.0246379931906303 0.994686886066066 0.0754223299586942 -0.0655929883701952
1461245279.84708  -2.21054561654509 -0.191506795952553   0.67952434308237 -0.0258402216718491 0.996139348242583 0.0806321384286064 -0.0231762826877448
1461245279.9676  -2.21765933253993 -0.191781508143564  0.630587011162464 -0.0136525352447929 0.996085909443779 0.0808010988011337 0.0331308273588142
1461245280.08962  -2.22340703470379 -0.183400417040766  0.580288414498012 -0.0112998157395943 0.994134159940203 0.0694046288471481 0.0821741060117328
1461245280.20689 -2.22026645326938 -0.17405584337695 0.534565928654542 -0.0244624430367597 0.988519237734007 0.0705323299406487 0.131363982672552
1461245280.32689  -2.21412648209138 -0.168289594398364  0.490266339952475 -0.0219449574182482 0.980568768191127 0.0788648389789938 0.178279687190844
1461245280.44681  -2.20291758255408 -0.160423559119417  0.448156338959413 -0.0317897227960435 0.969361928027505 0.102170140515068 0.22110659963574
1461245280.56666 -2.18239038288992  -0.1542640914853 0.400664383377094 -0.0221705240340434 0.957879047819078 0.100846665978295 0.267966691165777
1461245280.72668  -2.15292316206212 -0.148511606825912  0.330948554955488 -0.0389200347711873 0.945555692403839 0.0963362681135419 0.308429873556475
1461245280.84938  -2.12432102911758 -0.150934707098662  0.288129864908961 -0.0327282874575382 0.928965347633728 0.0869246428234567 0.358324362227659
1461245280.96659  -2.08906851118766 -0.150801554002891  0.247069325126781 -0.0336378182100149 0.913891934287247 0.0897708428069764 0.394475886984881
1461245281.08898  -2.04715290325126 -0.144147450683285  0.207953957624695 -0.0301556536219463 0.900968380805221 0.0974148432829203 0.421730911425776
1461245281.20936  -2.00048373988542 -0.135829251608216  0.171820362566155 -0.0303452478637091 0.887517846809262 0.0984169260634578 0.44911618339953
1461245281.32632  -1.94495797772226 -0.131866803158473    0.1388613888053 -0.0234534867074803 0.879445234602889 0.0816796541776854 0.468352909021546
1461245281.40637  -1.90695131735905 -0.133680794754575  0.120393626396344 -0.0270717554050094 0.873717385309459 0.0621174912951558 0.481691257905403
1461245281.52616  -1.84631532284999 -0.130351675732964 0.0947594448160278 -0.0269383298052404 0.857641871522749 0.0698750367129908 0.508765393715629
1461245281.6463  -1.78223573350423 -0.124019446338985 0.0707029940360582 -0.0352335632389418 0.84523944169396 0.0815003009089041 0.52695975479929
1461245281.76626  -1.70840753003337 -0.113273185400172 0.0532105488492456 -0.0478428333011185 0.828916698521025 0.0862905996744664 0.550601582473703
1461245281.88893  -1.63468300543371 -0.107922948761861  0.038271938339848 -0.0489076047063615 0.812872756990032 0.0848420488459699 0.574149591912185
1461245282.00601  -1.56519637373224 -0.108958436865401 0.0290538139949543 -0.0201283583258026 0.791066744725938 0.0847846991679499 0.605491378441359
1461245282.12594  -1.49692270095678 -0.111118885565265 0.0259680536265472 -0.00557932561330298 0.762014675357702 0.0861817438109965 0.6417750483611
1461245282.20593  -1.45057611277583 -0.109786871345815  0.026138814875224 -0.027606806143402 0.7461713733023 0.0869120476929885 0.659478916937101
1461245282.32595  -1.37903047307101 -0.106629015327445 0.0277557539296607 -0.0321887020599092 0.722151684632894 0.0930854247613545 0.684686742633864
1461245282.56581   -1.22668034693731 -0.0979899012021027  0.0306597629029652 -0.0237002158541119 0.69300927709916 0.0628966253736139 0.717788587356737
1461245282.68826   -1.15237973058968 -0.0967222851328767   0.033654647224256 -0.0439869247257918 0.675651269994244 0.0552748520893592 0.733829137153079
1461245282.80864   -1.07856412614207 -0.0983343299358567  0.0336502728912147 -0.0487636179148894 0.664263716561367 0.0640165981719741 0.743153886881055
1461245282.92576   -1.00324455509717 -0.0947532818073511  0.0394160385876597 -0.0495491486281423 0.64665096526281 0.0745429657552772 0.757516176230785
1461245283.04559  -0.926336286374755 -0.0906143252636371   0.044052606889855 -0.0475872252140184 0.633547559136304 0.0754397894402045 0.768545239057584
1461245283.16664  -0.853868753856907 -0.0904931713322287  0.0469263758708055 -0.0290788196971902 0.616938286611804 0.0747749333135033 0.782911413957844
1461245283.28968  -0.789556867733668 -0.0922453546104447  0.0555695866303037 -0.0314295000461958 0.58619519857365 0.0772567266548229 0.805865233077236
1461245283.40543 -0.723665537744592 -0.090554369761231  0.060303667412657 -0.0514874792013526 0.568336888506855 0.0797563253412815 0.817301137412577
1461245283.64531  -0.591851297504774 -0.0779106481608385  0.0594657361780385 -0.0449108392105054 0.528994634390952 0.0896847631196822 0.842676887407717
1461245283.76597   -0.52719756435079 -0.0682975759966577  0.0454281617426917 -0.0460349047515118 0.53520974535245 0.0670150836240299 0.840797415904182
1461245283.88509  -0.467788759291806 -0.0618511072460925  0.0310450512885564 -0.0502065311810445 0.527485676532596 0.0588982492038887 0.846031418754902
1461245284.00657  -0.411141410182187 -0.0577289610168217  0.0177306623601388 -0.0665387387747434 0.513289958466447 0.053808122436519 0.853938347153725
1461245284.12675  -0.356022284525712 -0.0481368755330939  0.0039204126185628 -0.0712311506688526 0.498889417374169 0.0707050095493825 0.860834638029323
1461245284.36496   -0.25493235329006 -0.0144282747233806 -0.0356807574147884 -0.0872888692097842 0.474847673383113 0.0773490232131936 0.872305834557288
1461245284.48787   -0.208766601756231 0.000256102414644552  -0.0562629001724999 -0.0856245323230839 0.460727407270868 0.0878897549560403 0.879018820405845
1461245284.68773  -0.146975440742002  0.0196438656177897 -0.0824030969163125 -0.0975632043376682 0.423466086140732 0.0971380949938454 0.895389348579144
1461245284.84477 -0.109830456991007 0.0313537384018272 -0.103544213236935 -0.106968989808205 0.422269340896707 0.110766287904934 0.893295622076944
1461245285.04468 -0.0734087215438895  0.0474001326867671  -0.118435675542549 -0.127876932529938 0.438614296390915 0.100501791732494 0.883835040596827
