1461162996.11289 -9.88133034634716e-06  9.57144483532567e-06  1.62978875094348e-06 1.30564348394779e-06 8.90322350285606e-06 -1.15622281730973e-05 0.999999999892671
1461162996.61255 -0.00200076769249011  -0.0286182736108882  8.5168754979244e-05 0.020498798021547 -0.00548223101383917 -0.00179119706853462 0.999773242308397
1461162996.63251 -0.000773438012128234   -0.0300752018463204  -0.00106434253223066 0.0221526034438335 -0.00392441945462189 -0.00160643526490183 0.999745607871495
1461162997.49252    0.022376831237379  -0.0173796429553447 -0.00611162579101457 0.0045599919488327 0.0262841572310985 -0.00312715806852214 0.999639220136191
1461162998.97305  0.0524643047853875  0.0048944360523065 0.00152802772639274 -0.0162682037878411 0.0441596189753688 0.0166990476436374 0.998752429486539
1461162999.93234  0.0170312595683648 -0.0141453361782636  0.0132562589345916 -0.00539307104306831 0.0524066750269827 0.020999998181345 0.998390432282744
1461163000.21231 -0.00655177206952442  -0.0299153343473847   0.0300271959192383 0.00708950048095619 0.0777360100803148 0.017546132213854 0.996794354400173
1461163000.5123 -0.0403991430702879 -0.0282273056110762  0.0516852217566158 0.00560096698326881 0.0922057314682058 0.0214099611146257 0.995494020985729
1461163000.73222 -0.0754190631108472 -0.0216219520383656  0.0727035394769101 0.00868963655990874 0.113699862384668 0.024761675701535 0.993168510841245
1461163000.93229  -0.108006712621981 -0.0154994402182481  0.0920619900145411 0.0125503974830332 0.141886541205224 0.0347581327972399 0.989192887738426
1461163001.13229  -0.141706936564007 -0.0227839057469278   0.111786198030266 0.0255692380294896 0.171015877877249 0.0338972823409608 0.984352964048142
1461163001.35283  -0.186218620812516 -0.0310148750254198   0.129775084550644 0.0331435252991523 0.187009886802646 0.0395111009241971 0.981003405637597
1461163001.53234  -0.237064468214915 -0.0284657230473873   0.145044191191981 0.0251892190997536 0.182129964048384 0.0276532919590794 0.982562707861796
1461163001.7322   -0.28783757360694 -0.0334761891964006    0.15433989988416 0.0144984910229007 0.175201076410595 0.0418004375129874 0.983538052139494
1461163001.9743  -0.295641779040192 -0.0870048213154742   0.139108559263048 0.00894947571775925 0.169574206552449 0.0693827942138093 0.983031293104939
1461163002.09226 -0.291181314778304 -0.137738777797349  0.123408962428613 0.0234354936092491 0.175602666696391 0.0885290901056216 0.980192369534408
1461163002.23223 -0.285239108189071 -0.189545037733491  0.105748944354199 0.0278212805209552 0.19098472816763 0.123261879263024 0.973425559083723
1461163002.43226 -0.295981671505881 -0.246617472707938 0.0904909900092025 0.00850749770720968 0.204218176045605 0.131561286688559 0.970007312807599
1461163002.59224 -0.322369101567836 -0.299077921078758 0.0846139795093832 -0.0131439089770999 0.207682305373116 0.12200649287738 0.970468811135871
1461163002.73248 -0.360916746748357 -0.359086745516994 0.0864225459442629 -0.00239956455409012 0.209380212759476 0.107996484376933 0.971849231083181
1461163002.87391 -0.406352491742259 -0.407847993376386  0.092607982442368 0.00651599361713646 0.208764634675486 0.108561031370444 0.971899877355573
1461163003.03221 -0.448808557104029  -0.44049529623616 0.0971044562312141 0.00964689718658749 0.237428938524266 0.105285373066201 0.965634209597103
1461163003.2122 -0.508844265970518  -0.46421798872373  0.110351163024245 0.0123688389635845 0.255117773920797 0.10648373481588 0.960949086826171
1461163003.37286 -0.576536242870119  -0.48403144459127  0.131976167452882 0.0157797933239916 0.257282067613451 0.114055623489143 0.9594520574566
1461163003.51253 -0.642099828315372 -0.500329807689402  0.159485619568215 0.0164871968174954 0.240622595771037 0.104901022821694 0.964792575715875
1461163003.65241 -0.703770797296719 -0.504461147356268  0.187040004050983 -0.00723665010902513 0.233764705627041 0.0951041853592862 0.967603682932971
1461163003.83214 -0.778075493531956 -0.518172826905999  0.220133489711709 -0.01527036186024 0.225420803477489 0.0854228540657228 0.97038920718003
1461163004.03217  -0.84897797705645 -0.524348812241568  0.259736016105802 -0.00470409258060045 0.236780846323123 0.0998008820171372 0.966412172044672
1461163004.19221 -0.911284848828147 -0.520480367586452  0.290555700081147 -0.0186323479407123 0.254985429907921 0.0880966663803972 0.962743082819892
1461163004.35235 -0.975619723226198 -0.526974275535487  0.316801763241873 -0.00498522315061812 0.268385081424192 0.107674808047908 0.957262101689456
1461163004.51295   -1.0493315617761 -0.531616683786413  0.336238227715541 -0.000493801657896675 0.254173206115386 0.0998502458538731 0.961990470771862
1461163004.69201  -1.13527035581461 -0.530187041828647   0.34306487416689 0.010039862161844 0.252826750677185 0.0926186608261155 0.963015897572083
1461163004.83214  -1.22029816329015 -0.527971548248576  0.345002719579771 0.0085679732632608 0.236553152524303 0.0810096784199413 0.968197618189216
1461163004.95391  -1.30335055957644 -0.526067246175029  0.347037681702822 -0.00467737191851711 0.20840788841104 0.0862215609590641 0.974222827009186
1461163005.09212  -1.39138367295409 -0.529492649478973  0.346321259398249 -0.0193548865196235 0.186789588412531 0.0900093459530277 0.978076354723698
1461163005.27412  -1.49039241425851 -0.533949749794093  0.340299495130386 -0.0101422396842994 0.167477201820367 0.0993963163057098 0.980800129562319
1461163005.43213   -1.5824197268831 -0.525590242150374  0.337084834551189 -0.0134308511460382 0.148554671089576 0.0895558546631846 0.984749141066144
1461163005.5921  -1.67769027766319 -0.516518119428608  0.340727460180894 -0.0331578512638982 0.137024061183365 0.0847837813926425 0.98637552380883
1461163005.77404  -1.77249445782957 -0.524083099490847  0.344496721694202 -0.0234816726158864 0.137922274286577 0.11792037332649 0.983117919102953
1461163005.9529  -1.85550694190642 -0.538618998603047  0.343718444620328 -0.00642002305751296 0.126215881716052 0.10814839876097 0.986069094106503
1461163006.17198  -1.94682388059336 -0.548787779170673  0.330907671214173 0.00661233396643896 0.122021252852121 0.0990370145237323 0.98755190276063
1461163006.35237  -2.03794555846178 -0.548221006593818  0.313250487231443 -0.000316414395139668 0.102033053372285 0.0908489380638961 0.990623857149686
1461163006.53208 -2.11882360491642  -0.5513125372302  0.31233428385906 0.00213848086224862 0.0799354537410354 0.0880190339333841 0.992904023458587
1461163006.8326 -2.19011401395009 -0.54211201777408 0.352000934295803 0.00604985870755735 0.0729784671254746 0.0715032379036454 0.994748626294568
1461163007.03193  -2.21648379444476 -0.545352389816093  0.408633007491794 0.00533735960909388 0.107587586193828 0.06957085822995 0.991744079677079
1461163007.21224  -2.23998007649501 -0.550701244048373  0.469701131818657 -0.000489914113506778 0.143791062896683 0.087599812141001 0.985723167592233
1461163007.41202  -2.25525611913505 -0.563693035027656  0.546829904357776 -2.56986677033238e-05 0.17229907953735 0.0973058192120271 0.980226812568212
1461163007.61195  -2.24393940812826 -0.575653691868088   0.63485575901231 0.00911722651804095 0.201722818100851 0.105896362714095 0.973658431485084
1461163007.79198  -2.21607021328408 -0.588517736131483  0.727749906471252 0.0295082515857184 0.219869581700196 0.117484858667035 0.967979306656564
1461163007.91195  -2.18506482256884 -0.598296285447266  0.791647029309424 0.036509474587193 0.251614910035963 0.147506395280635 0.955823654585026
1461163008.0741   -2.1498275822311 -0.616521972748566   0.87507110539747 0.0377350313274348 0.280498459407102 0.149104067199356 0.947451665693596
1461163008.25272  -2.11525641537387 -0.629742389758248  0.965030968730949 0.0247743621094435 0.290262333309243 0.130546198662203 0.947677001334734
1461163008.43201  -2.07059591300546 -0.628874679862403   1.05168653008826 0.018447071477369 0.306139820710511 0.130922045415071 0.942760591960429
1461163008.55198  -2.03388006286022 -0.624615274710263   1.10648361112126 0.00673047085618487 0.333307119943471 0.132894240814253 0.933381050437305
1461163008.69185 -1.98612488487012 -0.63878160629959  1.16038982270397 0.0284189236247023 0.348734395226736 0.140615512842126 0.926177069417075
1461163008.81187  -1.93415272097078 -0.658736419659302   1.19121322446033 0.0387763618345219 0.371215671554851 0.155289308988338 0.91464777344554
1461163008.93182  -1.87367023823396 -0.686263507979577      1.19534409031 0.0606840081623364 0.397135925361162 0.165201998746331 0.900726821822857
1461163009.05185  -1.81680089483579 -0.708255655887878   1.18077414523614 0.0751740503079641 0.422235610924007 0.163551362478453 0.888435086463478
1461163009.21189  -1.75508101780542 -0.725639472820026   1.14838290717503 0.0831755685271034 0.430589504315024 0.162731616777161 0.883851189100872
1461163009.3739 -1.70835636202107 -0.73666294602655  1.10133174849161 0.10367532936431 0.425479741548931 0.174499136349763 0.881911824972227
1461163009.55183  -1.65685600300629 -0.731252532093374   1.04187608246102 0.105207989425604 0.419897216079164 0.168133919891372 0.885634570165343
1461163009.71191 -1.59507952263678 -0.71507690314274 0.992178736997065 0.104634753645588 0.415565123574783 0.170132981450244 0.887362363987032
1461163009.83233 -1.54814952915531 -0.69022501813102 0.944518201493665 0.0967828411430367 0.416947761561648 0.167007400257616 0.888198274062839
1461163009.95194   -1.5007115514762 -0.662345948376632  0.876650497727863 0.0907961713078206 0.429275594833953 0.146690220479972 0.886544132105861
1461163010.07176  -1.45997557970351 -0.640005339975018  0.800792242364732 0.0854928244088538 0.43115835042706 0.13586868484183 0.887881272643457
1461163010.21173  -1.41867038680617 -0.625492692249181   0.71472778647755 0.0847495693177527 0.427416743918505 0.132093552503187 0.890327878315425
1461163010.35205  -1.38754708776373 -0.612323195631329  0.634314972412042 0.0775660993472871 0.419335669327222 0.132991499814474 0.894681148588163
1461163010.49179  -1.36990380690793 -0.595003304574597  0.546649114249464 0.0701841605796514 0.416405848000729 0.125980613035658 0.897668779948196
1461163010.63169  -1.37396250247758 -0.579147359395048  0.451530229515266 0.0689194981630086 0.403997809235131 0.114564640376057 0.904936912763359
1461163010.7522 -1.40296648401407 -0.56349590519936 0.378182955012172 0.0605319617800565 0.37525393664864 0.122664298674345 0.916773600439873
1461163010.89177  -1.45362815409532 -0.550583273715417  0.301700549665052 0.047334443778293 0.345910627773735 0.124319908837015 0.928789453155093
1461163011.05179  -1.52495844827793 -0.533964776308223  0.225306540290988 0.0379908507613331 0.32004276851761 0.123836293119174 0.938506203540774
1461163011.21166   -1.6086834959823 -0.516311877809329   0.15778851163724 0.0264721198114933 0.296328674281756 0.103650136460712 0.949075967919733
1461163011.37349  -1.70927365383045 -0.497276695620426  0.096312959220777 0.00816789127512675 0.275003054826201 0.100214525406338 0.956171351947943
1461163011.51167  -1.81246617475547 -0.495064380159565  0.050409499720042 0.0131244107085584 0.239770342468591 0.104582792011 0.965090862215176
1461163011.63199  -1.91051675638553  -0.49865384656566 0.0197664965281632 0.0129451861094879 0.193778290908665 0.106775545711052 0.975131467530002
1461163011.75177   -2.00726680345566  -0.495830351382325 -0.0124946219383251 0.00826798611667834 0.154346898962316 0.116621837950817 0.98107493194927
1461163011.85175   -2.09039692198892  -0.492684547624127 -0.0426102436048284 0.00765339495903709 0.109733833073378 0.108340060641863 0.988009282691586
1461163011.95226   -2.17320598038104   -0.49099646853384 -0.0758819296669426 0.00590681347478228 0.0669820534186675 0.0994971368484824 0.992763231507567
1461163012.05181   -2.2518721199471 -0.484159718943297 -0.113058719902845 -0.00258564963622197 0.0262491714418337 0.10309863324669 0.994321360143309
1461163012.19159  -2.35507712822514 -0.476997719849396 -0.148783760578281 -0.00702060720564274 0.00421563878219151 0.103563167940144 0.994589166294468
1461163012.33191  -2.45545908656921 -0.466262788693934 -0.176289155211253 0.00406439320100199 -0.0105261856260032 0.0903418180313061 0.99584689387419
1461163012.43237  -2.53432718932958 -0.454867357476414 -0.182173172947691 -0.00295489818467835 -0.0316491869526327 0.0857425448063251 0.995810129267669
1461163012.51166  -2.60504283825203  -0.44017806447054 -0.184507052054547 -0.018557914920388 -0.055450676286661 0.0769895592213711 0.995315745913858
1461163012.61193   -2.6824523794931 -0.430468552842877 -0.172020016361138 -0.0314233223416461 -0.0754264660187094 0.0603289438124736 0.994828548834126
1461163012.71201   -2.7521211788061 -0.431534982083901 -0.155342897456131 -0.031830770371307 -0.094048006044603 0.0612848841818443 0.993169641897809
1461163012.85187  -2.82284500622577 -0.456957847961951 -0.115778784307583 -0.0267041789604052 -0.103648442006357 0.0590757813691848 0.99249883594457
1461163013.01194    -2.8406608303923  -0.494544583243278 -0.0334663984307014 -0.00957617911222429 -0.0815143759026206 0.060276426956244 0.99480171675978
1461163013.13175  -2.81759641364996 -0.513471977100738 0.0433701501805146 -0.00501418419970818 -0.0497217524098641 0.0701794687407781 0.996281811266956
1461163013.23164  -2.78019523122355 -0.523824524773629  0.110869205220491 -0.00513739474906273 -0.0188052829284295 0.0657857137441742 0.997643327234911
1461163013.33233  -2.73152651998478 -0.534939581737276  0.179500440160031 -0.010973723069039 0.013604539283428 0.0782523511764394 0.996780348646706
1461163013.43335  -2.67441792201034 -0.554970358539143  0.247664978912423 -0.00141736799648751 0.0486615480264683 0.101709614655712 0.993622261776686
1461163013.55195  -2.61495913490757 -0.581438212567925  0.323148081058305 0.0154339681757026 0.0802590484195976 0.116726060209747 0.989795587301258
1461163013.65162  -2.55668203070146 -0.603426486467006  0.379474015288492 0.0279365450374576 0.118552239700911 0.12655912355033 0.984452997435348
1461163013.77423  -2.48407406574293 -0.612832036260225  0.450914991048464 0.0200564952247172 0.161021878036177 0.119517499700595 0.979482138202797
1461163013.89201 -2.41144962085849 -0.60610496620004 0.532004946998992 0.0146514650010922 0.191533781108223 0.121151461179968 0.97386984177644
1461163014.03215  -2.33411443779108 -0.586726515999854  0.635972477200684 -0.00215757619531397 0.204789793077116 0.106750289512539 0.972964984573126
1461163014.13162  -2.27418199739246 -0.579476543069968  0.705670767517785 0.00403348706529361 0.230339591556533 0.0999030968225774 0.967960110122789
1461163014.25158  -2.21222194334037 -0.587596528707463  0.786583133496514 0.0218862247542219 0.234380922184734 0.0970166478591298 0.967044128527762
1461163014.39197  -2.14408580850257 -0.599401053578664  0.872373307183049 0.016014770700242 0.236318443065112 0.0885199478242943 0.967502630189647
1461163014.53156  -2.06824490490354 -0.605365092540596  0.957741754938246 0.0114878137757783 0.245610770404374 0.095731290498293 0.964561506393218
1461163014.65198  -2.00496425469307 -0.599679083423871   1.03247009286125 0.00745498111102837 0.246153468454013 0.0939727923006975 0.96463568642877
1461163014.75187  -1.94959355829288 -0.597216747410454    1.0944619055067 0.00799475068729122 0.250519995105543 0.0934624683489277 0.963556216846683
1461163014.85232   -1.8926797269803 -0.598466337840121   1.15434977438746 0.00299215135714097 0.252797823624807 0.0834704360125864 0.963907149943751
1461163014.9519  -1.85235249597396 -0.606758630091023    1.2171434169307 -0.00982156328572731 0.225986312139467 0.0807873374154669 0.970725053624118
1461163015.05155  -1.81153703456534 -0.622325876821077   1.27515560053826 0.00862241432776876 0.216481604187587 0.0935704952218002 0.971754048843367
1461163015.15165  -1.77339699929323 -0.627868357457574   1.33238672398109 0.000511079981198799 0.212830902110544 0.0946623757622958 0.972492560649748
1461163015.25148   -1.7366710704804 -0.630751879494618   1.39377052576069 0.00267237876561176 0.211575768082822 0.0906223525591285 0.973147543781798
1461163015.35254  -1.70200396585244 -0.626923193510586   1.45883234255866 -0.00229243353013116 0.213954594292733 0.0819813227312043 0.973394698492232
1461163015.43145   -1.6752256938363 -0.623729336593664   1.51529547466291 0.000356908718421905 0.216981985897231 0.0769110041681801 0.973140990735722
1461163015.51153  -1.64968327421981 -0.623269294368365   1.57501124428321 -0.00601150841632434 0.228769018020616 0.0590841679570358 0.971667463311018
1461163015.59155  -1.62664035689305 -0.623246306545085    1.6307496254757 -0.00886709452578895 0.228679633820647 0.0620379132109845 0.971482525336793
1461163015.6515  -1.60983862137052 -0.624715601836262   1.67120998860721 -0.0253564765696326 0.238475741936992 0.0553008874253947 0.969241033723572
1461163015.71176  -1.58935866862874 -0.629503109707173   1.70873748710338 -0.0259857279964881 0.247121547838715 0.0662653162440919 0.966366695616814
1461163015.77338  -1.57324944569165 -0.637139591565437   1.74821671954225 -0.0264100960444978 0.244988599146864 0.0630610830282142 0.967112399321964
1461163015.83207  -1.55932845420004 -0.644402914689983   1.78504590032261 -0.0268166168468602 0.236584962194781 0.0612758336619328 0.969305780924275
1461163015.89153 -1.54528896262572 -0.64932566105465  1.82017749179632 -0.0305775802377028 0.230598329422989 0.0616830595553698 0.970610437929668
1461163015.95165  -1.53047380472495 -0.654818243580571   1.85419540638819 -0.0320249734889149 0.228608006071628 0.0551975576858462 0.971424732163283
1461163016.01147  -1.51658662849763 -0.660136934846393   1.88768233330327 -0.0273489662945675 0.221913370286776 0.0553819026595544 0.9731080798084
1461163016.07485   -1.5026672780969 -0.663118378606832   1.92034898384404 -0.027454962570458 0.216647881643362 0.055753486092151 0.974269710705548
1461163016.13147  -1.49132229516983 -0.666075839714488    1.9548315616285 -0.0240028409331246 0.207717154899145 0.0569923458888201 0.97623220582904
1461163016.19144  -1.47946766319711 -0.669054899731652   1.98927636331808 -0.0219223576366409 0.203803970022285 0.0604064221673369 0.976900412631578
1461163016.2516   -1.4663326012819 -0.675319789933811   2.02501112534363 -0.0130199276779963 0.203539045695093 0.0611972296613967 0.977065625965094
1461163016.33135  -1.45176045569422 -0.683358997370393    2.0748095647787 -0.00865078391244417 0.193907589511059 0.0602843148676068 0.979127577003454
1461163016.45161  -1.43452850530441 -0.693386680443263   2.14068179131588 -0.013698379007149 0.180800841557583 0.0510760363341044 0.982097066799939
1461163016.57355 -1.41996015286868 -0.70518366032168  2.19534878745555 -0.00400713142922815 0.170559240596068 0.0434992692995489 0.984378637474121
1461163016.71215  -1.40957086468804 -0.706440600260377   2.24532191220595 -0.0184397815927487 0.169830272167647 0.0392421084869376 0.984519024718047
1461163016.87417  -1.40499055654032 -0.706723886734699   2.29547010035853 -0.0241067250073673 0.157285882012272 0.0297609937931296 0.986810164305925
1461163016.99154  -1.40530235996355 -0.700919400010968   2.33515247197393 -0.0403065639115572 0.147779150781318 0.0151625140163434 0.9880823860735
1461163017.11157  -1.40329309434082 -0.696226064863715   2.37887752631712 -0.0480038491201037 0.142576555628704 0.00421660801383031 0.988610022441391
1461163017.27216  -1.38540666869542 -0.699391224946565   2.43572495273437 -0.0362047721166369 0.164141848250636 0.0113235586935288 0.98570707877511
1461163017.43173  -1.36167992349382 -0.703065586769602     2.488890235521 -0.0246589253776774 0.197981600504735 0.0281432637841367 0.979491286313655
1461163017.6331  -1.35393378618772 -0.700504353897055   2.55361668207366 -0.029599450915329 0.212946572931208 0.0428751227813851 0.975673794579339
1461163017.83136  -1.34758992014617 -0.705060928763169    2.6207700524892 -0.0148173489472377 0.205626473304876 0.0490625075980713 0.977287608636559
1461163018.01138  -1.32663138518391 -0.709741265582508   2.68045285398969 0.00132590024871165 0.237901657383663 0.0852601108861745 0.967539020863921
1461163018.37373  -1.30919102908254 -0.718568581008262   2.80763524695312 -0.0162812794045878 0.226839315014018 0.0822896070112898 0.970312973057069
1461163018.69128   -1.2852924977219 -0.721198125263567   2.92838910314465 -0.0278857309764364 0.232035143634022 0.0896175704910657 0.968168771023899
1461163018.81132  -1.25437282149262 -0.722022410331757    2.9813963886647 -0.0271143353542051 0.257927867317124 0.0858169190282434 0.961963348827823
1461163018.89153 -1.22566446557179 -0.72665383485089  3.01787591653194 -0.0184848980777753 0.286915601448717 0.0803737060956508 0.954399189834539
1461163018.97335  -1.19333168389497 -0.733008174517548   3.05087303337745 -0.00887037111199668 0.319223361913133 0.0967586634310311 0.942685272387478
1461163019.07305  -1.14857479329764 -0.738734909269835   3.08591793091484 -0.00056298469134229 0.360826165383997 0.118684909735724 0.925050297888467
1461163019.19213  -1.08628873699003 -0.737033561018069   3.12568654603766 -0.00564462877666926 0.406192123840483 0.138441684765584 0.903222008486949
1461163019.33143  -1.01193137484473 -0.733173704680963   3.17924416000065 -0.00472581992665226 0.444531081983679 0.145771145047709 0.883810249458514
1461163019.45134  -0.93822589782385 -0.730106597616455   3.22542483791187 0.00232184362396609 0.478174823502797 0.148254105584846 0.865658227817129
1461163019.57295 -0.858572416047623 -0.736764979201799   3.27202824803812 0.0177624781736126 0.505338958283806 0.158941912696648 0.847970813175843
1461163019.69158 -0.783140196013736 -0.747171927066014   3.32072190141411 0.0142963651864875 0.521645837474854 0.154945812187836 0.838852209553664
1461163019.81126 -0.708843619150308 -0.762329074253535   3.37076543150308 0.0140432821705247 0.52565607778579 0.155026769570762 0.836334367839319
1461163019.93123 -0.627856171247315 -0.773746241403454   3.42038896551826 0.0207552001862712 0.528627042027444 0.152845167489048 0.834722125547052
1461163020.03126 -0.549814509465369 -0.777430723391016   3.45934612342311 0.0349397388207796 0.545766920260959 0.141952821523686 0.825086104513625
1461163020.13129 -0.472678835358372 -0.774072869609052   3.50590665273373 0.0320566733322885 0.554531203341818 0.134122218132366 0.820657507623245
1461163020.2313 -0.391924163455789 -0.780946844803368   3.54441974544813 0.0360515149152424 0.578157379548749 0.116449254049438 0.806767565025373
1461163020.41125 -0.246540079749536 -0.796782131953735   3.62055223791157 0.0206731274434307 0.598469671144883 0.119487918143511 0.791914965093584
1461163020.55133 -0.126882496748687 -0.796267219641338   3.67076182375383 0.00834619944929515 0.620183110665502 0.123284467142064 0.774663920911199
1461163020.69171 -0.00391768240349544   -0.784313143997354     3.71566752963376 0.00547897095687263 0.639109687764385 0.127310068561808 0.758485948667312
1461163020.81118  0.106589345738913 -0.790427275384181   3.75635156840932 0.0277905612561269 0.643767602974159 0.137645769403002 0.752226428830728
1461163020.9116  0.193732097350803 -0.806158372795665    3.7930479141678 0.0481484065705347 0.650514505602884 0.148488214439838 0.743279125979886
1461163021.03115  0.291201230876216 -0.829841865379944   3.85195759822885 0.0562266555101722 0.627683981919931 0.147623605102396 0.762272033638813
1461163021.17333  0.416764548261204 -0.834551053690478   3.91140969804841 0.0673815838778762 0.625336493447308 0.146421559091145 0.763527811641758
1461163021.29138 0.528026071956745 -0.82374960347414  3.96106771072935 0.0572222843955397 0.630039159675822 0.14270021699072 0.761191773152037
1461163021.39117  0.620110930841433 -0.824739350453136   3.99897210770055 0.0484173012682151 0.634193544322812 0.133285548570274 0.760058731822412
1461163021.49278   0.71382304657838 -0.833087685259429   4.03002476418136 0.042099840297987 0.640684594434764 0.130515515844043 0.755457843975962
1461163021.59132  0.806085642898333 -0.841093189685637   4.05982053462217 0.0416085551503112 0.637037408962647 0.133736359648534 0.758001750544429
1461163021.6912  0.902001514180327 -0.840318018941448   4.08854072827108 0.0419201632448298 0.63532513278277 0.133497502598309 0.759462370607061
1461163021.79191  0.999148045904584 -0.833055360910218   4.11744479148743 0.0423840707428127 0.627704709698653 0.13376765000998 0.765700074298158
1461163021.89109  1.09102664054093 -0.82820723409272  4.14110520041993 0.0432743713525663 0.63056975179553 0.139782906341238 0.762213786282668
1461163022.01111   1.20204467937295 -0.839173535567768   4.17606690845322 0.0464893849756304 0.622029303887333 0.142105858445009 0.768585848936627
1461163022.1316   1.30099693139391 -0.852103816600623   4.21185620544618 0.0347981286238966 0.604270254225835 0.134439118684465 0.784584395377237
1461163022.23112   1.38723111731047 -0.850961727686245   4.23868282068125 0.0296211667933879 0.594741624564785 0.130189179935412 0.792752019181019
1461163022.33145  1.47788025106922 -0.84510377227699  4.26237168220144 0.0268237399346144 0.589959609965223 0.11606808735036 0.798596484267512
1461163022.43111   1.56902312290996 -0.842753882626185   4.28137193030894 0.0301268022479688 0.595460501710547 0.107801208807341 0.795548908659054
1461163022.5311  1.65128014212662 -0.84473412742248  4.30363721804142 0.0177050871745826 0.593951502591818 0.101339947133442 0.797896207267621
1461163022.63136   1.72930702721575 -0.853319944738836   4.32819834830047 0.0372916162619457 0.582998136510081 0.116585170808951 0.803200103417444
1461163022.71109   1.78351056504616 -0.858437522580215   4.35450675230812 0.0469757698346734 0.560188694762042 0.120900006403405 0.818147353330008
1461163022.81117   1.85001115807384 -0.853610049592334   4.39279654492223 0.050893292915527 0.525859354266936 0.122800835260453 0.840120090895052
1461163022.91158   1.92108599640702 -0.841646070340841   4.43079777583239 0.0402127416097201 0.500293232885851 0.119923659014679 0.856567529474112
1461163023.0111   1.99054264843119 -0.837375467202936   4.46518423405519 0.0329460712577088 0.472709766065239 0.117445751056011 0.872735085243007
1461163023.11237   2.05130904289054 -0.840161386917056   4.49414911558108 0.022356173282469 0.443346259873533 0.114943434361776 0.888668837233215
1461163023.21146  2.10427879503969 -0.84367922145711  4.51997547299326 0.00949627215789294 0.412616174357408 0.123306680001013 0.902470595720929
1461163023.31161   2.15070804896276 -0.850029966944586   4.54512421959815 0.0118342932880135 0.373328201553195 0.12378571886874 0.919327525548746
1461163023.41106   2.20165653106499 -0.849152352574895    4.5712788340584 0.0241756404499867 0.335231049459843 0.12411636110555 0.933611702364962
1461163023.51295  2.25540558511856 -0.83825797082496  4.59676752870022 0.0143482975226845 0.303821084028661 0.108243591784451 0.946451372282512
1461163023.61269   2.31484036146582 -0.831957131156904   4.62063699407978 0.00830015092232816 0.290563203975726 0.0981623754464827 0.951771127969709
1461163023.71157   2.36623729137636 -0.830332358499158   4.64382115167199 0.00111937413032393 0.262082744799716 0.0956694793144151 0.9602909624731
1461163023.81136   2.41527233946973 -0.830468438258178   4.66715821653052 -0.00783414161904285 0.227960957479247 0.102892028397005 0.968186789097325
1461163023.91106   2.45828866966947 -0.827516056250282   4.68154343592186 -0.0208541061350423 0.19918924881844 0.107019175252003 0.973876606937879
1461163024.01106  2.50676609860886 -0.82510987881433  4.69618199922275 -0.021104328453287 0.170901706443261 0.1096223129702 0.978943390883447
1461163024.09119   2.54239229669988 -0.823051657557342   4.70730517801761 -0.0197212495701315 0.134487220611001 0.102895827650387 0.985361207101164
1461163024.17284   2.57729205416632 -0.823223917572585     4.715003469225 -0.0217911911845154 0.0973407604460964 0.0968321511135264 0.990289581311074
1461163024.25106   2.61054151492071 -0.824302731404623   4.71956445941225 -0.0302187365243387 0.0642492124731099 0.0939196822548104 0.993044792516739
1461163024.33097  2.63886033906826 -0.82990036619132  4.72479534921478 -0.0363618311992527 0.0254719218123051 0.0921157962398193 0.994758100501891
1461163024.43095   2.67418839713221 -0.827851831875495   4.73223570477835 -0.0539755097043695 -0.0150057338227035 0.0894715144293875 0.994412550408686
1461163024.5311   2.71037800802364 -0.822801926563949   4.74611020672281 -0.0611652627974777 -0.0519097028166099 0.0815518437713029 0.993435196758152
1461163024.63104    2.7450962391748 -0.812158548444634   4.76700096674606 -0.0666518087645141 -0.0892730665865624 0.0630869559495062 0.991770080189796
1461163024.73108   2.78205655950705 -0.800055401756843   4.79795999743845 -0.0736004532803113 -0.118824580757492 0.0353400668292517 0.989552814134366
1461163024.85098   2.82294202324755 -0.796778655625073   4.83030375303556 -0.0811518791603414 -0.148875080415135 0.0211994526718758 0.98529242671734
1461163024.9709   2.85111312766743 -0.803348268537804   4.86178047038528 -0.0772231978172997 -0.182572295593624 0.0196669752753622 0.979957725967841
1461163025.11193   2.86975209491225 -0.804027630200496   4.89755317714337 -0.0857196569806516 -0.229617931589602 0.0160778738316026 0.969365384090379
1461163025.251   2.88220842693466 -0.795540858134676    4.9345039865616 -0.0966690390313423 -0.274439789722817 0.00932389176624857 0.956687495346304
1461163025.37343   2.88883449862521 -0.782951476190711   4.96845113184427 -0.110654108146769 -0.312817298219321 -0.00671442638803507 0.943321749332266
1461163025.51122   2.89044756732585 -0.777289980453881   5.01216666913717 -0.128068988366232 -0.339684203249027 -0.00593337059452326 0.93176057621865
1461163025.65095   2.88847668395178 -0.762947254230205   5.05865804905374 -0.154884546606421 -0.342300158943766 -0.0283025037065737 0.926304672714942
1461163025.79154   2.86765342145428 -0.753017858562922   5.11039228847743 -0.176435700478498 -0.330359526072502 -0.0294357039739888 0.926750541656906
1461163025.91175    2.8328056414013 -0.744061741746763   5.15770135349555 -0.190743269591569 -0.314279704424408 -0.0283284698188553 0.929539009558043
1461163025.99085   2.80743682818163 -0.742312338661904   5.19175161598652 -0.194353150961666 -0.296333445878062 -0.0219893927182524 0.934842130080362
1461163026.07273   2.78162907290073 -0.743321001792972   5.22215899205173 -0.196729872554991 -0.269867110298565 -0.012048598761384 0.942509379948808
1461163026.17344   2.74483228130626 -0.740503237566468   5.25363255485803 -0.208287047494131 -0.245974556662816 0.005862061310915 0.94661431404659
1461163026.25091   2.71294266805701 -0.734654982378976   5.27676213034985 -0.218113917907036 -0.229729222851797 0.0162462182634709 0.948360091618836
1461163026.35121   2.67612927078292 -0.731218616363357   5.31125573182209 -0.22532044520547 -0.221881100970483 0.0221648158786302 0.948424058605433
1461163026.43094   2.64780708467579 -0.726739917511846   5.34131035705661 -0.230027861809582 -0.215013007105789 0.0284114907333173 0.9487093215316
1461163026.5109  2.62039092130607 -0.72102170669372  5.37370159504429 -0.233728456852561 -0.205198756866641 0.0233654885178501 0.950115010187729
1461163026.59089   2.59207201709275 -0.718598792517781   5.41000747584003 -0.235113775144127 -0.195033702964162 0.0287995333291521 0.951763602122705
1461163026.67274   2.56021903086838 -0.720437392677034   5.44319482042353 -0.232337788042602 -0.188789136272132 0.0266041682301733 0.953766235775766
1461163026.77308    2.5190124197663 -0.726847726184896   5.48233784298437 -0.241967759295381 -0.190238429770769 0.0381677202260184 0.950686156643018
1461163026.85094   2.48601709451425 -0.736102004938278   5.51481380813544 -0.241131852647449 -0.192369936418974 0.0470397906096394 0.950071836915699
1461163026.95086   2.44773657879934 -0.748247761904343   5.55118300679216 -0.236513208530611 -0.194544096164832 0.0471412775044536 0.950784832016799
1461163027.0509   2.40979325952303 -0.755988568048546   5.59034175691882 -0.236727559813801 -0.207484932741413 0.0367313512581241 0.94845182953308
1461163027.15089   2.37127783603797 -0.759524858560602   5.63116222756167 -0.230980779043809 -0.221422127655434 0.0139594699862415 0.947325315978919
1461163027.29087   2.31677371105169 -0.763860218920546   5.68965156094082 -0.224659707678376 -0.233662922308961 -0.00612696528778687 0.945987375592437
1461163027.4509   2.24694186142496 -0.773247251187655   5.74012665823615 -0.227510746954961 -0.26612743135789 -0.0340336856990355 0.936085871347595
1461163027.63085  2.16919950052819 -0.78485623378629  5.79317872708706 -0.229923230269051 -0.300283275745066 -0.0540499243702628 0.924144938938707
1461163027.77141   2.10061725940222 -0.793661630987189   5.82815789676093 -0.229788855096576 -0.339304819568042 -0.0662001169677236 0.909772974980442
1461163027.91271   2.03664313523222 -0.800896094778252   5.86778404676934 -0.224037320025062 -0.378950899906251 -0.0747664483763466 0.894770067052658
1461163028.03088   1.98443589130301 -0.811192396564437   5.88739294294761 -0.221821674510459 -0.419916082342207 -0.0790022446124297 0.876484040843841
1461163028.15086   1.93874889363453 -0.821623115109687   5.89317599286891 -0.222546264673489 -0.463194002636365 -0.102906616922856 0.851665840688162
1461163028.27084   1.89233354628228 -0.828604557326988    5.8928504691837 -0.215903685061011 -0.507900876687126 -0.12076329845979 0.82512939832649
1461163028.39088   1.84053051206918 -0.827300921857036   5.89107606239567 -0.211506710217911 -0.543730830854961 -0.133519193535208 0.801120665111242
1461163028.51086   1.78969592315608 -0.814899651907264   5.89273702573914 -0.2141667127192 -0.573817852153602 -0.154941133980452 0.775150912218859
1461163028.6309   1.73092095457154 -0.803282476073644   5.89335283263804 -0.211713306895579 -0.596589326203579 -0.180831350689705 0.752700919456749
1461163028.77251   1.66099324605988 -0.804020304161161   5.88256995275465 -0.208663687493765 -0.613849310368611 -0.198862842708218 0.734916362228718
1461163028.87086   1.60301522375374 -0.812888163597359   5.87335080804039 -0.215998014745893 -0.622152798386687 -0.173814185044947 0.73216076251231
1461163028.9708   1.54537001962074 -0.818843032481377   5.86202725493201 -0.222776550741757 -0.631015496405585 -0.165749372766703 0.724373658523737
1461163029.07115  1.48435251454554 -0.82528930473029  5.85649669068981 -0.230885277119728 -0.636897745503411 -0.151411971256084 0.719810854004277
1461163029.1508   1.43230363670724 -0.833660814431995   5.86210312717141 -0.234166611296625 -0.628294215768892 -0.129419313026375 0.730522428130026
1461163029.23071   1.37523565779987 -0.846195825885359   5.87156135129926 -0.238378703393767 -0.619797179462229 -0.107049915397106 0.739977949477175
1461163029.31071   1.31839443057484 -0.864989565429505   5.88032924130635 -0.234537476899136 -0.618577177608609 -0.0872198128234045 0.744813501168316
1461163029.39124  1.26671816244373 -0.88557924533403  5.89394179414801 -0.238758165250036 -0.607057923512012 -0.0697636918756388 0.754723951735733
1461163029.47345   1.21201068991424 -0.909035023661747   5.91035694324408 -0.237656773182776 -0.59649722717091 -0.0389349198022585 0.765633324874093
1461163029.55069   1.16008917061312 -0.926179870877242   5.92311857988276 -0.239384914713463 -0.596052054717334 -0.0243379414878921 0.766044695353349
1461163029.6308   1.11104439351047 -0.939318072905486   5.94321427179005 -0.237789630635956 -0.579222866003572 -0.0150285280213554 0.779571104137483
1461163029.71072   1.06101887480665 -0.947037240471764   5.96554225721896 -0.24378574740625 -0.565017236501667 0.00315216281168941 0.788234797308013
1461163029.77269   1.02541141811191 -0.949673083973024   5.98715035349964 -0.244845941110605 -0.547560559346398 0.0153647113285086 0.799994890368503
1461163029.83076  0.990930469591483 -0.949533822770317   6.01077211208708 -0.244112936222743 -0.528143667225919 0.0193906638776505 0.813078805093487
1461163029.89075 0.957046688955186 -0.94982510989819  6.03493482011851 -0.241314310900044 -0.509712831343666 0.0243977495218435 0.825448352555585
1461163029.95069    0.9233647450749 -0.952215283789408   6.06017146218868 -0.233999741757805 -0.489751431901158 0.0351425813709161 0.839138042745432
1461163030.01073  0.892137499335009 -0.951242885221978   6.08017170598923 -0.237555120306685 -0.477226662545824 0.0283989537474631 0.845586055228857
1461163030.07269   0.86235009278932 -0.953700520350879   6.10135807800735 -0.237224534138045 -0.45967081858244 0.0318156998533969 0.855228051568455
1461163030.13097  0.831736399980322 -0.956070436485811   6.12290298973875 -0.239376597759479 -0.444458876282055 0.0396964154132366 0.86231046980918
1461163030.19105  0.802659570678899 -0.958653155705564   6.14466036677093 -0.242002267501009 -0.428469137091711 0.0422806605564195 0.869517939336025
1461163030.25096 0.771549271659011 -0.96433057665727  6.16612669874111 -0.237689128503395 -0.420192144751106 0.0485399057236332 0.874406265550003
1461163030.31133  0.739817685105208 -0.968492078623046   6.18917270475209 -0.235331107242708 -0.411080727030825 0.0527327403479754 0.879119539040694
1461163030.37425   0.70811194455267 -0.974489143669369   6.21433383688968 -0.231695448133063 -0.399911600584534 0.0655503508369313 0.884359136628039
1461163030.45069  0.666717704677088 -0.982723640784454   6.25127636233232 -0.225894817579346 -0.382379466495547 0.0742796048456455 0.892882979621266
1461163030.55161  0.612223134951127 -0.997980974497686   6.29416342718736 -0.212740549987577 -0.367636602149964 0.0912080630343259 0.900702990107249
1461163030.67439 0.547850397043635 -1.01362856986162  6.34070138046067 -0.218281367924521 -0.361583446240613 0.0962917951350331 0.901298255857313
1461163030.75074 0.507190771428787 -1.03341200479255  6.37535660900084 -0.207127090900547 -0.354078939642039 0.108264484257707 0.905541425979761
1461163030.85066 0.465049231630969 -1.05372987010975  6.41989015363309 -0.202584871200615 -0.338576515947737 0.127548797582912 0.909976162899049
1461163030.95069 0.425039015196497 -1.06310358550862  6.46729333165041 -0.215059696005128 -0.318990217402912 0.141156317522736 0.912178415869859
1461163031.05072 0.392077289843527 -1.07129649906357  6.51988033363051 -0.216548223263964 -0.291606084715794 0.176435754488457 0.914845988621055
1461163031.13136 0.364661813888731 -1.07692936176537  6.56707483569227 -0.210888464252965 -0.261237310358297 0.178541714723216 0.924880521702929
1461163031.23069 0.334417422604216 -1.08695928504599  6.62933043318592 -0.206058418335256 -0.224703497853994 0.198298447151255 0.93151811154843
1461163031.31074 0.315287271407664 -1.09781015166027  6.67818120325876 -0.193458271003618 -0.195947172313273 0.207377935205955 0.938708152213689
1461163031.39063 0.302412938825794 -1.10956937992212  6.72771505030591 -0.192369188570486 -0.161913523916954 0.22069126997922 0.942376500882999
1461163031.47232 0.289776646416377 -1.12710207628076  6.77813327193483 -0.182823778885721 -0.130953321778924 0.227493003520563 0.947456398330923
1461163031.5507 0.268964600745967 -1.14827438389431  6.82789272187712 -0.170603985342059 -0.117769196150844 0.236583495650952 0.949238087209403
1461163031.65112 0.233733516538596  -1.1708298824379  6.88605727713905 -0.16662735229032 -0.114493436710839 0.242441741521954 0.948866998259851
1461163031.75064  0.19400194199429 -1.18842834426205   6.9462518850337 -0.165860603616428 -0.116464594560255 0.245328697264835 0.948019033922974
1461163031.851 0.155533754476434 -1.20039360060911  7.00844370860236 -0.175910810448558 -0.1115088988701 0.258506759848212 0.943289673087164
1461163031.93065  0.13021486417153 -1.21506814736503  7.05621679096292 -0.169990155114363 -0.108237402858104 0.254141123635185 0.945938846365965
1461163032.01074 0.110455540274555 -1.22866157125323  7.10458293737124 -0.179891907028022 -0.096755084611613 0.262506182860749 0.943063019817605
1461163032.09073 0.0948998321656234  -1.25053091397491    7.1532997391486 -0.179690511559154 -0.0820418906342742 0.267646421364186 0.943051346092941
1461163032.17221 0.0818014012371682  -1.27665287119964   7.19954864387405 -0.169291477763862 -0.0674003740081693 0.283748803324688 0.941426684214918
1461163032.25062 0.0667705496190062  -1.29818448806493   7.24255316647339 -0.16533223724192 -0.0571136341524591 0.293444983748098 0.939836861181535
1461163032.33059 0.0488157055296873  -1.31368685870399   7.28707612533287 -0.171583704013754 -0.0504115697576125 0.306005776732723 0.93508190590862
1461163032.41056 0.031801863623629 -1.32335860364544  7.33066651824969 -0.176896350535114 -0.0425877077514985 0.325714277696418 0.927795331751853
1461163032.49058 0.0235178496888006  -1.32865471211514   7.37202193665753 -0.180466833154811 -0.0157733453900652 0.32166679996696 0.929361820554995
1461163032.5724 0.0134866366798054  -1.33160554841782   7.41458266732046 -0.182470847450389 0.00144998997563322 0.317896754356812 0.930399882270636
1461163032.67258 0.00673404378774234   -1.32682902866384      7.460757164955 -0.192257989673988 0.0183566623009131 0.341410568836864 0.91985799004095
1461163032.79065 0.00802638873731198   -1.32221716986568    7.50761467233803 -0.192900209679013 0.0378924674115413 0.33686724782766 0.920800807645321
1461163032.91066 0.0186673148104463  -1.32016448917215   7.54749214624105 -0.184361432738205 0.0603405492732034 0.343541344765848 0.91888477224764
1461163033.03104 0.0336701077878792  -1.32193450795995     7.581781058902 -0.181833685776517 0.0750668320317323 0.363586900935769 0.910552605242317
1461163033.1305 0.0539386153513461  -1.33278391421656   7.60672326553419 -0.168080578785021 0.0893547014615527 0.372907665623234 0.908132440386004
1461163033.23061 0.0764973167851302  -1.34612658515731    7.6273766676094 -0.163202494195626 0.105629390706179 0.381630660757158 0.903640092336226
1461163033.33059 0.097908349895892 -1.36284319392917  7.64679579492675 -0.150940447916931 0.113201710645717 0.399103896941946 0.897283920136359
1461163033.41051 0.120876669751343 -1.37642050386163   7.6545432984345 -0.139957780159157 0.130112850551025 0.41306692789458 0.890425841367007
1461163033.49075 0.144773034214078 -1.39185178280481  7.65908119043611 -0.126620911854182 0.143506397923034 0.422753433174701 0.885806182624266
1461163033.59082 0.174787606683643 -1.41009010425359  7.65853889683735 -0.110203217531755 0.159135391706444 0.447643964323773 0.873009770367194
1461163033.69111  0.20336568803624 -1.42561501834734  7.65531229931836 -0.0910266048277016 0.17016912272843 0.470254754122393 0.861171930051523
1461163033.79053 0.229556635258747 -1.43929788043659  7.64935483969303 -0.0719974425781123 0.179221175007338 0.498326548227082 0.845202218420706
1461163033.91051 0.260580873089948 -1.44609044924042  7.63922710590725 -0.0558268483643549 0.196204156647624 0.515430961010001 0.832296952023859
1461163034.03052 0.295158222777469 -1.44804528539794  7.62622442027495 -0.0434133423611792 0.214833911970619 0.521672085131643 0.824511920815482
1461163034.13176  0.32762286301417 -1.44742045744803  7.61239879491396 -0.0306633734643645 0.235795003289874 0.52159027335455 0.819392494896823
1461163034.25052 0.363918410984204 -1.44731386802254  7.59492641167312 -0.0152106097445341 0.252719900244151 0.527626722442417 0.810870724059303
1461163034.37054 0.396729761448156 -1.44677313112977  7.57563600231675 -0.00223973712622725 0.273753311311578 0.529634197729106 0.802833559786459
1461163034.51057 0.432133859200258  -1.4427076347488   7.5487505692769 0.0104664885110739 0.293111115920945 0.532368366728369 0.794078238241544
1461163034.63117 0.459734731937016 -1.43729975159248  7.51763696277497 0.020470118478591 0.30860345867722 0.532943062524568 0.787601784945199
1461163034.75053 0.486747909378478 -1.43647988122534  7.47903355172908 0.0336218233031909 0.321801624127151 0.531183777134381 0.783043474282335
1461163034.87242 0.516258412237531 -1.43457910355875  7.43342402650001 0.0539623703920527 0.335525433103139 0.533166658137369 0.774754193904913
1461163034.99046 0.544463392543598 -1.42917382683131  7.38675453277868 0.0643969891973809 0.34854453266076 0.532823450460352 0.768419746736202
1461163035.09117 0.568147476008403 -1.41850093326866  7.34661990535258 0.0691562098740774 0.361640675196676 0.53077790739449 0.763353295467486
1461163035.19059 0.590958337913233 -1.40497824707379  7.30494306774262 0.0753420861369573 0.374512818415982 0.532731295263263 0.755156332123207
1461163035.29045 0.613671723012732 -1.38790097025667  7.26201472486825 0.0769334458182984 0.388253644133064 0.535236719293 0.746231872176729
1461163035.39042  0.63698474201954 -1.37158264717991  7.21845115003055 0.0785187912675133 0.402281813580169 0.532914850561728 0.740274208608749
1461163035.47224 0.658522448081271 -1.36000398689707  7.18163912610257 0.0866418768669133 0.419415762314093 0.527898996890062 0.733420924556924
1461163035.55043 0.679369006066172 -1.34893488292337  7.14400436779672 0.0925612551961309 0.435295980819881 0.52870868275992 0.722784166880297
1461163035.63083 0.701107329787371 -1.33755220690544  7.10850770439553 0.101768286583637 0.452321068408773 0.528242621355123 0.711342814614195
1461163035.71051  0.72489840931006 -1.32831520350266  7.07319540890809 0.112015239244429 0.467022606305295 0.528635392511502 0.69991934761159
1461163035.79044 0.747489552435235  -1.3230737883737   7.0389326290987 0.122666825710219 0.484156433470651 0.526514838398992 0.687988025146398
1461163035.87216 0.768675926071598 -1.31542383545889  7.00788409623485 0.132444320895107 0.495397102134388 0.525752259872048 0.678693431748767
1461163035.97227 0.790418378771072 -1.30936900775595  6.97538070848575 0.138650468982492 0.50181984254265 0.527825115068011 0.671083855404707
1461163036.09038 0.812097293888773 -1.30375481058094  6.94203946934444 0.144602559177548 0.508334442089826 0.52867811722764 0.664218069032428
1461163036.27208 0.836800242046894 -1.30548633692784  6.91375303469799 0.143173957039187 0.500199830399048 0.53084957802371 0.668954462730127
1461163036.55037 0.860336824311473 -1.30683242275684  6.88384744193697 0.140395209651798 0.496466743960271 0.528315298088218 0.674309204337499
1461163036.93032 0.849817802488203 -1.33182416433198  6.88552002113228 0.143174179979475 0.466077264563442 0.539929245033506 0.686111906325646
1461163037.1903 0.861839548829714 -1.34329663926118  6.85265675676049 0.155857369120168 0.477619664290946 0.54001597687515 0.675256011815609
1461163037.31032 0.880079192971676 -1.34543360185659  6.82155954879979 0.179289965798032 0.488606393428921 0.544259708234603 0.657951571513366
1461163037.41031 0.900969807888236 -1.34365490087721  6.79499317150395 0.192263477101546 0.506066959436871 0.538948216497368 0.645341621060853
1461163037.53033 0.925202441344612 -1.33604065635101  6.75923052313942 0.205696633580517 0.521633068161841 0.539929110399545 0.627745484154895
1461163037.63033  0.94718562813413 -1.32909608105038  6.73074143740904 0.213242972940312 0.538083391968838 0.533997724276794 0.616311713539579
1461163037.75026 0.975006961579604 -1.32001713366799  6.69434642832017 0.221537079675234 0.556530944020834 0.528109748966947 0.601909232129162
1461163037.85035  1.00213195465151 -1.31048260200727  6.66240085334092 0.217410049694541 0.576132595233733 0.516655648170054 0.594870611322363
1461163037.95031  1.03226487639303 -1.29974545881743  6.62419628662462 0.221511185885051 0.591443965055345 0.506892180198904 0.586674652921543
1461163038.03027   1.0598272708257 -1.29071443901857  6.59304984145388 0.231463838089027 0.600835303124723 0.504781702645151 0.574992924174534
1461163038.11034  1.08800358997076 -1.28058142866637  6.56385984141501 0.229861963684828 0.614006435050423 0.502057727725463 0.564001430316245
1461163038.21031  1.13055873255843 -1.27062970565025  6.53499901091502 0.234782596701862 0.61749167007508 0.501371614431911 0.558755468801656
1461163038.31028  1.16993486354202 -1.25504683933441  6.50119002064749 0.230683190158669 0.626178996263306 0.496057446448885 0.5555287033444
1461163038.3903  1.20418881456732 -1.24341732925083  6.46831770645002 0.222762071240103 0.64189762271956 0.487928008032249 0.547969671187629
1461163038.51042   1.2581368483774 -1.22732794376766  6.41890112050069 0.218803553569253 0.656273601757592 0.484178317374684 0.535725042877225
1461163038.63044  1.30875197535767 -1.21260887183851  6.36989464104973 0.214765190193269 0.669602206923513 0.482779355639382 0.521951043042193
1461163038.79028  1.36809433772201 -1.20653939771922  6.31835310507009 0.221058857842143 0.681403218717991 0.481110791878589 0.505326667442206
1461163039.01024  1.43926510285104 -1.19530678117151  6.27598407476844 0.228880445702089 0.68608328137265 0.47389336471155 0.502323154432002
1461163039.21022  1.51409991806529 -1.17028693276056  6.25377359528854 0.21889959834477 0.691298305483983 0.473604588456771 0.499888299995273
1461163039.35022 1.58501121765231 -1.1504663868217 6.23240820132754 0.229919257421762 0.700349368177281 0.471085422324092 0.484485729855938
1461163039.47184  1.65981947132334 -1.13593808116153  6.21285393621293 0.242902437620124 0.712203294461453 0.459869776429715 0.471470743400838
1461163039.55027  1.70598684744593 -1.12295299781446   6.1978208576818 0.234905019126954 0.729363192270004 0.447492447394989 0.461085106325413
1461163039.65018 1.75997526936421 -1.1068794521215 6.17707594333451 0.236885337654106 0.746099145115398 0.434954739615813 0.445012108765944
1461163039.7502   1.8103211195008 -1.09082223171172  6.15965593330977 0.236086870051567 0.760893554712981 0.428485491383286 0.426267723220422
1461163039.83022  1.84635907671594 -1.07977448985583  6.13975842871686 0.240291192271287 0.7757616833008 0.421121567603573 0.403869507314259
1461163039.93026   1.8938119945357 -1.06729723393459  6.11219550549821 0.241736552150191 0.793032219084044 0.40811485275073 0.382237630033237
1461163040.01048  1.93294742606102 -1.05738121177246  6.08597571804821 0.247423267584756 0.807278992444895 0.39337013028209 0.36378880633781
1461163040.09015  1.97599475047471 -1.04628486657114  6.06120507041276 0.244609183084037 0.82277309358176 0.380750454122744 0.343860256084044
1461163040.15017 2.00916963239826 -1.0352979855324 6.04227387134238 0.254007108726093 0.82927381327067 0.38119343207961 0.320120131637329
1461163040.2102 2.04177403875822   -1.02426873726 6.02359625239547 0.257449852276281 0.834917809664939 0.38037336195727 0.303229171058039
1461163040.27016 2.07491412700192 -1.0157856083285 6.01041823240706 0.258663410705058 0.841414611620866 0.383062259646514 0.279960705363879
1461163040.33038  2.10518347299181 -1.00833967012186  5.99491967978557 0.257694924271658 0.84893902920317 0.38009037164208 0.261585856049576
1461163040.41023  2.14525832213516 -0.99925874072548  5.97660994114351 0.252848820268276 0.857972784924634 0.374745212892375 0.243959422510912
1461163040.49072   2.18463159477264 -0.984455535170048   5.95960267491144 0.244644128698335 0.865651797824867 0.37170390010817 0.22941757966726
1461163040.57236   2.22537742866296 -0.966892766297327   5.94406759167757 0.235483653689906 0.872539049584115 0.375171507085279 0.206081042473739
1461163040.65014   2.26924526648271 -0.947541625341401   5.92571283658465 0.230667510993211 0.879140630178836 0.371675440530912 0.189107426208249
1461163040.73148   2.31243776845371 -0.929928179342991   5.90569313189205 0.216803398082585 0.888528844836973 0.366810724596506 0.170184226041973
1461163040.81018   2.35232623505798 -0.918188059374103   5.88142168017247 0.216150063903128 0.897559160101116 0.355720247252856 0.14536096342423
1461163040.87002   2.38364087413813 -0.918406752557242   5.86123915446755 0.211258592204328 0.906113908083058 0.33685919158237 0.14440664058403
1461163040.9105  2.40191920617888 -0.92259117105717  5.84534110304516 0.214064793029344 0.915614413810126 0.311202167061773 0.137766907581246
1461163040.97314   2.42651108986643 -0.928875839096293   5.82185230846805 0.221177640537672 0.925695748015338 0.284130671626281 0.115920640412787
1461163041.0502 2.46341736770299 -0.9370573187508 5.79487076828776 0.219074933866589 0.934811976977296 0.257549440101971 0.108632531749523
1461163041.1101   2.49051052484633 -0.943966593765051   5.77267151735539 0.218490789917952 0.943124637588776 0.227100891815648 0.105843647096116
1461163041.17199   2.51623793716017 -0.949265488098415   5.74900458502759 0.223294618157153 0.949977645755332 0.189529401800779 0.108446262822874
1461163041.23016   2.54024598101726 -0.951547909336774   5.72676052974161 0.223550807568173 0.954752205994136 0.165070347245294 0.105948298925785
1461163041.29014   2.56301925883435 -0.952515257077106   5.70257918861019 0.221702244747006 0.959718346707503 0.1384679886782 0.103031188377931
1461163041.37208   2.59674438637166 -0.949989672683296   5.67029258136912 0.226557431773546 0.960412510323846 0.125501587279715 0.102610387933659
1461163041.51022   2.66096880347896 -0.931542898129923   5.61767078126602 0.222501632639834 0.958204369911145 0.131425050967928 0.122739011458749
1461163041.61011    2.7123250383724 -0.919395753748583   5.58862770005612 0.201105903118704 0.953509506231371 0.159362663633352 0.158049291984813
1461163041.73029   2.76427332867843 -0.893567078224664   5.55536104679063 0.168064708668583 0.950352920275017 0.186352875826013 0.184000506239159
1461163041.87003   2.81904763927375 -0.866405764091779   5.51598953729682 0.148812821095 0.944636605274122 0.20564945865387 0.207905575705177
1461163042.07004   2.88610108713297 -0.835340614996603   5.45204936298444 0.13059091242456 0.939896123352847 0.216938247351574 0.229083145897809
1461163042.23036   2.94971039679251 -0.818285468902707   5.40524100732609 0.129212493802843 0.931049083730043 0.220655207839636 0.260313300436118
1461163042.3901   3.01255289604703 -0.800574374182089   5.36369617960931 0.116895890898414 0.92048855301 0.233595687439481 0.290635905005383
1461163042.57192  3.08617486786112 -0.78333560808454  5.32548805055539 0.099139323380821 0.908275431956197 0.242199707130138 0.326414515808431
1461163042.75007   3.16566274454854 -0.764506839899108   5.28580409112344 0.0803767394178274 0.894807506288984 0.249738293622681 0.361233845518219
1461163042.9301   3.27204257917308 -0.757407327929158   5.24343518068805 0.089055525764712 0.87716429672234 0.252086107714349 0.398879059595517
1461163043.08999   3.37233716922301 -0.757202025993377   5.22165518871507 0.0756817815492227 0.854411464400866 0.262436723875418 0.44201841975583
1461163043.27158  3.49229796446223 -0.75873583434874  5.20562103193764 0.0794904535995881 0.837398598167731 0.261604329146642 0.473294866383511
1461163043.48993   3.65159640755377 -0.745603101730357   5.18096155522494 0.0832291544791014 0.841721347741849 0.255715420255782 0.468174865241341
1461163043.64997   3.76244951493847 -0.747084892384051   5.15934774790218 0.108483581506156 0.855694764937842 0.258567637591625 0.434925923108584
1461163043.78992    3.8559723731784 -0.747325184185023   5.14096015064795 0.115625086334511 0.86720765012286 0.263590125204411 0.406327425696625
1461163043.90998   3.93902870573552 -0.744326907843948    5.1258356050715 0.127046003175464 0.87352276399578 0.261857091418227 0.390189899321213
1461163044.01061   4.00680627623128 -0.733726997720424    5.1100174072764 0.144189714289437 0.879859831292857 0.271293088393409 0.362568702124717
1461163044.12994   4.09269724715488 -0.723143924393332   5.09482738464037 0.149006665876859 0.885310834543746 0.285306133936154 0.335592237249499
1461163044.22985   4.15819114878265 -0.709122368085056   5.08598476751167 0.137965129442408 0.88446942425817 0.316772172043667 0.313583882923052
1461163044.30993     4.207595843596 -0.696483379925454   5.07745541024476 0.128134246558447 0.884767889218605 0.345672309070505 0.285093058155434
1461163044.41013   4.27112964970795 -0.695968349336623   5.06332420997765 0.106578929429898 0.891824588893844 0.33929244216783 0.279589830168575
1461163044.50995 4.33373430830184 -0.6856290736609 5.04961257861079 0.100741553197327 0.895107757593388 0.348012242267025 0.259847495635046
1461163044.59026   4.37904765860242 -0.678599964586831   5.03355106156472 0.102725013745575 0.899792800055496 0.349961672190784 0.239472997468799
1461163044.66988   4.42196598588394 -0.674202138401146    5.0144420992455 0.110802590511274 0.907038602814427 0.346512923384817 0.211973000327283
1461163044.74981   4.46534829082204 -0.674659097912433   4.99414431748205 0.111060171581341 0.913924896895973 0.339553851079703 0.19263982801838
1461163044.85003   4.51084714270259 -0.680547850193724   4.96685504449922 0.108621259918746 0.9245731707394 0.328556148953946 0.159426255137315
1461163044.94982    4.5527232483906 -0.683843716934891   4.93633449804122 0.11941164042354 0.929766919978531 0.32594146287651 0.122623396719045
1461163045.05021   4.59277140769304 -0.680664274861253   4.90223802561518 0.125715970883734 0.931942826425929 0.327329890881246 0.0923753510070884
1461163045.13058   4.62284533380059 -0.673515511188151   4.86837547987219 0.141271117464105 0.934188704237753 0.321573238937607 0.0626465341755505
1461163045.21024    4.6526137422163 -0.664834802209639   4.83066019023763 0.147856284078014 0.937101892445819 0.313977939934112 0.0373686455178426
1461163045.27189    4.6740519538529 -0.657917396707924   4.80023853500782 0.152660857118143 0.937695800873199 0.311193632790878 0.0240784268410556
1461163045.34993   4.71023034633157 -0.648174796867509   4.76242704958333 0.153047425078194 0.937673337976371 0.311607842265937 0.0156764014860857
1461163045.43007   4.73737974546801 -0.641027984731078   4.72666429431783 0.149240668365027 0.935504548787536 0.320247444784101 0.00019029724743111
1461163045.51067   4.76150290967086 -0.639803707082831   4.68700997571847 0.162519349153588 0.934663092772587 0.315836613444312 -0.0154789459429379
1461163045.59001   4.78176145206115 -0.638489690473108   4.64853667151291 0.169282955204758 0.934027057437544 0.312937827268614 -0.0317278003666609
1461163045.68981   4.80615599170243 -0.633035239755475   4.60146668641663 0.176249898278027 0.932646669864976 0.310517120112663 -0.0518196937823183
1461163045.80993   4.82685494045733 -0.622375471065925   4.54048775177803 0.177744359493355 0.935137844198709 0.297122389206272 -0.0751161823314091
1461163045.95021    4.8406247411296 -0.610058264172659   4.46549610751024 0.169385446900147 0.938183193525888 0.282323291039528 -0.106838312887346
1461163046.08987   4.84789908063267 -0.610074593840785   4.39428221994971 0.163778746240877 0.938540640009082 0.270759736830008 -0.137866436244847
1461163046.22984   4.85026776139094 -0.604560986595118     4.321328261016 0.163957246616306 0.93742137320464 0.256848306698376 -0.168487796849814
1461163046.37146   4.84093677140202 -0.590925513665804   4.24262004081574 0.156474849506237 0.935254090600971 0.246752091014118 -0.199821953414313
1461163046.48982   4.83046158023284 -0.581373133852692   4.16913354432449 0.163943625397514 0.931347407520126 0.232013604469352 -0.227780994681733
1461163046.61008   4.81874975284053 -0.574188023459679   4.09835944731908 0.164790469068983 0.924113742607474 0.235744808907877 -0.251559688942843
1461163046.71136   4.80463067742862 -0.576406657854493   4.03880950537515 0.179706235480238 0.918718859133538 0.220872632025304 -0.273635902659185
1461163046.82982   4.78468217307902 -0.573284248035773   3.97437597852839 0.191070780386585 0.911652072859821 0.209586179373136 -0.297415682755003
1461163046.94986   4.75940354407211 -0.567678410729741   3.91051832288019 0.197267246045436 0.902947363040884 0.193734379116341 -0.328996479561059
1461163047.07185    4.7307324292273 -0.555678948573633   3.84706566269529 0.197877565678155 0.889361317418355 0.182516889253276 -0.369551757157889
1461163047.17144   4.70284354414142 -0.548650833567516   3.79526496512098 0.193949146334444 0.878633432327827 0.166111444873835 -0.403477394799124
1461163047.28986   4.67321862124238 -0.541122382231589   3.73689642677237 0.186032587126672 0.861936124257992 0.160685964698629 -0.443438851449598
1461163047.38979  4.64477654181435 -0.53893752389152  3.69188972846818 0.181765264100658 0.843593104420811 0.153307545958211 -0.481465325119419
1461163047.50985   4.60377499631318 -0.530662052732323   3.63600017682869 0.184183572446618 0.827525586612722 0.149725906474831 -0.50878282997008
1461163047.58982   4.57043560844748 -0.528517288254766    3.6030269310849 0.178105706963156 0.813964215384503 0.133794634824326 -0.536506858216062
1461163047.68975   4.52812970529489 -0.516592170902709   3.55759738003778 0.186704260191737 0.801173723698072 0.121307378298557 -0.555469804446968
1461163047.78998   4.48280883722169 -0.504485108441653   3.50930025598498 0.188282024674775 0.79325209049469 0.113502384864027 -0.56781881682483
1461163047.89013   4.43734117551067 -0.494849254866723   3.46217532934165 0.187904710048174 0.785712385768955 0.118741734873495 -0.57727659504799
1461163048.0098  4.38530906287865 -0.48880835528398  3.40650058059971 0.200958588685561 0.775682249516932 0.120690866900867 -0.585974750364362
1461163048.15011   4.31939594506425 -0.498991156025473   3.34518962799323 0.195010233380742 0.773618307909646 0.111004481286589 -0.592590691521644
1461163048.28974   4.24682148314513 -0.500713572625481   3.28285611030834 0.203951367250808 0.777135547486276 0.0914290706813898 -0.588306812525633
1461163048.3902   4.19075939595233 -0.505574992927855   3.23794314661035 0.191576790969652 0.78652148748332 0.0760940351841344 -0.582144295426995
1461163048.49008    4.1367997026974 -0.508669356331417   3.19059342696917 0.175261988867399 0.800442425615427 0.0739036484321954 -0.56843065476938
1461163048.60971   4.07755331209409 -0.500810357890315   3.13758619305233 0.163660940332454 0.814942148384612 0.103962712750672 -0.546146633930203
1461163048.7305   4.00629863479197 -0.494429737415452   3.09225269678278 0.152820258874822 0.825284381716359 0.118686308580221 -0.530532956495711
1461163048.82971   3.93776714552932 -0.489559442065194   3.06770691753046 0.142875036379386 0.828122481910639 0.126128585453889 -0.527154113011701
1461163048.93004   3.86533488115437 -0.476947175669829   3.04936380997494 0.126556740776818 0.827666376906854 0.144576053111612 -0.527304015505761
1461163049.01005   3.80235492492146 -0.472327468583681   3.04011648159505 0.12571338583245 0.826576617206865 0.143758359853522 -0.529434391102073
1461163049.08968  3.74148376719149 -0.47248796419612  3.02975178763993 0.114701590839672 0.831675555581224 0.146225537833996 -0.523237429273432
1461163049.19032   3.66979854962333 -0.472339319927417   3.01519653582726 0.125593717891184 0.839988821795079 0.144502480350973 -0.50770466854068
1461163049.28969   3.60204049065209 -0.473267203889803   3.00008014069234 0.119209674108117 0.844761123149401 0.155879838780866 -0.497864614404408
1461163049.38962   3.53654668635045 -0.468205404964468   2.98660375099773 0.113331918959278 0.848066704995015 0.177828879978489 -0.486123060005902
1461163049.46968    3.4801297076054 -0.466988994046004   2.97865201877116 0.107718450119727 0.846899319085247 0.180255673673693 -0.48853471825981
1461163049.5497   3.42172954623214 -0.464574595695368   2.97257299607094 0.102144637011382 0.845305860805118 0.183166448604222 -0.491400576845458
1461163049.62969   3.35777493349298 -0.463584031551955   2.96894488077353 0.0935182971223246 0.841717410454258 0.178332140646685 -0.500962849574587
1461163049.71014  3.29469533104659 -0.46303054601862  2.96460563218131 0.0839397798314119 0.839258755403748 0.177947896256834 -0.506885984278292
1461163049.77019     3.247859260301 -0.465614230258628   2.96085281893608 0.0818295307559316 0.836706257615681 0.166629549678421 -0.515229230087922
1461163049.84992   3.18969404406199 -0.466274250192687   2.95141735953501 0.0764759228219861 0.834941109584862 0.175948548832191 -0.515816716399896
1461163049.91029   3.14366454418146 -0.469941439340124   2.94160283745486 0.0741103375601356 0.834835515034287 0.169522922101274 -0.518477867981272
1461163049.98964   3.08377810567778 -0.472401282503015    2.9258563721574 0.0707290119284318 0.835927640205819 0.176468548009826 -0.514860407076386
1461163050.07207   3.02532620437994 -0.480362183136329   2.90705239821572 0.0644902716772979 0.840682063755678 0.169630453608865 -0.510215818793316
1461163050.15004   2.96491082179865 -0.485511153676527   2.88739640110267 0.0606068160428362 0.844524309810958 0.154900981311218 -0.509029655301433
1461163050.2297   2.90432421412072 -0.487408200932639   2.86569072128729 0.058645189176533 0.849719689992685 0.147119532893551 -0.502884711704749
1461163050.30971    2.8432907927153 -0.489009234390795   2.84607406714541 0.0613962109998509 0.8520159613702 0.134772478528641 -0.502131144101342
1461163050.39017   2.78609152156365 -0.487203780008704    2.8255111270904 0.0660452755183234 0.854321290938029 0.134254001504514 -0.497743926644729
1461163050.47137   2.73367714041349 -0.484956292020799    2.8033135220303 0.0805785416074745 0.853584117503422 0.131234808525894 -0.49767326431052
1461163050.54965   2.68189015191215 -0.480603424567597   2.77834654241456 0.0733961572085811 0.848070288109865 0.148153554979109 -0.503428559657987
1461163050.60959   2.64710334082409 -0.476501664476345   2.75322920465042 0.0678755409890652 0.85212501747767 0.167814552469109 -0.491033747825661
1461163050.6716  2.60811539504324 -0.47626949609014  2.73173946864873 0.0538658153470806 0.845598526769853 0.173272027696225 -0.502034271618669
1461163050.72959   2.57290769810584 -0.474470012147789     2.707268702506 0.0521266175784605 0.845295325803659 0.172091909789303 -0.503133185647086
1461163050.78955   2.53121734477526 -0.472887080782631   2.67901525171767 0.0389411551172808 0.842847168604482 0.166837361904016 -0.510154419256022
1461163050.84961   2.49303785110636 -0.468687154605084   2.65075057653424 0.0368968108747147 0.843434898592165 0.160476047002661 -0.511374261693428
1461163050.90966  2.45424247304131 -0.46279451823782  2.62388998261361 0.024487231625877 0.840563031623753 0.167416036975695 -0.514612510456304
1461163050.98961   2.40237123187749 -0.460373064586145   2.58922946063856 0.0179055872364719 0.835108381917939 0.161060384883922 -0.525673789357204
1461163051.0896 2.34424976751537 -0.4595013294677 2.54708690761038 0.0155134748126697 0.830580777418734 0.162142750769157 -0.532545427785029
1461163051.24979  2.25482749669727 -0.45757383728237  2.47180665424614 0.0211159678631685 0.837435527922465 0.163592369726749 -0.521050274965489
1461163051.48963   2.13380215886266 -0.443955941509445   2.37607696599545 0.027094609040964 0.839891809298382 0.147413046773736 -0.521648372445743
1461163051.70959   2.03161516333745 -0.423776540076988    2.2906670300646 0.0142534965209987 0.851012270350729 0.162363790811833 -0.499212332562643
1461163051.89008   1.95332935082476 -0.426571078063411   2.21574621382298 -0.00593540286674861 0.862214273194753 0.183335757645083 -0.472164503177395
1461163052.04955   1.88294793753986 -0.448952823543412   2.15551953744617 -0.00391592058685305 0.869824115694573 0.154204992303226 -0.46862724384192
1461163052.21037   1.81271832908746 -0.450448940393615   2.09466489592967 0.00386617191306623 0.874538233748528 0.144218651144456 -0.462999903983594
1461163052.37179   1.73850496836782 -0.436474553333037   2.03683115990057 0.00421712071520414 0.872340464193377 0.140697095980202 -0.468197242203
1461163052.49024   1.67638087619832 -0.421313139604702    1.9943461231028 0.014567884922719 0.867538212176768 0.139747145041841 -0.477112106946229
1461163052.59047     1.624440553473 -0.407592774211225   1.96566731996951 0.0280549013911142 0.856741611885331 0.149418380262002 -0.492829464025782
1461163052.67218    1.5789339625563 -0.393768720174679   1.94914947943741 0.0491233456196163 0.836536160963219 0.157415068627973 -0.52250803293816
1461163052.78948   1.51377014390585 -0.378475837672847   1.92369693096245 0.0679257124914725 0.814014620866712 0.158926639773498 -0.554534595645802
1461163052.90987   1.44386545463418 -0.366141375383852   1.90449243280872 0.0825086724727315 0.789223726634658 0.151681033659023 -0.589331054935865
1461163053.00982   1.37964554593858 -0.354316320523862     1.893390970151 0.0934553687156035 0.764937341607911 0.142876467975166 -0.62106623831198
1461163053.10969   1.31634916429237 -0.344357520811276    1.8848325390526 0.109720891920585 0.740540424107648 0.131031804357065 -0.649916819589667
1461163053.20968   1.25352295613692 -0.340433484778474   1.88086473419486 0.119189885643568 0.70907143538019 0.130939233455814 -0.682544055596526
1461163053.30954   1.18817057872366 -0.342707110951484   1.87576279093641 0.123772701952209 0.690411994159423 0.119422543417218 -0.702673361310945
1461163053.39005   1.13804804534457 -0.345631215651782   1.87415548169063 0.127593172975686 0.672239014801255 0.11049648940733 -0.720836468984256
1461163053.47165    1.0878939057781 -0.350192868987064   1.87255089791599 0.121329758505542 0.65273023013523 0.101585129638449 -0.740879745846069
1461163053.57197   1.02822086033718 -0.349850937946899   1.87613296501828 0.122175926219304 0.628347886976365 0.0942025134703577 -0.762481384979764
1461163053.6494  0.980850152870782 -0.346472984842849   1.88368142417811 0.117076614255202 0.607953191159301 0.100354639700158 -0.778854883816243
1461163053.72968  0.933733843847581 -0.343698815551026   1.89581862500568 0.114004554520579 0.58454445388447 0.0998604742770169 -0.797081318723906
1461163053.78955  0.897076052719451 -0.345219045636229   1.90635066372946 0.106261120953572 0.565289480402015 0.0930091449702313 -0.812715003228325
1461163053.84946  0.861103906307507 -0.346195718956499   1.91562870509315 0.106326039318181 0.547141763305883 0.0937957063644512 -0.824944258527224
1461163053.92998  0.811396337639841 -0.351877868964056   1.92087321989131 0.0994546954893993 0.540846512173263 0.106558656241386 -0.828395477169665
1461163054.00943  0.759917230058777 -0.357411943899797   1.92844263955469 0.0932126818695372 0.532184033436434 0.104430246901832 -0.834976570944382
1461163054.09004  0.708204911400188 -0.360167398364233   1.92929956140146 0.0905114937545774 0.536834258521194 0.11291418003704 -0.831184116981838
1461163054.14951  0.668081024821769 -0.361989709989202   1.92709616144522 0.0858676788905755 0.549158759956541 0.119234636654576 -0.822699519573696
1461163054.22946  0.613838504872244 -0.360040458921566   1.92677480395875 0.0831965908330106 0.56061376293635 0.126289864945721 -0.814150726887904
1461163054.32934  0.540785819268186 -0.353792023756708   1.92964981326893 0.0800975234249654 0.57742855803732 0.139293723360282 -0.800473550928797
1461163054.41011  0.481839673300906 -0.350470069559075   1.92905413349129 0.0807032569645371 0.59859946741288 0.146467754444621 -0.783398275997773
1461163054.4894  0.425890784942567 -0.350136909987239   1.92951881705174 0.0779065431516592 0.61364121956868 0.158646248111175 -0.769549473484758
1461163054.57191  0.372328232883773 -0.349688920661463   1.92668911544418 0.0807130795577756 0.632098238662794 0.178729463879553 -0.749661919940597
1461163054.63009  0.330695252165606 -0.353221140997418   1.92429080482611 0.0789810238868573 0.644974034955038 0.184887688248639 -0.73728355117531
1461163054.68932  0.290917730028018 -0.356988649029341    1.9189105815029 0.0716120101508688 0.660592171935904 0.200133485733298 -0.720025201133541
1461163054.74938  0.251683301125529 -0.362312090696517    1.9143547911076 0.0708145694595065 0.673021375413609 0.201239942432332 -0.708187835647062
1461163054.82947  0.195751756247827 -0.367663919732049   1.91124573873424 0.0670296035776841 0.683143423742308 0.193816912506784 -0.700897352875721
1461163054.90955  0.142869577374037 -0.366746869383392   1.90658813014859 0.064626723169873 0.697860541195926 0.193253399408146 -0.686634673834092
1461163054.98943 0.0898048071181878 -0.361116362135395    1.9006302131362 0.0612710352766566 0.707804350420052 0.202811268206602 -0.673889049659516
1461163055.07117 0.0381813834482791 -0.354765381604319   1.89136487929828 0.0658060324067117 0.716172866512378 0.200594865574227 -0.665227548494189
1461163055.1494 -0.00885373716201743   -0.345433768365182     1.87936835734848 0.0621349145425626 0.721084823758331 0.218690583865226 -0.65448480339034
1461163055.22955 -0.0526556233766549  -0.334194276692489      1.864515099035 0.0673928917901042 0.727424050369266 0.241299572673401 -0.638816848015276
1461163055.32945 -0.111054063943845  -0.32820451359326   1.84021101097658 0.0664120518682456 0.741931799807894 0.248009165955693 -0.619369112405866
1461163055.42991 -0.160659544276057 -0.322608957644182   1.82556093442532 0.0696857816492067 0.749685351072322 0.248060101049614 -0.609575222996116
1461163055.52936 -0.210065354669155 -0.313692853036887   1.80718640715179 0.0685684409945343 0.7597699569368 0.263269086760615 -0.590539896528646
1461163055.6293 -0.259532494523043 -0.307967316086086   1.78334809945341 0.0655225689197048 0.775008532235195 0.26414837577678 -0.570345687718686
1461163055.72923 -0.302291457459946 -0.301068325220436   1.75898097163807 0.067787901837625 0.79009410667589 0.261687327314364 -0.55015983648713
1461163055.8094 -0.327834421546623 -0.297365712267232   1.73801277282619 0.074875353018717 0.803031051764909 0.274248476062898 -0.523758135773417
1461163055.90926   -0.3642210490255 -0.301743184300746   1.71071209763128 0.0692943669009511 0.816599761109343 0.278304916025856 -0.500908668908617
1461163056.00939  -0.39991884586801 -0.308807235751271     1.685174021461 0.073445535702888 0.829015315555235 0.265105745673947 -0.48688633526813
1461163056.10955 -0.431971223911652 -0.308799503561504   1.66128112525851 0.074186464983959 0.839224240923396 0.263382760900504 -0.469923997174184
1461163056.23078 -0.466224041130909 -0.297557470315661   1.63059158203321 0.0661710933368212 0.850457059820452 0.27575673105733 -0.443060268005085
1461163056.34933 -0.502534522476676 -0.283246365296495   1.59656956096215 0.0466785536726573 0.861134870842427 0.287241693696099 -0.416845362513273
1461163056.42953 -0.526769581788791    -0.272679385982   1.56619458500498 0.0315434242280906 0.870851203585312 0.298559141110783 -0.389211552836208
1461163056.52933 -0.561778470153138 -0.266236638624517   1.52699192072008 0.0220458464281904 0.881127561157599 0.29499207341527 -0.368928012281375
1461163056.62991 -0.587309773278602 -0.265070467637068   1.48647443311399 0.00959209718153067 0.888134711983318 0.300866625579724 -0.347280864221223
1461163056.70929 -0.604534843544895 -0.267563324962957   1.44736118000431 0.00949945951999344 0.900351927714538 0.290320918237059 -0.324021497687321
1461163056.80978 -0.623266651404591 -0.267991860509761   1.40075440654351 0.0183280228227665 0.910892834091541 0.28197447365355 -0.300713692052577
1461163056.90932 -0.631078543840365 -0.265480635707345   1.35013255090598 0.0133717028480756 0.922569599537756 0.282466980969059 -0.262486068647294
1461163056.98921 -0.635105322115778 -0.263659647116341   1.30427660546258 0.00347703677316055 0.932960751166842 0.281434896738337 -0.224424922625276
1461163057.06949 -0.637702446985871 -0.264807791157597   1.25496609554425 -0.00261817012687962 0.945399098866998 0.269307889034408 -0.183540049990421
1461163057.14934 -0.640829308848561 -0.265327214492501     1.207275965017 -0.0112479884381842 0.954224004469494 0.261180121927692 -0.145309930700325
1461163057.22927 -0.647734000459365 -0.266985512165576    1.1592637694327 -0.00707100676460381 0.961201227724224 0.252630326473137 -0.110544646323806
1461163057.32922 -0.660235808576911 -0.272226830057477   1.09778453907511 -0.00647848439534871 0.964547309713612 0.253205101635589 -0.0741194513598442
1461163057.42931 -0.671616437327592 -0.289063193022953   1.03873802391841 -0.00790232995666483 0.967850932059108 0.247929171945007 -0.0416323455048443
1461163057.50932 -0.681191535190582 -0.305868963503103  0.991253168263268 -0.0016232952347687 0.971950843361114 0.234578639656938 -0.0167864474770488
1461163057.6292 -0.702833792704508 -0.322199428498901  0.926520732879215 0.010929287318654 0.973377440778093 0.228857915620744 0.00640022817764467
1461163057.72935 -0.725152619275713 -0.326498354447627  0.869042097243671 0.0241869742060682 0.974368630227385 0.222055146838586 0.0266884707328666
1461163057.82929 -0.752697323147749 -0.319113623034791  0.807913658327043 0.0335058498273286 0.973262989747518 0.221263028591651 0.0517608248921962
1461163057.92941 -0.794792407404084 -0.303707944940324  0.738834840053187 0.0228946330290183 0.973359422830439 0.2179584041366 0.0673899386547299
1461163058.02988 -0.849922417498506 -0.296285201868577  0.667149234285105 0.00527670139302176 0.977044144340119 0.200753111523968 0.0710991184652749
1461163058.12933 -0.911185062272815 -0.298593618873198  0.603202107607061 0.0154499032611208 0.979284826544328 0.190821795144562 0.0659512811632499
1461163058.22966 -0.979230672942115 -0.308876093555891  0.538446860588636 0.0276977089340778 0.978997510376017 0.193874183523034 0.0566525600537288
1461163058.32961  -1.04987995924549 -0.329227954430494  0.469673484555993 0.0489891988632756 0.98149542612612 0.17744812276303 0.0527157530167025
1461163058.40927  -1.11296957036503 -0.342668412657425  0.413070991443994 0.0509753096730916 0.984327340689115 0.160959229623028 0.0509247540474117
1461163058.48922  -1.18476283095942 -0.356361985097367  0.357353679565122 0.0517150496400894 0.987667404982646 0.14229898621775 0.0398704062804627
1461163058.56943  -1.26337639784587 -0.375925776440015  0.308323280290073 0.0495426698415217 0.991070546558777 0.119651246226484 0.0317533444712658
1461163058.64928  -1.34542443489679 -0.402097801036104  0.268835029963654 0.0537599935304385 0.99371999142766 0.0938955980472693 0.0285317086758689
1461163058.74926  -1.43855878170095 -0.437285755423577  0.229096675316024 0.0401031713430577 0.995492408948111 0.0743466566002227 0.0431181403504851
1461163058.8493  -1.52967668466445 -0.476845841699639  0.193035177577801 0.0484245118685436 0.99641001379242 0.0517699682188768 0.0462819776489701
1461163058.96929  -1.64330695478398 -0.517267512026582  0.150866577077452 0.0566164127070599 0.996740512018419 0.0361944932221326 0.0446418209063687
1461163059.08945  -1.76840529551693 -0.533615993232256  0.113341292099881 0.0669465777866229 0.996200533180029 0.0221962346940168 0.0510879690327808
1461163059.18926  -1.87818395515299 -0.530985056888917 0.0861371400247309 0.0699127483943068 0.996273928837552 0.0179424468753031 0.0472073609797262
1461163059.28924   -1.9938676865388 -0.513788274531454 0.0604514182591872 0.0649277208459932 0.996878246574072 0.0241555881799022 0.0378769076461085
1461163059.3892  -2.10761664332798 -0.501268573565443 0.0402559119035404 0.0666836495204296 0.997088493818667 0.0270078297368741 0.0252666482534502
1461163059.47101  -2.19863001287144 -0.493909006372098 0.0236835109789452 0.0654496070994713 0.996862483721545 0.0421877846714795 0.0142031089395801
1461163059.5709  -2.30830893783586 -0.490485586594564 0.0106661900826909 0.0923102195614928 0.994900876481221 0.0386532838727312 0.0125296842442474
1461163059.67118     -2.42117852326005    -0.473078068649013 -0.000227222458489537 0.0905763976876735 0.994474415549648 0.0528459568413707 0.00488444926583608
1461163059.78913    -2.55073383627446   -0.449320538723025 -0.00607083471270653 0.0978613876391499 0.993402226887502 0.0593536336950078 0.0072326061340946
1461163059.88911    -2.64843533228949    -0.42911708390463 -0.00417433191410602 0.0737446512031071 0.993935035984174 0.08049763842356 0.0132287894495322
1461163059.98921   -2.72538911031484  -0.420193626568747 0.00129747915685186 0.0733481259726001 0.991969033269144 0.0950516436299982 0.0397828417112583
1461163060.08916   -2.79487376141427  -0.414126055560671 0.00479586248117403 0.0799329671456445 0.987861648602892 0.118503425728668 0.0608031419701263
1461163060.1892  -2.86577029427501 -0.401627104481545 0.0060873601766227 0.105723008064176 0.981457124642589 0.13928648063449 0.0785100908585691
1461163060.28924   -2.93620536733154  -0.379122911952078 0.00631010358199546 0.100144017784933 0.977671355897249 0.156819230145787 0.0976607629317402
1461163060.38914   -3.00497576340057  -0.345758860410684 0.00664431118974829 0.0849020215843676 0.973774410590253 0.173899426863197 0.119641269414634
1461163060.4891   -3.07289427150096  -0.308883201931815 0.00431723841677423 0.0668783818020204 0.969352342610739 0.187926170579787 0.143412246108317
1461163060.58919   -3.13421432243296  -0.283025219138723 0.00602308243287952 0.0505796981505017 0.962338054401352 0.20273516629155 0.17391266640116
1461163060.70918   -3.20529898190081  -0.261270310119556 0.00984573432846148 0.0336550709607107 0.953723938198842 0.219909339496092 0.202281655884841
1461163060.80938  -3.25219850770987 -0.253251341601322 0.0156412877272829 0.0283606749658683 0.94216621714747 0.240203188825493 0.231993360809252
1461163060.92954  -3.30159595204124 -0.252163810297398 0.0195194147914131 0.0459576423333522 0.930375989850496 0.241058486762089 0.272358621271369
1461163061.04918  -3.35766302033049 -0.244623110809248 0.0234834184236097 0.033794837976698 0.916803622959291 0.241420360394377 0.316299281443851
1461163061.15012  -3.41112807697682 -0.235482696690451   0.02446254658966 0.0186736524864135 0.904724503018321 0.244660158042605 0.348233076268807
1461163061.28925  -3.47498282422401 -0.237747137280183 0.0223927703333313 0.0137303370777967 0.892588910952676 0.236193380564576 0.38380880769665
1461163061.50904  -3.53052282634971 -0.242985602188912 0.0322578225224968 0.0112985031816637 0.873791021003383 0.240106556870083 0.422741572107254
1461163061.80904  -3.49180799799602 -0.218170728160499 0.0660068974226204 -0.00381827712672344 0.850652917939848 0.236122886485376 0.469703115210044
1461163061.94907  -3.42458149059711 -0.199176285677906 0.0953196175997366 -0.0155103395560414 0.835382960871666 0.249691092023946 0.489437530861737
1461163062.08947  -3.33189450566634 -0.198781462897919  0.114295784798586 -0.0175457130682935 0.833554054194766 0.247164946284872 0.493750216219083
1461163062.18904  -3.24868621226822 -0.205426568043652  0.125311450225405 -0.0248166106418768 0.831125702600392 0.23484692018912 0.503449229208805
1461163062.26904 -3.17773250192154  -0.2189588837556 0.133547000596424 -0.0267028639376375 0.827179753418149 0.217683150506261 0.517372842907595
1461163062.34897  -3.10651954412254 -0.236039179021807  0.142772101862549 -0.0279937322363118 0.819971254963516 0.203383396819551 0.534320770593077
1461163062.44898  -3.01669912388389 -0.259297375890395   0.15228492081493 -0.0241730584412638 0.808417349254148 0.192491403664582 0.555719454568338
1461163062.54896  -2.92113709241449 -0.278697320032027  0.154787084062187 -0.0110493218319252 0.80032024883709 0.184375256076161 0.570413163185462
1461163062.64891  -2.82244314750487 -0.293272338163881  0.150678314207459 0.000315094669323589 0.796992755650194 0.170341580696126 0.579470615339903
1461163062.74955  -2.72549720300715 -0.314876998111573  0.145907677039784 0.026967354556616 0.791121497297769 0.158141668593551 0.59024634768544
1461163062.87184  -2.61285454941696 -0.337396209056653  0.138243108007145 0.0535457344655266 0.786867683722158 0.152639213578124 0.595544602118536
1461163062.97144 -2.52478589518734 -0.36083380616845 0.139863121941088 0.061838461081092 0.768116926277313 0.153750445936261 0.618492677945193
1461163063.07087  -2.44000564254344 -0.382351604493584  0.141918210816269 0.08206876619567 0.748023208018732 0.154109588488801 0.640293864265696
1461163063.18899   -2.3368182861616 -0.379062272012143  0.142108550621679 0.081986815725222 0.725390861353087 0.161055173283938 0.664189349109986
1461163063.32896  -2.21465285502377 -0.337610401647457  0.128151608216174 0.0600795633601769 0.715913544634692 0.17059358312368 0.674356042511718
1461163063.47095  -2.08808800872182 -0.296796283734265 0.0968499783884598 0.0198964518613616 0.727860949397574 0.153294360107549 0.668074403569399
1461163063.60915  -1.95958844423492 -0.293097090832728 0.0641693894878732 0.0275640599836879 0.721885290538041 0.15697324551893 0.673410164827706
1461163063.72897  -1.84440230020535 -0.291342193666734 0.0273883622063038 0.0122886797139927 0.719048306960913 0.156934626101718 0.676897365734161
1461163063.84925   -1.72118480284573  -0.277964634762286 -0.0191560241995243 0.0222501960531545 0.717129672198356 0.163998033075163 0.677004141180652
1461163063.94973   -1.62123877512447  -0.261468712370432 -0.0568537919902046 0.0314820743875131 0.707055722527848 0.165217138034607 0.686865621160744
1461163064.07161  -1.51200794393168 -0.243119520902867 -0.103347807717291 0.0397576210128762 0.701488317904325 0.164800415310721 0.692224164941221
1461163064.17092  -1.43193638108088  -0.22827651578636 -0.131698976686078 0.0220095730210874 0.683122930728412 0.180952806705458 0.707187897205454
1461163064.27102  -1.35407610702473 -0.222997816510967 -0.148620422300806 0.00832177408817704 0.653014212765749 0.185561819241173 0.734213863422546
1461163064.40894  -1.24326816222504 -0.208524713526684 -0.181189628301159 0.00543485910598379 0.633789413500765 0.192642127488251 0.74911311052314
1461163064.52895  -1.14156487758063 -0.182445649359098 -0.210382458178715 -0.001159686366752 0.627697803022056 0.184444572488209 0.756289840529712
1461163064.64886  -1.04222515318151 -0.161347809439285 -0.245110492814524 -0.0125376598614009 0.636465629652963 0.169721424398745 0.752295784552671
1461163064.78904 -0.941297383210218 -0.157436491728629 -0.265403524993385 -0.00726030346117891 0.625859433428211 0.175217236389599 0.759964589737286
1461163064.90893 -0.860060724286887 -0.156584337472041 -0.278533328214072 -0.0229695352428457 0.610856735026286 0.187033700953257 0.768989495657439
1461163065.02887 -0.775425966423005 -0.148180065539296 -0.281818408019999 -0.0255863956225295 0.584614156248076 0.188956092513383 0.788585581769964
1461163065.12883 -0.702297962656102  -0.13425795486926 -0.283167463776109 -0.0253519908973287 0.560699138027661 0.188321227312989 0.805921130456269
1461163065.32897 -0.551711155847897 -0.112050603973308 -0.296905569888954 -0.025643295857673 0.521526547572926 0.180421615091756 0.833546952703867
1461163065.40972 -0.499333595159772 -0.113501652023854 -0.293693021644779 -0.040154202412439 0.491227877927623 0.16224657535249 0.854844348850558
1461163065.50885 -0.434939548842271 -0.119598878348143 -0.293150322550486 -0.0411407095608056 0.464612492494111 0.154591187904197 0.870944451993129
1461163065.72889 -0.281668248034994 -0.118701519321866 -0.312899016023625 -0.0153593654723278 0.446037295749875 0.181047390828459 0.876377009606387
1461163065.80918  -0.21974572209244 -0.109199796730825 -0.322371736622427 -0.00874162612779215 0.437373219229159 0.179291964260115 0.881182525147607
1461163065.8891   -0.15769508182427 -0.0907760313528281  -0.336947534403641 -0.0102957685831263 0.436496352286078 0.175044101093493 0.8824536782532
1461163065.9888 -0.0886757648928617 -0.0680987369590339  -0.352785331621662 -0.00756136691221816 0.43001398816032 0.169294030917817 0.886775240301889
1461163066.18946 -0.00649371844159584  -0.0319416692288333     -0.3576993767752 -0.0390641696079081 0.373146871382497 0.173737305070357 0.910522241275406
1461163066.30878  0.0259551114060809 -0.0224216375830499  -0.360039713813735 -0.0594107899731771 0.333952862132909 0.16495271694771 0.926140618415784
1461163066.42926  0.0646792363418935 -0.0329356698467986   -0.37516543248015 -0.0562840221977987 0.319796246813632 0.151027133900748 0.933677285894263
1461163066.50877    0.09446107628241 -0.0451841601206118  -0.388185470925018 -0.0394370885769631 0.320062519093715 0.142393967140397 0.935803749745628
1461163066.68899   0.155500316377982 -0.0397331548505414    -0.4309299317504 -0.0181296657131153 0.30997077188448 0.155583000748348 0.937754427169827
1461163066.76905   0.173365754920848 -0.0273583100712969  -0.452237638257485 -0.029246962995173 0.293125818371766 0.166204086945627 0.941062203704947
