1464104820.29265  -0.262548609386027 -0.0243600931257942 -0.0661468693634279 0.0129057300136726 -0.0129487629328376 -0.0021939021246841 0.999830464861314
1464104820.5593  -0.231512671490502  -0.113253920518373 -0.0474915239382545 0.0857940352164899 -0.0307251573468428 0.00320924723028201 0.995833846060425
1464104820.5927  -0.225846018330912  -0.121863570339496 -0.0460927095432093 0.0903096237109791 -0.031031139256978 0.0121925411119974 0.995355505436539
1464104820.72602  -0.196676040794975  -0.159529209300242 -0.0450109644209582 0.127063211652498 -0.0207815203726337 0.0258811977450221 0.991339110627053
1464104820.85915  -0.158932776677329  -0.190227091422515 -0.0483533273729455 0.159715919274501 -0.0155312342661446 0.0410392130128732 0.986187299090672
1464104821.02575  -0.102867036697911  -0.210816305546139 -0.0516159537107489 0.181545174924404 -0.015278775343555 0.0647972511957142 0.981126508011657
1464104821.22574 -0.0288353168861928  -0.194518360954342 -0.0464511041232903 0.176527946971171 -0.00554778432374226 0.0778681646677772 0.981195013724852
1464104821.35927  0.0152217854714097  -0.169348200451116 -0.0422580864983845 0.154035531826843 0.00106046492849661 0.0721129882056088 0.985429676476721
1464104821.52577 0.0619022980459574 -0.137914482988817 -0.041057462971961 0.13608310467813 0.0078205324744802 0.0585202188049408 0.988936606605296
1464104821.69246   0.103943779450873  -0.100050304773667 -0.0430382053737827 0.115508511568983 0.0269006841540381 0.0619263561383745 0.991009214569969
1464104821.85905    0.12843216416492 -0.0655518618264608 -0.0412888209522753 0.0984772304473534 0.0426743378100684 0.058119652564607 0.992523673249994
1464104822.02566   0.139563109964744 -0.0263818062570356 -0.0359092730285698 0.0621134562959742 0.0545800546067477 0.0438726193990122 0.995609426157247
1464104822.29237   0.137142721514765  0.0107694945711285 -0.0394712552361869 0.0367348665117403 0.057454448271755 0.00965270948831153 0.997625361122945
1464104822.759   0.109912967803059  0.0447074316879799 -0.0506042532563806 0.0286118623451945 0.0642468349994216 -0.0273643381114492 0.997148383404104
1464104822.99433   0.074755458712669  0.0651661187971057 -0.0520339762429754 0.0125972941024029 0.085286874330228 -0.0270780215957531 0.995908749833406
1464104823.19244  0.0216782629142169  0.0881211122553422 -0.0545688248117875 0.00761176671752166 0.0843570155134956 -0.0264609449630716 0.996055105570347
1464104823.35895 -0.0284663150601917   0.107592675956363 -0.0587928442373314 -0.00395365479153857 0.0833536889654019 -0.019325423484282 0.996324775942464
1464104823.52557 -0.0809673353443545   0.114465974172083 -0.0660857453866988 -0.00440049379316061 0.0708933953721921 -0.023893397351577 0.997187980127106
1464104823.72561  -0.139581494745905   0.109736427164189 -0.0755049848310512 0.00284372805962615 0.0464255903073224 -0.0264904645752659 0.998566388910585
1464104823.8923  -0.182834943295623  0.0893551184118152 -0.0871759170606571 0.0122074890763062 0.0152299020579898 -0.0328780142288501 0.999268764384299
1464104824.05995  -0.214929802674113  0.0542406153629385 -0.0997867772869486 0.0308362036080533 -0.014249952122119 -0.0266444566705289 0.999067635518383
1464104824.19271 -0.226688362747775 0.0143527837719206  -0.11092841435994 0.0593321399112011 -0.0317761830836661 -0.0234862343960777 0.997455947977696
1464104824.2922  -0.231385381542617 -0.0202611056623955  -0.119114779115716 0.084814659872133 -0.0516010687161341 -0.0160233625925376 0.994930678504465
1464104824.42556   -0.22692993003885 -0.0672316840576809  -0.131005720645084 0.11897783502436 -0.0576647661758043 -0.00493516727508818 0.991208703371179
1464104824.59225 -0.209336747693504 -0.114317577798074 -0.144484276428842 0.139450643035767 -0.0592803368756349 0.00698371583456382 0.988428342132076
1464104824.79227 -0.166608695519455 -0.148090900987615 -0.150915127155553 0.148535928998725 -0.0426595968700801 0.0387010736831849 0.987228171947669
1464104824.99465 -0.110512471029587 -0.157405872888946 -0.141264018446998 0.139279891905422 -0.0177713999386705 0.0630588733418943 0.988083431471191
1464104825.19216 -0.0519678972535892  -0.152973919960919  -0.120287887306269 0.130248551834733 0.00718573660333343 0.070852367914384 0.988920432540125
1464104825.35873 -0.00245771824152136   -0.140390657643326   -0.101076921897031 0.124649073728663 0.0292648631712167 0.0802223032974314 0.988519376773066
1464104825.55863  0.0466432380977567  -0.115079770914448 -0.0770202255170558 0.119759802716031 0.0519604404960251 0.0841605475430957 0.987863707458738
1464104825.72536  0.0811926167168083 -0.0842369442417328 -0.0595844346789927 0.109451585615272 0.0737104984339843 0.0849740185929057 0.987606464636137
1464104825.92536   0.106997055344122 -0.0438849218610644 -0.0399353174481629 0.0995814769123106 0.0891398838060887 0.0810161402954009 0.987711494102724
1464104826.09205    0.116239358120194 -0.00316345042995434  -0.0280684413875967 0.07327485274835 0.0905103369935481 0.0635329985591335 0.991162061898107
1464104826.29198   0.110207440754202  0.0392780110253145 -0.0178658543999259 0.0410326401819814 0.0825511819951802 0.0403463472128602 0.994924015720534
1464104826.45862  0.0971058715146347  0.0727728814983545 -0.0126082692130267 0.00877653476110891 0.0644990226801489 0.0222225699251899 0.997631698522462
1464104826.62562  0.0752081454031867  0.0991235746356597 -0.0104501557107452 -0.0123507265994757 0.0381658009205573 -0.000401326735674817 0.999195011061108
1464104826.82749   0.034949595543602   0.113597906133216 -0.0166508782151333 -0.0225628549470991 0.0124837612658323 -0.0247949463637838 0.999359937117809
1464104827.02518 -0.0205700808568782   0.109028518613238 -0.0265116244923702 -0.00779573844101138 0.00515562171035709 -0.0323894547208698 0.999431623098761
1464104827.19171 -0.0719115966504665  0.0997199037558202   -0.03185101368419 0.00746287394891557 0.00297595226472189 -0.0423333371343036 0.999071237594004
1464104827.35936  -0.124431245368723  0.0808359774408862 -0.0355604876797431 0.0200775871756172 0.0126120237248661 -0.023466897953293 0.999443411130024
1464104827.52512  -0.171442683426939  0.0605782739736107 -0.0480835596059976 0.0342013279007477 0.0243290120632591 0.00646535796454518 0.999097876831015
1464104827.75853  -0.219675949752312  0.0520247334871237 -0.0852296200738516 0.0489660448459935 0.0320578282518892 0.0199309606531754 0.9980868594002
1464104828.05901 -0.260032564686858 0.0751672119825286 -0.153777044617505 0.0547689958133473 0.0338931088442332 0.0135081604782438 0.997832222305416
1464104828.35848 -0.285370221193313 0.0998475735939742 -0.230909756596641 0.0461914952558794 0.048621475456663 0.0220882734411528 0.997504088245673
1464104829.09174 -0.273083285891478 0.0726367171885372 -0.154649563357041 0.0366134048485094 0.0816324001952657 0.0160344476396349 0.995860686196945
1464104829.35855  -0.241634649528023  0.0425489592097778 -0.0766105169095886 0.0319937431502661 0.0985119672959914 0.0342703025811607 0.994030854178935
1464104829.59163   -0.203972870452565   0.0169437923786347 -0.00104245071961083 0.0352129923945884 0.107249552345499 0.0325823963808214 0.993073998317543
1464104829.79155   -0.169314520296074 -0.00936941495937622   0.0684770467060937 0.0351994829961716 0.0998132532028504 0.0223307521402964 0.994132611068923
1464104829.95829  -0.143919119177822 -0.0292326350261699   0.121067634495981 0.023804565679925 0.090126651221872 0.0249643085922099 0.995332764802221
1464104830.12487  -0.124136308954636 -0.0508328624884219   0.167718308579123 0.0212347940842581 0.0806022630223387 0.0243935350530439 0.996221518620981
1464104830.29157  -0.108344033423438 -0.0696620690648332   0.209567941971531 0.0183372089242696 0.0744828671271764 0.0258969617426208 0.996717310297099
1464104830.45823 -0.0940465188237943 -0.0877668726880869   0.247189927656306 0.0210490297223068 0.0674214802960243 0.0108284945185429 0.997443745806702
1464104830.62484 -0.0786946887289419  -0.103109912040105   0.279597369916738 0.0266054106500225 0.0595824734239393 -0.000658058480145536 0.997868552437577
1464104830.85838 -0.0579643691672568  -0.107020188963812   0.304838229088799 0.0161193612100012 0.0450671291627533 0.00265454201115732 0.998850375917194
1464104831.09135 -0.0313618925613079  -0.103611419864047   0.307812732087471 0.0170369660627714 0.0215627124238902 -0.00481971821703271 0.999610704993003
1464104831.2581 -0.00115091027222509   -0.094430763945754    0.296201866606986 0.0270873195228673 0.0042970874992308 -0.0183588792043946 0.999455233471939
1464104831.39145  0.0283131565562192 -0.0822666926107032   0.276269874194324 0.0321165498912459 -0.00890021786712465 -0.0265671521641218 0.999091337051267
1464104831.52537  0.0566021223910653 -0.0704470006439729   0.246884991448839 0.0365292505669861 -0.0257814338507977 -0.0321799757261645 0.998481537477722
1464104831.66005  0.0815942820146111 -0.0594451115003054   0.212604242067533 0.0389863925183796 -0.037739671596715 -0.0286606658064092 0.998115396445575
1464104831.82465   0.105814622228895 -0.0454722408102586    0.17151640248343 0.0474281589465937 -0.0377666709539534 -0.0196050944326309 0.99796787953134
1464104831.99139   0.122760207202629 -0.0277888237670498   0.132016829735703 0.0462609140317324 -0.0162554505839041 -0.00695840644511111 0.998772881459548
1464104832.15809   0.128066185754078 -0.0107817466318313  0.0880204288233737 0.0543047490299515 0.00463689480584853 0.00823178474002114 0.998479709938738
1464104832.32462  0.124156000557144 0.0142561530984857 0.0380719561887231 0.0477157296032471 0.0231977891817262 0.0189927012790637 0.99841091191134
1464104832.49125   0.112680829485077  0.0423068601413615 -0.0140242072090799 0.0326934087741369 0.0368570867074748 0.0242164649146929 0.998491992461232
1464104832.65963  0.096297064897033  0.068937512155958 -0.063308048604417 0.017317824192902 0.0296162314453437 0.0191078475717731 0.999228633477531
1464104832.85799 0.0807405537066402 0.0949194255699855  -0.11483707983263 0.0148217302507596 0.01109632522714 0.000306742518406791 0.999828532193323
1464104833.1252  0.069416341499654  0.121563878377508 -0.177378700280014 0.0177813760207596 -0.0149202797436503 -0.0202980062326601 0.999524486374475
1464104833.56076 0.0297544218431653  0.113933958401833 -0.208620679336294 0.0275151713690027 -0.0397695363460672 -0.0245520155591769 0.998528165779682
1464104833.79169 -0.0118669175069442  0.0899610263748014  -0.185403347578293 0.0562511652365599 -0.0203690419414502 -0.0168081129750641 0.998067330333046
1464104834.02439 -0.0687209111753371  0.0751953413070439  -0.165901634005895 0.0606461325234669 -0.0259562414340589 -0.0179370547194622 0.997660554601892
1464104834.19107 -0.118759226301561 0.0678400227520874 -0.147961389489982 0.0569258407152743 -0.0471493583610849 -0.0365706870491501 0.996593684263427
1464104834.32818 -0.162961403397592 0.0584733190576492 -0.126121589502571 0.0626167209651044 -0.069200031372597 -0.0530747895628561 0.994220080578977
1464104834.45767  -0.207821690882835  0.0460569043657439 -0.0974446091171641 0.0633215723369744 -0.0840059512837048 -0.0563947782792842 0.992850949341604
1464104834.591   -0.26006762792476  0.0271424175196205 -0.0636380860580552 0.0641113412647708 -0.105023320996179 -0.056451149342575 0.99079417928552
1464104834.72437  -0.314163261329159  0.0076907190460785 -0.0317397507558973 0.064589417613326 -0.125335806457727 -0.0635710291644594 0.987966531317197
1464104834.85762   -0.365928359335654  -0.0103090984245491 -0.00602238550779506 0.0603439572908627 -0.146105373049617 -0.0768443195879433 0.984432210632899
1464104834.95849  -0.405477059004964 -0.0203409497812236   0.012019212857894 0.0581341017258883 -0.165954445175998 -0.0910859902405879 0.980195332943767
1464104835.05781  -0.447319145224687 -0.0284935212124406  0.0332038705256723 0.0597625797342598 -0.17931879159885 -0.101630814437283 0.976700764103238
1464104835.1605  -0.490451576631011 -0.0362768718556398  0.0579357466619931 0.0623432747935496 -0.189376248648887 -0.105608478766464 0.974215993375352
1464104835.25803  -0.537523463433295 -0.0488299692306131  0.0827177410690336 0.0697200616533007 -0.194314042153139 -0.10502265197223 0.972805946012815
1464104835.35794  -0.585916155603997 -0.0635216010524389    0.10365187276673 0.0738756643616412 -0.2031242113915 -0.105065647508184 0.97069261389762
1464104835.45921  -0.628633106282493 -0.0807407120992444   0.121430561191865 0.0737694276014451 -0.213043246253864 -0.105541806831704 0.968520301174772
1464104835.55869  -0.672737381069543 -0.0985693497034772    0.13599189625342 0.0751996006314878 -0.227595419086808 -0.106230534760309 0.965018351514677
1464104835.66141 -0.714174006422898 -0.113575533722199  0.152389645436539 0.0795164469776358 -0.237199017743374 -0.111536672611452 0.961755338588977
1464104835.75741 -0.757670132063016 -0.123708965098674  0.171782425731772 0.0832117561019537 -0.247367077285306 -0.11718821931041 0.958202616348239
1464104835.85769 -0.802322506457138 -0.131766602379309   0.19442008977257 0.0826833837085201 -0.261233535399457 -0.122499491310411 0.953894319445242
1464104835.95797 -0.849196698902479 -0.140529423964477  0.218332707829711 0.0773953780951761 -0.27054940321325 -0.125887644358934 0.951296629274075
1464104836.061 -0.898805615600726 -0.151677528878968  0.236798338994586 0.0738704742564256 -0.286290072983932 -0.135435714973612 0.945641747308976
1464104836.15949 -0.946073974006999 -0.163608580380396   0.24928367268082 0.0701343849228755 -0.306879735346795 -0.147168928616252 0.937681877043017
1464104836.25749 -0.991937316819671 -0.173940863524094    0.2578591603407 0.0638946111215349 -0.325125888254778 -0.158043834732528 0.930178897717642
1464104836.35746  -1.03936881419831 -0.182084257528857  0.264659148601351 0.0677757916889157 -0.344530891697289 -0.167171198709363 0.921281008731476
1464104836.45762  -1.08772641536585 -0.186364305725668  0.271478204506057 0.0739129652127994 -0.355749005192348 -0.175577739160694 0.914960095517463
1464104836.55742  -1.13977706015626 -0.187437230857891  0.278826750294675 0.0752510080403081 -0.368530692237208 -0.180676133544529 0.908778603090698
1464104836.66231  -1.19345089187815 -0.194973993702491  0.283649255371504 0.0906143977303242 -0.370998014218779 -0.176022829354322 0.907284667519403
1464104836.7908  -1.26001008097439 -0.204259111842803  0.286734769398994 0.0880181205425431 -0.37896236298371 -0.177569428679975 0.903941057755553
1464104836.92437  -1.32069079830652 -0.214665714201558  0.282408333954249 0.0864074612861949 -0.394759628784697 -0.174629120704814 0.897888220391439
1464104837.05735  -1.37902195321387 -0.221686350351387  0.277050987066683 0.0910164582434925 -0.412409502377308 -0.179573298750629 0.888475006431542
1464104837.1907  -1.43636767255806 -0.220654672672197  0.274349177574118 0.0930748929217439 -0.430107677090653 -0.188556367272634 0.877947006815466
1464104837.33039  -1.49860744362358 -0.218469994493868  0.272829521762259 0.0915106659145368 -0.444522218755882 -0.19261304994679 0.870014947024717
1464104837.42391  -1.54762482652512 -0.220168079252044  0.269185020989564 0.0892725658035954 -0.455533473499492 -0.199814103024741 0.862898596446158
1464104837.55788  -1.60625256986362 -0.224997595093541  0.262922840964436 0.0856993222906257 -0.46858256345932 -0.208228876201365 0.854240447705877
1464104837.69075 -1.66110410283842 -0.22617728038141 0.253749077903843 0.0788564516266904 -0.481777273137984 -0.219884637880049 0.84458455180576
1464104837.85798  -1.73217317835767 -0.220816866096685  0.241251261745043 0.081612051112936 -0.496212648131469 -0.234360325235631 0.831978196170395
1464104837.99065 -1.79711040392029  -0.2147331176772 0.230137827439424 0.0833962470571098 -0.503221779930079 -0.238676969931028 0.826345091475308
1464104838.12401  -1.86165429546572 -0.213058368820656  0.217568416153969 0.0879027878638691 -0.506073045549521 -0.235124792785862 0.825154230596558
1464104838.25732  -1.92314955016711 -0.212036787669796  0.206839169517368 0.075383624322369 -0.504269146287845 -0.241562571516359 0.825637608959618
1464104838.42388  -1.99636310445547 -0.211429298590797  0.193060042217958 0.0631224077887911 -0.512812533425096 -0.247567656677479 0.819603027425047
1464104838.59062  -2.07228125071381 -0.204564499608918  0.187124969211244 0.0512316613758882 -0.519099680861102 -0.254257672645334 0.814410138752918
1464104838.75724  -2.15484662137883 -0.200430196885705  0.187169819683873 0.0437590686766913 -0.527590301840646 -0.253173431922922 0.809714042536384
1464104838.99287  -2.27176241025913 -0.205688596522183  0.186887400636906 0.0276268553736173 -0.537178479604105 -0.262961071264229 0.800954126596496
1464104839.25714  -2.39397245785829 -0.207804442628579   0.18635483200166 0.018269173761815 -0.54163071327663 -0.287668614337342 0.789651300290669
1464104839.59042  -2.56519835386432 -0.202516541046264  0.190737093032471 0.0174962243415158 -0.53299428613459 -0.297742154452464 0.791808425405839
1464104839.82519  -2.67165290820273 -0.203579158302699   0.17872908996541 0.00387719447823633 -0.534508290332683 -0.316521986050859 0.783645128406366
1464104840.02375  -2.76170203463084 -0.198852050892145  0.165188943189843 -0.00148760447722759 -0.540458359523569 -0.334957071819474 0.771820127161851
1464104840.22369  -2.85627613064221 -0.198361740106942  0.144960770962286 -0.00884606092348551 -0.54538750292136 -0.331716169683552 0.769700332359169
1464104840.39033  -2.92419576979048 -0.210628991854733  0.115868828696221 -0.0133783061008665 -0.549775080364129 -0.313820992447359 0.77400566318073
1464104840.52438  -2.97388332091411 -0.221887499154041   0.09022596336248 -0.0228437404489495 -0.542850133111286 -0.294926598651434 0.786009031698272
1464104840.66054  -3.02428218379279 -0.228653293759173 0.0644331465653439 -0.0309896812834964 -0.526538118128898 -0.263403216913201 0.807722721687959
1464104840.75698  -3.05743572068218 -0.230408676894612 0.0455287913954439 -0.0308744749306397 -0.505824218749253 -0.242616335233766 0.827239953340143
1464104840.85687  -3.09814038617571 -0.230967501578689 0.0225188042549991 -0.0260383556817168 -0.495900263270094 -0.220002193358436 0.839645143998059
1464104840.95699   -3.13567614123557  -0.231322292723811 0.00132803818641722 -0.0220990382311144 -0.48195866751353 -0.205199007403135 0.851540276603879
1464104841.05693   -3.17095010037259  -0.231492106795159 -0.0177457126090237 -0.0317612449032775 -0.464072749695356 -0.193837390749053 0.863744622130861
1464104841.16001   -3.20826973057307  -0.233598399088131 -0.0356476323872064 -0.0317896088808149 -0.452753213801412 -0.18012827647325 0.872672763511314
1464104841.25692   -3.24445168458313  -0.235337558353199 -0.0511930659310044 -0.0245385261375681 -0.441544688393108 -0.174963150241745 0.879672691939629
1464104841.35695   -3.28210390195598  -0.237358608585482 -0.0645464158726802 -0.0108780409570575 -0.429318442475365 -0.163265240172081 0.888207072999881
1464104841.45695   -3.32282461244637  -0.240209340563093 -0.0753802667654254 0.0123582987295434 -0.41448907981318 -0.140683875779197 0.899029544711339
1464104841.55697   -3.36553438450519  -0.242755759388708 -0.0859761935001934 0.0330649906965889 -0.399466514125922 -0.127091199935728 0.907293247732626
1464104841.65965   -3.41219343660397  -0.245782655434635 -0.0971081088280287 0.0501070444318863 -0.388039431330616 -0.118630273175504 0.912601524279474
1464104841.79033  -3.47137207742353 -0.249290861526058 -0.113220542126687 0.0649905129823026 -0.376407125501597 -0.114617544002 0.917036928210021
1464104841.9236  -3.52765956545134 -0.253192564441975 -0.131711740049664 0.0719409636131533 -0.364756509914789 -0.112577815500082 0.921468079580852
1464104842.05688  -3.58661697317046 -0.253091880952305 -0.149413730085359 0.0826467502185953 -0.348416310458199 -0.105080171855589 0.927757374946597
1464104842.1591  -3.63434687446711 -0.251181517801883 -0.162627125200904 0.0919218195414331 -0.334994380699307 -0.0969412413393222 0.932701206024561
1464104842.25818  -3.68333075610748 -0.249811535107664 -0.176748255735674 0.0973225089584184 -0.317093633117258 -0.0931392512484538 0.938778481306114
1464104842.35679  -3.73236365441333 -0.248995759884904  -0.18940884364034 0.0968446799005848 -0.295227295869752 -0.0909983708683279 0.946140184247396
1464104842.45872 -3.78051038146766 -0.25327063326263 -0.20156670742594 0.104748492517014 -0.282303706048169 -0.0829565500768021 0.949973989994588
1464104842.55891  -3.82590520238934  -0.25901352517516 -0.210820124398333 0.124299342012412 -0.271254055324513 -0.0865302257163174 0.950517454380913
1464104842.69017  -3.88661738413974 -0.263025947432153 -0.214147187821137 0.143604707252902 -0.248926948819365 -0.0866518198937302 0.95388915724805
1464104842.82539  -3.95720256757457  -0.26444947478052 -0.212089480538629 0.15042558059178 -0.238307107517121 -0.0813347179866465 0.95601596788991
1464104842.92405  -4.01324882363193 -0.274126653959097  -0.20726685597056 0.160778121842681 -0.223616025214994 -0.0607116564674134 0.959406255750279
1464104843.02401  -4.06885346429098 -0.286356842629385 -0.203798617375094 0.165978276105582 -0.214380633817635 -0.0542165712123988 0.961016503037767
1464104843.12349  -4.12260563318423 -0.301007122063804 -0.204321801882524 0.173080594330506 -0.210155610927131 -0.0489798512673937 0.960977992064265
1464104843.22334  -4.17284309192963 -0.313806780202405 -0.205385305982127 0.182883117026981 -0.202895134253509 -0.0459818871723168 0.960870957025353
1464104843.35665  -4.23829991120449  -0.32446548431983 -0.206344746018635 0.193559234381996 -0.184155053821524 -0.0420945091279767 0.962730383460874
1464104843.45669  -4.28785893426448 -0.328770529215115 -0.204460382686865 0.197251373509747 -0.162065777011902 -0.035984742087538 0.966194430695468
1464104843.55671  -4.34012268985186 -0.335041468886114 -0.203579782027857 0.203508148003931 -0.146095209334664 -0.0270512806812968 0.967733874429831
1464104843.65972  -4.39154497588358 -0.344849259308022 -0.204843633610222 0.212050015198135 -0.128051375598863 -0.0170342744665823 0.968683369195067
1464104843.75667  -4.44018309592372 -0.355260425440376 -0.205666835320545 0.202995109775293 -0.111936755655536 -0.00153780191262597 0.972759365570904
1464104843.89005  -4.50729166251775 -0.368547259856743 -0.208942617985844 0.209399668032396 -0.103461284022072 -0.00411445299620055 0.972332562970596
1464104844.02328  -4.57308346550371 -0.373814107664568 -0.205722635246231 0.218249927232974 -0.0958670719301255 -0.00685403383064765 0.971148544766759
1464104844.15995  -4.63958376615772  -0.37576470832074 -0.197337455940243 0.224458654588913 -0.0851587003889381 -0.00524683211376604 0.970741355295514
1464104844.29013  -4.70883119050398 -0.381664565826938 -0.187148071527335 0.224057017135263 -0.0751298834656155 -0.000957500948907991 0.971675376283059
1464104844.42325  -4.77611619932359 -0.389322613835922 -0.178821506272839 0.212006998692804 -0.071882737490506 -0.00618872600778148 0.974601253963148
1464104844.59006  -4.85602921535559 -0.396979396729262 -0.178369464357554 0.2103188887816 -0.0724098416466109 -0.0186196994314189 0.974769760839691
1464104844.72331   -4.9209985108953 -0.397439582228988 -0.179445364381655 0.211038608061363 -0.0679624216794847 -0.0202483899306754 0.974901952943063
1464104844.85656  -4.99061527572947 -0.397282397630332 -0.182416165897929 0.211947572082346 -0.060963377967376 -0.0111668082203097 0.975313793416958
1464104844.99278  -5.06229684830298 -0.403250271729705 -0.189342357567817 0.212544013617415 -0.0554484058338186 -0.00597680518685724 0.97555870882569
1464104845.15946   -5.1422907028288 -0.411227063323316 -0.201431562829253 0.2012277706834 -0.0532605480183095 -0.00340808527112201 0.978089506786247
1464104845.28979  -5.20623679980127 -0.413790494851879 -0.209805640501111 0.202189964107953 -0.0605332234823499 -0.00926438817258628 0.97742985343228
1464104845.42576  -5.27199073662661 -0.408937375479062 -0.211380711069421 0.199360727735637 -0.0674237316636307 -0.012345072062633 0.977525927963569
1464104845.55652  -5.33852008468424 -0.407580458126001 -0.206559276794442 0.190362693575294 -0.0662389500758753 -0.00850260896724066 0.979439713319995
1464104845.6898    -5.408812144404 -0.415030159286641 -0.203027847077223 0.181889062155161 -0.0581431604101995 -0.00384168049476147 0.981591046952246
1464104845.82494  -5.47437447123303 -0.428760515610869  -0.20666089436363 0.192038593657427 -0.055527121308719 -0.00908751054910131 0.979773103579224
1464104845.95678  -5.53922499684565 -0.435835166961263 -0.209440463855528 0.191981101364277 -0.062910439505981 -0.0180752852274397 0.979213366628576
1464104846.08966  -5.60042099605376  -0.43688559428174 -0.208173328245383 0.193427403467229 -0.0568944890146043 -0.0203937330805436 0.979251220248784
1464104846.22386  -5.66402012713747  -0.43863544515583 -0.209014241232811 0.199721682604805 -0.0508042990097697 -0.0142273827503613 0.978431272128863
1464104846.35857  -5.72937898807828  -0.44467463200243 -0.210902396814968 0.196811125117855 -0.04826823319806 -0.0130251612072185 0.97916592254291
1464104846.48972  -5.79168318309723 -0.456375922748702 -0.218924128786988 0.20093150623453 -0.0495831097759407 -0.00910978644256719 0.978307240501797
1464104846.62293  -5.85135497531449 -0.461186760321506 -0.228575837715619 0.204034364866627 -0.0670392192407035 -0.0192939995177585 0.976475018942972
1464104846.75631  -5.91353389205527 -0.459676004184836 -0.233655492666916 0.211321365489789 -0.0841387895417181 -0.0296550545600456 0.973336797989795
1464104846.88951  -5.97646164104922 -0.454215428269739 -0.233353263587458 0.20750184469897 -0.100080149096739 -0.0346102049533286 0.972486031733304
1464104847.02799  -6.04428951370441  -0.45493805279736 -0.232193044177446 0.202944083071978 -0.111650284250169 -0.0394218063456747 0.972005058812646
1464104847.16046  -6.10801803991749 -0.459634166411246 -0.235987766930181 0.19007591417304 -0.127117683541199 -0.0430136821003873 0.972554401838051
1464104847.28964  -6.16649034376803 -0.463749123147618 -0.244169046683662 0.191486575181866 -0.147388532610208 -0.055533712384538 0.968775267422182
1464104847.42273   -6.2222427036289 -0.459698617076012 -0.249909102759802 0.191030597752053 -0.16373015141002 -0.0771512994769371 0.96475252019923
1464104847.58964  -6.29184086308075 -0.452411740048462 -0.255094545618658 0.191160376598402 -0.169665245681814 -0.0889744256692183 0.962681134334376
1464104847.75625  -6.36340443759287  -0.45013082394367 -0.264046900084357 0.19449712773385 -0.17466502162018 -0.0892626707850296 0.961090616502954
1464104847.92477  -6.42948622952382 -0.447815694284571 -0.276561116518494 0.17934798772467 -0.178717788432247 -0.0948347688951359 0.962756780295836
1464104848.09019  -6.48913417008322 -0.443408549510261  -0.28808694163578 0.172007448598358 -0.188263599127227 -0.112162243858956 0.96041131080536
1464104848.25618  -6.54693165077638 -0.436443948766983 -0.295865410589821 0.173484247310119 -0.193401903776371 -0.123762277672061 0.957696099071277
1464104848.42279  -6.61028290486257 -0.429175971200539 -0.303265627200201 0.174006813851192 -0.204315205568703 -0.12968469190517 0.95454638765868
1464104848.55603  -6.66322682250233 -0.425782751074609 -0.312716072993156 0.171375736566782 -0.220567904440536 -0.143215873828008 0.94945740817089
1464104848.6894   -6.7147517766956 -0.424074669917823  -0.32494216735916 0.161146991031179 -0.236910482743029 -0.148666918154413 0.946468815067106
1464104848.85603  -6.76386702735322 -0.419910711055711 -0.342475594087866 0.158129962851069 -0.253467514416465 -0.163160606039 0.940280676511671
1464104849.02278  -6.80703383834209 -0.413688556973442 -0.357248653995767 0.159417407162771 -0.261327856190653 -0.172904619604444 0.936161222435398
1464104849.18937  -6.85102425813808 -0.407725421700733 -0.370860508989213 0.161127140489823 -0.261790996537089 -0.173293770068971 0.935667028373327
1464104849.35597  -6.89889268250811 -0.403668369832242 -0.384710500117743 0.154250668829089 -0.255474521937563 -0.162625739212551 0.940474544446645
1464104849.52264 -6.94243352096524 -0.40311128482322 -0.39488400123652 0.146586852895734 -0.244852705002195 -0.155879718729986 0.945653721348303
1464104849.68921  -6.98006075644476  -0.40291816893579 -0.401567680303988 0.130975295400049 -0.230340664948327 -0.151536127847999 0.952273832478278
1464104849.85584  -7.01498443901902 -0.403514694934524 -0.408177004153043 0.126432768092417 -0.222122884908824 -0.143474112037333 0.956081250902542
1464104850.02264  -7.05198630045432 -0.403482685261433 -0.410611314234252 0.12866782412353 -0.213332758295194 -0.140114895127068 0.958280512917283
1464104850.15773  -7.08606438751323 -0.403828793374946 -0.409441278385789 0.119058481033277 -0.205652531974737 -0.131322803007386 0.962437756738955
1464104850.28924  -7.12360600578176 -0.406724992085094 -0.406274223007979 0.104948368600486 -0.196966674122733 -0.12153901879152 0.96717022086307
1464104850.4225   -7.1583232926759 -0.410752485058761 -0.402920073260905 0.088055966610318 -0.184883234806967 -0.116297627223018 0.971874064955913
1464104850.55586  -7.18797926739158 -0.413496517172377 -0.401232429934146 0.0809184880730293 -0.176154436702386 -0.117229160705802 0.974001610162044
1464104850.72368  -7.21947417598053 -0.415633377793329 -0.401523833614696 0.0725358851582923 -0.158593086919154 -0.114746594355104 0.97796727819987
1464104850.85567  -7.24657909706792 -0.415065406486865 -0.400503022683904 0.0665771883041224 -0.139072755144363 -0.108619338003779 0.982052995609552
1464104850.95572  -7.26869886834346 -0.415488285643239 -0.400245291809005 0.0689214406553268 -0.122417269218984 -0.104475991439655 0.984555033722169
1464104851.0557  -7.29176764047441   -0.4155485237543 -0.399603535857088 0.0640404620284522 -0.103524718911321 -0.0943272505087785 0.988070757389859
1464104851.15824  -7.31544239095686 -0.416514076289785 -0.401267498178589 0.0626348452410886 -0.0844451080190699 -0.0846778570762188 0.990845881262193
1464104851.28914  -7.34339265079624 -0.418318355260995 -0.404240471844086 0.0525818988555183 -0.0496905340595578 -0.0683225846300861 0.99503669237224
1464104851.42391  -7.36869294154794 -0.420749259332576 -0.403794820542581 0.0462793787349188 -0.0218938299175377 -0.0537229539368645 0.997242560030281
1464104851.55571  -7.39341378685549 -0.422575123754182 -0.400943853211176 0.0444349404683349 0.00126300447208698 -0.0515314572544875 0.997681537264526
1464104851.68902  -7.41754701812939 -0.424921010426204 -0.393708738295912 0.0404133973534691 0.0229242440993333 -0.0454534948763157 0.997885372249916
1464104851.82461  -7.44222675639653 -0.428339614491434 -0.381010933855807 0.0393849766311335 0.0478582679460105 -0.0391197402625863 0.997310410918667
1464104851.9228  -7.46109239039417 -0.433247565654962 -0.368939043695955 0.0362960300195712 0.0703943642327744 -0.0250466170935025 0.99654397728412
1464104852.02244  -7.48256967094221 -0.441552814379844  -0.35545980828083 0.0329969994758125 0.0926412544181886 -0.00690233769828818 0.995128712147186
1464104852.12247  -7.50467254488816 -0.451272287270818 -0.342166965608862 0.0303092573162228 0.114693384656077 0.00365581067294044 0.992931725490427
1464104852.22322  -7.52353936912471  -0.46070197526042 -0.328890565264573 0.0211881020180873 0.141947807940124 0.0177022832579691 0.989489016271186
1464104852.3247  -7.54221573421023 -0.470535965017512 -0.316045821347852 0.0177682096502032 0.161380817897999 0.0275579336556552 0.986347343805938
1464104852.4223   -7.5568476760793  -0.47791054293242 -0.302629191658025 0.0120076835303142 0.18403308607035 0.0336533807050798 0.982270374558236
1464104852.52239  -7.57011102574644 -0.484022918048223 -0.287753451692922 0.00642693781105289 0.205341940960433 0.0395835250966616 0.977868358366246
1464104852.62237 -7.58386247671679 -0.48984893204958 -0.27147118167414 0.00234100991525007 0.226280821841277 0.0409013072463787 0.973200181054725
1464104852.72237  -7.59739398591931 -0.496743308957752 -0.254221872667283 0.000418593722568709 0.251728701874709 0.0473141350236779 0.966640500940619
1464104852.82236  -7.61054504343032 -0.503856852689484 -0.236476281274403 -0.00571785705131367 0.279314831343906 0.0600745853090429 0.958301401074846
1464104852.92236  -7.62347276709779 -0.512394897084264 -0.217850629306281 -0.00963761218922648 0.308235621561766 0.0715265394324288 0.94856832763304
1464104853.0223   -7.6347339189687   -0.5217423037435 -0.198560907986655 -0.0176779470109069 0.342613265027384 0.0908585625125777 0.934905536637207
1464104853.12232  -7.64470343359416 -0.534029719405514 -0.179901625742617 -0.0198801410720068 0.36542899248648 0.103582251148867 0.924844391607694
1464104853.2222  -7.65007885477897 -0.545807067866137  -0.16303014333168 -0.0191293471507789 0.397707002529383 0.120732527311835 0.909333198044356
1464104853.32473  -7.65327898311112 -0.556443476291017 -0.143530808374207 -0.0196474633468069 0.419033475715798 0.125514403894677 0.899038963465176
1464104853.42258  -7.65321478786205 -0.565622288716804  -0.12252316276482 -0.017955470874986 0.442351979716576 0.129284896616199 0.887292365916343
1464104853.52233   -7.65193943358958  -0.571899919568088 -0.0977939425042205 -0.0196649718727696 0.463728158907056 0.140277611453263 0.874580856892536
1464104853.65804   -7.64976669656414  -0.579724261833287 -0.0622893470542583 -0.0267495670624966 0.484776378721423 0.14428777885146 0.862239734743084
1464104853.75547   -7.64397217168569  -0.588361708448182 -0.0318968856640034 -0.0366368706330919 0.503536213245553 0.159052475567677 0.848416956264039
1464104853.85541    -7.63571925846301   -0.599593112799608 -0.00305198940198968 -0.0463270224947147 0.518382635268996 0.173526027918278 0.836075336362251
1464104853.95535  -7.62781458234259 -0.613229398221461 0.0207631766752171 -0.0499537246946875 0.536572430643596 0.186971138055004 0.821362554294245
1464104854.05547  -7.61880894441546 -0.627150206133225 0.0432231219187752 -0.0462744514052872 0.553153800310667 0.193248518603898 0.809033100933704
1464104854.15767  -7.61028387520888 -0.636898214634726 0.0645030390362222 -0.0513881266210968 0.571524702721025 0.199538853666619 0.794294039068298
1464104854.25546  -7.60221957145202 -0.643987493621421  0.087377994495089 -0.0563264253831583 0.589388729917666 0.205153396297108 0.779333268144866
1464104854.35544  -7.59347907356834 -0.649454974957578  0.112417123686277 -0.0609684830561568 0.610322459441631 0.217274546953184 0.759329382298116
1464104854.4554  -7.58235576916762 -0.657311701548054  0.136616858300642 -0.0630847803386537 0.636584802160786 0.223222480261182 0.735494272209908
1464104854.52209  -7.57396948611653 -0.663269320209891   0.15115803628271 -0.0608931548984056 0.658155076221489 0.232489909225762 0.713493070350793
1464104854.62211  -7.56436487601489 -0.672096835218772  0.172607862057971 -0.0651558551331065 0.683112839549948 0.243175675303143 0.68554879762475
1464104854.72195  -7.55365658558286 -0.680907043362792  0.191908684844306 -0.0694966787625793 0.706902747058799 0.256404050244787 0.655527025270326
1464104854.82201  -7.54214223570314 -0.689607608064891  0.209411608595483 -0.0687609357310378 0.726184592919373 0.269902310447166 0.628554383915345
1464104854.92222  -7.52961354201805 -0.696190785588526  0.225965516992132 -0.0727776372697101 0.740706960554601 0.27255630778281 0.609729180199871
1464104855.02231  -7.51433082671041 -0.699807061394919  0.240438070837033 -0.0741907259172759 0.75561593527768 0.278583017289286 0.588159669664882
1464104855.12208  -7.49679772368961 -0.701478469663256  0.255943585168744 -0.0765325201561126 0.769938504342964 0.282921095102743 0.566827246023459
1464104855.22261  -7.47610138882629 -0.702779430193592  0.269910030152111 -0.0755516144086402 0.785211317899175 0.28720316761299 0.543368641270688
1464104855.32611  -7.45083986531291 -0.705772486102352  0.285832743032863 -0.0734844436780224 0.797922746199031 0.295542710744926 0.520167120991964
1464104855.38861 -7.43297003591986 -0.70923963125729 0.295027901721476 -0.0706941307112752 0.808526055488711 0.298008207302709 0.502472950375509
1464104855.49158 -7.40248239621539 -0.71329109838015 0.306376500967562 -0.0747148949871297 0.818768313653781 0.307944057588567 0.478755251062059
1464104855.58864  -7.37530344183459 -0.718585050412826  0.315772179625956 -0.0761662292707531 0.831626764388617 0.31134711140728 0.453495982881367
1464104855.68856  -7.35456189993609 -0.722513711123226  0.324454912508187 -0.0784051423965827 0.843508262052574 0.319519789182648 0.424562774881989
1464104855.78865  -7.33121974544835 -0.724544117285922  0.330308639133267 -0.0812341603281706 0.854561267409661 0.323278262910191 0.398267769432503
1464104855.88864   -7.3088873847392 -0.724242547037705  0.337423723860067 -0.0870792133011145 0.864532435284098 0.323648639811319 0.374502919749485
1464104855.99117  -7.28751574552151 -0.723128866167483   0.34492682588256 -0.0921359015330473 0.874092621940927 0.325129304923148 0.348946985941016
1464104856.08842  -7.26434892591886 -0.723284011055828  0.351595301058934 -0.091790416618857 0.88448337556642 0.329577157263039 0.317242139656731
1464104856.18858  -7.24078161052513 -0.724471360658722  0.356048771416027 -0.0901270916575459 0.892533517529368 0.334780841925416 0.288414311912076
1464104856.28852  -7.22122703461292 -0.727159051493944  0.357040750214493 -0.0878208036015257 0.902593746305095 0.339530107740272 0.249662455174171
1464104856.38856  -7.19965943289836 -0.730732551872499  0.354889233148784 -0.0818337686795146 0.912235274363306 0.33573788136493 0.220022984089391
1464104856.52169 -7.17059562341778 -0.73065065834549 0.347490288836235 -0.0871354540359773 0.920131749570619 0.327843089075825 0.195662681744061
1464104856.62256  -7.15021770458045 -0.724707529450053  0.339497095292246 -0.0918347293682852 0.925423986685469 0.327930265772973 0.166188351394117
1464104856.72269  -7.12970622232511 -0.715289540750919  0.328470499201233 -0.0939669247270968 0.928466939519729 0.330093612759141 0.141977343586288
1464104856.82549  -7.10871628066555 -0.703169454883992  0.313903598885159 -0.0976178958902561 0.929920138053123 0.33400633139551 0.118991822546475
1464104856.92179  -7.08579188043105 -0.692575111626135  0.294742297916377 -0.0945272462695596 0.933284552562776 0.334498568355257 0.0903064307160742
1464104857.02171  -7.06116994503637 -0.684029222899547  0.274332699402084 -0.0933048856918477 0.935242502579861 0.333464188018131 0.0736022756686164
1464104857.12197  -7.03886391664226 -0.677313329757739  0.252232350976208 -0.0968208896255401 0.93731873946191 0.33011114439445 0.0555511325918795
1464104857.2217  -7.01974212413945 -0.671985372559383  0.233954435095963 -0.0965921874504742 0.938872323270291 0.327864857864096 0.0411502721538219
1464104857.32346  -7.00447054185993 -0.664497361601232  0.216969071839358 -0.0989191620763217 0.938246191043814 0.331037164868818 0.0179855453492034
1464104857.4216  -6.99099424879704 -0.655839486819567  0.198700361665355 -0.101369082230401 0.938635899467591 0.329621280736419 -0.00606371867061508
1464104857.52275  -6.97822897464585 -0.645619353393987  0.181709590110161 -0.106104079739053 0.937641153775644 0.330054282237008 -0.0252024162734498
1464104857.62247  -6.96409027587434 -0.634624525779004  0.163957855120743 -0.110936388598839 0.936758772955223 0.328869140383632 -0.0449578411337074
1464104857.72181  -6.94840049260763 -0.624302261100935  0.145499571701855 -0.112645118687789 0.935971924584746 0.326972812006914 -0.0660031350257899
1464104857.82388  -6.93189559571139 -0.614255121082245  0.125780448837659 -0.114110891493317 0.935370763723598 0.32443780304617 -0.082464239330199
1464104857.92167   -6.9168484539388 -0.605709361251066  0.105629399355884 -0.1146100204158 0.933273160798125 0.324026368983516 -0.104272061250971
1464104858.02157  -6.90484493995676 -0.600346552527035 0.0845969330214392 -0.116140041457684 0.933672947011143 0.316462836728919 -0.120903233038742
1464104858.12168   -6.8965811421769 -0.595023143896702 0.0655981658016197 -0.115576679372769 0.933280381062239 0.310927651497095 -0.137672644501318
1464104858.25501  -6.88872597752059  -0.58571948879603 0.0415995134067086 -0.119801479089325 0.931661740670513 0.308348335653439 -0.150250825217544
1464104858.38829   -6.8840968540257 -0.576082982858384 0.0177440653504736 -0.119229865787214 0.92873918422122 0.308190639256536 -0.168066346039635
1464104858.55536   -6.87864286517698  -0.560221944386096 -0.0196519003219842 -0.116867448952972 0.926290178096798 0.308604421081305 -0.18191156264982
1464104858.68906   -6.87028809378321  -0.543667133443355 -0.0554797340910222 -0.114118360142886 0.926211022608979 0.308125505177238 -0.18484808501902
1464104858.8245   -6.86318599399784   -0.52734686528138 -0.0929956568719938 -0.117837499541059 0.926465171640622 0.300973216112598 -0.192851581849005
1464104858.99015  -6.86208886290723 -0.512807945350404 -0.137589108032983 -0.123275125707852 0.922154131875951 0.300935726285542 -0.209458084329105
1464104859.15719  -6.86492375566047 -0.500111887423119 -0.177378738689624 -0.129280620455413 0.918675011374196 0.297594958845521 -0.225299767245811
1464104859.32445  -6.87493346134548 -0.482553289182238 -0.215665203650451 -0.132359567671687 0.91002702271971 0.299076395554745 -0.254725484370225
1464104859.49029  -6.88322575159785 -0.461794544616698 -0.259051066600201 -0.137813048361112 0.899252789094631 0.299105716101266 -0.287902336917387
1464104859.58816  -6.89192537888755 -0.450431004598863 -0.287602551626452 -0.135549040344386 0.889543377754846 0.295712576006859 -0.320769557697738
1464104859.72141  -6.90144529954417 -0.438437221065374 -0.328308073381368 -0.139728805800369 0.88057151653726 0.28601193879559 -0.351093770892137
1464104859.85463  -6.91405125986191  -0.42721657281461 -0.360998733358571 -0.144544305954647 0.868442912753018 0.284381670766003 -0.379527227267662
1464104860.05461   -6.9315526992734 -0.412974868075922 -0.398161523763016 -0.149702840232675 0.849625563280079 0.290463688622576 -0.413952059348719
1464104860.22135  -6.95423793054474 -0.406543403707106  -0.42481798703425 -0.16045260343956 0.837770391203143 0.275826005322394 -0.443075330458253
1464104860.38878  -6.98640574239596 -0.400316294313795 -0.448847670236329 -0.161150329786617 0.820166483363037 0.259404518028407 -0.48380451300502
1464104860.52143  -7.01939737577734 -0.394326437466638 -0.470456116092153 0.16552679048771 -0.804741755605557 -0.248047392450815 0.51328752129199
1464104860.66094   -7.0574841410537 -0.386014707237756 -0.493110271720667 0.165989935643857 -0.788339154302164 -0.233902246222056 0.544296296396892
1464104860.78794   -7.0977231988155 -0.379433984366312 -0.515775310779011 0.167573352049724 -0.772095237927794 -0.226677962445738 0.569565814101839
1464104861.02133  -7.15174591203489 -0.375138911407561 -0.558608737774071 0.179133358330014 -0.761809082741245 -0.213007452305992 0.584966654304725
1464104861.28797  -7.20742624421076 -0.373373058208715 -0.599435716142328 0.187022842130643 -0.749609164380931 -0.201541274857809 0.602071151713971
1464104861.55451  -7.27259398427093 -0.354568683147498 -0.645996635290588 0.195195806313903 -0.744809359956413 -0.194170577552176 0.607828430835412
1464104861.75454  -7.32349635312682 -0.344526028034028 -0.695031160848799 0.205748782470348 -0.746055212839159 -0.183917798515649 0.606006024142206
1464104862.02111  -7.37639741080212 -0.330589150895048 -0.753393347484418 0.201132325462081 -0.74820740128587 -0.184404861468248 0.604753106136824
1464104862.25459  -7.41675783580922 -0.311280217484382 -0.801759228915611 0.192290989072743 -0.752692498483988 -0.184803200563852 0.601935175337606
1464104862.49128  -7.45661163886781 -0.287659006876486  -0.86375875089221 0.189714638392457 -0.761633874908819 -0.175431088984939 0.594260994503724
1464104862.65781  -7.47872683334692 -0.271322114454754 -0.917174301751238 0.196487089778786 -0.774105647916184 -0.175103026728445 0.575753592646252
1464104862.85447  -7.49115062453735 -0.253106125429553 -0.974115471993988 0.198979028766768 -0.787481005232397 -0.183483112690907 0.553728236472065
1464104863.02096  -7.49384773553778 -0.230571577854594  -1.02737673020499 0.207691477748602 -0.793000701019971 -0.179020320197458 0.544027447109828
1464104863.15853  -7.48659704545636 -0.211435514782669  -1.07413093849185 0.206678386298239 -0.800268265483274 -0.173157508934607 0.535603608088211
1464104863.28763  -7.47412000821634 -0.194878529243576  -1.12272775750112 0.200455610817289 -0.804331305355678 -0.162155990851487 0.535326193967445
1464104863.42106  -7.45375677717663 -0.176499557985257  -1.16969729142067 0.19093492007279 -0.808472879740049 -0.169012358501437 0.530424623952745
1464104863.55439  -7.42911009904339 -0.160934969733872  -1.21429529859792 0.18423662551436 -0.818036283598645 -0.166430557044631 0.518820175221638
1464104863.68766   -7.402889511739 -0.14407346708873 -1.25746277066601 -0.185965634277935 0.830472806319761 0.167899739349119 -0.497535303629284
1464104863.85445  -7.37128443914302 -0.120798294814005  -1.30991090795632 -0.176984334855331 0.842686703162683 0.176956803947821 -0.476699019366724
1464104863.99292  -7.34359351089971 -0.101185635287491  -1.35728426311604 -0.1749913736621 0.853023266800326 0.172472079901607 -0.460415798051679
1464104864.15466   -7.30498157013078 -0.0782023768472329   -1.41729486459195 -0.16999886318031 0.862337058813286 0.170600304091104 -0.445388279772467
1464104864.2888   -7.27267565398534 -0.0636168292060806   -1.46097694918213 -0.167103727459131 0.872001902978941 0.175215727078695 -0.425427402096591
1464104864.42237    -7.2410970363212 -0.0486045837117458   -1.49453063648922 -0.162192601026197 0.878761478097014 0.182956608616527 -0.409876449858548
1464104864.58757   -7.20335962591821 -0.0293674905011862   -1.53179805250164 -0.168362045692081 0.885151978822538 0.18568649424291 -0.392021328262508
1464104864.75428   -7.16122422403993 -0.0100232032821293   -1.56067733403186 -0.170777546551682 0.889696598941572 0.188970419607168 -0.378899949774447
1464104864.92099  -7.11207708365204 0.0051111661662993  -1.58983871827807 -0.172375144162548 0.893864227126204 0.187683561833022 -0.368874550161279
1464104865.12081 -7.05524313400543 0.022129298896575 -1.61524673999985 -0.159324420556923 0.898557017371554 0.19606791308923 -0.358843125896779
1464104865.32375   -7.0067527352964 0.0379768316433689  -1.63932970153179 -0.170740043324716 0.904545272235228 0.192185761258781 -0.340162198446202
1464104865.49001  -6.96580346644676 0.0562008877387198  -1.65540167661262 -0.179697334161035 0.913585635007358 0.194454168236271 -0.308638513570747
1464104865.65681  -6.92441227883432 0.0709213086119347  -1.67317470797097 -0.17395002624493 0.922551013035583 0.197107963967729 -0.282470294468118
1464104865.82306   -6.8820300758761 0.0812582259182816  -1.68817191448536 -0.168299750667571 0.931765958234351 0.204205370200067 -0.248571035686601
1464104866.02069  -6.83541861468248 0.0890871139696892  -1.69418294863424 -0.162231742149037 0.938939427558789 0.212958087878872 -0.216153801775118
1464104866.2207 -6.78496582491115 0.095819417106076 -1.68812736819163 -0.168648544019689 0.943408229245615 0.208114701160802 -0.195516886105629
1464104866.42123  -6.72241791068967 0.0984647833197094  -1.67597356651434 -0.166430909454199 0.944700076058326 0.210905028475818 -0.188046769813403
1464104866.58796 -6.66158557997222 0.100826930585811 -1.65883479914558 -0.159763540481223 0.945217783798322 0.219332331042036 -0.181472534792348
1464104866.75405 -6.60237017396504 0.104145027318608 -1.64015826600358 -0.16615238304215 0.945330769869164 0.22790128633111 -0.16371965317766
1464104866.92059 -6.55219679955388 0.107054316667557 -1.62549365261311 -0.163271126325251 0.949626261592563 0.227729540798749 -0.140327327523218
1464104867.08728 -6.50844278601998 0.111132122019496 -1.61441367541359 -0.165170621276246 0.954283819999011 0.223841422234201 -0.10934383589158
1464104867.28712  -6.4605310610632 0.116395664040672 -1.60694683742145 -0.156769758419584 0.959780217589726 0.21805175993678 -0.0818450166898147
1464104867.48898 -6.40828592636274 0.125540900882192 -1.60736489485034 -0.16344776746943 0.96120896350899 0.215795997225372 -0.052860603106084
1464104867.6872 -6.34540333334282 0.137560644198506 -1.61919526533661 -0.161315462569685 0.960787953784437 0.220303035718123 -0.0482742359030417
1464104867.85393 -6.28413525493332 0.142534381315913 -1.63597550840884 -0.164714853401955 0.96156140994648 0.216272878628989 -0.0386615304927469
1464104868.02044 -6.22618351034328 0.139467711123379 -1.64482795547879 -0.150811438285412 0.963855987481943 0.217707914715668 -0.0289967127041807
1464104868.1563 -6.17627038297204 0.139653604481365 -1.64777058672365 -0.15048660424444 0.964377483639105 0.217379781240178 -0.00871101032353798
1464104868.28713 -6.12398690155146  0.14425330603959 -1.64737745684673 -0.153503349464753 0.964719069513459 0.213888318229236 0.00237190751431615
1464104868.45382 -6.05912155166516 0.152874956209551  -1.6436753926398 -0.153875980068837 0.963829549664626 0.217575852028313 0.00394088382138444
1464104868.58712 -6.00321995082174 0.156014705354676 -1.63906361631533 -0.156849627130028 0.962828558978617 0.21962331569183 0.0111785369730537
1464104868.75377 -5.93789351277047 0.160730056565003 -1.63314541663645 -0.149285067722489 0.961057930720599 0.232061093775181 0.0151417010272312
1464104868.88702 -5.88489182034175   0.1620855183559 -1.62465572528134 -0.151228760059525 0.960488748812406 0.230002269874014 0.0411118156791703
1464104869.02334 -5.83242297002391 0.165889181966444 -1.61756623686547 -0.15160907675864 0.960747148771117 0.223328726440019 0.0640615635091747
1464104869.15607 -5.78210577924037  0.17218150430701 -1.61279986478246 -0.147334181187716 0.961461675825492 0.218764239236004 0.0776291994295541
1464104869.28704 -5.72737765824091 0.179816357109885 -1.61535649764772 -0.138865148724438 0.962637974424055 0.218364420649544 0.0797595164283257
1464104869.42101  -5.6766286834022 0.178174054588437 -1.61830574991016 -0.135450734684857 0.965033138103523 0.21061407982847 0.0774974206887243
1464104869.52041 -5.63552410979116 0.178109644793906 -1.61568092450947 -0.132436339793867 0.962254665946104 0.216586327028359 0.098065981417203
1464104869.65609 -5.58385498561713 0.178681596779686 -1.60723086708497 -0.135214936681993 0.95908907780185 0.219195187368999 0.117552250397643
1464104869.787 -5.53294826143243 0.178084328171632 -1.59754244840879 -0.135450081861516 0.960593737358199 0.207237787198394 0.126354448394307
1464104869.88695  -5.4907114369408 0.178006290090984 -1.59257778449144 -0.134744288187333 0.96437745856415 0.184981084418589 0.132672878244063
1464104870.02013   -5.436566059634 0.174891175726604  -1.5820042551717 -0.132843429514042 0.966111189681415 0.173344841705279 0.137598540186589
1464104870.15605 -5.38131202154381 0.173018070738544 -1.56944644937601 -0.12460949612069 0.964224529747654 0.18549635672422 0.142599548917601
1464104870.28692 -5.32484210557642 0.168040146096357 -1.55736777267574 -0.112117148311189 0.963546576925624 0.1928331628698 0.147726471720909
1464104870.4201 -5.27194644125809 0.164070084819615  -1.5485194000852 -0.106259431786451 0.961731945897619 0.191410667788367 0.164749973150869
1464104870.55354  -5.2143820750057 0.167358953668976 -1.54036411014667 -0.103895848194372 0.957181941039634 0.194709252273192 0.18734111015681
1464104870.68682 -5.15578458832181  0.17568794064685 -1.53676369679856 -0.102327970965402 0.951687868437038 0.203752996949799 0.205679127919791
1464104870.82199 -5.09219595455291 0.180057360269605 -1.53989366080789 -0.099685132196077 0.949893688488572 0.202138756765623 0.216575109377495
1464104870.95352 -5.03198678086944 0.182495541456005 -1.54477012731124 -0.0966245725007165 0.94628846157767 0.212214646711052 0.223979425830418
1464104871.08674 -4.97655306811365 0.182035151100659 -1.54725143543442 -0.0961222947929611 0.942777308731047 0.217477318137331 0.233741452638109
1464104871.22004 -4.91883756394251 0.185891399348025 -1.54663979696257 -0.102110351640267 0.938777306008606 0.218632053951753 0.245907850212152
1464104871.38969 -4.84816810277596 0.195052355314682 -1.54373343235376 -0.102506136545467 0.937710790728818 0.215130001114173 0.252804366144796
1464104871.52059 -4.78710308472429 0.202723334723741 -1.54069108316859 -0.10456358697772 0.938091138462216 0.218555983750442 0.247557577512571
1464104871.65519 -4.72662479462607 0.209539324058779   -1.537318605313 -0.110029137622601 0.934333731312826 0.23845671216422 0.24094078905181
1464104871.78676 -4.67187966494824 0.208981693261194 -1.53796340528554 -0.100463685628924 0.936013971121745 0.245887065246059 0.230920862806794
1464104871.92015 -4.61690882741245 0.211507727178324 -1.53800631311727 -0.104564500874438 0.935517680205435 0.243967102017523 0.233137273538772
1464104872.05334 -4.55924428751685 0.220791165173613 -1.53697831591874 -0.10467138853358 0.933019285562611 0.241932774854942 0.244923346461042
1464104872.18657  -4.4989467779217 0.234888470727406 -1.53849457307565 -0.109276030565363 0.932198377427698 0.23923152076453 0.24866285154348
1464104872.32291 -4.43350095028927 0.245792263571897 -1.54256761150048 -0.112331078375463 0.929061574375773 0.248553040412967 0.249895390015274
1464104872.4534 -4.37124363897845 0.249094876639572 -1.54648474237009 -0.108907304070257 0.925837134061192 0.250420996016235 0.261254904389837
1464104872.58673 -4.31250881733027 0.251038420919379 -1.54609142087788 -0.114140498231194 0.922165077280581 0.25245217844344 0.269910011868394
1464104872.71996 -4.25268454595328 0.257826540038878 -1.54466698642991 -0.120911565543554 0.919361293694763 0.251606590880107 0.277217114189202
1464104872.85327 -4.19217542199186 0.263845269121267 -1.54370321873084 -0.131920184876374 0.92231686632173 0.23812833444892 0.274269136530582
1464104873.01992 -4.11560704864668 0.272247041307647 -1.54344285511324 -0.125085399387355 0.926613827060579 0.240656624418954 0.260432040047931
1464104873.15571 -4.05501499611986 0.278357680776389 -1.54271143663465 -0.122632832193212 0.926020406519894 0.252263035067952 0.252607910238984
1464104873.28661 -4.00069770415417 0.285514835879318 -1.54175095836741 -0.126092467278669 0.921878986257914 0.264888411727714 0.253128334494633
1464104873.45323 -3.94181470182017 0.297678641913813 -1.54301882836974 -0.133995946597572 0.919448764915365 0.271019020529027 0.251411506304937
1464104873.61984  -3.8882930483551 0.317214837809552  -1.5413055969775 -0.147057603182028 0.914037111485031 0.285103010610351 0.248246839890003
1464104873.75347 -3.83697462628629 0.335178974022574  -1.5470563196499 -0.146953532496661 0.913224601449658 0.297829196582706 0.236057739243531
1464104873.88766 -3.78394353293301 0.349129202279942 -1.55465158261628 -0.144749097185216 0.911675981432395 0.314388512731425 0.221482430016169
1464104874.01988 -3.73498562170197 0.360526736118812 -1.56386038159129 -0.139369988438417 0.916369437218102 0.309043641670863 0.212920380419692
1464104874.18655  -3.6850404084231 0.379489671755464 -1.56581145114168 -0.150099606143126 0.90961973320225 0.333221207920564 0.197549173110661
1464104874.35304 -3.63005438416331 0.397925808430525 -1.57289914997046 -0.16819148134636 0.910448621355847 0.326448626703768 0.190331888019269
1464104874.48647 -3.58566678822581 0.413514172687752 -1.58006038075723 -0.172414252779721 0.912902460585435 0.32370080671546 0.179165316473999
1464104874.65552 -3.53054366160711 0.431155543961022 -1.58625200087291 -0.177469392374175 0.907962278890588 0.337161456476673 0.174445599396142
1464104874.78745  -3.4887198074301 0.440894423560999 -1.59376069123784 -0.179242302260859 0.905854026478014 0.339627033003665 0.178757260683091
1464104874.91968 -3.44953807609562  0.45562509015359 -1.60584645877506 -0.18959786441861 0.901601365544698 0.336040994758722 0.1955609298848
1464104875.08642 -3.39941077794967 0.479867773140986 -1.62486488988108 -0.204690138366148 0.894135744298745 0.332920923648895 0.218602096558434
1464104875.21966 -3.35718288232836 0.503369703589635 -1.64565186022911 -0.215601978539592 0.885492986705933 0.333017380323094 0.241903662120199
1464104875.35302 -3.31283788079982 0.525871359385485 -1.67093950310294 -0.219859344070769 0.875736443673805 0.330681625474092 0.274585528788644
1464104875.51964 -3.26613465221033 0.545204718785011 -1.69922366804438 -0.224886621247172 0.864258981022242 0.327549811502735 0.308534507455731
1464104875.68639 -3.22398337032348 0.565582459601734  -1.7168998676882 -0.236760525451079 0.84777033270202 0.327242723882867 0.343718076690994
1464104875.85367 -3.18376882237081 0.593200462578288 -1.73049177862907 -0.247366686103003 0.829214099204172 0.331428279480485 0.375990685852771
1464104876.02268 -3.14202840443996 0.617190980261249  -1.7456902271099 -0.249794121474194 0.819464128028488 0.326824807943425 0.399082678982926
1464104876.21947 -3.10133826337924 0.638153823137097 -1.75239785239816 -0.25690403980384 0.799573964264668 0.327740886629752 0.432744383249158
1464104876.38606 -3.07719677827214 0.647446729194897 -1.74728107908619 -0.26445057589615 0.774278342941503 0.328408607963157 0.471918135671491
1464104876.58627 -3.05228622212955 0.653569281497146 -1.74143955842825 -0.266479587307262 0.75402594880853 0.318458274143521 0.508937938948824
1464104876.82234 -3.02233037233912 0.662388659332714 -1.73463590200285 -0.263714757109551 0.738316419757502 0.304220277536526 0.541103884605085
1464104877.01944 -3.00028369548401 0.664145343416017 -1.71922140588905 -0.263940178691784 0.724346133162722 0.290296677879139 0.566909252223579
1464104877.1862 -2.98897580113199 0.658272701737274 -1.69780504607812 -0.261904873604602 0.711125733959483 0.28247454311435 0.588144676227783
1464104877.35281 -2.98306101689421 0.650002025449027 -1.66638584666297 -0.262941184403538 0.700984804756239 0.273663850656285 0.603813161407813
1464104877.4877 -2.97919563022331 0.639217196594239 -1.63414025236408 -0.260098507094965 0.696434932002419 0.268068408109436 0.612753197190704
1464104877.61947  -2.9742011850918 0.624008447645784 -1.59638845917043 -0.257797844077115 0.695284100724597 0.260829934250238 0.618132701179768
1464104877.75277 -2.97542469341114 0.610781665574512 -1.56066858143855 -0.255242788459814 0.690831733444611 0.26186852987537 0.623720697160263
1464104877.88594 -2.97763804404807 0.597912792904632 -1.52303812225844 -0.257493136310691 0.683853410687734 0.260067520892077 0.631194646698375
1464104878.01935  -2.9813128858499 0.584797977646577 -1.48830623684233 -0.257911498167046 0.676091961007985 0.251736879046254 0.64265843424144
1464104878.15562 -2.98189512852332 0.574553359978347 -1.45486185920485 -0.259793566283666 0.666305101516039 0.236848319388355 0.657607548781359
1464104878.28606 -2.97846902393317 0.565097160280889 -1.42429377352119 -0.258167445260754 0.656639756336379 0.224531917718451 0.672130358287521
1464104878.41951  -2.9684890664502 0.554520627243214 -1.39393108843911 -0.251115636714131 0.646036784609122 0.214197029206282 0.688256523840324
1464104878.55259 -2.95775703226677  0.54241325437471 -1.36486276498726 -0.245088548924664 0.634396563849873 0.207687222255628 0.703092185046326
1464104878.68591 -2.94673474517787 0.530474664613567 -1.33517480316445 -0.246208292771374 0.623973065163159 0.208567452201493 0.711715328206211
1464104878.82127 -2.93921681975043 0.517260782129086 -1.30909287858008 -0.245084635454005 0.618480039033432 0.213969039789831 0.715285406528751
1464104878.95293 -2.93572689875355 0.506091407178789 -1.28153446816223 -0.248990225807151 0.60651756349219 0.201770269390335 0.727618767637389
1464104879.08585 -2.93434921142841 0.495050505891675 -1.25072272483849 -0.249924200081219 0.599863214731311 0.193957777545023 0.734902985676188
1464104879.21921 -2.93355891424015 0.484340280677885 -1.21245123572527 -0.253752696008978 0.593927249981834 0.193364757140547 0.738559450344499
1464104879.35258 -2.93853112874507 0.470607653752983 -1.17508715570436 -0.25744341323596 0.592226659137298 0.193717651112704 0.738555309259821
1464104879.45257 -2.94058181374375  0.45830949236878  -1.1422725070811 -0.252179365469946 0.588751995199568 0.208528995266529 0.739115900189432
1464104879.58574 -2.94496777783425 0.440993170504555 -1.10321189528699 -0.245714370547587 0.584415467407207 0.226335001777467 0.739496772496008
1464104879.71916 -2.94816679499101 0.427332706109665 -1.06801579617402 -0.243269106581947 0.575329948963368 0.231024702889465 0.745951190268817
1464104879.85282 -2.94823668585596 0.418513429403792 -1.03450537866757 -0.243171340207738 0.564052473735013 0.235995753017239 0.753006315201148
1464104880.01913 -2.94332287848236 0.411131037698373 -1.00109399853193 -0.242879677422589 0.556095075567396 0.233759742857383 0.759686851172271
1464104880.15232  -2.93345078770701  0.404010863654846 -0.968988518424816 -0.240102493155797 0.552239597689159 0.241671869655704 0.760905333758151
1464104880.25449  -2.92358401045908  0.395878360443148 -0.944005285941767 -0.236589488998696 0.547572724438698 0.241027468805173 0.7655686020387
1464104880.35254  -2.91480435332077  0.387784053198584 -0.920021948201507 -0.236518961347132 0.545903882368177 0.257960147498605 0.761251794376291
1464104880.4857  -2.90567843851232  0.373641310105596 -0.890715299277242 -0.232274834778939 0.541751029789894 0.259241296105898 0.765080501152225
1464104880.61894  -2.90566544436615  0.363347157272903 -0.863889889908762 -0.240474256731934 0.537721452637286 0.281249839177703 0.757579236242248
1464104880.7524   -2.9065505209763  0.354882459433492 -0.833835872466994 -0.249360163167853 0.533495055061683 0.298054285989109 0.751243088389607
1464104880.88574  -2.90527370098361  0.346948508088348 -0.803816460557675 -0.253068971299818 0.545159506889982 0.319553685995189 0.732558973448289
1464104880.98867 -2.89864426792368 0.338987456283012 -0.77772167838431 -0.245382800813502 0.559292690289735 0.323831731443545 0.722573164021241
1464104881.08573  -2.89598732188713  0.330321511475417 -0.753137846199239 -0.240152714152811 0.574063505467013 0.335201843715413 0.707401929277657
1464104881.18563  -2.8907351505555 0.320595883707305 -0.72714397116252 -0.23919157021886 0.585785470400232 0.35362903504171 0.688904406271062
1464104881.28562   -2.8839930279135  0.309882884992291 -0.703664843138882 -0.239173879460272 0.598906531865129 0.363879579237679 0.672085168179611
1464104881.38564  -2.87500980253769  0.299466926856324 -0.681331564069643 -0.233397170617561 0.610923367904441 0.374943037152118 0.657051077304617
1464104881.48925  -2.86497011546392  0.290616078308653 -0.661770025998252 -0.227459074944724 0.617604863054327 0.385587239642558 0.646644479588103
1464104881.58569  -2.85028331733111  0.285074823313721 -0.645396779459187 -0.221057341388228 0.633287942909563 0.391195004815699 0.630116260217897
1464104881.68555  -2.83975772964895  0.280701779068299 -0.628947634446508 -0.212697049891332 0.63972140351707 0.406804349116781 0.616463066524951
1464104881.7856  -2.82388216119764  0.276911515412055 -0.613280509264668 -0.204826481674167 0.652589399303133 0.409784907368588 0.603530875776108
1464104881.88564  -2.80641407630808  0.272690368624285 -0.597167119859807 -0.197231356643949 0.663489528691714 0.420244643236014 0.586750268090497
1464104881.98776  -2.78456922511624  0.266475584675378 -0.580503468656035 -0.187833099917222 0.675778630071292 0.427220828117754 0.570547398326235
1464104882.0856  -2.76477310909775  0.257644744309649 -0.564892353527316 -0.185070605225662 0.684261893609858 0.428383673383836 0.560376623721073
1464104882.18549  -2.74402501697418  0.249146259106256 -0.549450575463028 -0.181404871167507 0.687980686285786 0.43461698533602 0.552162045120695
1464104882.28547  -2.72285411284672   0.24112953422355 -0.536648800983856 -0.176093855991526 0.695879392748796 0.434499607104243 0.544015547623283
1464104882.38556  -2.70232432045857  0.235828439818691 -0.523158655609195 -0.173946533419627 0.702527401656726 0.437774755833475 0.533433329093417
1464104882.48832   -2.6802260399611  0.231649674605773 -0.509456485625699 -0.171630028114432 0.711044480166172 0.435699643375251 0.524523308764574
1464104882.58554  -2.65664946279969  0.229076692985909 -0.493968682540343 -0.167892985200724 0.723133264928542 0.437333562990981 0.507572242499321
1464104882.68549  -2.63252234485069  0.225696021262996 -0.475561536405209 -0.166487244871999 0.732952791857545 0.441374093905283 0.490154171085438
1464104882.75242   -2.6160370933883  0.222243655879062 -0.464090779584958 -0.163762601931843 0.743108923476663 0.441493210821696 0.475452082607929
1464104882.85213  -2.59283105070337    0.2164388111723 -0.447270302872358 -0.161850697288719 0.754121911255386 0.444530915473716 0.455518122515207
1464104882.95213  -2.56869587966397  0.210113974820112 -0.433982654757564 -0.155142821748834 0.76874750375207 0.450409387718918 0.426719303277271
1464104883.05209  -2.54333291795302  0.204205548587406 -0.420660215661225 -0.149221554402971 0.775739499163248 0.45605769289199 0.409844528929629
1464104883.15465  -2.51844007528638  0.200766563423377 -0.410626199174799 -0.143858987897395 0.784336608684386 0.456021264394299 0.39517753263418
1464104883.25264  -2.49365402976121  0.200639374930077 -0.402013890595896 -0.143786868896472 0.792182925374525 0.456663758856197 0.378457078709512
1464104883.35211  -2.46605552836519   0.20241429310952 -0.395975374675636 -0.139060658249928 0.803548270040014 0.452714234065765 0.360585819628343
1464104883.45207 -2.43431184221012 0.203762057899759 -0.39039765381775 -0.126401549933042 0.813763306436763 0.452767435985121 0.34178001431197
1464104883.55211  -2.39720766547931  0.203610149692139 -0.383360704999311 -0.115645675097916 0.818235207366933 0.455934497884441 0.330516197629105
1464104883.65433  -2.36074870729631   0.20172886061634 -0.377976566540078 -0.110157815954682 0.822132882726601 0.461528898852022 0.314569315490534
1464104883.75198 -2.32789737529443 0.197894777400241 -0.37327322460199 -0.108112609555607 0.826392668394789 0.466925912112391 0.295579116103336
1464104883.8857  -2.28234945716401   0.19205484656656 -0.369996271266415 -0.10385074420047 0.83214657375579 0.46628681037767 0.281644657650961
1464104884.01914  -2.24031341122029  0.192663783467107 -0.364900670287539 -0.104683835085928 0.834738351546709 0.470827954379809 0.265658081946154
1464104884.11864  -2.20828867451187  0.197156573109932 -0.362788969191002 -0.104192999212209 0.840224729849496 0.473103204925529 0.243597166965666
1464104884.21865 -2.17338754969959 0.203702493261312 -0.36155118859986 -0.105519563759692 0.84436561820588 0.476737684683536 0.220530053413017
1464104884.32089  -2.13683937183313  0.208547302106509 -0.364195600960577 -0.102005184209879 0.854956745605464 0.471806740123358 0.189848111689829
1464104884.41855  -2.10304496511935  0.211938115868383 -0.367223082952324 -0.0991528459527734 0.85873244499113 0.478672656222258 0.153687309964583
1464104884.5186  -2.07323284449103  0.214275725137778 -0.371517162680417 -0.087038857100676 0.86167138274166 0.487988112233182 0.108693458118598
1464104884.61855 -2.04389784998768 0.216559624169083 -0.38055924341712 -0.078741269355279 0.863432976350362 0.492360573638767 0.0765791967650389
1464104884.71853  -2.01741635651688  0.222087926567496 -0.389856716608286 -0.0748738292027087 0.865205299560734 0.493457350546008 0.0480992983800999
1464104884.82026 -1.99269109540355  0.23152346135592  -0.4019347205069 -0.070823181755158 0.867112021373551 0.492557719189102 0.0220842156931401
1464104884.91857  -1.96962215900931  0.243673137963663 -0.416674321047707 -0.065023200929765 0.8697744497957 0.489095462850632 -0.00707234348435216
1464104885.01853  -1.94529253477847   0.25620687048887 -0.433161833080423 -0.0557843836268344 0.869517636017355 0.489518518392712 -0.0346237396704826
1464104885.11849  -1.91931136128893  0.267132911792258 -0.451908252318023 -0.0470487476228608 0.868790893802275 0.489348758448823 -0.0593851058596321
1464104885.21843  -1.89553388706278  0.274769512715944 -0.470669403764602 -0.0452714093783443 0.867439566316932 0.488582682813384 -0.0823775475215633
1464104885.31958  -1.87314083676121  0.280741923825482 -0.491033636988458 -0.0371397712794437 0.866198124109906 0.488407679859468 -0.0988907752628184
1464104885.41836  -1.85373312057062  0.283790250471693 -0.512010050689092 -0.0301282014817888 0.867904979383026 0.481914040772127 -0.116585142896951
1464104885.55205  -1.83190361274897  0.289634951437033 -0.541335244481271 -0.0233635717746603 0.866828975063324 0.478761826936151 -0.137290875783344
1464104885.68537  -1.81223275697015  0.297611920223848 -0.569140706474911 -0.0192334163993012 0.865326471006902 0.474068996999083 -0.161551107556206
1464104885.82238  -1.79009786420761  0.307054315264329 -0.599226889455734 -0.010543155599463 0.863750818610654 0.467588215632531 -0.187575653593469
1464104885.91847  -1.77203793714697  0.314592170959797 -0.624716312121054 -0.000927708173606157 0.862332544029342 0.459480342505144 -0.212742891107514
1464104886.01836  -1.75252094466258  0.319280911688053 -0.649834823262614 -0.00864950776083585 0.864442069685464 0.44999747299777 -0.22398073236113
1464104886.11844  -1.73553108252443   0.32111162510536 -0.671239175810048 -0.00620393114473991 0.864367968808559 0.442297992029383 -0.239169421086587
1464104886.25166  -1.71076494512923  0.321690280879887 -0.697108305073827 -0.000912031175061968 0.867831000982404 0.430413013601729 -0.248219982385168
1464104886.35185  -1.68924269103184  0.320747589055234 -0.717280690666318 -0.011900725658492 0.877103849952859 0.416734206950272 -0.238494884398391
1464104886.48747  -1.65807888707168  0.319383300546304 -0.741872839263415 -0.0252527943950418 0.88842071832971 0.401529632278653 -0.2210087736266
1464104886.61864  -1.62286531250858  0.317344519559175 -0.767420442290427 -0.0286593833930371 0.900544375609755 0.38018056929877 -0.20895263106463
1464104886.75256  -1.58560247730549  0.314551390046961 -0.792039421232712 -0.0269427459371267 0.909236373482414 0.363951695358997 -0.200256008706923
1464104886.91844  -1.53924363971748  0.306991037947796 -0.815848600637986 -0.0227756849682101 0.916215325466443 0.35231847145069 -0.189479392624366
1464104887.08577  -1.49606204079767  0.291778985930319 -0.831079606314896 -0.0150410113531597 0.924792813912768 0.334480305345711 -0.180706791927195
1464104887.21863 -1.45867478269245 0.280461443051305 -0.83796928580821 -0.0254211976034791 0.934135898629318 0.317946537149029 -0.160168302480057
1464104887.38496  -1.40797576759314  0.270409213642995 -0.838541781850924 -0.0479179966733354 0.940250585263824 0.305693422952324 -0.14207122745138
1464104887.55146 -1.34983155872012 0.256384208231691 -0.83202772531553 -0.0617388881861799 0.946591700918131 0.289921087197276 -0.126878779300575
1464104887.75169  -1.28113810443508  0.234980647597031 -0.814461977191363 -0.0604989986672191 0.950977420475041 0.281987535734111 -0.111646077394171
1464104887.98775  -1.21380068096549  0.225712447106132 -0.787714549372185 -0.082567751616381 0.952977142604924 0.278150496564072 -0.0874610389072192
1464104888.18485  -1.16163283429269   0.22595261204133 -0.757150657570458 -0.0920835398002132 0.953399163627476 0.282100333887028 -0.0544982395414611
1464104888.41814  -1.10440916519305    0.2191422384471 -0.712040211665068 -0.0860016906290215 0.954537977091734 0.282997201854661 -0.0370613442956765
1464104888.58479  -1.06734702481478  0.221240885321398 -0.671944434763745 -0.0776602742468376 0.946807118644905 0.311563615568574 -0.0212902639973666
1464104888.75136  -1.03529637212884  0.228278216405731 -0.630849873970744 -0.0788626460436817 0.936284277857696 0.342228955982513 -0.00563700120648082
1464104888.98704 -0.991688960256046  0.253734934192873 -0.596088376623241 -0.0964768916514715 0.927605671170828 0.36077268205493 0.00911043752411077
1464104889.18478 -0.95262799552147 0.276977810542702 -0.57839434871551 -0.119758691164405 0.914114710244332 0.386562747561931 0.0249277877654766
1464104889.38471 -0.913426446664746  0.306434663690918 -0.586499787370257 -0.138705758393776 0.903673082751888 0.404438344710267 0.0237759842304433
1464104889.55127 -0.889019791145853   0.32692853705191 -0.601487356778647 -0.138796432473027 0.897374334060728 0.418527734874523 0.0170114679738503
1464104889.68468 -0.872425661115671   0.34225917632899 -0.623370750883357 -0.142528220157122 0.898147703662818 0.415722709681106 0.0138216323004365
1464104889.78469  -0.85933107464872  0.357645562693205 -0.645178684261268 -0.14891172544525 0.899107347853315 0.411313387173535 0.0158925326153551
1464104889.88507 -0.847824761271604  0.373798148646318 -0.672826760321247 -0.153812515677451 0.898976340664182 0.409696546121981 0.018220566476672
1464104889.98711 -0.834541954457721   0.38799313316331 -0.706153276489907 -0.147345646898448 0.902959756604071 0.403442613725449 0.0136746379832406
1464104890.08465 -0.817694513220695   0.39944355293217  -0.74267947126102 -0.139552657390203 0.908411905824489 0.39379018144476 0.015561432111321
1464104890.18465 -0.800189936922887  0.406203297185774 -0.777017548006963 -0.129666406184571 0.912546391179685 0.387294239336834 0.0211867701317426
1464104890.28464 -0.782018635957159  0.411040597049558 -0.808163178677608 -0.129901182575629 0.915734193687048 0.378601174250723 0.0348958469414122
1464104890.41819 -0.759632953004242  0.422200028854056 -0.843442260904877 -0.132282140044233 0.916380630738077 0.373882992498279 0.0544011300795747
1464104890.55138 -0.735968390350486   0.43376585890989 -0.878797051116991 -0.133880831609034 0.916624083997919 0.369561658713657 0.0728037909140711
1464104890.68461 -0.709990232965962  0.451987497742078 -0.916509970618066 -0.138101825846357 0.918081502779867 0.360441821208605 0.0901994095057537
1464104890.78454 -0.687642509693005  0.463405619605874 -0.947848938200482 -0.135047463409262 0.922852755913961 0.347173821726094 0.0978535182649504
1464104890.88773 -0.662717322572401  0.471199469027423  -0.98027418989735 -0.131335126735341 0.926143583603084 0.334761666144935 0.113770707636533
1464104890.98694 -0.64296062577924 0.478516617328428 -1.01312516464199 -0.12759601054402 0.928764680225275 0.32518131541392 0.123986043428141
1464104891.08449 -0.616315979599857  0.477321081068194  -1.04377221939361 -0.116803916650951 0.933213550112737 0.311638819320952 0.135464243375226
1464104891.18454 -0.593807721696996  0.477969337246939  -1.07137829090999 -0.113545651718535 0.934926585889614 0.300016011426147 0.151690661744715
1464104891.28446 -0.571676388987467  0.479859583289307  -1.09805366083188 -0.106919797431715 0.936888896976725 0.286378086547434 0.169690728044661
1464104891.41779 -0.546406133794868  0.485578656829983  -1.13223030665685 -0.0977640562852683 0.938416895011885 0.269790915206948 0.192428642687884
1464104891.5512 -0.51292666105748 0.490108482715947 -1.16959514623337 -0.0797775106134582 0.938354407286151 0.254902574346109 0.219433891454128
1464104891.71771 -0.475209902416365  0.493444183423536  -1.21029630386721 -0.0678060644435121 0.935734592795882 0.235815522063534 0.253365642942588
1464104891.88436 -0.435847397941754  0.494351231433445  -1.24177669706887 -0.05732038737776 0.927987986863635 0.228594365616492 0.28861269105158
1464104892.05108 -0.393012051946293  0.500675603799775  -1.26487338666155 -0.0424927942017872 0.919877032518575 0.225810068775339 0.317852828090961
1464104892.251 -0.331946635984712  0.516789118802029  -1.29468811656114 -0.0340933503213851 0.913213797289024 0.21366561505885 0.345290035834148
1464104892.51766 -0.249546300649469  0.527741068450886  -1.32978793343336 -0.0121139636048051 0.905285452461178 0.217394382898199 0.364761817810271
1464104892.75093 -0.18701078853002 0.535837555012704 -1.36359110092355 -0.00616536297615174 0.893785901023587 0.213704117198583 0.394257912695739
1464104892.98621 -0.133371479827866  0.558952283031069  -1.41241728530433 0.00157999824248997 0.881813825526343 0.207975808028682 0.42325871992313
1464104893.15362 -0.093021018285961  0.571568975903497  -1.45954582457169 0.0123942561465443 0.871418226167957 0.195914883252407 0.449548680386296
1464104893.3199 -0.0590377431929686   0.585063516539702   -1.49758057229412 0.0183622186844794 0.852922776371731 0.187302207715242 0.486932694996257
1464104893.48573 -0.027801857830024  0.594593088155321  -1.53196157918539 0.0164433685264521 0.834112725320262 0.187037105126947 0.518654700543667
1464104893.68416 0.00735499634931709   0.616785029262326   -1.57712012148539 0.0211216059598381 0.815241628350031 0.183316064606171 0.548935502244274
1464104893.85225  0.04084266685812 0.637644032620298 -1.62361595307055 0.0199369361252064 0.802479193772662 0.172864086006567 0.570743085730377
1464104894.01756 0.0716287353506268  0.661813343617824  -1.67153198020663 0.0176352397872095 0.784489962341322 0.167455061066013 0.596844451952716
1464104894.18415 0.100549678480997 0.672044387463885 -1.71612617069805 0.0268016014670597 0.774442529668453 0.173503393443251 0.607796853285047
1464104894.35085 0.114358735153524 0.689421515921623 -1.76247746416005 0.0412260764555855 0.756253587050515 0.169402864877392 0.630621591816073
1464104894.48772  0.12112463922013 0.705761458718146 -1.79980057971392 0.049036720971935 0.738330940577832 0.159060469481548 0.653576766133928
1464104894.61747 0.122268513191374 0.724722317331217 -1.83982152300181 0.0501772133958738 0.715133620313143 0.150678987863078 0.680706981725765
1464104894.75079  0.12924036387063 0.732835212272607  -1.8755698428477 0.0545345481504809 0.69436503411674 0.144192726255941 0.702916524310648
1464104894.91881 0.129262836517337 0.754335362704927 -1.92922726070687 0.0684909014199013 0.674631954268411 0.142812351462656 0.720961410182529
1464104895.08407 0.142280287258739 0.772694598743175 -1.96978860060848 0.0828265243734678 0.65388021139166 0.133546001541378 0.740098575517424
1464104895.2509  0.16356205661978 0.794889926843601 -2.00476195987477 0.0953378621174128 0.629984040454984 0.124884341084962 0.760548947912407
1464104895.41721 0.183710345157506 0.811475298671939 -2.03472708051305 0.0983000432265478 0.600516342759716 0.107853710974061 0.786183693934998
1464104895.61732 0.205501558760747 0.822638157078902 -2.06482592602471 0.104615844849376 0.570416883973923 0.118165690393715 0.806050229885029
1464104895.8515 0.233109829906941 0.836582822797799 -2.09110576841182 0.112487960568742 0.536202874168746 0.123799477497565 0.827349155938163
1464104896.05053 0.262165722812154  0.84871619857896 -2.10985019589219 0.117302952745912 0.497819911923749 0.114729972497344 0.851617511550861
1464104896.21713 0.287445047348644  0.85891743393766 -2.12007276523131 0.119032549912406 0.461940648544909 0.10070300850388 0.873098501522896
1464104896.4172 0.316746313639359 0.863901758867031  -2.1299863555049 0.109431183014427 0.426672265610442 0.0983094891634919 0.892362503853299
1464104896.61767 0.348573994615183 0.864753987997546 -2.11570872381816 0.115105679979919 0.394279997617379 0.0887077845923431 0.907427625140385
1464104896.85051 0.390007317305419 0.863616806044182 -2.08135287533803 0.115281195382314 0.357220461887928 0.0781052422041047 0.923581809446266
1464104897.11739  0.43643972680572 0.847126515285192 -2.04057472780839 0.120968630987949 0.32685639276422 0.0735600083108904 0.934409125599363
1464104897.45212  0.49353676519005 0.836036038340231 -1.98954899746931 0.119859060967794 0.291304833003509 0.0734747151473199 0.946243502491159
1464104897.71915 0.554179432972577 0.835794785986753 -1.94147450648762 0.112462001126654 0.244024198115826 0.0624180869773102 0.961201576910176
1464104898.01709   0.5847078854864 0.828070631931781 -1.89571663942021 0.0960382071419997 0.215133260109376 0.0446485200215804 0.970824831173752
1464104898.48644 0.579791997334832 0.850809772568206 -1.89006567707267 0.0783085322648046 0.169919256994285 0.0490857732717147 0.981114573706537
1464104898.78359 0.542058116228446  0.85988566619466 -1.90010169040731 0.0760730511919246 0.126613714855327 0.0379380462025308 0.988302869945858
1464104899.11684 0.493107635411091 0.866356572860208 -1.90699539779683 0.0750417209738742 0.0896448034735602 0.0217308638281971 0.992904989855901
1464104899.51698 0.411148086702039 0.861888738217541 -1.92062052801404 0.0793245500567385 0.0875572546648077 0.0269682637745481 0.992629868411607
1464104899.78347 0.338413377657636 0.857912720686099 -1.92892846980034 0.0891800050862099 0.0899724700654095 0.0297035004053701 0.991498655262235
1464104900.05011 0.263958314061695 0.843144802662639 -1.93159070922918 0.0936445393241072 0.0885000378784458 0.0376142258980651 0.990950863343071
1464104900.31945 0.210169749485248 0.831614910814097  -1.9109074220528 0.0946274530019867 0.0738278970199514 0.0336048524302917 0.992202499822041
1464104900.55066 0.176168414847733  0.81030211675538 -1.86588950547811 0.0918325170944524 0.0759429009595028 0.039677854182205 0.992081212646146
1464104900.75102 0.145298490241892 0.778790774331346 -1.82288199302799 0.0979274373603714 0.0751837857894122 0.0400588513495143 0.991540671780517
1464104900.95031 0.106635159251378 0.749994768824215 -1.77952487618849 0.103056081203307 0.0786495969975091 0.031049406223221 0.991074981720522
1464104901.15191 0.0581823659791564  0.724789984267526  -1.72838192209952 0.106429888842486 0.0885341830091274 0.0286127566265446 0.989957416941816
1464104901.31938 0.00963924341057206   0.697441375235004   -1.68078202417766 0.106306837110263 0.105274878811152 0.0301923010722528 0.988283603643646
1464104901.48539 -0.038250681190719   0.67052858921054  -1.63248939891625 0.100095029870381 0.111994756758556 0.0408504020743641 0.987810408987576
1464104901.68324 -0.0893807304836647    0.64421500949121    -1.5656914197291 0.096374899460546 0.103390238385151 0.0393361375738848 0.989178955316681
1464104901.88325 -0.136347621776736  0.612578926916861  -1.48129979574872 0.10095662830262 0.094463655617698 0.0380184290004368 0.989666093197825
1464104902.11659 -0.179337762233822  0.561246093574989  -1.37954028761103 0.0981724415065862 0.0812986701132711 0.037005696368182 0.99115249906498
1464104902.38321 -0.240774229910713  0.502953152886998  -1.25783990491208 0.0935776771310536 0.0681773046218344 0.0291743250723677 0.992846378969994
1464104902.68319 -0.300297214079799  0.432195738906619  -1.09411535779488 0.0918610450198975 0.0792558196544157 0.035202539387431 0.991988328902833
1464104902.98307 -0.333321115523446  0.356070729254922  -0.93626954055304 0.0890254670152924 0.0802132153433758 0.0385818623862071 0.992044225930376
1464104903.24982 -0.355214739071858  0.287194301600651 -0.779319675244593 0.106681199209164 0.0807676715138495 0.0353059093498293 0.990378310414009
1464104903.48311 -0.368328945435567  0.215768956269997  -0.65489577653069 0.0999014797955861 0.0740806215607863 0.0395488466903087 0.991447247496954
1464104903.95173 -0.398163294306848 0.0848829525366578 -0.391207697932725 0.110400200371818 0.0891462569308293 0.0502684644966997 0.988603976377917
1464104904.15279 -0.398387662046467 0.0301854075553486  -0.29107397004451 0.0983338322324948 0.0936428441038391 0.0582953464149003 0.989021297936997
1464104904.34974  -0.393266269395236 -0.0136736664904165  -0.185488859256814 0.0995729736784315 0.08408788825935 0.0423359596008404 0.990566563379561
1464104904.51636  -0.382308304777076 -0.0483492184623108  -0.103693403022711 0.097120174857732 0.0721361287331547 0.0381946171463178 0.991919967430863
1464104904.78291  -0.354501842982968  -0.117480150800593 -0.0068685662813809 0.109251409729292 0.0607221259807163 0.032730001115924 0.991617718637327
1464104904.91626 -0.333275789528936 -0.140218719536835 0.0365054400361425 0.0852578200324247 0.0527087495294647 0.0327234541125494 0.994425496152076
1464104905.08483 -0.296360340683458 -0.163071678872492 0.0867830252451919 0.0867320852437267 0.0524155198967606 0.0411160455125718 0.99400182568476
1464104905.21618 -0.260225778233242  -0.17492222399995  0.122182683058658 0.0968949730697982 0.0534282006277458 0.032288616742891 0.993334906665579
1464104905.34957 -0.219638288063414 -0.181044909165387  0.151563924735103 0.0916815691363348 0.0576344852669842 0.0378744238045683 0.9933973444751
1464104905.48616 -0.177790243392936 -0.186303337365556  0.170374283481587 0.0873081638960409 0.0638449283127819 0.0450987690580531 0.993109868380778
1464104905.61615 -0.130352785718449 -0.184961395558254  0.180974506544646 0.0855799475940165 0.0719794275351391 0.0540809625738667 0.992255150688875
1464104905.74953 -0.0854919285715842  -0.181937081769342   0.181938887402236 0.0966300228276453 0.0726381865136791 0.0574165568806057 0.991004375138833
1464104905.88352 -0.0449998763268044  -0.170005477107841    0.17504734124483 0.0944467470710919 0.0617463174737498 0.0482542647747964 0.992440794293122
1464104906.01605 -0.00938526352139414   -0.154805489578882    0.164192884191209 0.0831014598441246 0.054112353238744 0.0451056544652713 0.994048027277355
1464104906.18281 0.0270687164171272 -0.134722810107066   0.14517073854338 0.0743351302275822 0.0574318619925264 0.0533890618873245 0.99414560186771
1464104906.38266 0.0576779813067887 -0.106412298776304  0.116954149755388 0.0619335229648957 0.0746019583154919 0.0591800713934418 0.99352730495871
1464104906.71615 0.0725716434412249 -0.045930094283146 0.0419407121439257 0.0422424455112612 0.106283119182408 0.063154846133656 0.991428736613944
1464104906.91609    0.065945518249486  -0.0124766642995776 -0.00498165826085915 0.0279276016039827 0.111540076502126 0.0669268513205476 0.991110315239866
1464104907.14932  0.0491261202474136  0.0182005512430409 -0.0512961609911442 0.0306484360900544 0.114655173237083 0.0636597408768968 0.990889651781012
1464104907.38295  0.0256539549332883  0.0494048397134064 -0.0962582795958493 0.0348676074127029 0.116591276177667 0.0568316775422801 0.990939395069298
1464104907.58258 -0.0051005600457721   0.074206910399962   -0.13581831127456 0.0181056146997835 0.11191616488877 0.0604131214079502 0.99171428018088
1464104907.84931 -0.056890906108846 0.0903782199969814 -0.168235192519967 0.0114258478915437 0.104869748668316 0.0511609383195313 0.993103390490874
1464104908.08253 -0.118624468688066 0.0914721523551694 -0.163974803254908 0.0168661941546881 0.105006511067446 0.0471036213498276 0.993212169168255
1464104908.31831  -0.18056450277712 0.0787415852671248 -0.144408414030831 0.0138166478013702 0.113724452297928 0.0628501053932556 0.991426100849239
1464104908.54923 -0.232229942365159 0.0569914815027223 -0.115449245608635 0.018578067854111 0.106126461847612 0.0570748527236985 0.992539415175581
1464104908.84912  -0.26084505677979 0.0294800334631777 -0.055889335692159 0.0234774480758155 0.100457029602386 0.0448610191205541 0.993652194481941
1464104909.08248  -0.254008828325376 -0.0044798446420659 0.00956420441969474 0.0331689350378657 0.0957538334858776 0.0536738879756858 0.993403311284388
1464104909.31581  -0.232707300170057 -0.0293550370245688  0.0725555979703639 0.023219409285114 0.103476052294241 0.0472969649309485 0.99323540147458
1464104909.51565  -0.207117400761206 -0.0465227138305703   0.124505761947457 0.0183478930079419 0.114963585743582 0.0550094155113433 0.991675699500723
1464104909.68335  -0.182038732068576 -0.0580309520543186   0.170060705166002 0.0172705182839291 0.128094924155482 0.0553659886873537 0.990064657939307
1464104909.81556  -0.160440009287321 -0.0677664757039326   0.210360360402062 0.0200287337495112 0.137153592404747 0.0587522479147292 0.988603011971858
1464104909.94992  -0.139702444088903 -0.0770172197972238   0.251453519388566 0.0171769915912665 0.140057841396254 0.0556056010521924 0.988431469124147
1464104910.08239 -0.119905517961158 -0.085869753453137  0.290554574457579 0.00959618455461916 0.140934686515206 0.0480304707824517 0.988806554011082
1464104910.21547  -0.102603957012799 -0.0949360993272174   0.325874023354461 0.0101957006766812 0.14139861782776 0.0418179272500471 0.989016551693965
1464104910.38228 -0.0837552523211959 -0.0994070513063289   0.356865013535646 -0.00195283181363347 0.142316479952417 0.0377380196421912 0.989099614728136
1464104910.88229 -0.0793838477918275  -0.089053250034572    0.32805228314563 -0.00371504348555915 0.159409375566718 0.0666947879726768 0.984950077258035
1464104911.01604 -0.0908797480950377 -0.0807987693826538    0.29652105745435 0.00399350021621362 0.156038969194592 0.0679157985475008 0.985405163552722
1464104911.15184  -0.104720391295043 -0.0680612692296643   0.256886536690266 0.000736634655009507 0.148637101993823 0.064739395028372 0.986770125212363
1464104911.28221  -0.119813955340011 -0.0533803295011886   0.211437044478422 0.0031754409283975 0.137636263537529 0.0584371121176021 0.98875238531277
1464104911.41541  -0.135481920356755 -0.0370055967315648   0.163028201901589 -0.00684912016197697 0.130569204744438 0.0590830407694044 0.989653457842114
1464104911.54885  -0.154833994149857 -0.0242726113439166   0.116465557101798 -0.00593693407850055 0.119260180320064 0.0603865826253885 0.991007175979367
1464104911.71551  -0.183513595156053 -0.0110617384421707  0.0607087205955481 0.000698247640425055 0.10883637458053 0.0629078306494103 0.992066913499984
1464104911.88213   -0.215078449776742 0.000467826591117752  0.00445900003766741 0.0039031306064737 0.103979101858714 0.0627296535565059 0.992591609128752
1464104912.04879  -0.246757086346062 0.00713782921494615 -0.0569537863755599 0.0138519080071473 0.112228269297631 0.0723361845680608 0.99094925027327
1464104912.2491  -0.291059315307575 0.00622986965752665  -0.136334106926944 0.0214461096641448 0.112099929299103 0.0749138393005123 0.990636960199177
1464104912.48561   -0.337867035428322 -0.00977694217432414   -0.212062336455172 0.0338139699789831 0.0954835283937706 0.0759388834880048 0.991954029788847
1464104912.71544   -0.36466290141285 -0.0360078714930487  -0.263541764485194 0.0659381956847164 0.0726241618150821 0.0517108318619489 0.993832921239101
1464104912.98442  -0.365440285632308 -0.0715871307769134  -0.306947412284774 0.107688628438918 0.0684872719542601 0.0483118804239826 0.990645554724346
1464104913.3178  -0.324302280767618 -0.0898519197492412  -0.343155543617505 0.105605159560145 0.089151756920718 0.101349375284702 0.985204455248567
1464104913.54921  -0.277637914126901 -0.0815700287514105   -0.34527531796684 0.106785887420765 0.124981653456255 0.136323805437162 0.976929977336263
1464104913.71526  -0.242232084072901 -0.0683125699752065  -0.332316576389864 0.10159497170254 0.158701729020939 0.146866434796677 0.97104195236902
1464104914.04853  -0.194712774047729 -0.0390402850372656  -0.280628830593185 0.0954483137240996 0.183557099352815 0.131726766288702 0.969455759551476
1464104914.31829   -0.168227296818329 -0.00608801646868803   -0.217418685183552 0.0719690576582254 0.203941594772927 0.118365406749983 0.96913255602429
1464104914.65138  -0.15150213885843 0.0303171500958392 -0.147266248768687 0.0498554192773326 0.221450043086497 0.0846582235736756 0.970209926133009
1464104914.91517  -0.147998340407737  0.0537382404162452 -0.0768210755128607 0.0199908213094841 0.21721660983949 0.0659918230171503 0.973684954576214
1464104915.21528 -0.150103213358829  0.046231328106042 0.0141781041846524 0.0190480569853047 0.207352296209203 0.0610916954601632 0.976171092343785
1464104915.48432 -0.166898388994646 0.0258086032229915 0.0756915501314337 0.00502501931985427 0.185172658722322 0.0518259311691506 0.981325587407662
1464104915.71508  -0.192847508688495 0.00183750641323783   0.123142997936089 -0.00166997694584833 0.1656703684449 0.0565927987167867 0.984554617748418
1464104915.91501  -0.213289969634844 -0.0273086581397332   0.172986114863441 0.000754449812316817 0.163028715984673 0.0652220088460108 0.984462877985737
1464104916.04838  -0.221637455752191 -0.0527507528024594   0.208612016134305 0.00250052786907519 0.166865382369018 0.0756760502752477 0.983068068315697
1464104916.18183  -0.226450704228623 -0.0804838182961247   0.243734683240121 0.0143046058473963 0.162698582869601 0.0748319744769708 0.983730006139719
1464104916.28164  -0.223292865813809 -0.0988411646444793   0.267626115597732 0.0250620309398272 0.169224572775103 0.0807918451638318 0.981940739723777
1464104916.41491 -0.212131200045793 -0.114633812032923  0.297649025005332 0.0307177523309197 0.169908434729481 0.0719392922032004 0.982350386438982
1464104916.54837 -0.192730002657407 -0.117638375925675  0.327372869653265 0.0167179521453442 0.179232404783127 0.0665913231757405 0.981408095966926
1464104916.68164 -0.171107578800134 -0.113961635961188  0.357977871242245 -0.0072487673554271 0.179794848935555 0.0609844706132066 0.981785191379507
1464104916.81848 -0.145399306236825 -0.114602240494422  0.385338368090928 -0.0150303914179569 0.183190924482317 0.0659644794490828 0.980746582952064
1464104916.91532 -0.125942590860769 -0.120770955373913  0.402198986929427 -0.0165685686368575 0.183597293284645 0.0670002370363613 0.980575588452491
1464104917.01488 -0.106835100448715 -0.131384977577499  0.416228330935904 -0.0193228378754732 0.183770969160577 0.0721261529459284 0.980128908303107
1464104917.11488 -0.0865287031397026  -0.144813277771479   0.427106770337376 -0.0193897214194039 0.186435630193899 0.0855865600401272 0.978540104051939
1464104917.2165 -0.0662317951962971  -0.160404911092692   0.434298844293743 -0.0121726315062242 0.190878328492041 0.0935806849070853 0.977067012116681
1464104917.34943 -0.0410261099489271  -0.183910470821204   0.437572381158072 -0.00135501803254446 0.19903639543211 0.0959970749297579 0.975278031550211
1464104917.48134 -0.0180602434250288  -0.206328935942618   0.431648009085568 0.00531778836784551 0.212219841231776 0.105321697184186 0.971515208433032
1464104917.6821 0.00104423507204406  -0.237105926985494   0.408498610513427 0.0076441251125831 0.227039675625766 0.0975028090756253 0.968962205282214
1464104917.88176 -0.00780372077848796    -0.26161017783858    0.376204988716174 0.0216561611165536 0.217188974798025 0.0907819407268434 0.971657655324006
1464104918.04807 -0.0271630933106477  -0.270020972067137   0.339757041559932 0.0411572645489945 0.200431426405216 0.0842694784095121 0.975208684278705
1464104918.24811 -0.0568373100182765  -0.257817426151556   0.292026213941855 0.045353684806903 0.177884808180209 0.0833737210358665 0.979463557736458
1464104918.41506 -0.0848735560840644  -0.237037760353054   0.258230607311373 0.0405609932761998 0.155049833046067 0.0889683455441223 0.983055943773281
1464104918.78134 -0.144256835279132 -0.182761264377473  0.174821714980875 0.0465644126517624 0.102804706666786 0.0764019772900553 0.990669311944062
