1464104820.29265 -0.0617125861278631 -0.0430583388061307 0.00762334248310826 0.0168085521367798 -0.0276713736228316 -0.0011820053187839 0.999475047472581
1464104820.5593 -0.029895845110289 -0.134910414701561 0.0275178059071233 0.0898621351367775 -0.0452886081665376 0.00510396962952344 0.994910894569468
1464104820.5927 -0.0243250878277978  -0.144309467275927  0.0291275569166122 0.0940140745814337 -0.0455482128728417 0.0140911581309556 0.994428556180491
1464104820.69273 -0.00229714562901303   -0.174133897770966   0.0310325750478171 0.120845198968435 -0.0360132989777296 0.0210894022711341 0.991793686859755
1464104820.79269 0.0249893983478107 -0.202075413383784 0.0295733221515605 0.15362035769341 -0.0302958453947534 0.0379361284826243 0.986936572232337
1464104820.9593 0.0800733173325552 -0.228824366102725 0.0267026514076575 0.172107976420872 -0.0329774737170024 0.0599958372814736 0.98269620442355
1464104821.0926   0.12913513445253 -0.235532112680672  0.027728139885081 0.186339690711149 -0.024269570869858 0.0738199943433018 0.979407533170243
1464104821.2592  0.191966742201418 -0.211419195387177 0.0354098639739859 0.172276447641179 -0.0150519004826991 0.0780581289339902 0.98183562493287
1464104821.42575  0.245752249090075 -0.178547887890357 0.0410320503946538 0.153425583187565 -0.0158167034818711 0.0734839061947595 0.98529718250124
1464104821.55922  0.283825964639987 -0.148993226593233 0.0418864250102323 0.136576676977162 -0.00145997591253443 0.0570943019413031 0.988981759418264
1464104821.72569  0.321944129364116   -0.1172314595092 0.0421691458555204 0.112868146960377 0.0142567703395882 0.0668847056967125 0.991253732424286
1464104821.92568   0.348403513104737 -0.0644141746308168  0.0479312081446697 0.0856208888762779 0.0339243753827061 0.0563400251589729 0.994154918364344
1464104822.09232   0.354253427403477 -0.0320976352674321  0.0515885603380625 0.0585281838651368 0.0468429320285272 0.0364396050224251 0.996520118511528
1464104822.45904   0.345291682835083 0.00895575221812073  0.0420031684375253 0.0370447692277795 0.0404503435715399 -0.00421483032161822 0.998485698436971
1464104822.85893  0.309336453420078  0.037100836027377 0.0349404486130893 0.0265643872203957 0.0580695557473064 -0.0248724898067762 0.997649046146854
1464104823.0923  0.260993829922894 0.0603834955422767 0.0316006292934626 0.0180503044058443 0.071030536350574 -0.0270661635341836 0.996943464900667
1464104823.25892  0.211132645688958 0.0824170640161548 0.0268080671559912 0.00558565870315132 0.0705076580926596 -0.018154401410291 0.997330380704696
1464104823.42565   0.15797249487843 0.0968532120965641 0.0193512541111567 0.00149058147602365 0.0654865375169191 -0.0237231075976982 0.997570301150158
1464104823.59227  0.106006621295128   0.10414050801139 0.0101649418400359 -0.00306823974872189 0.0503456932396126 -0.0238512480074326 0.998442294299252
1464104823.75897    0.0568263455383567    0.0928715365409439 -0.000288110396001206 0.0101147817454031 0.028214138449653 -0.0288654483828381 0.999133844623154
1464104823.8923  0.0214468528955259  0.0755836552415053 -0.0112589145499289 0.0166137484738885 0.000715032513201619 -0.0318554713160102 0.999354141952384
1464104824.05995 -0.0113509672435269  0.0390249391593552 -0.0255288280671517 0.0350795418417877 -0.0288241990548787 -0.0254492953751787 0.998644543698068
1464104824.19271   -0.023125281529448 -0.00270837633749242  -0.0377145458435892 0.0634594282591424 -0.0464599619941701 -0.0219089122775186 0.996661613818521
1464104824.2922 -0.0278364639194951 -0.0384777539561804 -0.0465943709930462 0.0888931812395586 -0.0661606149223639 -0.0141422649645934 0.993740797041098
1464104824.42556 -0.0227817899051163 -0.0867929943655315 -0.0591957798894022 0.123058145056321 -0.0721243676416825 -0.00261189301701665 0.989771663840935
1464104824.59225 -0.00399330788138031   -0.135132702434742  -0.0731380395939514 0.143540855334594 -0.0737994028522177 0.00954618122791082 0.986842713613691
1464104824.79227   0.040448328655885  -0.169776234562634 -0.0786547233493606 0.152281075846421 -0.0571473696025463 0.0414399675414333 0.985813055896873
1464104824.99465  0.0983666408087348  -0.179149161880629 -0.0670445931952926 0.142773468658581 -0.0323181065331534 0.0657098429846844 0.987042802097375
1464104825.19216   0.158100303783067  -0.174895832215092 -0.0434460635758841 0.133543231034667 -0.00722020230055991 0.0735428802006619 0.988284128626657
1464104825.35873   0.208616819010273  -0.162071565288629 -0.0217575621795768 0.1277376636098 0.0149527268142158 0.0829975639974714 0.988216023765459
1464104825.55863    0.25860544224941  -0.136037327532702 0.00511577198653669 0.122741761928917 0.0377511298055442 0.0870425983465333 0.987893161303425
1464104825.72536  0.293671133457487  -0.10389029997168 0.0244148238849728 0.112428361816175 0.0595833326921294 0.0878622362472869 0.98797262986697
1464104825.95869   0.324365779658451 -0.0527837188950613  0.0490333380860889 0.100117900015776 0.0797255645882773 0.079444343663969 0.988589316504742
1464104826.12535    0.32887158739337 -0.0118887126071162   0.061437954165155 0.0707567828205302 0.075067993133025 0.0634329595629386 0.992640183416405
1464104826.32833  0.321055164809047 0.0312073141146882 0.0712638213683703 0.0398157804812233 0.0659784704253247 0.0396846410108638 0.996236254275483
1464104826.49427   0.30592336040516 0.0650229125387112 0.0756955549838025 0.00753029845307728 0.0464506279022096 0.0190017731667769 0.998711453017946
1464104826.6919  0.274058638326081 0.0928328088525228 0.0747385545014466 -0.0135509571664444 0.0146128297521352 -0.0102883965162979 0.999748461195931
1464104826.89197  0.227730810812795 0.0991840972670869 0.0651068783236258 -0.015615088317745 -0.00388902172343104 -0.0262483948880565 0.999525920770774
1464104827.0596  0.177425963929427 0.0957951595289855 0.0550139736809635 -0.00129715349709802 -0.0102157085448407 -0.0327187461787133 0.999411547031664
1464104827.22516  0.123211067525358 0.0818318816254152 0.0489325278917934 0.0148965559514695 -0.0107669981391824 -0.0384525623953324 0.999091369603946
1464104827.3921 0.0700252509827081 0.0615130308380799 0.0428205937553389 0.027059215465286 0.00110562718958298 -0.0154486950610269 0.999513838957637
1464104827.55987 0.0237987002002918 0.0421038578499644 0.0255517394303721 0.0392781412661491 0.0122421072664738 0.0131219009085516 0.999067151969726
1464104827.82726  -0.027877966222777   0.039026493778653 -0.0255186461222718 0.0575143386372177 0.0162750115290549 0.0210274855636232 0.997990515837563
1464104828.09173 -0.0607602482621772  0.0634377863943178 -0.0912798241211232 0.0609198349361135 0.0183304917421839 0.0144270512860165 0.997870045133652
1464104828.39253 -0.0834588968845047   0.088691806736384  -0.170558263247978 0.0466019694659444 0.03260787192948 0.0244521509802027 0.998081697779579
1464104829.05841 -0.0735690248640468   0.063024003644653 -0.0937539533633427 0.0379966819076729 0.0633958009613169 0.01887104755044 0.997086309277602
1464104829.3282 -0.0444701064375636  0.0296492364897878 -0.0118994421990735 0.0365970391528168 0.0811474715185947 0.0354476748996221 0.995399018954508
1464104829.52497 -0.0143985886614991 0.00700046404139096  0.0533864776995899 0.0371919513128911 0.0922530003026848 0.0376536075514166 0.994328088978209
1464104829.72614  0.0188016383658716 -0.0192240906569476   0.126771920702842 0.0382369111090347 0.0866814607548305 0.025946306315836 0.995163831828113
1464104829.89156  0.0461710048808317 -0.0414888497818669   0.184838523347216 0.0301460700613317 0.0789493918641546 0.0226278971341344 0.996165742361895
1464104830.05837  0.0680172672240077 -0.0641429132067787   0.236215014870693 0.025346175645455 0.0714301741195114 0.0276301899562188 0.996740625342616
1464104830.22487  0.0839050407284308 -0.0855798209675509   0.282091141102373 0.0226086180188993 0.0613700840190764 0.0268146457199424 0.99749864057736
1464104830.39156 0.0979967814329596 -0.104779554175474  0.322974547067588 0.0229202107911103 0.0583065524186499 0.0169021399852417 0.997892442874612
1464104830.55813  0.112279248757436 -0.123013111130598  0.360380766997581 0.0272191335703738 0.0495554915105105 0.00325021342532618 0.998395116244826
1464104830.75852  0.131544049109815 -0.131610102149354  0.390127759891568 0.0209103551752065 0.0409385180510679 0.000706504849802048 0.998942588759297
1464104831.02475  0.157539078114927 -0.130904605589029  0.403977334761544 0.0191968819663729 0.0153950250706465 -0.000533392824183736 0.999697048319109
1464104831.22475   0.19160240344697 -0.121967478315517  0.395086667510165 0.0293536897527776 -0.00628480587638377 -0.0139148758874844 0.999452469276068
1464104831.35809   0.22224555333079 -0.109287252803147  0.377832847918664 0.0330236063068462 -0.0181659640334957 -0.0239833107886347 0.999001621610716
1464104831.49201   0.252660717429783 -0.0967373983163709   0.350435550152049 0.0384964605449185 -0.0343888409489547 -0.0286809631625152 0.998254893549624
1464104831.62481   0.280852444918916 -0.0847353701028272   0.316123113991936 0.0414411413088042 -0.0492511609124799 -0.0304030046644728 0.99746308817077
1464104831.79189   0.308300684425845 -0.0708032130369086   0.273393258898177 0.0510469808904247 -0.0551987626427273 -0.020972777746206 0.996949068377263
1464104831.9581   0.329568181563153 -0.0519817304751097   0.233356577901541 0.0478886212475743 -0.0357580957265785 -0.00855141437882312 0.998175792061267
1464104832.1246   0.339082233412182 -0.0343152996335421   0.189238016348361 0.0562213763246387 -0.0122307140746558 0.00674126708573656 0.99832065079085
1464104832.29221    0.337884735886976 -0.00919265172488524    0.138771501182791 0.0546633683764203 0.00416457724454196 0.0198603040350827 0.998298623047108
1464104832.46093  0.328838992650449 0.0197112640013367  0.084041581799667 0.0391325172532874 0.0219051130108739 0.024002585003724 0.998705506158117
1464104832.62456  0.312676200537881 0.0489304509971473 0.0318774737554303 0.0241607208004024 0.017892907459974 0.0206050014711022 0.999335547925425
1464104832.82455  0.297523084624191 0.0769550025714131 -0.022870697504551 0.0193119412502711 0.00135223784126681 0.00518376087305527 0.999799154331097
1464104833.09129   0.286942938687056   0.107614676924821 -0.0892459917706999 0.0214209376962048 -0.0259283903169054 -0.0191946710799176 0.999249932001961
1464104833.45819  0.256595698206548  0.110809802757966 -0.134611161980647 0.0282794897157181 -0.056818112794947 -0.0323687311305684 0.997458890263071
1464104833.69119  0.223465665716413 0.0838024292617314 -0.119417567537604 0.0587039687650506 -0.0426931408438111 -0.0231525139586304 0.997093326060062
1464104833.9578   0.160940466916324  0.0646929199404456 -0.0939835297430181 0.0655513173866166 -0.031079516387272 -0.0139998491415823 0.99726681117644
1464104834.12482   0.109856300422076  0.0575677608430351 -0.0796279890394036 0.0589438945456052 -0.052257310392723 -0.0266005649196966 0.996537606291036
1464104834.25797  0.0649894145890275  0.0496975312355048 -0.0616232161102817 0.0641961045438596 -0.0706716027059409 -0.0433559957920919 0.99448712528682
1464104834.39104  0.0175764933977059  0.0382638881518931 -0.0366224326359156 0.0689436698203998 -0.0906377484057587 -0.0537588561214009 0.992039089121063
1464104834.52435   -0.033799008108447   0.0222382430485373 -0.00540873723536586 0.0684318437259852 -0.108534255628054 -0.0553403491805363 0.990189296989269
1464104834.66116 -0.0909991717407835 0.00205528797938306  0.0284068298153845 0.0695837206808179 -0.126596754341051 -0.0595033783229506 0.98771995807247
1464104834.75767  -0.132001560130437 -0.0134050868728214  0.0498415991672031 0.069838606461029 -0.145582961169435 -0.0652771548183715 0.984716742786238
1464104834.89179  -0.185844140665466 -0.0302337130983504  0.0755304470092102 0.0637995748384607 -0.166416428196534 -0.0805048058816039 0.980690656071885
1464104834.99291  -0.228357094287177 -0.0408779196196601  0.0937515990032631 0.0662740054829913 -0.185434453189813 -0.0946846105121514 0.975836381930699
1464104835.09101  -0.271816866875797 -0.0486480043680253   0.115994445251128 0.0674385613070411 -0.195200890922785 -0.103052958527048 0.972999866583038
1464104835.19093  -0.320182585161656 -0.0579408553749139   0.140220573208362 0.0688480312233367 -0.205597662520882 -0.10649153368886 0.970386058749411
1464104835.29097  -0.369153356328947 -0.0713699038137885   0.163065339642873 0.0773452818569034 -0.2087876362373 -0.10424644279503 0.969308057066225
1464104835.39184   -0.41717678375644 -0.0883905994439755   0.182963261574479 0.0793532410586497 -0.218341450916929 -0.105633925117293 0.966887556962697
1464104835.49316 -0.461935998050527 -0.106933725848402  0.197592047101203 0.0809539756195418 -0.2304243840636 -0.104239748423011 0.964098092472446
1464104835.59095 -0.506534838477095 -0.123970551636481  0.211558936984655 0.0835983378300679 -0.242696486362257 -0.107398303706977 0.960507854096117
1464104835.69087 -0.549223780206336 -0.138157025197748  0.228154084393089 0.088274365673787 -0.252741005237577 -0.113793977600627 0.956755220157287
1464104835.79084 -0.594841868323762 -0.147975429940349  0.248244542026726 0.0913153250811235 -0.264216582626046 -0.118262237473082 0.952819580014287
1464104835.89097 -0.642957870017259 -0.155987233354026   0.27089304668318 0.0868384928043081 -0.276948715765906 -0.123566155949563 0.948941457681632
1464104835.99317 -0.693163100218997  -0.16589847646129  0.292936241408828 0.0814966406944319 -0.286729593046142 -0.129144699749824 0.945762171242667
1464104836.09079 -0.743187208683377 -0.178674399864848  0.308481841691305 0.0771692338744303 -0.302518141726075 -0.139983850269823 0.939644722718896
1464104836.15949 -0.776241644557519 -0.187095473983461  0.315199625113418 0.0767383052432245 -0.317467850619143 -0.147531513568577 0.93357369759212
1464104836.25749 -0.823776334779797 -0.197578273470973  0.322639492741903 0.0703874602747461 -0.334172889924508 -0.158760172177962 0.92637427253006
1464104836.35746 -0.871393513637785 -0.205429839950015  0.329050406459986 0.0747447328905139 -0.354946802058653 -0.16773407249731 0.916674027960282
1464104836.45762 -0.920698510790298 -0.209442310385313   0.33515887250641 0.0813239438967377 -0.366968813247762 -0.176119935343611 0.90978133341324
1464104836.59081 -0.993486295825202 -0.212919685544848  0.342261416020839 0.0838078586168137 -0.38079199904744 -0.181280811584354 0.902834959251599
1464104836.72412   -1.0660322589265 -0.222598478462763  0.346170813082157 0.0937737486705103 -0.384129520184951 -0.183201089660782 0.90004908562248
1464104836.8586   -1.1299053019766 -0.233906537809796  0.344022052057519 0.0943416145113347 -0.393594735009712 -0.176188644923768 0.897296163896824
1464104836.95785   -1.1759756508873 -0.241350499709989  0.338279420261757 0.0946896713881931 -0.408330195075004 -0.176096480045916 0.890668483577276
1464104837.05735  -1.22072689727554 -0.245743598283269  0.333309233528971 0.0980432093977554 -0.422442132272069 -0.180193924315763 0.882870502175772
1464104837.15943  -1.26517560335727 -0.245731436772471  0.329506050465242 0.100127114091562 -0.435516418705504 -0.187894685687693 0.87464026728247
1464104837.29078  -1.32737741238035 -0.242861212111249  0.326353791677113 0.0986417170021061 -0.449827569160178 -0.193509402776242 0.866301957014703
1464104837.39074 -1.37727023152211 -0.24394722713988 0.322928557547124 0.0976765203544083 -0.460873707340476 -0.196934324265127 0.85980904576536
1464104837.52461  -1.43909564928848 -0.248569413921556  0.314507856913714 0.0923051278703129 -0.471836693183031 -0.207716460544376 0.851882486234964
1464104837.69075  -1.50948192289879 -0.250943605264668  0.301623412227731 0.0859657770185204 -0.490518455295081 -0.221099102841885 0.838520552472653
1464104837.83094 -1.56676514414814 -0.24732449564064 0.289859467096816 0.0886034626238867 -0.502331990782353 -0.233220096026077 0.827901192327492
1464104837.95816   -1.6306728866108 -0.239779486588274  0.277262074327587 0.0904425433261397 -0.51168174002175 -0.24095567981076 0.819720869352457
1464104838.09067  -1.69799107873701 -0.237995080845535  0.262945797294802 0.0960784792306699 -0.514917718562837 -0.235438863602395 0.818655733776035
1464104838.25732  -1.77767772320489 -0.236047811795164  0.246785520443007 0.0827303015992026 -0.51256285590619 -0.242994823902884 0.819383018800732
1464104838.45813   -1.8670616359805 -0.233827677221483   0.22919146213626 0.0666171318705413 -0.52176271957449 -0.250661853298161 0.81270810104533
1464104838.66022  -1.96386364200837 -0.225585852336742  0.222063056924204 0.0577891136515702 -0.530751823815332 -0.255527040808421 0.806020378945692
1464104838.85714  -2.06779447935224 -0.225452687431988  0.220612736759018 0.0430636545679881 -0.537715136495674 -0.255330793759809 0.802380295992289
1464104839.09049  -2.18049624961688 -0.232163161364472  0.216850318669782 0.0313723933064607 -0.54814553858969 -0.277168797968381 0.788498382303481
1464104839.35775  -2.31236765816784 -0.228990885621595  0.214996376068702 0.0267141479936466 -0.551411132771605 -0.291998577887666 0.781005087988605
1464104839.66058  -2.47042154000267 -0.227255437428377  0.211604609732022 0.0221285433172265 -0.542861708634789 -0.303816604036068 0.782628241236391
1464104839.89417  -2.57547445659587 -0.226389871963354  0.195533175231892 0.00952825423296706 -0.545373873421396 -0.323345699466345 0.77325552645761
1464104840.0903  -2.66934700555468 -0.221072748970779  0.178702635497892 0.00336500394649529 -0.548304799383478 -0.340534926682349 0.763797412558416
1464104840.29038   -2.7623472086078 -0.225730051886116  0.151624799170969 -0.00714498180531976 -0.550199818115678 -0.330958025004719 0.766613263037793
1464104840.45902 -2.82801506295064 -0.24065781927312 0.116819561615019 -0.0110402668219592 -0.553723557787371 -0.30938293888158 0.773013926904808
1464104840.5902  -2.87842144951793 -0.250086913879799 0.0890958538670382 -0.0196590876773544 -0.545979614811354 -0.283313491084887 0.788196197815895
1464104840.69084  -2.91460449176643 -0.252911286404406 0.0696607388001405 -0.0254290487385195 -0.527798345564265 -0.259729939427592 0.808283754918295
1464104840.79036  -2.95362559753669 -0.253723091380184 0.0473443992015309 -0.023975573363667 -0.511108028953486 -0.2382637282356 0.825484191507286
1464104840.8902  -2.99248150224254 -0.254198067044852 0.0237049994925063 -0.0198045293397327 -0.496383802117085 -0.217273869816963 0.840239827137574
1464104840.99208   -3.0312053159846 -0.254302171508232 0.0010633740058413 -0.0178406765142327 -0.48440915648547 -0.204725313637159 0.850362878617545
1464104841.09072   -3.06780977977952  -0.254843208263895 -0.0184336015432828 -0.0257739480914287 -0.46811108976212 -0.190504124967061 0.862505588162787
1464104841.19019   -3.10540952358129  -0.256543494006268 -0.0371256009275942 -0.0238904189401775 -0.458580628743889 -0.179413266733193 0.870025249371446
1464104841.29024  -3.14271508926738 -0.258125867670683 -0.052994618386875 -0.0152059370371252 -0.447611256728846 -0.172589597324283 0.877283177328671
1464104841.3902   -3.18211297404639  -0.260104125159387 -0.0662722051872143 0.00246840560174398 -0.433212411836676 -0.159259120882267 0.88710622003244
1464104841.45695   -3.20997142058703  -0.262397283187356 -0.0742941849275876 0.0185286911421677 -0.423517220327113 -0.142203539408316 0.894465206182276
1464104841.55697    -3.2535595543802  -0.264936643981079 -0.0860466576445492 0.0390431376096913 -0.408634900105245 -0.128273120810079 0.902795191778961
1464104841.65965   -3.30059523398797  -0.267801242934995 -0.0987214024820126 0.0559862418840571 -0.397037622209179 -0.119539818345233 0.90826036966289
1464104841.79033  -3.36164188827018 -0.271306184188896 -0.116667276323694 0.0709341964857246 -0.385652324431103 -0.115379180763275 0.912649039377245
1464104841.95691  -3.43351097949666 -0.275707920750254 -0.142194129067187 0.0789759919533136 -0.369216653437362 -0.110458825894527 0.919369731556085
1464104842.09021  -3.49526017609378 -0.274282435461567 -0.161864242648575 0.0903555906932792 -0.353563617847265 -0.103505790435809 0.925264927851197
1464104842.19008  -3.54490418467382 -0.271973840814073 -0.176745634011454 0.0988328523939974 -0.340672967142974 -0.0946322559727479 0.930171345976201
1464104842.29022  -3.59552406081264 -0.270381044016992 -0.192006217836596 0.103425635573164 -0.321226266026936 -0.0944538130181525 0.936587049412392
1464104842.39252  -3.64504349917107 -0.271188491980506 -0.205521906952286 0.103472895280772 -0.299970435500333 -0.0886418361665425 0.94416827030407
1464104842.49193  -3.69289472079414 -0.276582589231344  -0.21835043910344 0.115577540922422 -0.286860722567092 -0.0811957081543093 0.94750198673139
1464104842.59002  -3.73908968016065 -0.281703736485813 -0.226728894699371 0.134217151489267 -0.276385350017624 -0.0844805148868592 0.947871266125413
1464104842.69017  -3.78505508023123 -0.284992170886686 -0.229841647501836 0.148893069581321 -0.257928981559209 -0.0858288170781675 0.950755966829261
1464104842.82539  -3.85889682683506 -0.286053953458266 -0.228704796694255 0.156102715849186 -0.247792789515613 -0.0804380531053756 0.952764606385647
1464104842.92405  -3.91656341526627  -0.29613710431914 -0.225113349054096 0.166224418073077 -0.233183616514042 -0.0596166798243253 0.956263925552158
1464104843.02401  -3.97351699564553 -0.308960096749986 -0.223104565538927 0.171271962299837 -0.224004255643239 -0.053005464403819 0.957955337751723
1464104843.12349  -4.02910703774412 -0.323980749320633 -0.224071813753225 0.178364602425538 -0.219597828997022 -0.0476141864174485 0.957964378958414
1464104843.25664  -4.09764657477491 -0.340086725918823  -0.22851215901063 0.191124870712397 -0.209153558620844 -0.0459827233358664 0.957920488279703
1464104843.39005  -4.16420992033526 -0.349666858880763 -0.229190049124116 0.198056683766668 -0.186951525796845 -0.0374036418453475 0.961469523486983
1464104843.49201  -4.21675507379217 -0.354520857695829 -0.227752647940491 0.205451034677058 -0.167348969168333 -0.0350429729019408 0.963616202083909
1464104843.59008  -4.26946309029665 -0.362077013655329 -0.229763456338134 0.21511239005117 -0.148023855711492 -0.0208544286621632 0.965080665329045
1464104843.68998  -4.32155250741615 -0.372384168854755 -0.231523426054366 0.212197398620338 -0.131085573670066 -0.00906658397275688 0.968352535727261
1464104843.82568   -4.3886985723967 -0.387242631229324 -0.236749035987618 0.206956752961177 -0.116925953294401 0.00574795292986227 0.971320845491889
1464104843.95659   -4.4574738925565 -0.396858315158416 -0.237379094953928 0.217449143475475 -0.111842533025794 -0.00272734720606364 0.969638942795396
1464104844.09024  -4.52484628944247 -0.399625152768224 -0.233319029522462 0.225046183190964 -0.0980893382747049 -0.00182394610294182 0.969396394860546
1464104844.22534  -4.59445840414286 -0.403328980443014 -0.224063794605424 0.226968332542014 -0.0878180988066442 0.00337040122449955 0.969928862309329
1464104844.3566  -4.66471484847868 -0.412021557370076    -0.216200299328 0.229014409405221 -0.0791079689452645 -0.00217779777736193 0.970200797119325
1464104844.48988  -4.73214822705183 -0.419887665783043 -0.212645114705257 0.221609386494174 -0.0773437968956991 -0.0107994194828318 0.972003389622828
1464104844.65751  -4.81353733191211 -0.424895121738613 -0.215642093852644 0.2176005458124 -0.0772595641130444 -0.0178994487709071 0.972810655754194
1464104844.79004  -4.88236988018148 -0.423812423874697 -0.218738332329322 0.220132646743842 -0.0719400120627029 -0.0139020275157019 0.972714236624982
1464104844.92318  -4.95395055176228  -0.42677406186657 -0.223898966596195 0.222646480382035 -0.0651488453268919 -0.0054711828506605 0.972704600011884
1464104845.05656  -5.02414411063532 -0.433402004688094 -0.234881831974516 0.213999284912765 -0.0620748298284715 -0.000797322958401866 0.974859162050956
1464104845.18981  -5.09001471773164 -0.440016697249485 -0.246548558749254 0.208996724799088 -0.0659801075208359 -0.00651475414597224 0.975666209527219
1464104845.3252  -5.15527422315268 -0.439854042404875 -0.254501569619686 0.206511660758145 -0.0748746923358372 -0.00711205914244765 0.975549144345522
1464104845.45652  -5.22269293450669 -0.434742812146763 -0.255015174538953 0.199454537037707 -0.0786789915858502 -0.00981785452838218 0.976693971349556
1464104845.58987  -5.2928324002631 -0.43610682800534 -0.25156252209429 0.194749082431886 -0.0739756836243973 -0.00507683195688837 0.978046327584498
1464104845.72295  -5.36095079990388  -0.44553210023968 -0.250151147083118 0.180566053032543 -0.0665604140675793 0.00238782222586502 0.981305207403089
1464104845.8564  -5.42813158382336 -0.458638551879734 -0.256724265659895 0.194612026788937 -0.0649398616519189 -0.00682010041532602 0.978704480232954
1464104845.99177  -5.49410991638667 -0.464773039914901 -0.260649070935643 0.199616877688108 -0.0730272925609316 -0.0200731638005729 0.976942774566815
1464104846.12503  -5.55679774360474 -0.464984716395842 -0.260465950004001 0.199101085839777 -0.0644605174710066 -0.0169092907326367 0.977710425019449
1464104846.2564  -5.62267654026362 -0.467986425962597 -0.262721746725169 0.205898583395869 -0.0593787416453593 -0.0114446223135092 0.976703106893947
1464104846.38978  -5.68893225766206 -0.475682292118029 -0.267365788494138 0.200299531088019 -0.0574730140100947 -0.00866013436168835 0.978009178167236
1464104846.52291  -5.75268308022504 -0.486688267952908 -0.277225572460915 0.204997081274684 -0.0627396276153781 -0.00745796992911547 0.976721206117734
1464104846.65937  -5.81545568944655 -0.489933443254686  -0.28791909326564 0.210843404907014 -0.0822538577778804 -0.0208356847062396 0.9738301883443
1464104846.78968  -5.87693055484435 -0.487222265842254 -0.292741847916076 0.217324721286836 -0.0963809793455117 -0.028521600774023 0.970910495682937
1464104846.9228  -5.93928357777716 -0.481731806529303 -0.292760175882578 0.208638716625713 -0.110654496247956 -0.0303222366652671 0.971239429980323
1464104847.05623  -6.01134386736097 -0.485288460237431 -0.294207775442878 0.205816706657022 -0.121916780454771 -0.0399714428754701 0.970143322225564
1464104847.1896  -6.07513350650267 -0.490267529273639 -0.300744783955552 0.197914562581388 -0.142114564826489 -0.0444135499905445 0.96884504073646
1464104847.32516  -6.13289725308359  -0.49218996497581 -0.309867531298728 0.19735210513413 -0.162829011342093 -0.0597015201525608 0.964870244206938
1464104847.49212  -6.20089675573561 -0.483952109849623 -0.317310353689797 0.19665472096776 -0.174956232028694 -0.0830974167585638 0.96115142247383
1464104847.65655  -6.27449030433345 -0.479833934305483 -0.324616754323283 0.195813961014497 -0.179154461929255 -0.0858687625486107 0.960305746656252
1464104847.82463  -6.34687723164414 -0.477721388642455 -0.336651748580591 0.193955673633536 -0.185519076374452 -0.0907390413124782 0.959025701088466
1464104847.99213  -6.41081097493545 -0.474360507375402 -0.350933578240387 0.178517653778735 -0.192337764601102 -0.098900543334133 0.95987307188284
1464104848.15811  -6.46815068974929 -0.469471123256325 -0.361897169094351 0.178980166393256 -0.198430438650517 -0.116860562898041 0.956522383373206
1464104848.32494  -6.52923172703114 -0.462004867218639 -0.371000204546052 0.182049344282106 -0.20612199115742 -0.125709546526135 0.953188790806915
1464104848.49214  -6.59718105601281 -0.455298757684252 -0.381075959992092 0.176215602738549 -0.219125820481768 -0.130981903740945 0.950671171879152
1464104848.62275  -6.64841798919972 -0.452279470419106 -0.392094322259189 0.163697670816247 -0.231541752956344 -0.13839276720357 0.948914606902527
1464104848.75603  -6.69586641298153 -0.451107330603419 -0.407955359392407 0.163819342303568 -0.250825405100919 -0.150542291808167 0.942118282181347
1464104848.88935  -6.73473946087471  -0.44643185515039 -0.423019349028064 0.16489125206963 -0.267295478505467 -0.167145781483565 0.934572784695602
1464104849.05608  -6.77762993965703 -0.440177369651704 -0.438339976993438 0.165278284089489 -0.270332943004382 -0.173448318703619 0.932479956607064
1464104849.22344  -6.82266798123467 -0.434229933963945 -0.452600178680419 0.163895914635256 -0.267128821738072 -0.169069867474042 0.934449410976866
1464104849.35597   -6.8624843563081 -0.431212129092491 -0.464818727633096 0.160398159181162 -0.263629028117701 -0.162149435396233 0.937272493283407
1464104849.52264  -6.90659695326528 -0.430218492667731 -0.476339122945731 0.152461272362242 -0.25305493268477 -0.155107634088853 0.942687850415476
1464104849.68921  -6.94516372741536 -0.429950390797125 -0.483669933686361 0.136866937540518 -0.238720352567053 -0.150882081329851 0.949481243738977
1464104849.85584  -6.98012024927951 -0.430599856274232 -0.490776974788723 0.132065336419406 -0.230606168310973 -0.142763373807541 0.953413950575745
1464104850.02264  -7.01870303999511  -0.43061528707896 -0.493772485006646 0.134553324540692 -0.222469223823043 -0.139507849968133 0.955479150533327
1464104850.18922  -7.06244091827793  -0.43144587907427 -0.493241522400783 0.122333158952137 -0.210540730732682 -0.127276812306117 0.961513292665543
1464104850.32261  -7.10042369006017 -0.434786590922047 -0.490264465517742 0.105005616949906 -0.199652184342493 -0.119227732468658 0.966901015361253
1464104850.45579  -7.13434081146761  -0.43865564909605 -0.486949015737467 0.0889107937744349 -0.189328963702761 -0.113184645654029 0.971307701113201
1464104850.58924  -7.16345552945135 -0.441145697783958 -0.487166732058559 0.08480362731475 -0.181773778401543 -0.117299072681651 0.972629202639892
1464104850.72368  -7.18884506774662 -0.442828225187494 -0.487983110465759 0.0782653246767389 -0.167581938996331 -0.11445148335167 0.976059265943455
1464104850.85567  -7.21653141830204 -0.442398186774349 -0.487574173341841 0.0720888347839427 -0.147874931772903 -0.108008670905683 0.980443946109027
1464104850.99176  -7.24675386825773 -0.442789803148636 -0.487460240259192 0.0730532477686763 -0.126023553391036 -0.101185784804788 0.984145682271982
1464104851.12258  -7.27847924601605 -0.443453633121353 -0.488759878840152 0.0695115012613678 -0.0996181954783073 -0.0877046288440682 0.988712427554828
1464104851.25569  -7.30811515331105 -0.445079742697814 -0.492672249189345 0.0601255814807857 -0.0679934343598716 -0.0719255675896142 0.993271624512882
1464104851.38912  -7.33367812250774 -0.447967544300709 -0.493602906433732 0.0526200059199091 -0.035189735163588 -0.0544271852933218 0.996509156514456
1464104851.52242  -7.35943553673568  -0.44986129831696 -0.491989319090898 0.0506680483121411 -0.0138932527609081 -0.0521613258181553 0.99725569564523
1464104851.65894  -7.38410182389809 -0.451923991232541 -0.486405930292193 0.0448578312510117 0.00843050110454241 -0.0455387985830339 0.997919295058571
1464104851.78902  -7.40912173316514 -0.455132866782393 -0.475180044713081 0.0436281068959972 0.0311819884230259 -0.0401280570778445 0.997754484290507
1464104851.88904  -7.42791785449991 -0.459980203353742 -0.463866075485409 0.0421057252724841 0.0543927220281451 -0.0288967639989298 0.997212874325255
1464104851.99185  -7.44942220682021 -0.467068450750437 -0.451071302980083 0.0392926844127707 0.0758066221480665 -0.0123025449245184 0.996272095553478
1464104852.09074   -7.4722342996529 -0.476870987458976 -0.437805517360668 0.0361279471621432 0.099041084079633 0.00311009333600172 0.994422426545993
1464104852.18891  -7.49255488090619 -0.486590272305174 -0.424699731736628 0.0275048861918607 0.125481788353094 0.0155309547638306 0.991592956545883
1464104852.28898  -7.51216659712486 -0.497215345860349 -0.412153073899472 0.0239236222684742 0.143687150334139 0.0253302045000932 0.989009627792568
1464104852.38906  -7.52843397638072 -0.505569403387582 -0.399426022609627 0.0181529972877832 0.165561735287565 0.0329380353833192 0.985482047691954
1464104852.49135  -7.54231516640625 -0.511964796902128 -0.385517303144059 0.0121023614850421 0.188889228137978 0.0396663069122867 0.981122304524703
1464104852.58901  -7.55606913622779 -0.518167261204375 -0.369666066621522 0.00741763829757665 0.208281495600562 0.0419908350533674 0.977138970159312
1464104852.68896  -7.57028045106644 -0.524601149792196 -0.352784724564311 0.0035440597470953 0.232051226384732 0.0481351795775828 0.971505364092697
1464104852.78902  -7.58404382938659 -0.532152877888466 -0.335385670561199 0.000136084283167862 0.259296699469111 0.057120688268341 0.964107063607172
1464104852.88948  -7.59778666137826 -0.540586205843588 -0.316498891189968 -0.00442133558735347 0.289338602911025 0.070006383176172 0.954653199319895
1464104852.99179   -7.6096798791094 -0.549200295598263 -0.298669078349394 -0.0124656259294267 0.321709190807549 0.0866520231129593 0.942782706465583
1464104853.08892  -7.62105373541746 -0.561275408439777 -0.279164154460582 -0.0162022221779083 0.348135858622819 0.100883415447103 0.931859135505564
1464104853.18899  -7.62775508033729 -0.573353522163428 -0.262771441662874 -0.0185110882061184 0.381139507939094 0.120536955325543 0.916439227391658
1464104853.32473  -7.63351367681616 -0.589065900562305 -0.235537037665183 -0.0179424874052571 0.409803896454673 0.12795612935384 0.902976224801663
1464104853.45559  -7.63359127252567 -0.600210430270943 -0.207867166495873 -0.0167027674714932 0.440540656689592 0.135853037618762 0.8872366648939
1464104853.55552  -7.63302898404318  -0.60657882392966 -0.182415931634388 -0.018306963175948 0.459617049023403 0.143502593220208 0.876255687048802
1464104853.65804  -7.63136695550452 -0.613009343474282 -0.154035167347665 -0.0252763903419671 0.475642669546878 0.146929233586552 0.866912311202966
1464104853.75547  -7.62602586417773 -0.621817047174186 -0.122780605778614 -0.0353908256694829 0.493779951916583 0.161426921253448 0.853738951693269
1464104853.85541   -7.61908472519832  -0.633644570832265 -0.0942242031825365 -0.0451899901707366 0.509806691882619 0.176285631590038 0.840820062673918
1464104853.95535   -7.61082588717298  -0.647385132472775 -0.0700669601217051 -0.0490150071615117 0.527442530810425 0.189484495163696 0.826739095396976
1464104854.05547   -7.60219611130726    -0.6616104345727 -0.0471325334986361 -0.0454702093786443 0.544182411277137 0.195849729292562 0.814518782381164
1464104854.15767   -7.59432038884179   -0.67174437799044 -0.0250448316026748 -0.0508240572357066 0.562635683365672 0.202217216320487 0.79997887499192
1464104854.25546    -7.58632379702942   -0.678978105581615 -0.00214063966168357 -0.0557858941129391 0.580666959530335 0.20778968286801 0.785198868963416
1464104854.35544  -7.57789434044856 -0.684614326469074 0.0232620665515057 -0.060687283337168 0.601879024144531 0.219832612921516 0.765331507408443
1464104854.4554  -7.56775150393434 -0.692837928572598 0.0477986740959401 -0.0631280582653066 0.627868039624183 0.225908736500042 0.742133287119701
1464104854.55537  -7.55555991381498 -0.702030713762679 0.0704117806384217 -0.0615072528952797 0.658489630729593 0.239394135308612 0.71084366216681
1464104854.65805  -7.54634332806379 -0.710752877007388 0.0910799637215082 -0.0687366715111811 0.684900131810927 0.251160165879748 0.680518662866931
1464104854.75538 -7.53552074383045  -0.7204090776785 0.110364864706288 -0.0695901232371131 0.706315820925514 0.262954176081172 0.653552046236283
1464104854.85538  -7.52426049924326 -0.728454191507716  0.127957077871103 -0.0715110378588517 0.72355675910697 0.273510870102215 0.629717072780226
1464104854.95534  -7.51220332345283 -0.734208040310319  0.144022554746665 -0.0743456946189218 0.738757437784084 0.277051978247137 0.609878977469853
1464104855.05537 -7.49535314643218 -0.73743718294393 0.159730208860053 -0.0761471093389433 0.753804998184937 0.283084083431273 0.588084215192523
1464104855.15794  -7.47699369440428 -0.738442683020096  0.174682437617324 -0.0781895847426097 0.769322890410079 0.288128139412505 0.564810458833358
1464104855.25522 -7.45488423629278 -0.74006372977546 0.189541029678048 -0.0774106345214935 0.78276944609793 0.291756913325521 0.544203538618856
1464104855.32611  -7.43756766057383 -0.742540937737647  0.201010121017023 -0.0752974136787226 0.79143308147021 0.298582742250115 0.528026820415654
1464104855.38861  -7.41857185749015 -0.745854829679284  0.209821419338776 -0.0723564934757688 0.801990473897491 0.301285923542809 0.510688368679497
1464104855.49158  -7.39092286531342 -0.750396195580588  0.223417475589763 -0.0770672103171025 0.812859633034243 0.310926498896635 0.48646127735027
1464104855.58864 -7.36193187903778 -0.75540185814899 0.232548518293493 -0.0783915485646118 0.82573270449032 0.314465329835365 0.461662021591855
1464104855.68856  -7.34024053960357 -0.759094189049837  0.240874356026166 -0.080705528246314 0.837770975371851 0.322726967378246 0.432982349596173
1464104855.78865  -7.31944369693478 -0.761761052220841  0.248941947039493 -0.0841538436474932 0.849365513598556 0.326217613994228 0.406298441085771
1464104855.88864  -7.29558203804701 -0.760974186943013  0.255611335434333 -0.0898962126407603 0.859434279198635 0.326620737115831 0.382897224822903
1464104855.99117  -7.27419582328482 -0.759919565718554  0.263510874955481 -0.0950316153767276 0.86914833701844 0.328122079368257 0.357611606869828
1464104856.08842  -7.25056412668722 -0.759832099827315  0.270183404476069 -0.0947762841500609 0.879725560293791 0.332577504052146 0.326332036930067
1464104856.18858 -7.22858578298225 -0.76146557873577 0.276305175402615 -0.0935243539389817 0.88819668102047 0.337726427013895 0.297154356422627
1464104856.28852  -7.20778907544671 -0.763845911408146  0.277062875863188 -0.0913711886273709 0.898623497875241 0.34248064083996 0.258522969202234
1464104856.38856  -7.18545337300254 -0.767299251406752  0.274871747102947 -0.0854304162948152 0.908696748685208 0.338942458387435 0.228232059104123
1464104856.52169  -7.15702693987157 -0.767230547836211  0.268694739567913 -0.0909559398946038 0.916779837215106 0.330783630839465 0.204509013596941
1464104856.62256  -7.13628864835586 -0.761119075489823  0.261013553238543 -0.0956880398733035 0.922333956922594 0.330817861474993 0.175223895236433
1464104856.72269  -7.11681121765093 -0.751696413544228  0.250694324841246 -0.0979924223985558 0.925617822489841 0.332927079328984 0.150959238508614
1464104856.82549 -7.09430980787835 -0.73920917546022 0.236242795750251 -0.101733595477379 0.927270867794733 0.336869822439215 0.127819153573397
1464104856.92179  -7.07107092629963 -0.728464303656515  0.217593675857972 -0.0987132942654501 0.930879492375414 0.337433247920144 0.0992867534377887
1464104857.02171  -7.04622318850234 -0.719550503399469  0.197129252180277 -0.0975237947951579 0.932982560960666 0.336558455367291 0.0822256438880948
1464104857.12197  -7.02326478111142 -0.712514734041282  0.175792079469242 -0.101185680224425 0.935287633919191 0.332938583835863 0.0644235931063371
1464104857.2217  -7.00376157221254 -0.706825589547422  0.157640925906625 -0.100996139922811 0.936996434802577 0.330662650008676 0.0499967276648335
1464104857.32346  -6.98837041597268 -0.699114918687878  0.141273782380803 -0.103462253054104 0.936591786215587 0.333707793144014 0.0270277076611581
1464104857.4216  -6.97418959957958 -0.690323082464871  0.123011158839796 -0.105922441482124 0.937176544805423 0.332374225182188 0.00281685845837907
1464104857.52275   -6.9611368022549 -0.679925622611464  0.106237980309618 -0.110654292287552 0.936332871076787 0.332817707860814 -0.0163937632566601
1464104857.62247  -6.94671081085978 -0.668563503314148 0.0886675063696993 -0.115640849631298 0.935645411716823 0.331492939821492 -0.0361564417263827
1464104857.72181  -6.93106754914612 -0.658065412051912 0.0704314502861968 -0.117362755655416 0.935009441237891 0.329685846926347 -0.057363496384295
1464104857.82388  -6.91366847646378 -0.647726984015765 0.0510830728642246 -0.118929842841925 0.93462326342614 0.326975180340429 -0.0736361282633149
1464104857.92167  -6.89828977526836 -0.638948919006753 0.0311324708431695 -0.119485491796617 0.932739681725633 0.32651292530695 -0.0954421971246647
1464104858.02157  -6.88585648076719 -0.633396936929212 0.0103314133250269 -0.120987073219364 0.933336949428073 0.318916202284614 -0.111967508083682
1464104858.12168     -6.8770301483666   -0.627873325744424 -0.00819826723581831 -0.120467134619102 0.933187159137475 0.313194869531216 -0.128679326999005
1464104858.25501    -6.8689051509031  -0.618294762828452 -0.0324003099421454 -0.124677125739934 0.931625081696736 0.310744356533021 -0.141309116314758
1464104858.38829   -6.86430886067456  -0.608415266189123 -0.0564963865286861 -0.124140932369665 0.928818130141927 0.310640005072899 -0.159338310767857
1464104858.52167  -6.85940070585198 -0.595712349088433 -0.085311575504741 -0.121923958830889 0.926728083159387 0.311769682413129 -0.170614399376926
1464104858.65753  -6.85085815289197 -0.579289793849372  -0.11962030059297 -0.119551907848101 0.926076932063006 0.312419437949539 -0.174593676924294
1464104858.78831  -6.84286074930635  -0.56333833966208 -0.158507087577384 -0.11960590578686 0.9272667399142 0.304087116128178 -0.18276171960956
1464104858.92163  -6.83946848363257 -0.548843793473441 -0.193831454425787 -0.125508019078685 0.923185711233479 0.307355634278614 -0.193670838792191
1464104859.08819  -6.84041973544968 -0.534943392215881 -0.235045487049362 -0.130916361172049 0.920803686042669 0.303118630517482 -0.207606777300044
1464104859.22171  -6.84375042202693  -0.52425862658725 -0.266521910313616 -0.137409931022067 0.916470627988119 0.299752767191689 -0.226601803727375
1464104859.35512  -6.85043487124506 -0.508091528804318 -0.298332251844941 -0.13647024076884 0.909527036666025 0.301998446823837 -0.250865264781722
1464104859.49029  -6.85871375620666 -0.491257272827344 -0.333562751313321 -0.14318621786044 0.900476343244583 0.300991107234455 -0.27936430630534
1464104859.58816  -6.86716219955194 -0.479381468288462 -0.360870474605605 -0.14091266881655 0.891052913246689 0.297604026586446 -0.312410257387811
1464104859.72141  -6.87572241390625 -0.467654024510509 -0.402697887465652 -0.145134197722941 0.882459447832632 0.287721041320202 -0.342663085207413
1464104859.85463  -6.88597223541071 -0.456905791640373 -0.436568992759537 -0.150207609229114 0.87049685453817 0.285926553283826 -0.37137434819338
1464104860.05461  -6.90563364084597 -0.440820541946611 -0.473053241599106 -0.155456463759147 0.852108994466043 0.291554115610241 -0.405881444631681
1464104860.25542  -6.93281946582984 -0.433412577035496 -0.505126113211664 -0.167553443864678 0.836903679468248 0.274173463067925 -0.443110580883525
1464104860.42135  -6.96627307440221 -0.426970855747136  -0.53013555888552 -0.167747897706575 0.819722242815935 0.257899088826691 -0.483119185533136
1464104860.55558  -7.00078360288774  -0.42230507234107 -0.553169848889478 0.171466218205648 -0.803322339721309 -0.244692332002395 0.515168144568514
1464104860.68802  -7.03853607539722 -0.414928051947456  -0.57602033881858 0.171003834923501 -0.788378786716424 -0.234189291918974 0.54256055205616
1464104860.82335  -7.07689430826288 -0.412193559194236 -0.601000629118086 0.173454308011569 -0.774124963390504 -0.226850690248047 0.564962749587849
1464104861.08799  -7.13450419097158 -0.412422766488454 -0.648505248555046 0.185829950739269 -0.762498815784721 -0.211698450352872 0.582448754358125
1464104861.35467  -7.19264740360177 -0.403348663604865  -0.69092406976085 0.193420724043771 -0.751703232509653 -0.199992814268409 0.597941090732126
1464104861.58794  -7.24934850044193 -0.386337073758901   -0.7364065561578 0.20098983481694 -0.750227829394212 -0.19461500490073 0.599071189567815
1464104861.78797  -7.29944953372241 -0.377077175992718 -0.785906086825636 0.211590532808505 -0.749871973623187 -0.185031646889088 0.598902963133254
1464104862.05443  -7.34962865668427 -0.360219897997077 -0.843838909914277 0.203338511507944 -0.753467976428871 -0.187184588056969 0.596574713030865
1464104862.32348  -7.39483313690728 -0.335106907018237 -0.903462458235183 0.195730525234337 -0.759988017506908 -0.185859506596175 0.591239391909264
1464104862.52109  -7.42809225549011 -0.316624592993046 -0.958246353928667 0.195332950896405 -0.770652608437554 -0.175841695641317 0.580533628204674
1464104862.68778  -7.44703070564285 -0.299586671910538  -1.01153805014729 0.199637659345166 -0.780392447957291 -0.17973888439045 0.564647115976419
1464104862.85447  -7.45534998199335 -0.282329160492465  -1.06170579582527 0.202640873256303 -0.791354401656786 -0.185498627324935 0.546154874302993
1464104863.02096  -7.45688136090479 -0.260689364099708  -1.11283386899421 0.211087109842352 -0.797254483338399 -0.181560115206953 0.535596345601109
1464104863.15853  -7.44972903520167 -0.242335023718695  -1.15672482975407 0.210266585774385 -0.804795631808162 -0.176316526923379 0.526312109173788
1464104863.28763   -7.4351925589029 -0.223777902699493  -1.20847232825317 0.203834432317727 -0.808318860450525 -0.164919727621333 0.527137199866392
1464104863.42106  -7.41408122694718 -0.204915202526294  -1.25448742892683 0.194573424085499 -0.812491879466239 -0.1718435336563 0.52198460550248
1464104863.55439  -7.38871316023815 -0.188723927636915  -1.29821820958849 0.187937050469211 -0.82202082792528 -0.169355171342397 0.510176684549145
1464104863.68766  -7.36202424151262 -0.171643001425677  -1.33972727124666 -0.189516469656379 0.834403079659808 0.171022529822005 -0.488473441116804
1464104863.85445  -7.32930133544706 -0.146194804908256  -1.39110411054453 -0.18121138743813 0.846380966394705 0.179479044496437 -0.467534988395691
1464104863.99292  -7.30073097531812 -0.125513131253385  -1.43783110493585 -0.179167743884731 0.856638948136226 0.174963833377927 -0.451061291951568
1464104864.0877  -7.27726811704126 -0.111155488954876   -1.4740810767955 -0.175699789468632 0.863773639978367 0.171479579261668 -0.440022086667751
1464104864.22103   -7.24439918323459 -0.0938165620404697   -1.51942133769089 -0.171635694056847 0.870762140340172 0.177429305218477 -0.425245017755077
1464104864.35516   -7.21142572326409 -0.0804424526315441   -1.55663087398426 -0.167032648367594 0.878663067081407 0.180803307283023 -0.409098365924288
1464104864.48761   -7.18031645500055 -0.0654701144034961   -1.58832296297482 -0.167618996314442 0.884606707547997 0.187057458410379 -0.392917742394869
1464104864.65425    -7.1390987715972 -0.0444271525400138   -1.62100568087591 -0.17481311641132 0.890535672685541 0.187421318550023 -0.375845499318595
1464104864.85424    -7.0842176001287 -0.0224740515547556   -1.65438252792029 -0.176098656027069 0.894553310722894 0.188464881817786 -0.365026883861418
1464104865.05403    -7.02454932056668 -0.00407520628478833    -1.68126377853364 -0.16722206209186 0.898334029691751 0.193987696718764 -0.356933504408419
1464104865.25426  -6.97144868199664 0.0127481715061926  -1.70623893116612 -0.171733053074277 0.904281808347311 0.196657132741552 -0.337798966422007
1464104865.42074  -6.93076431223498 0.0286550355877905   -1.7227459352582 -0.182231710675979 0.912952826381692 0.194640391060343 -0.308907524339669
1464104865.58916  -6.88979838445171 0.0476035603331863  -1.73694921590846 -0.178275882629638 0.920836413225826 0.201537964193433 -0.282241844415007
1464104865.75414  -6.84513522879951 0.0587033912491125  -1.75286263488932 -0.172640399263669 0.930504963103798 0.204298580811127 -0.250235681028585
1464104865.92156  -6.80489069584616 0.0666197875431847  -1.76142991488713 -0.169778457056968 0.937233628770033 0.212970592286353 -0.2177428011281
1464104866.12106  -6.75739179552866 0.0740330862517949  -1.75994576068961 -0.167207527372363 0.941799392580115 0.218561128098847 -0.193097333513199
1464104866.35415  -6.69180802132132 0.0808602013266618  -1.74840036024656 -0.171129794190388 0.945867150369141 0.21035698960938 -0.178325164560125
1464104866.55403  -6.61811651838851 0.0815782888132785   -1.7258120977447 -0.162989226202679 0.946247957850587 0.219530312455882 -0.172788183387837
1464104866.72066  -6.55661056469243 0.0841317807555469  -1.70543719153071 -0.169187826038429 0.946172071973946 0.228697989774337 -0.154373311197553
1464104866.92059  -6.49493622604148 0.0870547934200577  -1.68600491270593 -0.166018600085617 0.950140075452284 0.230366171512203 -0.128852972289932
1464104867.08728  -6.45173070163951 0.0914102373085477  -1.67400572657038 -0.167893823097042 0.954521140293534 0.226106114468016 -0.0978625663814659
1464104867.28712  -6.40092207376516 0.0958536205695235  -1.66674366230083 -0.158954329068582 0.959576376620332 0.221208032894205 -0.0708075199793638
1464104867.45387 -6.35779541503975 0.102755168812341 -1.66503222420803 -0.164014670305812 0.961351206048815 0.216291077270763 -0.0460566655981254
1464104867.62045 -6.30691001077836 0.114446964869767 -1.67090972336853 -0.166801351026083 0.959408942228338 0.224591182242013 -0.0356453605299589
1464104867.78716 -6.24671775207736 0.121992538998914 -1.68547195197978 -0.164389560553776 0.960260867228423 0.222539995938481 -0.0367571688022133
1464104867.92045 -6.19697971105557 0.121933717932291 -1.69627979716946 -0.160277211614372 0.961771161766895 0.220392367246428 -0.0271044699301347
1464104868.0872 -6.13700938803701 0.120302359858642 -1.70021121823453 -0.15306565733032 0.962720390352202 0.222975582568908 -0.00471636769101687
1464104868.22092 -6.08507326380025 0.122226848539221 -1.70150756209668 -0.154095598840986 0.963413343055248 0.219105343073996 0.00906231081872513
1464104868.38717 -6.01777364844596  0.13070191870628 -1.69777302282598 -0.156068256967806 0.962701393902705 0.220207006457256 0.0189103054431875
1464104868.55388 -5.94590112027973 0.135773783356184  -1.6909082532819 -0.159217319988559 0.961816197256857 0.221653295012189 0.0207186997724146
1464104868.72032 -5.88012982018901 0.139772039115781 -1.68252507598556 -0.152025618917182 0.959882114861448 0.234619347257463 0.0216402092051667
1464104868.8538 -5.82550825232453 0.141804369968762 -1.67435705438537 -0.152978918976089 0.958772452541861 0.235214436596212 0.0450222546358792
1464104868.9898 -5.77071910951214 0.145348037622976 -1.66581175090127 -0.152422693676817 0.959054664668902 0.228821420564575 0.0679869849304532
1464104869.12026 -5.71907646970068 0.150166882556679  -1.6582860563485 -0.150426271069444 0.959630671315942 0.221913972760055 0.0850593929892842
1464104869.25405 -5.66662095244884 0.157763866125127 -1.65694359190861 -0.142647250072051 0.959965602250039 0.223447236592504 0.090493850635143
1464104869.38705 -5.60917128761699 0.158971339180075 -1.66033352774837 -0.137401321574266 0.963580723471997 0.213451135519655 0.0840932751663147
1464104869.52041 -5.55588517951015 0.158040642529448  -1.6568145402598 -0.134116963843862 0.960172978409737 0.21987988519922 0.108320485716491
1464104869.65609 -5.50352225051371 0.158461496247124 -1.64682829232926 -0.136897470259835 0.95681180061722 0.222298658894644 0.127881066189383
1464104869.787   -5.450814841693 0.158567457317127 -1.63636088924068 -0.136851964444056 0.95837563798406 0.210127689679178 0.136506521370008
1464104869.88695 -5.40900303687685 0.157551278393746 -1.62923880871442 -0.13570870726348 0.962049040613128 0.188161872028572 0.143665932436808
1464104870.02013 -5.35299840320641 0.154451527897285 -1.61756901503589 -0.13376394740572 0.96383874969666 0.17641157049667 0.148327437625398
1464104870.15605  -5.2934968333386 0.151888823134308  -1.6024583888708 -0.125689050585313 0.961982509563791 0.188280043777687 0.152782652717467
1464104870.28692  -5.2424592719734 0.147622408592561 -1.59052595180705 -0.113296413474217 0.961001087266102 0.196215846300704 0.158556534484543
1464104870.4201 -5.18581960317366 0.143242795152521 -1.57972318850761 -0.107286142370827 0.959137428394286 0.194499133402949 0.175257422706953
1464104870.55354 -5.12766302752253 0.146247160572906 -1.57006605399619 -0.104915474646574 0.954293638359791 0.197878534925981 0.19789007145702
1464104870.68682 -5.06696907425403 0.154441340413577 -1.56533865009968 -0.103294818395152 0.948625829253976 0.20692086072235 0.215923537306244
1464104870.82199 -5.00418629748853 0.159151145659445 -1.56713885369737 -0.100560974909886 0.946599931333657 0.20537536451866 0.227281807395834
1464104870.95352 -4.94098928703057 0.161328776616609 -1.57059544384306 -0.0976265020740764 0.94294825750508 0.215364879262429 0.234383486067585
1464104871.08674 -4.88425901734277  0.16106081261051 -1.57198608580943 -0.0971401456542912 0.939356637524039 0.220518508037919 0.244017391295219
1464104871.22004 -4.82511889710508 0.165257281558108 -1.57001330062689 -0.103165944691504 0.935284073099954 0.221575814653646 0.255938759905653
1464104871.38969 -4.75358151014639 0.174505638322605 -1.56554533463527 -0.103415696729617 0.934091008588787 0.218068587100476 0.263106960499933
1464104871.52059  -4.6912107178637 0.182240147457435 -1.56096645062152 -0.105517484734319 0.934542238784398 0.221473105769712 0.257772240095605
1464104871.65519 -4.62984795194328 0.189506730360403 -1.55612475090187 -0.111199278636008 0.930842557093958 0.24108283372366 0.251089469347847
1464104871.78676 -4.57341655219809 0.188352014417085 -1.55558242149825 -0.101725378937393 0.932512721461741 0.248864610247894 0.241119010777302
1464104871.92015 -4.51713762297511 0.190972981754309 -1.55436737802656 -0.105869332641971 0.932050776782561 0.246828283107722 0.243205330046572
1464104872.05334 -4.45812309181651 0.200638844378904 -1.55213270223479 -0.105936706459473 0.929464729944743 0.244746056088602 0.254896249565073
1464104872.18657 -4.39647811700264 0.215004198317491 -1.55239518506051 -0.110512267309934 0.928612203508682 0.242037179665981 0.258620219488163
1464104872.32291 -4.33257213309085 0.226500749055774 -1.55497427283822 -0.113608356574561 0.925548932037157 0.25091407798397 0.259796922981699
1464104872.4534 -4.26573396249472 0.229652712580432   -1.557789057389 -0.110191385991684 0.922080962146974 0.253178666086088 0.271155159895976
1464104872.58673 -4.20539936992128 0.231688617020234 -1.55603517279693 -0.115434484095015 0.918367860506198 0.255077823152262 0.279661682764889
1464104872.71996 -4.14468632571137 0.238544883582376 -1.55334137982769 -0.122177406819544 0.915471373050326 0.25420293809563 0.286994272855315
1464104872.85327 -4.08262307977268 0.245064561962686 -1.55116479403527 -0.132807632336169 0.918417858270931 0.240617505799028 0.284559284342213
1464104873.01992 -4.00480475020727 0.253212539525259 -1.54917412902565 -0.126326279398536 0.922959597467237 0.243197527153995 0.270263233464377
1464104873.18663 -3.92885598758398 0.261944622622174 -1.54680470493088 -0.122827823420269 0.921999958859504 0.259245281661569 0.260040930611177
1464104873.35318 -3.86550474482522 0.269740442730157 -1.54536350079338 -0.129674106054233 0.918024124030507 0.270657545146767 0.259154060690128
1464104873.51992  -3.8066272614837 0.286833253930286 -1.54357617105114 -0.141673938523231 0.914076728204971 0.274700178178915 0.262549123414808
1464104873.65486 -3.76157983569611 0.305088115800067 -1.54306424009564 -0.149497277477343 0.909565646978288 0.290900794331019 0.256354492298093
1464104873.78655 -3.70787970404735 0.321074718924663 -1.54849837906352 -0.14683056811184 0.910724670150693 0.300907517919769 0.241818165376858
1464104873.88766  -3.6677420276014 0.331821697526012 -1.55341793206888 -0.146670108163841 0.908093259686551 0.316482151160693 0.231718706797192
1464104874.01988 -3.61760574302998 0.343083425222455  -1.5611207113725 -0.141326164373516 0.913152270722021 0.310941359491229 0.222475429421841
1464104874.18655  -3.5660846128842 0.362921068198604 -1.56318110312004 -0.1522433577434 0.906047056035718 0.33554042457985 0.208118513700241
1464104874.35304 -3.51088414464535 0.381177547168889 -1.56840254587045 -0.170367152044735 0.907081335296217 0.328556251911934 0.200572365970439
1464104874.48647 -3.46553347066242 0.396877828119986 -1.57463729092748 -0.174597532885776 0.909651616631844 0.325837826769863 0.189418448191209
1464104874.65552 -3.40925432969746 0.414733989774139 -1.57969367865255 -0.179794522062432 0.904681666403117 0.33931213171105 0.18464097482445
1464104874.78745 -3.36639984763381 0.425162678827953 -1.58633265469576 -0.181486270958254 0.902627248061495 0.341520401320911 0.188919559580798
1464104874.91968 -3.32628453784477 0.439843505899898 -1.59763529184285 -0.191793623935951 0.898158200808694 0.337988670631903 0.205647053618777
1464104875.05294 -3.28548673796564 0.458967193450638 -1.61177009644889 -0.203728548306315 0.892998901993201 0.334956485543092 0.221024415928556
1464104875.18638 -3.24229744806632 0.482584568896731 -1.62983791135352 -0.215684682169655 0.883632819157617 0.33395787769985 0.247275746297831
1464104875.32188 -3.19671366855484 0.506218551723943 -1.65494703221182 -0.217551269451666 0.87613639478106 0.328864579671421 0.277316698266718
1464104875.45331 -3.15647145705427 0.525104222575545 -1.67827494586879 -0.224599802401966 0.86419860475604 0.332854373064295 0.303189159817243
1464104875.61949 -3.11139092046426 0.544024335980984 -1.69969472637565 -0.233274737393293 0.850187496847502 0.33066012982274 0.336790729747536
1464104875.78627 -3.06997703847785 0.570197424883664 -1.71302601381351 -0.246492574454078 0.830189027061749 0.33159420146839 0.374263110174925
1464104875.95318 -3.02874651974771 0.596807320860333 -1.72709549420244 -0.250827063555225 0.816953964191069 0.332892096138757 0.398566000693868
1464104876.1197 -2.98778127195247 0.617865198544414 -1.73831811587763 -0.254595392470478 0.806721398447111 0.325055306596635 0.422753851636752
1464104876.28639  -2.9586466747519 0.631989361920912  -1.7359304047621 -0.261233672132965 0.782450607859333 0.330380887917846 0.4586681629491
1464104876.45281 -2.93563638344826 0.638960777617648 -1.73030295184728 -0.266060974605067 0.762601736965761 0.324499561105734 0.492290750889343
1464104876.65559 -2.91254943977667 0.646200403838527 -1.72364385543812 -0.267248717925584 0.740688174949272 0.320190193561895 0.526723257702034
1464104876.85331 -2.88416620501909 0.652684091461903 -1.71620878968125 -0.261241653308925 0.729688834094238 0.298530037023376 0.556944181197211
1464104877.05281 -2.86212673252101 0.652191585903144 -1.69660954672865 -0.260520755718985 0.717519624167704 0.287751301276295 0.578354314748013
1464104877.21943 -2.85448926661801 0.645730782799779 -1.67434663871578 -0.261927992188037 0.702845487382893 0.279988439699386 0.599173114724409
1464104877.38613 -2.84954870109747 0.635969046425862 -1.63879205792973 -0.260836563776983 0.692676245576497 0.27178216888848 0.615059638153357
1464104877.51961 -2.84671317900606 0.623291058104176 -1.60401514742277 -0.259850550770348 0.68946248411108 0.266144063003516 0.621519518595921
1464104877.65589 -2.84345524719424 0.607571699717779 -1.56797761885511 -0.256311648958943 0.687805368452038 0.258562566754291 0.627991650270875
1464104877.78592 -2.84453953718931 0.594340530334929 -1.52770184020908 -0.255506522922457 0.682262983804703 0.261800153975548 0.633004199869447
1464104877.91941  -2.8496693229156 0.580166519765466 -1.49285655049156 -0.255721784619537 0.677258393181207 0.25755059559499 0.639996194086554
1464104878.053 -2.85294081370008 0.567679857689213 -1.45699678433635 -0.257944116723288 0.666477917826731 0.247652735469595 0.654171338650369
1464104878.18599 -2.85170636181544 0.557961599173559 -1.42296330972621 -0.260226086089705 0.657191430787447 0.232769341653001 0.667982216083939
1464104878.32155 -2.84930963032572 0.547340706182876 -1.39318602004528 -0.256472608923217 0.648797062152824 0.221180205357011 0.681442213083555
1464104878.4526 -2.83971027523687  0.53618914068624 -1.36243638744583 -0.24892497130311 0.637340139564066 0.212682551488813 0.697567227910264
1464104878.58624 -2.82807737761687 0.523549467310003 -1.33212230615505 -0.244567237120019 0.625855850645468 0.208373003624504 0.710684185908777
1464104878.71926 -2.81829877175558 0.510441456610467 -1.30196826119935 -0.246073460095993 0.612654010180078 0.207163664122912 0.721932221412664
1464104878.889 -2.81200534285242 0.494387044651667 -1.26931639811259 -0.244398229742001 0.603934680539704 0.204310752618314 0.730609008502441
1464104879.01932 -2.80985005993966 0.482714963647331 -1.24023462126458 -0.246475121739416 0.595584609767483 0.192870154935891 0.73981760610752
1464104879.15477 -2.81057957298088 0.472283116859336 -1.20626793969002 -0.249230566013352 0.588212277893049 0.189628298919829 0.745608174143301
1464104879.28592 -2.81362167544995 0.459995804576029 -1.16782532490184 -0.254976351676092 0.585993750251678 0.190227962706508 0.7452594896789
1464104879.41971 -2.81848574753443 0.444067237788514 -1.12651481990544 -0.252228105512351 0.583289039981122 0.199930556783311 0.74577654233146
1464104879.51911  -2.8226173831009 0.430255674671489 -1.09385475150625 -0.247722919258791 0.578799303412808 0.217536040516192 0.745857085988521
1464104879.65497 -2.82761455203075 0.414443363234602 -1.05654326801883 -0.243214794003976 0.570161528878516 0.230532239884605 0.750078183483764
1464104879.78608 -2.83068478093266 0.402799381060953 -1.02305593636261 -0.23975173584498 0.562935387154937 0.236338212317445 0.754829188920668
1464104879.91917  -2.82934127059154  0.394943201943206 -0.991715133482864 -0.24308778886607 0.553366314507947 0.230165996119624 0.762704177976205
1464104880.05247   -2.8240625445411  0.389230768948528 -0.963857967870554 -0.242723499475567 0.546222609266641 0.230855882520267 0.76774457043607
1464104880.18573   -2.8140226289783  0.381004293203986 -0.931082557998217 -0.238210711636227 0.541999700733637 0.24147643585025 0.76888302894229
1464104880.31922  -2.80071125993977  0.369199258230191 -0.898052210321049 -0.235479759335186 0.540309867972665 0.25132578190368 0.767756394219747
1464104880.4524  -2.79196843455837  0.355129230654847 -0.867038725810932 -0.234006926314353 0.533014786360677 0.254747673281241 0.772165538544414
1464104880.58584   -2.7897719551693  0.343055473912557 -0.838743826178499 -0.236633496368389 0.529045383151428 0.270927314355863 0.768579183492859
1464104880.72077  -2.79221522391099  0.334044632194487 -0.809887953028408 -0.244568131233023 0.5239428564815 0.292229386870298 0.76175606185747
1464104880.81898   -2.7927767145971  0.327874434185107 -0.787803927451671 -0.251559157195925 0.528183586432229 0.307361853173126 0.750512345447059
1464104880.91902  -2.78904615635342  0.321818152197903 -0.762601337554199 -0.251636815627883 0.540528293480131 0.31852458652852 0.736919374657059
1464104881.01902  -2.78655133493845  0.313130629501985 -0.738558695636449 -0.244513168404714 0.556834718889731 0.326913687578856 0.723378080390384
1464104881.11892  -2.78232428405492  0.303860146424799 -0.712078788138969 -0.241073114326054 0.568848990470494 0.340448299154868 0.7087944237876
1464104881.21887  -2.77683112417817  0.293295167089253 -0.686789992385917 -0.239823222548491 0.582210252488804 0.353935450049268 0.691553136802807
1464104881.32087  -2.76893914323739  0.282532098144935 -0.662867909563422 -0.238829192262488 0.594216227024519 0.365304330672815 0.675588956730111
1464104881.42065  -2.76122793179247  0.272103041224308 -0.641818052800474 -0.231770838987448 0.60466558120385 0.379489286835293 0.660794744440137
1464104881.51899  -2.75089992738535  0.263325963144097 -0.623831776618387 -0.226871134602925 0.615569519608328 0.384585117404699 0.649382739441054
1464104881.619  -2.73850629729012   0.25813780377271 -0.606288975587334 -0.220484692850653 0.626372053562807 0.394674846296474 0.635040405356163
1464104881.71894  -2.72486313821747  0.254419554608116 -0.589385209786538 -0.211798548345835 0.635146192314485 0.408333141661885 0.620479439407579
1464104881.82118  -2.70848310586401  0.250464082457527 -0.573403786278128 -0.202877482870819 0.648928752841936 0.412533097087563 0.606257902617651
1464104881.91893  -2.69042511759886  0.245148384378291 -0.556618289406891 -0.195876736780161 0.65920279151272 0.421803041034465 0.590902850072894
1464104881.98776  -2.67623654442463  0.240420643860948 -0.544896013993231 -0.189446489008747 0.668882830773293 0.426716572199639 0.57846240457713
1464104882.05351  -2.66256451180916  0.234666748026382 -0.534144651308816 -0.187686799303411 0.674747554843083 0.426860632460738 0.572083388201179
1464104882.15606  -2.64213297722647  0.225856766495986 -0.518114281417755 -0.185665336145815 0.679742034631275 0.432016650634944 0.56288610116378
1464104882.25223  -2.62068746651337  0.217075821843969 -0.503690756980585 -0.178173308287345 0.686496286585376 0.432582022125093 0.556641639524567
1464104882.35219  -2.59991380997723  0.211083948415158 -0.490383234345366 -0.176487859807519 0.693647007815373 0.434980308248456 0.546349700581432
1464104882.45276  -2.57920137985863  0.205904273531415 -0.475511654774471 -0.173784184500047 0.699842169576561 0.436640502850005 0.53792663642073
1464104882.55218  -2.55617177618917  0.202766531256869 -0.460479246842958 -0.170337716326163 0.712658259258346 0.437526315702418 0.521223551823515
1464104882.65421  -2.53224479059471  0.199799547034401 -0.441551652265418 -0.169596943775552 0.721634425828153 0.441383788623263 0.505629294307835
1464104882.71916  -2.51677272642689  0.196196484697651 -0.428579947979089 -0.166426718487215 0.732686601200013 0.440697033863238 0.491180838530672
1464104882.82343  -2.49218518406406  0.191069161253596 -0.411397213496689 -0.164503954781233 0.744493663591678 0.444816706931861 0.469899703093618
1464104882.91957  -2.46844570857063  0.184030892331879 -0.396285825934383 -0.161157439011887 0.757764056716098 0.447491634175265 0.446736109513707
1464104883.0186  -2.44301069640243   0.17766540059541 -0.382050939464089 -0.151284466315684 0.767641571259915 0.454628732000061 0.425619718017393
1464104883.12057  -2.41867325230224  0.172261686116274 -0.370293158700585 -0.147264894543111 0.776865904510573 0.456660533617296 0.407742043797967
1464104883.25264  -2.38458926316909  0.171834427325328 -0.357812355197777 -0.145954227194124 0.786562321294756 0.45749626830433 0.388219323026539
1464104883.35211  -2.35687826427924  0.172996274388546 -0.350782348701268 -0.141200998799589 0.798328268658968 0.453596325292388 0.370114343249779
1464104883.45207  -2.32453432381573  0.174161587810452 -0.344260886496385 -0.128687579519649 0.808792311923899 0.453779163369434 0.351253432640744
1464104883.55211  -2.28644460661298  0.173759890322476 -0.335740874937863 -0.117890612099745 0.81351120095383 0.456832991917265 0.340007274918235
1464104883.65433  -2.24976876851603  0.171876258490795 -0.329969742359525 -0.11260723554536 0.817316687352739 0.462685192749477 0.324400147176226
1464104883.75198  -2.21547376412456  0.167868982821566 -0.325218603272588 -0.110532327555597 0.821680989941385 0.468575828949266 0.3050567944803
1464104883.8857  -2.17168112098007  0.161716119738784 -0.318933447785045 -0.106208602638773 0.827923692207554 0.467242401997982 0.291456052231012
1464104884.01914  -2.12734938222481  0.162044056198594 -0.313991067576057 -0.107153527013341 0.830306622263994 0.472280628256493 0.27578985269007
1464104884.11864  -2.09481518268518  0.166546952266431 -0.311162317066166 -0.106756488659714 0.836085078066833 0.47462122278847 0.25357343954327
1464104884.21865  -2.05935954327599  0.173117791904905 -0.309204349236814 -0.108138636862119 0.840453203749119 0.478366812241594 0.230455289527623
1464104884.32089   -2.0220852571121  0.177938125554217 -0.311046793113412 -0.104631045304358 0.851364873478837 0.47361572614487 0.199795746984634
1464104884.41855  -1.98756492382888   0.18134874701413 -0.313418759421266 -0.102027536737351 0.855558735112742 0.480538100230461 0.163379211488159
1464104884.5186  -1.95632137802475  0.183563038511103 -0.318476730875308 -0.090105764020906 0.858559276573167 0.490534050879581 0.118883408548201
1464104884.61855  -1.92717810932199  0.185956096377969 -0.325538173585629 -0.0820589272156522 0.861053129863233 0.494432958816342 0.0859644650600691
1464104884.71853  -1.90107350501433  0.191654869997218 -0.332739436816229 -0.077893421879327 0.863470515965281 0.495077608821317 0.0570038957471154
1464104884.85201  -1.86639665011448  0.204898001636073 -0.350661575328614 -0.0720220949219185 0.866447256601042 0.493558956683038 0.0219436927051284
1464104884.95195  -1.84219327771945  0.217809260862864 -0.365289672993599 -0.0653239272733862 0.867664559286859 0.49279800767479 -0.00641254355772301
1464104885.05195  -1.81641622715268  0.230314082165802 -0.382729745762677 -0.0560988823289541 0.868544311416824 0.491204810998778 -0.0346630662026805
1464104885.1519  -1.79054060576287  0.239789409670325 -0.399727899158254 -0.0497131031086136 0.868045136568552 0.491028977966685 -0.0540073240957992
1464104885.2519  -1.76553031862917  0.247911635582318 -0.419963749743487 -0.0454983009098662 0.865473962987662 0.492498776542946 -0.0795592804671379
1464104885.35411  -1.74386825649894  0.252932516358127 -0.441045709035565 -0.0378760165181417 0.865709334889493 0.489165879062949 -0.0991438228962424
1464104885.45211   -1.7244244211088  0.256229821947575 -0.462897835010398 -0.0325630909601114 0.867223683732457 0.483767921401252 -0.113275441750375
1464104885.58514  -1.70190550877727  0.262580772446303 -0.491247452864043 -0.0257455239425282 0.865649535551633 0.481443328038077 -0.134908752435813
1464104885.71861  -1.68072590567884  0.271297363698026 -0.519740938811504 -0.0218023854836576 0.865351872903986 0.475538932563844 -0.156695614695581
1464104885.82238  -1.66169839700955  0.278831034073184 -0.542721821964782 -0.0137305937875256 0.863886291621687 0.470193697072998 -0.180082850863702
1464104885.91847  -1.64452820532728  0.286304801166943 -0.568003680144179 -0.00457786116983796 0.862693797437017 0.462677961887389 -0.204126330086396
1464104886.01836  -1.62471916253207  0.291214879858933 -0.593064075433084 -0.0123794088421466 0.864932447244479 0.453485920663176 -0.214683794685737
1464104886.15394  -1.60051840916994  0.293457315421898 -0.621119124208652 -0.00658946863478442 0.865447839258136 0.441546069665523 -0.236629847630143
1464104886.28505   -1.5734962241399  0.293771639329249 -0.646770571686601 -0.00287429863934168 0.870554835236392 0.430870147748108 -0.237648759797719
1464104886.38588   -1.5498625463237  0.293281652709749 -0.667169316972279 -0.0193645358967526 0.880929508280778 0.415653756402568 -0.225433296072531
1464104886.51845  -1.51757151761031  0.291033774584354 -0.690700479424119 -0.0279376229953337 0.891437830617245 0.400058539358329 -0.210976890801509
1464104886.61864  -1.48952933558683  0.289269178319941 -0.709884359392515 -0.0312606217043661 0.901292842810251 0.383068488893704 -0.199881259367572
1464104886.75256 -1.45066974643748 0.286923060045127 -0.73364976682738 -0.0286112635175968 0.910021079949056 0.366261051551404 -0.192082981455258
1464104886.91844  -1.40378012057521  0.277817803971732 -0.757754244175555 -0.025186260151028 0.916599833896291 0.35600598611747 -0.180194713156143
1464104887.05158   -1.3675238232087  0.265831866960341 -0.770131604900529 -0.0166495981074377 0.922515908011979 0.342382435625211 -0.177373780821867
1464104887.18511   -1.3297155780908  0.253720066763888 -0.778223489977816 -0.020277479074742 0.932379044433689 0.32443397644094 -0.158116211294146
1464104887.32037 -1.29010046070872 0.244964971492723  -0.7797514608264 -0.0380971274619288 0.938830246845187 0.312625465909929 -0.13932585744346
1464104887.48825   -1.2313286430524  0.232124954830989 -0.773669325871042 -0.0578715145470362 0.944100547053705 0.298998398660885 -0.126194304368907
1464104887.65348  -1.17197575695831  0.214705700845383 -0.762049500344346 -0.0609524133516919 0.949677735903367 0.287545213442618 -0.108234705442842
1464104887.85151 -1.10778345690689 0.195657785242967 -0.73931767323552 -0.073936972464266 0.951685355805409 0.282669241975884 -0.0944796660087738
1464104888.05284  -1.05182075905456  0.193639794410368 -0.712500265867824 -0.0862468977725272 0.952950756822741 0.28265587307049 -0.0674684008580201
1464104888.28495 -0.992820702320093  0.189890616014981 -0.670890683041679 -0.0946730481876763 0.953351221444792 0.284111947454028 -0.0379323586197397
1464104888.51823 -0.936460750945261  0.180873820790602  -0.61633017997589 -0.0856467402858137 0.951551708315987 0.294887312439653 -0.0159829672295277
1464104888.6849 -0.900222285811055  0.191827919474477 -0.577134752104487 -0.0777775054405488 0.940779417396616 0.329955590730864 -0.00374907932369039
1464104888.88508 -0.863973977976314  0.208573772713372 -0.535947929613675 -0.0852084294120928 0.929336767886825 0.359186046476801 0.00762098597034389
1464104889.08479 -0.825592738264188  0.229738173287968  -0.50954358951953 -0.105282706959691 0.920317094174967 0.375681487165535 0.0282031555978617
1464104889.2847 -0.784181013261712  0.259151336066506 -0.506920576115356 -0.128487621709648 0.907485758943484 0.398772769485473 0.0306725724231374
1464104889.45145 -0.754119834290567  0.282066120061853 -0.515516757665328 -0.134960932340881 0.898760383449801 0.416247627689467 0.0274450783518273
1464104889.61845  -0.73111003605708  0.301364216232671 -0.535770596157148 -0.14385431316385 0.895836227384025 0.419879368848787 0.0220160374649619
1464104889.7514 -0.712125922873374  0.320274063317202  -0.56254771163889 -0.148687685383561 0.897658825944885 0.414309454639524 0.0211726289069177
1464104889.85135 -0.700201224717963  0.336653354418457 -0.589085815451871 -0.153765703126069 0.897888436565582 0.411633577504672 0.0266507391016673
1464104889.91805 -0.691385908330446  0.347369811764138 -0.609025719781471 -0.154238207157609 0.898310071308529 0.410536199213065 0.0266387006845738
1464104889.98711 -0.681659336784733  0.356730404342816 -0.632299818272778 -0.1484789310876 0.901889578227956 0.405045775723559 0.0220706881493212
1464104890.05125 -0.670118881735992   0.36461661243188 -0.656826619662881 -0.146589770947078 0.905688937679518 0.396998831299787 0.0251180247080119
1464104890.15375 -0.651720703516637   0.37410378710857 -0.692838188710952 -0.129908967654855 0.910010085487492 0.392875466597327 0.025576789865609
1464104890.25115 -0.632342299759923  0.379085157405092  -0.72578793564756 -0.128920154722815 0.914143427130924 0.382400808905447 0.0386135946013116
1464104890.38458 -0.609607867010809  0.388789870542995 -0.763993272970953 -0.132629754023716 0.915257928645843 0.376127317175941 0.0569255098577003
1464104890.55138 -0.577919744548621  0.404170680317003 -0.807083759054232 -0.134265246041358 0.915223630335606 0.371152335801818 0.0811448939220528
1464104890.68461  -0.55069881851269  0.423007266231788 -0.845121810216962 -0.138251042651324 0.916648665409369 0.361904113843398 0.0983223565231714
1464104890.78454  -0.52672950671115  0.434626323998199 -0.876919902307338 -0.135112690782023 0.921362691057323 0.34873128960582 0.105933186335119
1464104890.88773 -0.501276358531335  0.442923872935322 -0.909575592860014 -0.131182981675381 0.924617566578105 0.336219380252411 0.121778114768722
1464104890.98694 -0.476889535016481  0.448353902186714 -0.942487395585001 -0.126976852191683 0.927160653491836 0.32657952665319 0.132649215584039
1464104891.08449 -0.452801261873889  0.451308229201888 -0.972371954921777 -0.11680115463611 0.931661821654505 0.313273680109957 0.142208796132466
1464104891.18454 -0.429537207052825  0.450132630098342  -1.00174875159007 -0.11312708082644 0.93314102103501 0.301598479172263 0.159651043862559
1464104891.28446 -0.406674824821462  0.452200478584388  -1.02867367202856 -0.106404664733068 0.934987738735532 0.288015057114595 0.177548029030276
1464104891.38451 -0.385029777197651  0.455845071616002  -1.05590811582614 -0.100421096231476 0.936868128205585 0.273975314116164 0.192694683474095
1464104891.51783 -0.351209493989824  0.463010634649883  -1.08946359518187 -0.0866116532497549 0.935786367852823 0.261788796623167 0.219701891718665
1464104891.65313 -0.321911528553065   0.46429514511617  -1.12621933301385 -0.0677790111914887 0.935542527365106 0.244976852818825 0.245260120517377
1464104891.81975 -0.281912667379757   0.46425251503135   -1.1620992390134 -0.0594396690669661 0.930133984914277 0.230867343673321 0.279316962381311
1464104891.98648 -0.237174302447054  0.466784003574752  -1.18703317003268 -0.0475921943238026 0.920647943236565 0.22794560745518 0.313341902233993
1464104892.15337 -0.187881360514509   0.47675021553855   -1.2068685080559 -0.0356165997005986 0.913967166211484 0.224112642075209 0.33640600555755
1464104892.38523 -0.10384121837882 0.495898583458468 -1.23953594027458 -0.0244252863210229 0.908137343947854 0.218393299272046 0.356362647802127
1464104892.61759 -0.0332080823686778   0.500021089377394   -1.26968318409139 -0.00745934235676384 0.900768097923342 0.213752869773532 0.377982675051051
1464104892.85102 0.0288202382147532  0.517848784759294  -1.30591649879007 -0.00201545361851336 0.886459600725306 0.215901627359213 0.409355348728079
1464104893.08417  0.08920788604828 0.539628284804855 -1.36421296326675 0.00962062664908695 0.876518169891715 0.203900077405058 0.435945065147858
1464104893.25103 0.126545393359069 0.555095992702842 -1.40630677478725 0.0186960548135826 0.85936255774941 0.194380658322715 0.472612538495148
1464104893.41763 0.160774384709456 0.566424699941865 -1.44243499411273 0.0189286026324055 0.84124349570611 0.189244052917158 0.50610056053124
1464104893.5841 0.192303887119763 0.579482861458592  -1.4765015971561 0.016997845400331 0.823639165228247 0.18708774177431 0.535096043371329
1464104893.75408 0.225144485323237 0.604852456713084 -1.51789255090863 0.0229214772622745 0.808836891025505 0.178953308880299 0.559672406714055
1464104893.88407 0.252774312514277 0.624530588398109 -1.55577284285828 0.0195798367820954 0.797713853112507 0.169955954381244 0.578259640744835
1464104894.01756 0.286890767958921 0.638812282345984 -1.59584287975808 0.0170818282119296 0.78583503958313 0.169120772717164 0.594617243227832
1464104894.18415 0.305845638180788 0.656340760461332 -1.64181135147272 0.0289283634005942 0.773331622432266 0.172804617298831 0.609311017278899
1464104894.35085 0.324394009988144 0.669777623278701 -1.68564988201428 0.0421919053790166 0.756663495992542 0.169756155589253 0.629970669628666
1464104894.48772 0.337824431504357 0.684933470573026 -1.71962118699769 0.049362938745351 0.740410841239097 0.159614027907547 0.651059481575351
1464104894.61747 0.332957129071797 0.705667805065133 -1.76406171012429 0.0505971387940707 0.716116931129585 0.150886699055873 0.679595228458397
1464104894.75079 0.334178455780693 0.718817614504276 -1.80513336675334 0.0558450921486434 0.694129397764043 0.14330637368004 0.703227550729714
1464104894.91881 0.340734266370218 0.735886544914388 -1.85351361918481 0.0684063090701653 0.676178758274773 0.1427565963571 0.719529997938876
1464104895.08407 0.353839323253594 0.756118200736313 -1.89425335917421 0.0833025916461017 0.655734928275139 0.132690278486196 0.738556478585285
1464104895.2509 0.374880054897418 0.778572515178676 -1.92915730490199 0.0960369813449276 0.632140666127697 0.123658496538205 0.758869984039227
1464104895.41721 0.394418359422873 0.795072735225394 -1.95955880960601 0.0988768876934382 0.602803995031904 0.106662924012883 0.784521335143065
1464104895.61732 0.418651002833967 0.805847062477756  -1.9862263812396 0.105931023194926 0.57251059412975 0.115601107258405 0.804764948251791
1464104895.8515 0.442775388094329  0.81954236431414 -2.01868653447611 0.113285094796499 0.538227540557435 0.122077617189577 0.826180765488859
1464104896.05053 0.472545504877642 0.828424422525973 -2.04081044446042 0.117018351690589 0.499359112901662 0.113747910448758 0.850886945838414
1464104896.21713 0.496906171577986 0.833994015487623 -2.05744226587672 0.11695771018244 0.463668348976277 0.10163470804 0.872354825921263
1464104896.4172   0.5280189136324 0.838212433772581 -2.06201336108749 0.10782403050323 0.428052417012114 0.095699554283389 0.892180868460026
1464104896.61767 0.556820886880891 0.834852138761124 -2.05252862335319 0.112178183044312 0.396226403222805 0.0883619246712308 0.906980078560931
1464104896.85051 0.597695576803628 0.828180666446589 -2.02031426114981 0.110473248618307 0.360036672046377 0.0780582011049436 0.923079722105164
1464104897.11739 0.642949858325361 0.809019795391965 -1.98286823230456 0.115838429155179 0.329581187928333 0.07366640835263 0.934093656532916
1464104897.45212 0.698201318826276 0.791414339958147 -1.93749011618571 0.113242950217374 0.294236630259755 0.0741839105776511 0.946095971374393
1464104897.71915 0.762215276318568 0.785537425767403 -1.89594311878614 0.104200474332093 0.246308600597469 0.0642941204835301 0.961426336487582
1464104898.05053 0.790821491849058 0.781405981734012 -1.84578572464367 0.0909642194483517 0.215709466968223 0.0419020247930979 0.971307961955772
1464104898.48644 0.782716776286997 0.803049510487499 -1.84340613104908 0.0707210339295863 0.172973460414716 0.0506020836545516 0.981080091777377
1464104898.78359 0.745801676593999  0.81486851164251 -1.84970905065504 0.0689425060752318 0.129504363879874 0.0394026998555813 0.988394140935804
1464104899.08361 0.703423371443803 0.822318564481145 -1.85327477031607 0.0672804717499533 0.0968110826574062 0.0251350832820549 0.992708003384786
1464104899.48645 0.630326916147828  0.82201272226989 -1.86095800574469 0.0737493252250528 0.0885461371866997 0.0278496692897062 0.99294763937411
1464104899.78347 0.551609305701315 0.818833057925056 -1.86517466658638 0.0840167729746508 0.0857740992338859 0.0314216977794954 0.992268442846086
1464104900.08346 0.477191234518876 0.807512444442623 -1.86333245300724 0.0895121485348997 0.0838440074842174 0.038779075154406 0.991692462915707
1464104900.35021 0.428633879915847 0.796579749660739 -1.83921009838313 0.090762533681023 0.0706067126555422 0.034073900604981 0.992781861188721
1464104900.58432 0.393170875899781 0.773820773072504 -1.79198255451193 0.0877031645505505 0.0715969495281296 0.0426239441851695 0.992655645794746
1464104900.78607 0.361733706640135 0.741604696221101 -1.74856998167889 0.0955068467841025 0.0733734036534963 0.0400944594488503 0.991910893263686
1464104900.98617 0.320750589200106 0.713238507969536 -1.70525526736716 0.0997133263108292 0.0757122093137483 0.0307081434725347 0.991656152021118
1464104901.15191 0.278855178276351 0.692176368277816  -1.6612551860287 0.102637615679789 0.0855993089720345 0.0295293603022194 0.990588862763569
1464104901.31938 0.228821423026362 0.664122971461972 -1.61418514879267 0.102348732190803 0.102363183712606 0.0310988249426629 0.988978957676219
1464104901.48539 0.182516204779734 0.638463391191428 -1.56602521330275 0.0959522168550771 0.108964900654303 0.0416052721989257 0.98852861558543
1464104901.65237 0.136821671876489 0.615866972523684 -1.51206010644467 0.09143164800323 0.101772654071749 0.0412746412053299 0.989736825939086
1464104901.84994 0.0876138581968854  0.586668621346469   -1.4301299205357 0.0964000504501268 0.0931903883003562 0.0379963134260061 0.990241819944843
1464104902.08325 0.0367106030343196  0.535510723927438  -1.32621969329444 0.093612123519917 0.0828771289816749 0.0409226092475957 0.99130897901422
1464104902.32015 -0.00786981330432573    0.484642676011892    -1.22363425661237 0.0900646775125105 0.0670579940068917 0.0315150468299332 0.993175906437347
1464104902.61644 -0.0754669621667954   0.419055871120193   -1.06024905950016 0.0930836334187916 0.0712496938213992 0.0293680451731339 0.992671363666053
1464104902.91647 -0.119834606971565  0.340019388011839 -0.903710930509292 0.080913862348205 0.0770943756487402 0.0396306706546281 0.992944517113968
1464104903.18311 -0.139187605464668  0.278096602417642 -0.744944326821114 0.0988524522121005 0.0818390489607534 0.0419887391748728 0.990841818122024
1464104903.45021  -0.15709041017271  0.195777064001315 -0.598992221211735 0.0956427491663709 0.0716692379552599 0.0368646752053935 0.992147660675976
1464104903.71641 -0.177402673290357   0.12357117932035 -0.447117306174007 0.106520711825467 0.0779334683056488 0.0296038364601974 0.990809429374229
1464104903.95173 -0.190054075248027 0.0559305972684468 -0.315283604430096 0.10547197605984 0.087456325404407 0.0513536174162886 0.989237008704715
1464104904.15279  -0.191669944525536 0.00128968251998428  -0.214723312296099 0.0936212119278466 0.0925509823623123 0.0585424220998771 0.989566657257414
1464104904.34974  -0.186113703821819 -0.0410428729677714  -0.108281291586058 0.0949549818840271 0.0822302471738561 0.0430561870769003 0.991144743526156
1464104904.64963 -0.165729141950886 -0.110559089646139 0.0264672734013867 0.104939418586746 0.0569309993092263 0.0369060345465132 0.992161541463073
1464104904.78291 -0.148206493156113 -0.142483496487764 0.0710307166721344 0.104676911598845 0.0589207017487972 0.0336647757633733 0.992188378261083
1464104904.91626 -0.126951465242527 -0.165035876638247  0.115344209173859 0.0804152554273319 0.0509867932699735 0.0338214062949502 0.994881825184697
1464104905.08483 -0.090111885177538 -0.187556469013091  0.166410691229851 0.0818140469826226 0.0506232928821667 0.0423143887293343 0.994461279507933
1464104905.21618 -0.0541007307397279  -0.199313654620102   0.202437343848204 0.091871120664556 0.0515128897862994 0.0335199161398714 0.993872494133769
1464104905.34957 -0.0132128274288052  -0.205333353124383   0.232517295083562 0.0864854957935665 0.0557404941342606 0.0391316613551916 0.993922516804299
1464104905.48616 0.0305398110569068  -0.20900481485596  0.251425854381455 0.0813553293456557 0.0622716100995088 0.046709884942604 0.993640651146743
1464104905.61615  0.076421205196921 -0.209272758810862  0.262766269774025 0.0802855593498685 0.0703493832302348 0.0553220711008319 0.992746020736482
1464104905.74953  0.121534743206966 -0.206162222908749  0.263961393672807 0.0913792728711051 0.0709547696458926 0.0586351306631175 0.991552908626749
1464104905.88352 0.162343191116388 -0.19407449913558 0.257119114588429 0.0892623777705936 0.0599075938039826 0.0495307271619804 0.992970299246741
1464104906.01605  0.198442601302846 -0.178558576169025  0.246379294233028 0.0782141583571312 0.052147568302052 0.0464416723976268 0.994487982641108
1464104906.18281  0.235357874206156 -0.158355687742004  0.227360993670837 0.0695480672410503 0.0554269367507937 0.0548036937856937 0.994528770912587
1464104906.38266  0.266389201300522 -0.130139367424091  0.198819006588704 0.0570663887333076 0.0724309484515929 0.0605260707059639 0.993898274346142
1464104906.71615   0.281788847738604 -0.0699223669801696   0.122967735087651 0.0372442920255494 0.103951014724747 0.064048480783034 0.991818955938329
1464104906.91609   0.275386709668929 -0.0367738131827688  0.0753021534658602 0.0229275654969338 0.109241065107105 0.067672523546917 0.991443970172516
1464104907.14932    0.258544551399372 -0.00634237026163096   0.0284438939418431 0.0256958045100075 0.112476818978763 0.0644487068512415 0.991229062834724
1464104907.38295   0.235086625896616  0.0243561247827863 -0.0173011561323347 0.0298005995216214 0.114405591791306 0.0577472276553568 0.991306482644572
1464104907.58258    0.20418256514241  0.0490259506317635 -0.0573252860570529 0.0131512840096583 0.109847517045099 0.0612566204556788 0.991971871162823
1464104907.84931   0.151901479545143  0.0647460869349342 -0.0901585188134559 0.00649308958923108 0.102987556463586 0.0520116494465985 0.993300655050167
1464104908.08253  0.0897619100925964  0.0656409874915638 -0.0857754765269864 0.0117937353484549 0.10339846815991 0.0479436087993102 0.993413848788114
1464104908.31831  0.0275477846000447  0.0528118448492722 -0.0654018534778425 0.00824480459124975 0.115074763795427 0.0635962105531578 0.991284693686913
1464104908.54923 -0.0238873029398851  0.0313394913481113 -0.0359364898944549 0.0129840381678382 0.107792127337537 0.0579304882001981 0.992399279813217
1464104908.84912 -0.0535021442676918 0.00414781334693414  0.0230860755322511 0.0185680511885526 0.0983352084525254 0.045772275024433 0.993926714145839
1464104909.08248 -0.0467606144213325 -0.0293477439425094  0.0893305091148778 0.0282865268603218 0.0936562482976349 0.0545929251945271 0.993704177344393
1464104909.31581 -0.0254302629020989 -0.0536262007306132   0.153134516384284 0.01841091758827 0.10132833824674 0.0481545040352953 0.993516356041926
1464104909.51565 0.000124677706514932  -0.0703514758259151    0.205646049327432 0.0135515714549376 0.112878403673617 0.0556829739675337 0.991954750633984
1464104909.68335   0.025065902220531 -0.0814407282440189   0.251798188124743 0.01252476101401 0.126140550969063 0.0558885017477964 0.990357595586135
1464104909.98268 0.0721671828003483 -0.102123204018484  0.344092140737881 0.0127393043581829 0.137976399504491 0.0534065438555021 0.988912516038531
1464104910.11675 0.0916302219828553 -0.110603809949135   0.38286562464253 0.00642231632076799 0.140520885130771 0.0465482287957581 0.988962030156425
1464104910.24902  0.107884570843104 -0.118448007488647  0.416784344870431 0.0038749132548772 0.137240653735879 0.0413037091804778 0.989668627176466
1464104910.41557  0.126093584008445 -0.121370658625987  0.444280453829966 -0.00755029371733398 0.141458016025904 0.037328616335609 0.989211401657535
1464104910.88229  0.127472271634058 -0.110852048839066  0.411240113200057 -0.00823759053271422 0.15758364449016 0.0669099583847222 0.985201803977423
1464104911.01604  0.116079462734535 -0.102968135566195  0.379348024437283 -0.000670887904163078 0.154228482334822 0.0681965994019833 0.985678623576733
1464104911.15184   0.102297157234854 -0.0905653855477534    0.33929946638606 -0.00403875858460894 0.146783918899498 0.0651080843171918 0.987015251623877
1464104911.28221  0.0872186484141786 -0.0763948712031299   0.293339761127244 -0.00166427239843713 0.135756654392717 0.0588813963568964 0.988989556137244
1464104911.41541  0.0718108733724734 -0.0602824929658512   0.244378550529524 -0.0116799791977664 0.128537634429493 0.0596035668315525 0.989842951908113
1464104911.54885  0.0526130446553658 -0.0478791526839071   0.197378969260869 -0.010741767420771 0.117200828225966 0.0610266569586428 0.991173207585979
1464104911.71551 0.0241067143834311 -0.035138997574816  0.141087195952087 -0.00415381083710867 0.106743883094703 0.0636952641602757 0.99223555802085
1464104911.88213 -0.00744805232669352  -0.0242934111014684    0.084374858721947 -0.00100441740855673 0.102023941290003 0.0634871615953488 0.992753487458941
1464104912.08206 -0.0459185859842562 -0.0175339359065373 0.00921616668268902 0.00982776225863913 0.109995699786283 0.0720666390978353 0.991267249860831
1464104912.28267 -0.0911556853762012 -0.0213226092516181 -0.0700494369352931 0.0161754439099088 0.10629176751062 0.0809103585634985 0.990905610565866
1464104912.51539  -0.135135228147714 -0.0399973813133202  -0.142500189236672 0.0301544968239624 0.0891539627381497 0.0761418538877723 0.992645301875706
1464104912.71544  -0.156774014711631 -0.0637588307559345  -0.185410538009147 0.0611039148583336 0.0706656283546332 0.0529212991498202 0.994219300081489
1464104912.98442 -0.157082495079204 -0.100347405243554  -0.22880114853445 0.102779394865089 0.0665312011826599 0.0496862016540947 0.991232201164564
1464104913.34866 -0.109750789503832 -0.119077774499031 -0.266184531233459 0.102950475046694 0.0874237956285647 0.110445917074556 0.984662368046589
1464104913.54921 -0.0686042082003177  -0.110439269796728  -0.266229898670264 0.101698765564742 0.123602619365209 0.137208548614909 0.977524203155941
1464104913.71526 -0.0333479645802705 -0.0968976283999996   -0.25318601440455 0.0964270428167691 0.157470834183902 0.147362352164476 0.971693932758455
1464104914.08191 0.0180595821611602 -0.062238411991785 -0.193631327254758 0.0870512931700622 0.183997608658859 0.133259821438725 0.969952974301002
1464104914.34941  0.0432946972090355 -0.0297269604332608  -0.131015258199148 0.0691982956871091 0.204134245929776 0.116868137440098 0.969475447839688
1464104914.65138  0.0569821255149969 0.00418974352454952 -0.0676629074727311 0.0446168557264628 0.219921470801444 0.084783855596018 0.970801514572308
1464104914.91517  0.0604669471601685  0.0285837959360646 0.00313562746322305 0.0148402618736611 0.215479042843412 0.0661186616587887 0.97415443914364
1464104915.24876 0.0573788486238044 0.0203494993829206  0.103324702051395 0.00855069010214428 0.205474045374606 0.0610090214603256 0.976721660288449
1464104915.48432  0.0410175743840886 0.00210498044935574   0.156737356423963 -1.21729784425485e-05 0.183218247721189 0.0521928325051397 0.981685785671202
1464104915.71508  0.0148613140195771 -0.0216151629372503   0.204480282746743 -0.00670349614365137 0.163640441310435 0.0570258221773267 0.984847665739315
1464104915.91501 -0.0060003170951142 -0.0504888475228454    0.25480162440684 -0.00423078892076864 0.16113509904562 0.0655412176803286 0.984744600932468
1464104916.04838  -0.014532792879519 -0.0755676793995115   0.290775311136911 -0.00232371421714089 0.165000589658558 0.0759278611293202 0.983363801280529
1464104916.18183 -0.0192626475951572  -0.103017246228604   0.326354358151474 0.00961686068394528 0.160674105611956 0.0751183126611653 0.984097854321064
1464104916.3172 -0.0141939024771018  -0.126003109709997   0.358390844802469 0.0221218728454022 0.166864284629651 0.0804298761801432 0.982444893250758
1464104916.4483 0.000286669150984856   -0.138549042971639    0.388120817950307 0.0236228888769973 0.174025935672951 0.0708269664453839 0.981906550369435
1464104916.58161 0.0193318485108179 -0.138614651071933  0.418681527335173 0.00501550834127941 0.17815498587988 0.0650335268080287 0.981838217871523
1464104916.71498 0.0418728996509302 -0.134631400446546  0.449213034904568 -0.0167425531359632 0.176995448725913 0.0634484990575369 0.982021683066188
1464104916.84839 0.0681155464314379 -0.137354193084191  0.475296632936826 -0.0215807028243025 0.181527471053649 0.0661335889018253 0.980922218597091
1464104916.98414 0.0937026816028403 -0.148430103689063  0.496588222791119 -0.0234829583312277 0.180855640539425 0.0723811519862251 0.980561449777746
1464104917.08144 0.113702769394921 -0.16146402181855 0.508553193145938 -0.0237482491703277 0.183236235342679 0.080990534328941 0.979439143626545
1464104917.18154  0.134274983391461 -0.175803123953544  0.517515374811243 -0.02326991161213 0.186589070894631 0.0916645990329579 0.977875570366889
1464104917.44812  0.184225782959581 -0.222845278372737  0.519761823626301 -0.000893806552715569 0.207218899688593 0.103120905125871 0.972844081879371
1464104917.61473  0.205570778480032 -0.248919435968953  0.504375518133804 0.000711747423271368 0.220778557936659 0.103645847757962 0.969800938344333
1464104917.85079  0.203312045758687 -0.280119931697835   0.46855458358593 0.0138376617530789 0.218568384542569 0.0926239287404346 0.971317243860288
1464104918.04807  0.181176075683705 -0.292144732818136  0.425704295672936 0.0369258763990746 0.198415687522436 0.0849218106290472 0.975733560290228
1464104918.24811  0.151564765117883 -0.280638716680476  0.377270401358876 0.0409186603746095 0.175870924333554 0.0841748615304951 0.979953914168177
1464104918.41506  0.123389821946723 -0.260503170734257  0.342919997160904 0.0358528117821187 0.153131208686944 0.0897784928104822 0.983465927748425
1464104918.61495 0.0896459727126623 -0.233726658981007  0.299179991314678 0.0373091045299259 0.128304214447178 0.0914998518474518 0.986799795493575
1464104918.78134 0.0639796519806621 -0.206778786052908  0.258462000734736 0.0417753142742369 0.100855843755376 0.0773421264317693 0.991010149986715
